1.3114
1.40745
1.01986
1.46852
1.29454
0.928246
1.39148
0.803549
1.51369
0.926323
0.993345
0.757517
0.785143
0.859363
1.46003
0.800109
1.13843
0.803067
0.898762
1.43475
0.764656
0.75041
0.798801
0.881269
1.37984
1.31189
1.4982
0.782137
0.781605
1.05259
0.779318
1.13738
0.85415
0.946058
1.03596
0.812072
1.2843
1.00822
0.800379
1.23512
1.13483
1.18249
0.750397
0.923999
0.721621
1.41001
1.18684
1.35357
0.975002
0.921893
0.721663
1.00889
1.10343
0.997742
1.07779
1.07175
0.771592
0.775943
1.10819
0.977127
0.977096
1.2439
1.56774
0.814998
0.835689
0.912415
1.46567
0.773093
0.908963
0.727334
0.970011
0.744284
0.984458
0.765537
0.862803
0.860738
1.31378
1.38026
1.34833
0.98524
1.3094
1.24467
0.857416
0.913868
0.961489
1.17384
0.725044
0.971979
0.894143
0.821597
0.915546
0.98036
0.792642
0.909915
0.725577
0.815618
1.14498
1.23185
0.747499
1.09252
0.733833
1.41269
0.865121
0.754056
0.986876
1.5874
0.787038
1.46505
1.37118
0.850492
1.01175
1.19332
0.770086
0.961804
0.777794
0.810973
0.77525
1.23313
0.857244
0.76394
0.857358
0.812548
0.965669
1.15228
1.37796
1.19601
0.790114
0.727338
0.768179
0.864394
1.20303
1.45548
0.93664
1.13578
0.815185
1.39681
1.51726
0.833428
0.822125
1.30687
0.837722
0.754495
1.49845
1.19429
0.993551
0.793747
0.889386
0.739979
0.889655
0.793567
1.08374
0.954583
0.739501
0.974915
0.729303
0.768825
0.896492
1.29749
0.93821
0.796294
1.0235
1.40295
0.876042
1.59308
0.767822
1.56904
0.734852
0.985955
0.736198
0.766371
0.964217
0.958395
1.13655
0.793453
1.02529
0.929528
0.838019
1.23597
1.12037
0.782511
1.13781
0.937133
1.18135
1.40977
1.21402
1.15037
0.754787
0.952228
1.03288
1.12762
0.939944
1.2545
1.03226
1.1486
0.732907
1.16569
1.4346
1.24549
0.998206
0.992629
0.964005
0.915789
1.28375
1.33676
1.10023
0.739996
0.844796
0.786266
0.935537
0.757294
1.37072
0.723858
0.823485
0.951552
0.901724
0.974168
0.891103
0.872682
0.913425
0.797549
0.846397
1.40127
0.960184
1.18449
1.13636
1.45081
0.809194
0.99684
1.11289
1.37524
0.974571
1.58956
0.980354
1.34022
0.831261
1.21897
1.13197
0.998458
1.53282
0.869992
1.58049
1.01843
0.834917
1.2176
0.834665
0.799039
1.00812
1.00377
0.786974
0.787682
0.729763
0.877665
1.36748
1.00831
1.38519
0.821418
0.882739
0.764884
0.823725
0.921455
0.724771
0.829826
0.745695
0.951098
1.24801
1.07535
0.772309
1.34001
0.823743
1.38678
1.01277
0.930531
0.761631
1.36485
0.983357
1.04214
1.54349
1.41875
0.801337
0.858124
1.18311
0.897108
0.963437
0.85109
1.04005
0.80257
0.784634
1.19222
0.898551
1.38169
0.84149
0.834812
1.49082
1.0645
0.805406
0.897688
0.871982
0.775738
1.05551
0.811968
0.740675
0.936929
0.783322
1.02474
0.813983
0.784805
0.94046
0.740188
0.952479
0.968554
0.789258
0.742797
0.823557
1.1865
0.865195
1.19374
1.15286
1.33867
1.31192
0.755778
0.756743
0.846423
1.19135
0.818825
0.807018
1.05516
1.51663
1.47998
1.37084
0.866781
0.997807
1.06038
1.41759
1.45691
0.812697
1.13934
0.840306
0.770142
0.803833
1.07735
0.805752
1.04139
0.828952
0.938312
0.94696
0.948186
1.18011
0.7376
0.910781
1.02835
1.40904
1.21032
1.13893
1.00078
1.17668
0.790315
1.53701
1.05889
1.20705
1.08928
1.36317
1.28159
1.26943
1.16328
0.76474
0.852097
0.961185
0.811718
0.789572
0.860506
0.856723
1.53008
1.01627
0.947677
1.19454
0.727062
1.55015
1.22625
0.740104
0.812905
0.806429
0.891387
0.832699
0.961198
1.36791
1.11847
1.00975
0.98663
1.14385
1.05706
1.17635
1.04516
0.895074
0.72569
1.2008
1.25044
1.46416
1.33945
0.894059
1.20414
1.53663
1.51262
0.762826
0.752785
0.76967
1.3692
0.836058
0.848705
1.0587
1.21234
0.865656
1.01064
1.19346
0.977786
0.981595
0.769722
1.39683
1.30343
1.19413
1.18952
1.00803
1.05321
0.947999
1.22542
1.01762
0.794986
0.731508
0.932097
0.929164
0.789443
1.47338
0.825241
0.803402
1.25553
0.889458
0.828029
0.93398
0.729959
0.867683
1.50038
0.84595
0.753703
0.719193
1.3569
0.96934
0.764569
0.864094
0.825666
1.22954
0.741363
0.73139
0.733728
1.29599
1.56107
1.12544
1.20276
0.863811
1.26865
1.27937
1.02457
0.826876
1.51973
0.989503
0.867513
1.13842
0.735757
0.789575
1.2283
1.16505
1.03028
1.50165
0.970681
0.747526
0.949905
0.853613
1.23533
1.01797
0.790419
0.975435
1.31006
0.767799
0.723848
1.40579
0.811174
1.37745
0.973161
0.721293
0.846654
1.18915
0.915285
0.794876
0.859741
0.745729
1.53315
1.26836
0.759455
0.857965
0.730108
1.19192
1.07244
0.723082
0.830718
1.177
0.818839
0.990583
1.38646
0.78733
0.755847
1.08544
0.74286
1.56426
1.10913
1.51532
1.23031
1.09302
0.769519
0.734078
0.983963
1.00809
1.16923
1.15502
0.91664
0.979217
0.749888
0.945106
1.34251
0.84276
0.842434
0.730843
0.793143
0.815059
1.33375
1.19066
0.720577
0.754251
1.11429
0.876894
1.28417
0.899591
0.743404
0.941141
1.3388
0.783702
0.722913
0.804291
1.53422
0.949854
0.811084
0.723449
0.726329
0.824995
1.2271
0.907763
0.818389
0.910228
0.980133
0.81971
0.875843
0.97823
0.757118
1.42933
0.814333
0.827439
1.10139
0.816989
1.11558
0.860291
1.34399
0.802223
1.00505
0.819637
0.93836
0.998362
1.31523
0.759443
0.805848
1.01993
0.774408
1.49692
1.45953
0.878662
1.00719
1.12328
1.16061
0.742381
0.755897
0.820596
0.905289
0.740294
0.768913
0.906432
1.06989
0.910323
0.91009
0.901603
0.824255
0.797934
0.871977
0.928417
1.45728
0.762556
0.743399
0.930656
0.745562
0.982306
0.945597
0.807831
1.27455
0.922781
0.821528
1.09906
1.19869
1.26193
0.815769
1.01798
1.06039
0.87203
0.816796
0.898113
0.824749
0.887909
0.77859
0.984741
0.866442
1.02864
0.918555
0.78227
0.783016
0.943157
0.780382
1.27133
0.930623
0.778594
0.952424
1.12418
1.01556
0.738828
1.00037
0.807675
1.00961
1.5278
0.740247
1.03904
0.876475
0.980997
0.766952
1.06968
1.05084
0.752978
0.916609
1.29606
1.20156
1.07452
1.11318
0.741075
0.841791
0.930331
0.789299
0.987086
0.828002
1.34356
0.763914
0.747361
1.06579
0.840226
1.13817
0.968575
1.00165
1.36441
0.884432
1.01171
0.899127
1.54533
0.805554
0.789868
0.723436
0.728986
1.31163
0.787959
1.02618
0.999426
0.824819
0.961565
0.803209
0.724158
0.904176
0.728396
0.739254
0.782368
0.806406
0.815109
0.862521
0.851964
1.28078
1.56895
0.753679
0.841108
0.903606
0.735347
0.777319
1.07388
1.46955
0.797714
1.28985
1.34902
1.12213
0.742684
0.82217
0.85502
1.04043
1.23283
0.841242
0.776211
0.814817
0.819968
0.786879
1.10083
1.36757
1.41661
0.849858
1.08329
0.841448
0.732925
1.06072
1.03725
1.18062
0.835642
0.737968
0.844713
1.25386
0.725932
1.56999
0.937517
0.778354
0.979664
0.729128
0.815984
1.07463
0.893228
0.878771
0.930517
1.12331
1.52447
0.775037
1.35346
1.06924
0.799279
1.47399
1.17319
0.882265
0.752344
1.21141
1.15895
0.746334
0.907678
1.21849
0.935731
0.921789
0.94815
0.734529
1.29204
0.911502
1.54896
0.787618
0.803015
1.16636
0.752395
1.57946
1.02195
0.986447
1.47002
0.829393
0.900479
1.00517
1.44751
0.831485
0.884182
1.05848
1.45681
1.17915
1.54556
1.0804
1.04941
1.07717
0.958864
0.880922
0.744212
1.38726
0.737597
0.963931
1.35656
1.31603
1.03959
0.749646
1.30748
1.04939
1.1828
0.967246
0.757275
1.25404
1.06001
0.999854
1.08942
1.07256
1.57734
0.723181
0.781295
0.901087
1.20119
1.04261
1.47434
0.724379
0.958972
0.756879
0.737595
0.872869
1.54591
1.16613
0.819258
1.09809
1.42673
0.945591
0.810953
0.952931
0.756192
0.744958
0.97161
0.911386
0.802516
1.32039
1.00274
0.916976
1.15703
1.23689
0.987303
0.762222
0.825333
0.76853
0.799145
0.78381
0.744536
1.09524
0.845838
0.947696
0.740462
1.45582
1.13913
0.789504
1.0393
0.761598
0.829596
0.80545
1.03299
0.965297
0.845719
0.946492
0.954904
1.54169
0.931304
0.850034
0.720004
0.728959
0.905749
1.55101
0.968191
0.852373
0.724407
1.47008
1.03856
0.883206
0.767065
0.794854
1.08253
1.15144
0.919662
0.813119
0.749122
1.07446
0.758485
1.11349
0.825027
1.02207
0.756954
0.747907
1.10138
0.853816
0.743048
0.857288
0.882452
1.18996
0.893133
0.742092
0.749726
0.740307
1.59741
1.22993
0.780159
0.930095
0.88465
0.788214
1.02178
0.813576
0.760382
1.35231
1.19713
1.4014
0.867434
0.758269
1.27046
0.761173
0.830354
1.44265
1.0497
0.83083
0.905095
0.937375
0.730625
1.30616
1.10257
0.861356
1.1094
1.09494
1.52153
0.725999
0.952208
0.767075
1.35749
0.756135
0.969557
0.846211
1.25123
0.912331
0.959052
0.859863
0.852496
0.794743
0.771564
1.12247
0.750133
1.11038
0.89972
0.988831
1.18691
1.3349
0.723933
0.794495
0.911438
1.08359
0.992052
1.05141
1.25646
0.825163
0.994849
1.54123
1.47103
1.23476
1.18927
0.726122
1.0636
1.58931
0.810855
1.0226
1.19551
0.970258
1.13057
0.727764
1.09531
1.52979
1.02166
0.774853
1.11485
0.738817
0.881708
1.19572
0.909093
1.53251
0.731454
0.719999
0.721536
1.45175
1.304
0.786684
0.854901
0.743907
0.757883
0.80968
0.845206
0.866671
1.03743
1.35408
1.12222
0.745106
0.777627
0.980937
0.751016
1.00034
0.846064
0.938612
0.752726
1.34662
