1.858532414081421 3.110917941465644 1.952430342500998 1.326520723215171
7.548907894663812 7.483299911844517 3.650662293227702 1.203636943224117
1.181003198548517 9.955206830050072 8.17546544790094 0.7462692970512549
2.25556483205465 0.7520109109870154 1.052001085117654 0.7932165859180133
8.200081951365625 7.28728494495652 6.920782192674397 0.7560231430127309
0.2756879848426663 1.19816913821981 9.940799479825493 0.9362606755542467
7.957786275978538 1.583081634856552 2.602026565642029 1.108381798015748
8.465187230052001 3.062112308559687 7.426500562581044 0.9148095798525863
2.819521472945511 2.612338365714877 2.419780206603913 0.9648604556809015
1.583498315414029 5.794472300485902 3.084795253483705 0.7742520616419473
9.721096450760568 4.37417659572151 6.627296264341642 1.50322667133721
5.481499459213015 9.398439503331247 7.708080589245647 1.541225871448693
6.516661688599416 1.549721304430205 3.594766033665397 1.188115014359575
2.23188012556699 7.28872820598337 4.585163813865734 1.475686868319306
2.266956105407036 8.170364957394428 5.39848164918318 0.8750470552325063
9.897318835181139 6.881492486339898 4.991532266252728 1.448556373510795
7.448212051387828 6.068863252781846 2.401484114713447 1.090222614977777
0.4469775825383681 2.727648284200326 5.407158960553292 0.7964947702456998
5.979881821037371 8.940274492639601 9.162428949909199 1.557985693714401
2.292779123017846 9.373146566686804 9.123525708622921 1.034879577400997
6.842329945688312 1.790322359149786 1.398921124985149 0.7294003994899797
6.510355634360873 5.2141248806493 7.067299990924733 1.296086050823597
9.587043007365017 3.000149736314028 1.054725864982191 0.7989622220372051
7.395275052293544 2.213882326223743 3.292322804929282 1.028082979892115
6.768988218221706 1.845052718355024 7.154734529077486 1.051407022398848
7.198555697540869 0.8822173590702819 0.6584535286327197 1.371293535606383
4.384978714561676 2.295353675116895 6.751048268814091 1.112363767112446
0.1727238302208578 7.793266554246063 7.648179930711476 1.352329362360931
7.585128122187785 9.821649307334832 7.521618292000584 1.009363170346608
0.7329793051604805 9.060051436659551 8.77373780081748 0.7748220198522903
0.2360284187448569 5.024352615088253 4.779788913508421 0.8961783935361212
0.950475800871472 7.471696720267915 4.447227442368958 0.9662676516023397
7.794307939977478 5.228136207623259 7.034914078476633 1.013208576061692
9.207625421107982 6.16487843571032 7.652787849960546 1.033605308928642
3.87181751053266 8.971463491518527 9.255936031064824 0.7759401468612219
9.909430022307617 0.01522062511365218 6.141841035496833 1.119383171161824
2.683345663249529 2.367934977458159 8.751458273447826 1.267646578825555
1.466914282196001 8.655236800264797 4.596334351922394 1.544950524057548
7.087616507264427 4.762427737367962 2.699466501394283 1.438243280648472
8.453044016144682 7.775531158061239 4.256606184163148 0.9506973093699945
4.58553058232921 5.380212941262019 1.400384117095627 1.23025607638277
1.793808364663935 5.728941460775929 6.385042392255103 0.7416101011530688
9.020719555671343 1.415110657840645 0.8198826213533282 0.8351322733134809
9.50030719960996 9.263008950437216 5.442975571901585 0.8156663433163943
7.170881739899598 8.102224622157888 7.575997884960988 0.7283480786674367
1.494839118935399 9.128630012997991 1.596211551626761 0.7302905037007762
1.951688790180223 2.615665598540083 0.5727099638846511 1.261520938168063
3.785056565852088 7.599935709447747 7.530966411218419 1.504958816215382
3.649298077078477 0.09501980657760421 8.245405841790685 0.7863809474438207
5.503116164317833 5.759385761430476 7.035883840743389 0.7388858896855868
9.881935045973908 6.12089369010288 5.833707827371476 0.7336790809155401
9.074183959400358 2.590008913790494 6.959817230917857 0.791640734569978
5.392764739657165 8.542735204544046 1.227040825511834 1.038817353922438
9.294141629353382 1.69665012081356 6.15527871462215 1.562140899442774
2.753656147036949 8.481155784691421 4.550364708017526 0.9148496853836808
7.386494254280019 7.786820958041215 5.485508275266219 1.162933449886889
5.691776330560239 8.292516416502176 7.046699675979695 0.9519054797437093
2.939708896009329 8.224118911241668 1.010569191365531 1.195454025820857
5.361838082241449 3.204957370334972 8.666690049319746 1.549233567417795
5.054987982705523 4.215838077994824 9.517928302634431 0.9977863631476082
0.7272048707683708 2.026339646135895 3.383687233179504 1.253124645802366
9.21180665103137 0.4187801413274084 6.727921768396302 0.7649310706794105
7.401930721048843 0.03851382364629007 2.829390290449747 0.7410030988398884
9.594844447611447 2.474835719400478 3.172370100666603 0.7729039410941172
9.92894837227723 4.076286846776924 7.857297376519933 1.016375544755107
5.007170240261771 9.585312141025891 2.868996803183285 0.8516644415609735
5.879632917252412 4.490298081637538 2.333482754944921 0.7641132162531169
3.980028563296635 3.222813860886526 1.269712790559419 1.164218184127889
3.249885389764021 6.266316448722907 3.948135902279658 1.59440630921075
3.288860810462225 3.15549206706131 8.276741176907777 0.8787103537387452
6.47667672128699 8.098981846925273 6.198255324162167 1.018660238776442
9.285807005841813 0.448813089007446 7.870533077860504 0.7970925197956935
8.058050547206102 8.639285175157568 3.56821983702461 1.210914742722853
1.752068658913077 4.176691385948968 1.750206892366627 0.7649228218650554
6.554616349914152 5.627657459755023 8.197030203309797 0.8465233387534349
2.843192541907177 1.078437417622117 4.565145723881767 1.167887840715856
4.895959934173609 3.647964858031009 5.477928302390131 1.139152674509189
6.653914684068069 1.394117135265792 8.077249646976055 0.8045151938303796
8.443105529619965 4.081705510834786 0.860821726731774 0.9629943653034467
2.340221105102242 1.185381978906912 9.207821034350395 1.25684624951624
8.070602341779461 9.083238019491173 6.810482024782571 1.174414463441719
4.00710287732236 7.908369410576821 8.957358249119178 1.333081326464324
9.017359277181445 8.962897258367628 1.007685824008915 0.7738687967508014
3.576455734084152 0.03800981750262333 6.224712309354372 0.9058469442220319
8.143126844447579 7.940168037127195 7.692473132061179 1.200813844398464
1.912843947360563 0.1748799735090401 6.591089367233611 1.04727394630397
7.780279934763534 3.271769862223491 0.8113340107226164 1.035935565165151
7.545622818710171 8.854723636392116 7.800503118047265 0.9403121738987418
1.782136350397336 6.829662483592467 0.9240253481353321 0.8089219107067549
0.6127999864094236 4.338451088928854 2.609013930608779 1.531427417190766
7.211318331885402 0.4124758262554995 3.705680273359776 1.128345177143006
9.968316295974725 8.634778614277279 8.474144305431038 0.9823299361626014
5.945477849341627 5.39330919390075 2.579347541319901 1.021190488053668
2.242467609735178 5.632624697153969 3.598424838083752 0.7860436648189716
4.330154200365341 4.768242339458629 2.706625858101105 0.8340941737667714
5.017511375381051 5.964521714174086 2.256323360916457 0.9439880970682291
1.069629091222322 0.3571800950612958 3.44489284683692 0.7621697109775618
9.498448061292677 9.761078104459449 7.229166014964436 0.9505518872640213
5.655092557193091 4.757314961776307 8.192561478375948 1.606937985906164
1.615255884099535 9.366753066218092 8.487636629226435 0.7541479291630642
1.517995530310002 1.487976961439572 7.545156064169847 0.9044872003783816
5.038550904187522 8.075568134798548 9.313851261746546 0.7641541454719868
8.645504279991197 8.209540279114883 0.8495830329114272 0.8761593118093819
9.067950635354064 7.654431313370112 5.794672213923773 1.220051619705004
7.243498090484822 1.334290872299603 1.932566021790824 0.8369154627232369
3.719700424432594 7.87869631486048 5.798803742452294 0.7775572930171877
1.850241103811418 7.745736653688738 1.821285895447599 1.591187651819763
0.2327827182799125 9.811090778609005 3.19052950246112 1.066688696654869
4.410127503903001 9.523557663080307 6.883865673993997 0.9329884961646091
5.112259681891577 6.787449009464119 3.971442881664577 0.847202613032245
4.05881738956131 8.970611804070893 8.081334286562193 1.362570090123922
5.133522637311597 2.454384672767032 7.674584730516651 0.8176933207459447
1.650184073361695 8.581951066495533 5.891997895807504 0.8129429279773459
7.62114738626555 5.275845028013131 1.451505409294431 1.354888119479744
9.021508438094836 7.535637880194438 1.736583832096413 1.372986215379754
8.649465139214321 8.138874075767834 6.710937868157921 0.9533288975970458
8.161205566911987 1.491104611760528 8.249711778742425 0.7287972366753752
0.0156805489705425 7.628866496818046 8.761438294763442 0.8804483743160019
7.579012067697318 7.824450662271224 9.856376523105229 0.7989511471464402
2.139880602625035 4.078892916971022 3.791255082677186 1.094666827531147
2.086680645422128 3.548195555445535 0.01970336400863748 0.8716009057756757
4.668916733946658 8.816759395165651 0.1417901004946664 1.523005489333391
5.394754135421604 3.255157669708481 0.07409701525428414 1.122498127086094
9.999530346917922 2.579150077878412 7.318661310564758 0.9103221634588249
9.074232222531743 8.397953878632382 3.871057767934523 0.8511704418501312
5.418901795580093 0.9742391205841238 9.550943456812377 1.041667434843636
5.71051476878015 2.281817486234162 3.45940335300046 0.9300929442769519
8.236828407618628 1.105039920412386 0.9879402180925212 0.8040507023381438
9.202259020138687 3.508235314814399 2.850413012319789 1.069941875399582
7.378545742198816 1.73855403181673 4.19806314573149 0.8512212292628001
8.021285387594263 6.265360710503776 4.860552766424881 0.7793440486642849
1.475577403649776 7.961545797377749 0.4285564467318492 0.760497126438897
2.088527305935919 6.018322393404613 4.510830065495286 0.9582044411751288
4.09336249967528 1.955740508324753 5.707342261860597 0.9259801646391433
4.880381838546641 0.4739467301812639 2.772953355577084 0.7530635644783258
0.629599380585355 8.162150006661134 3.769347198844283 0.7837099929978785
3.219315952569667 7.40487706541703 6.499584938691358 0.7535884956051079
3.949018955401919 8.316758290505648 4.879505691175777 1.195213676353899
8.042992773012832 3.715621039413348 8.362544807460742 0.7917277028903742
4.448070257686693 2.024819326594327 7.765664774062568 0.7717566808858823
8.445833324043329 4.495007485446218 1.671611367136093 0.8098193052916338
1.88395391639875 4.083414044625028 2.687533064816313 1.011620909061371
0.8871300465372445 3.284954217139026 9.791668527452179 1.543844447295134
3.852901370076034 4.968610034207735 4.367403066499747 1.234955330095164
2.172758240710816 6.514467425161321 1.992922917717308 0.8625931693964342
5.877390059577664 8.957539436604005 0.4130664239516713 0.8972069853583636
5.10258738996518 3.750706545703081 7.443152078560922 0.7763250097995386
9.543066794086791 4.758316639862743 5.360007255507353 0.9523680136143527
7.252178941681694 2.241771714170953 0.4721039137221583 1.326401577617018
0.5344485721625891 8.860057800002739 5.773500150108132 1.412525159322209
5.336989178590361 2.752887324354136 2.665458321665763 0.7823306787718892
4.565665001173024 5.825572121339726 8.795859872445771 1.257023304327842
6.584672359954068 1.8635537438831 4.665700776642189 0.9676573335850854
8.954282675308429 9.571166866520651 3.632583526823407 1.284116166626755
5.748468914264722 0.01444449845466655 2.390969295239747 0.8745348641489051
2.992969133171171 5.321530072735382 7.734476099433881 1.327150739225015
6.537653952827484 3.080472496563554 6.765085905914225 1.385721966448363
2.991788899966534 7.51964014846464 3.642643661682011 0.8500951785701951
2.000510221507812 1.707218371920306 1.753764168303112 1.462854387860475
6.621835939232305 4.121373963554236 7.421925070366633 0.9223260882129487
3.265913612895407 8.379526850941254 3.761133792800558 0.8724546904111511
2.0666562476169 2.502504524271914 5.882457296009761 1.365033105139941
3.124775852826521 7.040868159447449 2.537934305682306 1.50321304781598
0.8305373215102341 8.645346227630871 2.225146523268199 0.8243717243921098
0.9660254878239005 8.908548094890671 7.772623176968114 1.267052216378646
1.423231964485761 1.257846889866604 0.4187978789559199 1.473428785320884
9.246097691023362 3.684960583805543 5.408818082135692 1.219702094618675
6.035692160098382 4.608871486411585 3.113471163221666 0.738157074474869
9.097015964898436 7.295728721451276 0.4034990293996842 1.143799738484385
1.359587652303397 3.21417992433828 3.34726984823533 1.331884130109312
7.404746216415668 7.174603165773425 9.280454945333521 0.9152785160343581
7.466334038860425 8.578804095718645 2.139028227441293 0.8170170106268263
8.596288053269044 1.033810496443724 8.88419200913021 0.7811272861072687
2.56645873222878 5.169714024455146 8.845116369000705 0.9578789265297568
3.253023290854811 1.448454545192083 8.612472328478619 0.8621738157469494
8.564627962242591 9.986560597062226 7.160399160783497 0.9365830945537014
6.619490337946274 2.697156861725808 3.945260245034013 1.159027834350003
9.326201956101459 5.431182827808539 3.697876471561686 0.7557093097144838
8.340581069542745 3.306715703173062 5.725853500280011 0.7357908872830023
3.637616713917982 5.873703622710646 0.9758777838268329 0.8998479352030611
7.436333826722381 8.91893348748213 5.748080558424231 1.078521725902753
6.67341343676427 5.616635803957028 1.943342933201538 0.8402408862995112
9.289342167755125 9.931398282971051 4.674303877784517 0.9134818032710464
4.023721103186247 6.363619263471054 1.807442309446796 1.131795287834532
7.11243594164332 6.420523104747077 1.30555999784551 1.101767333189906
8.710877634306803 5.596890028476662 9.76320348509266 0.985895444712149
9.883592246869306 3.71099486778234 8.805914707092416 0.9096265905617638
1.693017502508346 4.708585425744557 7.972473911176157 1.533410377163184
8.347319554522846 5.688191108195876 4.02649723176277 1.285330994587413
4.175400803145801 7.585648155590481 3.729890224025162 1.453801862489899
6.496452583551423 3.755945481879957 8.295968618903412 0.9113207043227471
6.861028630370351 7.157679424098363 6.339718672257663 0.9191051774173511
4.116689540065 6.954097221575625 6.399611948211203 1.130877686187947
9.859238491028938 8.31263527278421 2.340273436896582 1.139385701546338
1.125828056136978 0.7455466592394122 1.564620145274471 0.9611084350129593
6.57848309422359 5.765315606483365 3.42532811251191 1.124572608407154
5.106068353849525 3.059566937378255 3.445692164420256 0.8980095133383154
3.329466147368407 2.072129284086105 7.562559654892522 1.438412106467142
5.703826638059264 2.975714385132763 1.885286703569141 0.9080127524765218
9.194637502015013 6.540924836612695 1.030051486227223 0.7626687062730769
4.858457977174049 6.830317707750685 2.307008284405597 0.7373329409335422
3.128893409618046 9.330756228998746 9.584096568894406 0.8269096645053795
7.107427463873683 9.12889957986806 2.939976976816852 1.086911437566823
7.681486205635367 8.671698608636586 0.5103589830221933 1.309345255739717
4.791210755590176 4.545785828599333 6.156366736193895 1.038115457228839
7.167660723532254 1.468113421128687 9.732934649793725 0.7786003312512007
6.590564859647732 7.78311549679071 7.103590687096462 0.838681175782561
1.790362666344519 6.642105775697245 6.56220203523441 0.9577062325015362
9.571499797142661 8.437419847408155 1.363830686703096 0.8030435679067892
0.8260373735643045 7.805201179469248 2.824063896540946 1.201972218416409
3.778418616006272 7.639207942823881 1.522357588196178 1.013114237633179
4.137641827481852 3.346741373242133 2.293950057887399 0.7380855286988207
7.81137828610406 7.16493258215244 4.72915449181465 0.9272661455355676
8.888550129749943 0.1800598141494758 2.525186432629329 0.8555387079843152
4.892973052005553 8.421517506707467 5.406021825171463 0.7987002153724064
9.860820890674082 4.588746970393709 0.525625999397602 0.7733200067508798
8.937435405593842 8.665157438183002 2.93333946808063 0.8876882699503862
2.949554142352889 3.504458733124688 6.178422104787608 1.289715336858408
7.905245797416629 2.732937275053728 8.235865826239159 0.9615902481368108
5.552010607822887 5.18904931121335 6.453094905307956 0.8249117013182571
0.8228215403250071 2.38485813859576 8.820299917732068 0.954506551351724
8.189034512952473 9.388794738018886 2.603654205569276 1.193193437327532
6.622346363706616 9.981928509822168 5.665548610409969 1.391062348953629
9.793380245175262 8.02071585346213 3.416993676414943 0.9574195248529026
2.825493513398917 5.540506183976315 2.975047493293332 0.7311218726871858
7.619641387538422 7.357910580967364 2.260533295826891 1.478047079870144
9.939807792706684 3.37750283004616 1.900593941273254 1.115419667070612
0.3746801890669182 9.318780758443747 2.356271604520885 0.732062631020637
2.120568101571933 0.1651463799019881 2.062015328025251 1.490222254626278
2.807239229412291 4.091032862113228 2.995921525928396 0.8279372139728346
9.483222575793054 0.366495968151388 3.096662573051348 0.7634768306526276
1.281133483172005 5.55457134881921 3.973245897384384 0.8912651151657859
9.148825296177968 6.27039482196857 6.734013338782046 0.7588538414478923
1.554534132781435 0.9486092996055995 8.366070721529434 0.8999044655033055
0.4552463286941599 4.96287510794141 7.522211300718121 0.9065326900874654
1.113760294852345 5.450740855791706 1.070268892677808 0.9113732565764799
5.336422006551654 6.168107509040427 3.277590683230853 0.9529297576094707
0.9165407965711836 0.3634591993909009 2.494651033496473 0.7929463653363866
3.7570353115742 3.840560343358044 6.881060446540737 0.8281183028064966
3.706825621159355 3.032650502136633 6.774366321277593 0.7731562708815001
6.718142770369666 0.3792529159927616 1.826118861241208 1.073093168430004
3.344137771619492 6.988505043161034 8.619265309748446 0.7981544798545792
7.035828878019805 6.624654218679613 3.108142819915491 0.8295502488413161
1.414125459312626 9.152875430505896 6.668790255702583 1.05240957669345
8.534719282490704 2.269752257630304 2.06728603251574 0.7738305849109043
1.091088129618726 5.681805082214134 8.309800726664497 0.7691693562424845
4.333502598161574 8.873915690444059 3.823328482261926 1.013897249650808
7.307989848516407 8.179709009881975 2.981162967000965 0.7502594331237274
4.731609567416075 5.847932873067239 6.208396960368702 1.282200640865797
0.2908221452032989 8.57330942787944 9.287183501706593 0.7311821966571979
7.799418827889747 4.913504438293236 3.539128722343381 0.7441635392113415
8.453253559119306 8.07044872835945 0.003044166923293901 0.8455035964399131
2.391490315080635 9.333259872757056 2.875523383961574 0.8289801132984552
5.478734647892873 2.855469198351088 4.584445371844079 1.406435754265278
3.389760931587877 2.785482164181612 4.377223116939255 1.038257997151685
4.618583658365154 3.522452035044604 6.58292109363875 1.066048906477803
2.912884634150093 6.468667551962596 5.10554092904989 0.8021991064354035
0.1194445348008388 8.894162690621355 0.05171558723374492 0.7298780733184745
8.261455077422758 6.927624513324749 5.515935588403091 0.9142497497141556
0.3815872229441875 3.794441175828874 0.9645639843912257 1.013281600011228
9.203589951562774 7.254420422670617 9.269168217764554 1.095502259223913
8.290950574882194 8.377693093260669 5.896068152757917 0.8498089341542808
8.5215109144915 8.901135942830173 4.844518823016302 1.498382035756317
4.859401991820996 5.057868736559057 7.11434801905849 1.059701704343185
9.582996710356616 1.910918684597104 3.852288234364846 0.8776741930797936
3.834901963059076 9.783432755013498 9.894264412724658 0.9000756224179025
4.426947500966047 0.09288170283831998 3.633712930746579 1.258929584297298
2.357601197710895 1.396795733912467 6.708463068319611 1.40166721583853
0.6707669043664755 2.145040762914442 6.177377551677849 0.9730378270274811
6.459031703310172 8.863764797459819 5.691941821003505 0.7650934816644561
5.466232691048312 0.2083627569278423 4.276032706190699 0.986629689004665
7.367616517553265 3.269673256860866 9.813846457197293 1.047444138350452
7.528040783160899 5.062153974538094 9.503004663477659 1.126795244817234
3.386579444459605 9.428412949073685 2.419001562751399 1.043489557211885
2.019561713221532 8.500676533105709 7.198962457951303 0.9504561725563625
8.279402468305694 0.2481295706752595 6.228158447206683 1.028795149916877
3.548979583380065 0.7894593752885182 9.422116370332789 1.264281892608104
3.814815593439423 4.813154226556498 6.873272224886552 1.062155489441288
2.882989819779865 5.411392091217149 5.071605800954883 1.25415055488051
9.241269861345256 2.620092194429874 7.744123935495806 0.7655423441500476
2.96759776614237 8.74397630428566 7.55253893653786 1.053511509022234
1.518373570842554 2.186607364333473 9.685545988019554 0.8403803113845857
3.900983172784971 1.080722633148083 4.08362182884471 1.100194205728046
6.490134127631869 3.766343701701521 3.165957051483555 0.8996929385900573
5.479033077320796 5.21264906171888 3.689233060922886 1.045727902136744
4.38338184848055 3.756590486893169 0.2997992540731098 1.123384645843902
3.464704163784701 3.972026008318204 0.7182461647359882 0.8380240431544587
1.423943411129703 0.62937500929932 5.858430078226755 0.8835094064391043
6.722556942351102 9.204557302433127 0.6529844288726849 0.7387628132745703
5.18971991563505 6.529239914294968 7.028661593799637 0.8943329102819763
2.049179564047671 5.979206107825008 1.197461909901653 0.9199031376451542
6.458418495862965 3.384993776316887 0.9295945444006593 1.537318750635927
7.219554520101772 9.779658146713096 1.081536248405951 0.9483137565208247
0.5863372106353848 8.791173155245007 3.110731378202913 0.8668583305123821
6.620037527211378 7.494045548258987 7.919938578879118 0.7461624665016572
9.359802727401725 0.7791501920387656 0.3211576764049484 0.8238839891783013
8.314435259382428 2.30711096244181 5.119846089652335 1.472876045335235
7.24737087195463 6.382478006575416 4.203435599832523 1.223981723841631
3.158100509171367 5.550107745380894 9.539108679409772 0.852784954458664
4.596091220171454 9.510330827768737 4.869874833526437 1.431668580090856
9.267962153690933 2.646030708899629 2.451985409411228 0.7323252926543358
8.287894117889218 2.776295632839982 2.908803469199046 1.153306716165272
3.345890293872066 1.796912364749691 2.117149437500402 0.9966555647327866
1.024055040271719 8.69505387125032 9.891852004360082 1.008046698174112
5.275118922742775 7.617027354177918 2.233211069234597 0.7999029881140695
0.4692462289040122 5.89974888284341 5.181231834571773 0.8118942551499687
1.205213315204704 0.110790507373878 9.362338404918901 1.588363629545899
6.431743144976915 5.597664825461648 4.873530396782109 1.349765698935059
8.301944404754435 2.637595351099857 9.961699925606046 0.9970307598257527
9.733850676420015 7.349207670059427 2.723013832174031 0.909575715942161
8.691378047017503 3.283323127947527 1.742500287967431 1.335914142007831
7.314150102734301 4.66021623199958 8.25792673498311 1.458347621489943
3.391331966443472 2.338691691176108 6.292456922043927 0.9818393539977517
7.145230334204618 5.367811149322903 5.957192997172626 1.124466881250631
0.4138788117801451 8.604135640300665 6.901153876092465 0.7914787561718378
0.7055456213225531 3.719219215800859 6.492768558341334 0.800915110148952
4.016837723579917 5.535227867071879 2.367843169989635 0.8318322296902941
6.781765415116598 7.768010623833612 9.586141999133817 0.8038170858512026
0.2186706719764653 5.862669196039784 4.042994458605955 1.273213885164549
9.126748402260835 8.735565049430907 5.99495650585777 0.8431523845103431
5.080504522553001 8.404779291594698 2.969705353169853 1.351792152178801
0.3497114505714694 0.9399692422458349 8.817459576617491 0.8156473704702621
2.707778901898567 9.150199450337649 6.318842690655674 1.537007702968955
3.68753101362183 2.698342838199458 2.117802274272862 0.8029835700992916
6.312494098441698 8.264153782546488 2.229816537165735 1.478550956405685
7.197917584791107 6.187809489467352 6.711601889093091 0.9609297101894198
6.060434334290592 1.096950298337288 1.070915805923868 0.9055544825487639
7.744194823305707 1.634226745849404 1.375308489274332 0.7393029831021254
7.84449849290821 0.9984117271435156 4.23919505875755 0.8588760602766211
9.258683014603918 8.457667959917698 9.360072201156354 1.265393443995948
4.537295516844227 3.830712226439665 2.995005023233829 1.053096011831021
2.945006613466349 3.481573990592591 2.004899080763718 0.9249691701701813
1.015116801895043 2.389589574636948 7.789173730204875 1.023482301340186
9.776133361888801 0.7732889077784433 5.260940742051345 1.133992368721931
2.647508047228913 2.659918906459569 6.812081752596781 0.7692616568357155
5.078380516588827 8.025859191703654 8.085020277675905 1.353961887384464
6.076654276072412 0.6129965297033579 3.718392104374225 0.761634146977031
5.226854321210338 5.858944889750338 7.805019980872245 0.8142820530845888
1.898438531208928 6.36461077505878 3.684349513903463 0.8000261212630433
9.758159700815877 9.098249490442365 0.7801868780377974 0.772121862848828
3.484912282666245 6.000906205444331 8.557270192538944 0.9370439795625407
3.009275799450578 0.6336029538281751 8.420802215781476 0.8473158289949382
9.474467006373962 8.338986640067043 0.4549186061321641 0.9117344344670415
4.140023570037093 1.785372034274393 0.06892323853737281 1.111643065404887
2.241203561314599 5.136412763828679 6.895348071168041 0.915992028813216
3.750695416652334 6.609590182357834 9.767375836063129 1.555809792875602
7.777278989581376 1.761214753251698 6.917380960508114 0.813929848596829
2.040472019893829 6.029739849000273 8.334427867693639 1.211806459963244
7.338059877338151 0.474285605245498 4.777891795828354 0.8331877773542085
8.9293471775882 8.741997741622063 1.975333525955 0.9790818206337168
6.287643624982331 7.288042549024588 5.507172113423013 1.02722827793431
7.477225936964995 8.076270469520892 6.643546412442183 1.094549089969693
3.583285048423795 4.088571894977422 1.549080891650313 0.7599530236155336
7.465350089496522 3.993951710155766 1.644803279931011 1.155820629275945
6.283676697402611 1.332092986712549 1.985119930965029 0.8797393367835581
9.208215914554865 8.202673557550476 7.482252720308097 0.7303067271421736
6.994734101015125 7.857465209586598 0.4594888882471782 0.7704289908913327
4.518860109942876 1.232010855856148 9.148700117681292 0.8522623984495823
9.14026358509869 7.863696251458139 8.368883121816623 0.9879416431494866
6.091038532768355 6.150509103169917 6.155179015635866 1.381568150737873
5.079724107052437 6.477102868898023 1.35319623781217 1.074061802062448
7.217754070593412 8.567875841638788 9.480347110469239 0.8976898882276253
2.292057938714659 5.887055490657721 9.414810176309961 0.8229802917820647
2.785164740654655 4.348569796546605 8.525378321827818 0.7971274399783418
1.81673721524886 1.432921967651537 4.279264136159183 0.8838315568227066
6.547960234077589 7.835793072233154 8.711295813251942 0.9209177724789137
4.374572640822851 9.957944774944352 7.635368289860319 0.7632136847575375
6.10187501391307 0.05597049788669817 6.704659587727557 0.8916098145107432
5.186015984198895 9.898218246459859 0.2093862635355914 0.8083169760380278
3.525941832942142 3.183593976165656 3.212216619810044 1.297904648457409
5.988872538777421 4.540094785005087 4.787421797217926 0.7896228618051401
9.989341841724354 2.815748256367994 9.00407664465145 0.8771807741633587
8.938596726728811 0.5283666741584091 9.494011696510382 0.7741219790675695
6.585586197186037 5.502321601309308 0.4159209247352302 1.539071844336633
6.216269752746865 2.045530664508661 0.9044558636360611 0.8615242996487097
2.739371538863877 8.006392733321922 6.815260231954547 0.8119717109663473
7.472226875888945 8.2491699862447 4.46177781945544 0.9732934336425615
3.081446250521474 0.1883495749499609 1.213702555482634 1.016443929154837
7.428081739437579 4.35318423393362 7.135058400051411 0.7919685769170314
6.500670891458262 3.784911960520823 2.146316234244512 0.9449285896158425
2.146604675928424 7.274691633967012 8.599207119670213 1.256603572524497
6.237829371098624 6.443425601941043 7.526262522521501 1.30886682667788
5.522082874978413 5.272288831240211 9.547868684544856 1.189857978064907
1.801700823680489 2.231390511661756 3.787545793310093 0.9514890551219438
2.496761903445134 9.308498805064989 5.050694865797555 1.002614442483795
9.890620700878895 9.203761595384183 1.665020373853202 0.9085979107828855
4.628566367826599 2.629291778253406 0.5715115959346839 1.039485161436013
1.600337585921675 9.613898403909634 5.639768617608069 1.156922751333042
8.005685573554883 9.227902099561188 1.505026192052517 1.010058455624946
6.586148024018389 1.048971168688886 5.185473177386176 0.8865743654350331
4.574620018706486 4.213974994051032 1.842246364614076 1.1948197967715
4.781980971932172 8.752250697279962 8.924092726407892 0.8262189971934691
0.8679481631227536 0.7350418305351791 7.862627771827995 0.8048908937858362
5.641534690601662 1.908487252213537 1.562377546999766 0.807695833750907
5.354724597945459 5.449814632227163 4.667514350527434 0.8020088096751425
7.259491506653775 3.338275816793395 8.799605432557414 0.9583037263199732
5.911454005535954 7.553476681544574 7.547564563137382 0.7706058736061003
2.482982825750116 9.464496377548789 1.004534250477286 0.8484766001159998
1.999727789491856 6.26604088819522 5.555138928252596 1.111434531767296
8.842362788414285 6.296394716176497 5.044571055398041 0.8051958375990564
5.77026790552978 6.429277715808206 9.877269059233258 1.052099733869408
3.571555024797179 0.4706433548740452 0.4583181674063885 0.7934589675459292
8.084499287594902 1.293095159465512 6.116507800242815 0.9152680968793001
2.7792037523454 4.288147885029696 7.132653241422192 1.030903136131563
2.866470872863204 0.1007304826500055 9.045051868340273 0.7432677862368746
5.243219441689977 6.482932209060117 5.084556169672006 1.369551158124187
6.606367458863224 0.8096745456909438 9.727180980338975 0.7890056426540693
7.319076575146763 9.558377436540914 2.085961032892965 0.8013829123697063
2.437921151996329 3.324634487040665 2.922803520875259 0.8404402199790234
3.826765106394742 8.404625177924551 2.673592265290115 1.119433612716479
8.244500113787236 6.33165094460667 7.086064101563789 1.13043134215309
1.695647079667048 3.752552999425183 5.804084496992573 1.077498871972746
5.575670984112627 3.678992089404843 2.721856409906395 1.048948960584589
8.724402174931084 6.743312770124213 2.469513769070356 0.7888743202346507
3.065886150629584 3.315711981131306 7.351541204500729 0.972354322174058
6.348733073481347 2.288955963620504 1.818532989907524 0.8412810734255108
3.029191552271032 7.886422614972488 8.392185745456029 0.8104065658403501
7.762770869902049 3.485128055230228 6.732635100742629 1.088046763433254
8.776193056654925 9.163345734738272 8.164515236810441 1.607126734929017
8.113962093994385 7.554956515947783 6.12281387593191 0.7591845643878472
9.293402099578502 1.422130553785435 2.669314315835193 1.498541831900583
2.656692357283776 9.034645078949602 0.235404123297448 0.8008469956529858
2.407833640001282 7.222267766144141 5.944760264965649 0.9897357993242989
9.587527963233546 6.893632058156212 8.265927792059816 0.9747430034330283
2.909884434809661 6.886315767910396 1.079905468461808 1.397684052186614
5.702755995182093 2.395024854231672 0.340973769704529 0.728098947793631
5.87953784215984 0.7585405043502358 0.3137515476486685 0.7433592274915447
9.277463807807141 5.476490804846155 5.983554970722934 0.9745616122582524
9.323034773308432 6.469452077130448 3.335178373613046 1.233808103586298
3.169616913612598 3.89981970591128 4.056791661987439 0.9676078715957356
7.863190836798323 7.310354909615708 0.8338354078253174 1.366842207387066
9.453398693379395 4.629792730775227 2.902182013033162 0.7703374760814395
3.402677356934007 5.008116635235754 2.705486016654495 0.8769898749779379
4.53636834148961 0.6816473108443288 0.1887607765677479 1.12566956828471
7.052786526657676 1.949094365582257 5.89195313259355 1.498157918635795
7.1219298043083 9.792291171336331 9.734063166026099 1.422145162149361
2.528044724386703 4.865641878823678 2.738692461520124 0.7839570061454934
0.08478542321206262 7.81700385264026 5.749062718313199 0.7764305007047931
0.9439758508690088 9.748643678614242 1.86598820158289 0.9110320147157983
9.130758537572788 0.2602739873493542 8.698325481113741 0.8886103209975076
9.44726201500653 9.376857861016081 2.530061641567382 0.9547571120703984
3.430564050610949 9.215000603664144 4.298991392391021 1.098398119708338
5.425694260062148 9.172083850383425 6.168770092256613 1.505241406472825
7.082046932863991 0.8924180655655367 2.755801798380264 0.9289855219250178
3.185618968773824 4.959294988439143 0.9757720036427253 1.023125118862048
6.165060786632866 1.592393217248391 0.04848798100451135 1.039813719845972
4.992322250127477 7.498648680406299 7.002998918308607 1.017757505284931
0.5202851358494454 4.078598819867977 5.42620548883531 1.388096156098449
2.59882166067685 0.4181748760374404 5.630867694105779 1.297110054645793
2.048154962084064 4.841783645095583 0.8135923306886172 1.227598288538258
3.433491767871121 9.800785116870092 7.295999930997663 1.159716169830992
8.83623350973642 5.344877053776939 6.936723826091395 1.045944019362913
1.256129580718087 4.309121175990676 9.12834389081269 0.7822210743344464
3.672223118604428 1.347502736243303 6.381412826474577 1.038528087229962
1.706359369868596 4.898686413545835 3.25850956972733 0.9643891249584675
8.842815762376548 8.882315806046227 0.2031928405859273 0.746458421830678
3.967823059121105 3.997088956947103 5.871886482289475 0.920110929826893
5.163955295435624 1.154235352728567 3.615918571888077 1.277071133706444
5.850943780885049 7.589840626034336 3.028265514009867 0.7445897101783583
2.905798239340774 4.873861074078013 3.614396594705472 1.088509411000067
0.3129425162969035 7.138029398020985 3.642089269461031 1.079153668116028
1.402743903056555 5.458657017183532 9.181795683563605 1.10037244897057
6.203444655508745 6.914996560475813 3.726864042536867 1.243959068522717
4.432348437910666 9.088826630938248 1.335762715794236 0.7603789335445359
2.47680182054367 4.272766116182517 5.540072435789415 0.8347350545366361
3.646173811908116 1.862423890180773 4.785909229868238 1.000836048146651
9.71942727779162 6.264994725584447 0.05255594268614328 1.316610568906077
5.460792443444849 5.482209547807635 5.502035271866422 0.8004204787518168
7.985535898506995 4.660593900371651 4.499131068447569 0.8403202945954029
9.045659743617835 5.30769589698281 1.021825731154278 1.547326634721535
2.035261722410271 2.831843848046366 9.547550018620734 0.788465704045793
2.588225673311834 3.407220773740692 4.955235194552444 1.169702821430132
0.9285160314896779 6.238341381054441 6.028822235019883 1.178562520731447
6.422916276433212 8.423487361064177 0.92606725373795 0.903738323826728
4.623813457568288 2.270806494769909 1.790666253868187 1.3027199223109
2.948720215307966 5.69745178605775 1.88621327095667 1.310831206449031
6.843723381502341 7.416857450894225 4.57923466313327 1.035577616139237
4.208831119040395 5.112761268884872 9.990252516710266 1.537301925803255
6.290175002319441 6.691694932143375 4.768927968109543 0.7870531135085275
7.583974512082044 1.322864922555161 7.682503962331785 0.8751687630584619
9.787076258865802 9.044879607564321 6.649506662261906 0.7706160118360277
7.136935747023664 0.5997430457686137 7.93707152702807 0.7624813331939443
3.310592657947357 7.082414683797069 5.595328067070472 0.9180998237021636
4.288398959689403 7.396378718319181 2.538319249552303 0.8761842851952152
6.978702125060493 9.01433946369294 1.538579834147004 0.8065100059166941
5.166026702968488 1.594539758325835 0.6695069704922019 1.235683560378521
9.938473012524465 1.029365852076943 8.008264476460171 0.9070337727337382
5.232124104850272 4.973955627722295 2.114875979162097 0.7751889177130339
1.066920081137065 1.859630573684637 4.369107498027902 0.8105105579297651
5.959401489050994 7.2206521066418 6.711928764109439 0.9683644952737873
3.560436712049446 4.045713662035332 7.82371976222636 0.9645337896886552
4.659415877468279 7.324276596817514 1.698599879729524 0.8261157492798183
1.434673121555996 9.862754861481887 0.8438383341966538 1.311370939747841
9.031050471993773 0.7202881513626735 1.491019062272722 0.9489441030487046
8.68710207204593 6.515070903133397 9.537751869559177 0.7326414575341383
0.9224265431747214 0.05825172356073383 6.343852251586304 0.8642328363441322
5.439837453577306 4.514932031300313 0.7340271813744792 1.476839561959391
5.352140240592532 7.612575670460173 3.710682251547204 0.8059133366543477
4.437507182204635 4.155739754494784 7.279834047471724 0.7577732972732021
8.480519685435274 2.022393135231472 7.565336675370712 1.080777402270132
6.783241526896357 6.864535881193278 0.193826785270329 1.166471464413238
1.495981319954944 6.799697013035484 2.812454997739377 1.136856862742508
4.649017011477997 4.781313063007195 8.932581492732986 0.7887841897875616
1.915130564843746 8.696045546957032 0.8758426565540511 1.008867308294619
3.137074873717494 8.689562177953681 5.325449051154105 0.7625923853492382
9.255006499714007 6.192502047344773 4.367692340626289 0.7554091414004145
5.700770063535173 6.044939514047682 4.142572190973885 0.8461122423834051
7.516624197080616 0.6981689082372788 5.61862897070387 0.7934181078264503
8.304264177560189 7.827546100879286 5.171680139972834 0.7380441050999555
5.702028733009604 7.800890362970467 8.960943112320047 0.7689246132783791
8.329372959782649 6.353116419935156 1.602702420433245 1.184003728314843
5.078327022427448 3.386195868470022 1.203736573740112 1.021118460317591
7.522036928006819 9.735024154490016 6.296098968777383 0.7727549232632568
5.09240206187084 6.790534068733503 7.994148730690512 1.011212650204314
4.874739837344795 1.195564908006645 6.203335324388604 1.357124290880007
0.8624326612466714 6.488596188647803 9.565672829038371 0.9759013482935059
1.055578636842261 6.432799709854152 1.707923810094446 1.305003006196334
9.046985397818453 1.284156795706056 7.953138006279007 0.8994176968272135
4.569017885854683 8.267564140346773 1.853503486255642 1.057259733975063
3.968967810033606 5.42283659300685 3.285444385092473 0.8407822054712502
0.7865971607581589 5.33324055365103 3.28870531733347 0.819724686614194
2.100938853660897 9.575186290096891 7.569650137346415 1.200528798099597
8.81239259931548 3.456471999166424 6.585004792058818 0.9186776397920893
8.247054707866543 4.082985320598024 2.627603582863793 1.156385454780914
6.158532233102398 9.181440265395906 1.319096909290709 0.8226664236353045
4.924472954028302 4.758470839085778 4.393561834106951 0.877082923292386
2.657907564943483 4.439931802637634 4.617233480637442 0.8273861270455993
0.9709324750614834 4.536897897175289 1.403595188293754 0.9683063084006578
9.926473888917361 6.966360883857693 6.416069708644497 1.23668528284324
4.545745860575139 3.048227354306715 9.57324754250196 0.7797835356064634
8.390436653633701 2.196685129564536 0.9790138604255405 1.109436777612912
0.1319354375241133 9.841232985841005 8.292903492784557 1.336947564699328
9.87937924550241 3.009640333741015 6.299452214107546 1.270883076305405
2.463009180638457 3.0357696879816 3.861121857325131 1.055784244903281
1.652345774514609 2.763511398614435 8.818936327287961 0.8254739436227704
3.36045222251945 0.468482965694097 2.187155753780913 0.908485448136607
8.545566700305509 0.8743985594740855 5.123195259750325 1.306169511394316
0.5050973606620146 0.4230587877354452 0.3332432704656751 0.7899875795102399
5.957666247328834 9.997817676253156 9.789557924557357 0.8461816296846727
4.278736046984803 1.409745233042191 7.103857163774792 0.7345360163267421
1.859115247929669 9.276369413473066 0.008330870912134358 0.8393356386770624
6.524138456941655 0.0384535168375566 2.820030838625879 0.8636368470734166
2.255093661081697 6.021734065875083 7.326064541939545 0.7692919072765202
1.445760958005851 7.790923307280129 7.679038961123351 1.060612916214121
9.602071672334825 5.740064426744239 5.043356576785483 0.8632422810427909
4.187349464498962 6.896801344861185 8.442683307741328 0.8731132358087048
0.05669609089552052 6.944457588450443 1.024314756809831 0.8045015372666526
5.109095165085209 0.2024331896858788 6.780562969259995 0.9214226936735384
4.829248037894926 6.117180975465734 9.798509652782688 0.7594726278488356
0.2539050310900215 5.824540440806543 7.976774814171691 0.9630443253733614
9.948741218191136 0.2894456836081938 2.122771215596561 1.236324606644419
4.082832372287632 2.30906825413396 8.822083693583778 1.474608530811366
7.851668953180443 2.867758774285266 3.990920172143798 1.045456829855754
0.3380636113583324 7.5834220387213 9.94072454842267 1.515560362070764
6.72869771897582 9.078688710464819 6.920750832134641 1.416020495196306
0.9205141727097721 4.370498118493519 4.059730933956973 1.364418594089316
1.200191572588604 5.922192649028261 7.27799865146339 1.293173802859696
0.5241728114065268 5.660546502157713 9.606956895097554 0.7782344778563003
3.398871325242945 0.9336764452978985 7.230145261180919 0.8894133143028938
9.373192138704487 4.092012043305073 1.062493495785389 0.8563076165147727
1.897110111742729 6.832305506188312 7.553870428908183 1.005262206269681
4.610069222805234 4.70320624303487 3.537707512241076 0.8864011952965549
6.022508683544334 0.913948152110724 2.819005866345681 0.9679007135228206
1.763165639705738 8.881306837334785 2.321039148978045 0.7450534720472495
9.286261536559055 4.259536200230685 2.033802448821969 0.9725581132263569
4.343948589376523 3.664121184443078 4.239349822817667 1.401556747388183
7.699241414369505 5.389146707958397 5.038025749576144 0.9526608643006579
5.306194773739509 9.549493489678033 1.089071467423284 0.9627620430413243
7.407606333107832 9.9847030448725 8.477218495444005 0.8264948895774803
4.878290059912305 1.628440829318652 4.872455572318028 1.266150134111157
8.277152734678124 9.310790309169805 5.880623756747585 0.7278828525995321
9.517069902306359 1.023086305117902 7.203517693111555 0.8575206986089499
5.796307878445641 0.5307459798990499 1.695413863331986 0.7558459535816276
0.1848164152259713 3.137790836877051 3.055021149060121 0.9338012091564135
2.138184921531852 7.521236080349098 0.5259030675612886 0.7869332554899567
3.847565952964549 9.842696628667353 1.666385026887106 0.844881399743294
2.245011010567057 4.327394707152862 6.384019110740597 0.7309158659262202
6.810611843308036 1.76265239878026 2.573573624911696 0.8658762354991969
5.066921110734516 1.712170873027926 7.232417548875473 0.8674074399939199
4.287186720492747 6.42274388995776 3.004120773769228 1.175505906717996
3.031793757158207 4.639370162397307 6.207608609554059 0.9459142749124068
7.352043758494483 7.593907532894592 8.297119086557791 0.856093020552995
2.860918568169086 0.3752590703834191 6.695808346275897 0.8170999199021527
3.229213941480861 1.806083371576604 9.488259723689231 0.8122287720509972
1.668163272407228 5.248461116576118 2.081842868087111 1.36574987287906
1.770129289250932 4.331205797974183 9.756902926711206 0.7281932851334694
1.81361738579616 4.178871831924341 4.865316314785684 0.8641581838492186
1.132632991910699 9.490533265896142 2.753368236228199 0.9331200179037906
8.92434515421226 3.380928810848668 8.281429954741913 1.064032404860202
0.7323908465379825 2.737002602353171 6.882135354673858 0.7905112701804675
2.702360653534345 8.401349157871024 2.729077503550532 1.052643151156021
0.5857039014351806 5.70944886056106 0.4109133682693811 0.7288400363698327
2.703296507985447 3.827353755186313 7.950312204692737 0.7300020428677589
5.220848590837512 1.18984534858361 2.1342604912314 1.166299072993771
0.3156706119796704 9.900509530583536 1.098816382540833 0.9207264041591814
6.386144710195719 4.147228566479155 9.495100719883517 1.564185003217199
3.90051469553995 5.065447052830131 5.78782454506908 1.101520359463408
1.353195166180001 7.823026086524693 3.724410199293258 0.7730744902634263
1.722333331776625 6.440842482676365 9.202685042947159 0.7679267993884673
7.465554836510729 2.599286654003561 1.8869499185387 1.436417457409415
5.762832566905432 7.491480082353244 4.578334365649646 0.9248110516160871
6.363564757588681 2.661283643956037 9.56269247104731 1.279142468228044
7.583882342595344 6.331529753758251 0.4889454105751156 0.731474766159578
2.375789211933558 6.215015464475066 3.009296011751077 0.8368854612184183
8.217481063351116 0.04188558168857437 9.086894133149945 1.074382024101253
6.417976823574723 0.2272636219202462 4.497352230401725 0.8996121107354853
0.2726183568724794 5.255989576577486 5.832550871134876 1.014734653335234
7.77912088993754 6.233005465719938 9.567926109821901 1.099721982595659
6.30804998844111 8.356455894324634 7.854848549115481 1.017074334711796
2.547229197958133 8.938840423177771 1.815838483076052 1.035478421025213
2.427732597420018 9.153955881364405 3.829815868704588 1.055792025010569
9.560089380011414 2.608638121196202 5.248249644824122 0.9894672538310957
2.300104483281106 7.06105953129655 3.441239040478744 0.7896374672628591
0.277071644536524 0.4180663445241672 7.190615997710034 1.028538167505109
9.728735987769911 3.551666202737563 0.3524246991302571 0.8076446983571908
9.516615801164841 0.2206399075044618 0.9407388142247597 0.7641909265862888
4.784304566286186 5.457644920452151 2.96204203333042 0.8192116602021909
0.3828337462120845 7.451607016329405 1.792073186286166 1.091096960878863
4.222664143484033 6.790906579341626 4.534812297768518 0.7529902769634115
6.651582842135354 8.654701504140604 0.1222774870874033 0.7620874665202472
0.4965265736511948 5.949420781121715 8.876928980494382 0.7587056332060251
5.906704423112278 7.173493963433428 8.391577211026233 0.9079698648487514
8.18657536963395 8.348798375024581 2.562997863433782 0.8041167500271416
6.563546977496152 2.742756581872593 5.059467680253644 0.8973949693606759
9.399975035503799 3.391168465648694 7.329721310990164 0.9448468669576466
4.141985870056319 6.138331879399836 7.482355983368257 1.452307323876819
0.5635926942069258 9.571458545354572 0.2729034573566869 0.7859359958708045
4.152949668325267 1.032023912793409 8.106464753494908 1.316573394378434
8.520784241260566 4.295837817852421 7.506695161679484 1.373064201969831
8.082330114212205 8.251467924542622 1.572537715409569 0.900318494569893
4.027810491897328 3.012387182857685 5.868999062594414 0.9623824796956982
1.464403297784636 8.938715209660865 9.11767572709342 0.759418817413246
9.4916937107051 5.096622314965589 7.841999080795158 1.097686302841597
1.103001102621792 1.44775402286926 9.169903709367214 1.068675149845254
1.992822793515573 3.483370083940977 8.377764460590971 0.8138105944557328
4.581085467911184 7.937459731364228 6.199766076259551 0.9388797947172501
0.1143922332025094 1.750812553494414 9.135559507279179 0.9040060868152314
0.8474121358604103 6.481483130338951 0.5782208976076497 0.8718695626451076
9.98582163192871 7.827839082004449 4.343328343427296 0.7561822695026349
3.429539609766031 9.641558673468646 5.332716040910241 1.003590468894645
8.291131865269026 0.631204467354327 3.261418018331402 1.194925722053252
5.124220130412277 7.00416895080288 6.144446657377089 0.9020805942649833
8.467048662707457 1.838576244556634 3.784863118358913 1.319345166166392
0.8678009211397775 1.51904743908539 8.228658370892141 0.824095916760244
4.109444443297623 1.0056076029785 1.395941222229302 1.449080968695421
5.759314313905008 7.745798742841028 0.1779298934184625 1.465159067419261
5.937389120371733 9.252241997620212 2.951411798770389 1.011023425867645
0.3071999876086706 6.296137722204679 3.100021293882343 0.7278024702285704
6.304723169490353 3.781101975878329 4.363342397707914 0.9949940874375436
5.372420127002843 4.050896793038864 4.663760455975675 0.7529944966346152
1.155234193788398 2.288570111234498 2.295977186101287 0.7950825005760263
9.49619523275838 1.100832165577121 8.791355208241727 0.8448451593183522
2.977859617066453 1.691888671737256 5.555221266453944 1.015232322728226
3.730603720896974 4.890142453266574 1.82660662106273 0.855078672366553
5.488612397422517 3.297348398578257 6.228994942513991 0.7435902857655092
7.193595945256301 8.204522127627262 1.359680643464192 0.7443264603101536
9.679278285258274 4.235865892988196 4.466889829061547 1.061528765390475
6.169604495977103 4.796119811422418 5.803714383341108 1.086003512642718
9.847807866808376 0.3700366485555906 9.358462270087237 1.015798565154503
5.017676691272981 2.521861063446931 5.790878365094821 1.156599880505655
2.935394800659138 2.55998335472005 1.342943117469847 1.150461889299484
1.366950914801843 7.016591490639268 3.776721210188752 0.8104478701047346
2.046917251077581 5.194516769693291 9.855141931894341 0.7611149155416428
8.60624697926294 5.414460046835033 2.607568217295129 1.533897724861995
5.813578123026371 2.083358310473749 7.479709975899551 0.749297017456409
0.2562594676334917 1.84886119744997 5.344215485841405 0.9155865509694929
2.098217130517012 2.258068350377919 7.620870981466563 0.9865393623392235
2.728137809354857 5.807488319595742 0.4227586605328681 1.098736695936691
0.07569959898042433 9.402782307676043 9.364061055236876 0.9320209169306591
7.592161182576114 9.116093355528948 8.78942435352133 0.9824986643366718
2.033279487153404 5.050417975123453 4.189838549631777 0.8791541663141218
0.3846936679930912 3.42283559824578 7.282607476077526 0.9131722989757175
9.23990437016298 5.088849384985172 4.424543578616681 0.8043337053710937
0.06114096056379802 3.274485910723282 4.813152714624811 0.7828787424886382
8.265878028249846 3.573821349443181 3.508626171829473 0.7512469178661485
6.872671569582229 1.064495414072752 4.405701447157528 0.732994435533772
5.869839710345367 3.705092386613576 7.651165818500313 0.7448875037943268
8.26219141349112 7.235253438106984 9.721396246406016 0.9190572569725046
5.735212188797161 3.929328161688358 1.703461342868769 0.7941458318392721
0.2387590544534357 5.247533184467562 0.9024648780254441 0.7438978303753934
7.47143036463773 1.911767790860276 8.271051740539331 0.7351328768882867
4.890949583798964 0.8321581452876015 7.305854540451512 0.7335168516298904
5.811149303592705 6.148750386594819 8.728696849911904 1.220311800003151
9.150715800004356 4.204655116654803 0.1882571889477636 0.9075568123593765
9.897730593764274 5.470821606827557 2.908556875097041 1.073107606576225
8.221833090386438 2.502378157837406 6.433239547924553 1.12269262906884
1.188166100313056 4.738352639603647 6.523683111522687 1.41217463309923
0.8526458881116371 4.71759848050749 0.1079985777523629 1.333285585210694
1.728459478449619 1.16187967974188 3.080659135422531 1.384753097556972
3.234999620985562 9.083442974683097 3.279495092718504 0.7806130247977503
7.552165481238431 5.6732141355871 3.329423447330882 0.789488611613676
4.408111687380597 6.151230993416898 0.6975153829455349 0.7598365492538417
8.203632171721875 0.03453009098756676 4.385262747737869 0.9639842919033966
0.4667597428082826 7.85411106728522 6.47109766089082 0.7539715430052092
6.70374005308882 8.477039354657554 4.972970761282493 0.8872877767358952
2.952250285122593 6.587524245130232 7.818577301120334 1.114131639380708
1.366385458129431 1.504502213141229 6.085604451594571 0.8738227529286285
8.999200559840116 9.571574112821901 6.387415250824918 0.8960966973078613
7.532410943516151 2.292598394757982 9.199202605951566 1.224671887241062
0.8650526418848004 4.128363656296541 7.403716579281433 0.7330217014249638
2.521951472290989 7.731787961612322 7.645673957876049 0.9475865066550495
9.982712331871172 5.753667671646873 6.827759681551886 1.175415038876993
9.384613492457943 5.936496846401972 8.837148113297012 1.229505894258841
9.425440958569135 1.910508338101286 7.373541439986144 0.8234567106948318
3.403654620886236 8.428015321618355 9.925001589182836 1.101950123853271
4.064533493103415 8.928327447071597 5.977438239536001 1.236529022585086
3.059470843765821 6.00235012265204 6.375387932129741 1.571118184935332
9.405566119659365 1.248969163953255 9.612613767639928 0.7922511547549392
4.516805812007979 0.05699967135879058 5.973803153859062 0.9909435599978278
0.6372751645962126 1.405090852869624 2.305800593393106 1.178226908910299
7.234621058104915 0.7338327481192164 6.707145611843162 1.396835221275357
9.380427133981197 7.349748624461505 3.97114787408671 0.8926996012703539
6.964394029480869 4.221048628697534 6.308118045769489 1.071548416223468
9.856739800410729 3.098974169142314 8.094331579726745 0.8489945892817249
2.257777259563293 5.079284830828978 5.955648434249115 0.8626374662865356
8.871655613091713 2.180644692536184 8.795376527233813 1.474863432184382
1.01752762384798 3.028484172013763 6.034652116250165 0.9084684093927645
5.533815894058074 0.2020241567545411 3.246658747359221 0.8530080463542393
8.195451182594393 5.960376954632142 5.972054853504487 1.179227701297017
7.206377462705014 9.401032360256462 4.520880149392928 1.326121212024699
3.754567188580989 8.903574821099017 6.979025767944129 0.7942245301516779
8.268393924873751 6.718925663946841 8.416593897985363 1.517580919179402
4.331074238978355 2.248214447029178 3.78891971585345 1.336196442931656
0.8061076404687406 5.86072121402802 2.605814465341338 0.8379969952518045
3.963479454946889 2.241649869493629 2.729251833635887 0.7410041596130656
0.3908496981706255 0.2672062651231266 4.264156646283905 1.230595128476752
5.468244389103218 2.53547766567856 1.068184536276729 0.7819787222544486
2.155484777392664 8.054046385897495 6.26255016051468 0.7604684534745066
7.34042410348654 3.47718064170773 7.750037805256038 1.068118574113416
3.992368371674964 3.829454205467106 8.968370300690369 1.445972126452704
6.16938222016192 1.05320553343879 6.149718322297022 0.9814245585040052
6.204851526081231 0.4160679477817775 8.657293980737327 1.530249809047547
4.081641846902268 1.177178439791731 2.847300153720493 1.318912999170056
4.168108044738752 0.4552405574604312 6.870496884772122 0.9458809334118157
8.436325805042109 9.990705673938985 0.4837914988276404 1.566387384564538
5.748579068987986 4.173018153143523 6.726765192214472 1.221147824224374
1.622172090636317 8.698121280975242 3.240821536821778 1.086118919796545
8.88157427919848 3.267797856135326 0.5236232255377438 0.9688579865653999
8.46035432408663 6.367338715325701 0.3870738885942748 0.960325068186325
3.132185235397801 8.082488468250224 1.986059422928232 0.7390931725339803
8.269890561184976 3.255320354475324 9.116506349916543 0.9907442424071212
6.266506341822212 7.111139383555002 9.25732630451429 0.9240428634103915
9.072967041396769 7.217783345736109 7.360688981545422 1.123288997118958
9.506531557036048 8.449761872854125 5.296299676352503 0.8039249895194656
0.3322513288301032 0.9128359833472498 3.300826779424539 1.041017718049398
6.023163253141367 2.685143231954895 5.830201400542986 0.7336218387999702
2.967029380793858 1.888480518735887 3.443627063587708 1.507076640383778
9.0612805908364 8.89030966840121 6.969795673748702 0.7971093986471359
9.989264421493713 8.953819963429265 4.382107522860544 1.438778556965302
4.620760043112818 5.363425919499301 5.123651623085006 0.8974695423265473
3.45202302585855 5.943501366378408 2.774445690313233 0.7477435312705384
9.120442516806287 6.516930192708926 5.797694552863849 0.8295016199861516
2.997924245048915 0.3117668795537731 3.398411304621081 1.579830775833405
3.844825536795359 2.122882949019541 1.015666058354286 0.8717074121098691
7.319895506556005 3.597477472946545 2.533189596555686 0.7686511376665507
9.557410452079839 2.289466107759344 0.1285192644193056 1.471952284318035
3.210120792658112 2.695491294672284 5.400356679891424 0.8691228634370118
2.535563977078759 0.1985985326723849 0.1090997100135982 1.36926126968106
3.560712506804734 5.00204760988024 8.869182292854777 1.015506777632024
8.199483337479515 5.591475664298247 8.968166004323233 0.7551824818131586
8.940577977674849 2.8577367143728 5.884753104966893 0.7483908088872765
4.910115686712479 6.822952943805926 0.368530241011209 1.001801844367648
1.848379663693024 3.712113483376967 9.188192718086398 0.8228484330781918
8.734465697756409 4.473738522624197 3.728987623128436 1.268231218754439
0.6884298868204353 2.484460125863436 1.219926821241565 1.534854555860268
7.065513150225009 4.410858843420153 5.048696531367157 1.288933882333877
3.630550924860295 4.089167450344338 2.45717632236792 1.009743088449872
8.815207721480622 9.874394925547413 5.518622447928456 0.8330106218239021
0.06030856272194796 2.096485155510006 8.190266212115713 1.040899264767046
8.498701770538457 1.025949534827872 7.049155266473151 1.121787900038282
3.257361146687635 7.805157719907936 4.369535209736084 0.752511670809235
4.961162901824437 1.969791147840627 2.849616669484311 0.9435567965105799
0.4744827795243844 9.495856456736638 6.904984276366182 0.9048057895114581
1.970072217485363 1.392876994252143 5.296887686568242 1.068191042176361
4.29803039494574 2.650670203970068 4.968120671903661 0.9944660367985421
8.797066299736358 7.099883693268914 4.881288444003071 0.7384039123098239
7.592750700828847 2.599215819376788 7.314552248958585 0.9049802351585383
0.9053179543686051 3.54213866909699 8.310978241354279 1.29268713868789
8.327204087802599 4.757672981325737 0.1100070844598466 0.8845863798775487
2.904257141558597 9.94589371580755 4.57041722742027 0.7499260405368595
8.122692207611145 3.663671831754106 4.803015066333439 1.173504241601043
6.100207800856492 3.652716469412911 5.455051791946125 1.174780135054904
0.940573615077509 3.62301252992655 1.664853420859075 0.7354914228269805
0.08618117368151212 6.659230088772556 7.473361006810009 0.8898485125760971
2.333562906070171 8.148512566432757 3.727380633478266 0.9139094359791786
2.734037992273949 3.51914168829362 8.964480729625775 0.9904708568508049
6.445119541592609 4.781667323627531 3.945515312607766 1.065311564526122
4.154226965087493 9.246110485104387 2.970294355511873 0.744239726829749
2.381970915261874 2.098425145246993 9.74552462968612 0.8251196583225586
5.388129304064081 1.685720357871511 8.453550843389714 1.390178687451705
8.27579715698684 4.525880531444145 6.026308533566644 1.567345878900642
2.986215319944741 1.462296462422544 0.5812297484246443 1.412097047131503
7.398941120903402 4.355890064665293 0.4751002398269644 1.221336495974669
9.839739129558739 3.883957342888659 3.510920132632539 0.8649086560543849
2.029098809052456 4.481274275645417 9.057596300343366 0.7415157726780164
9.141386192930709 3.077634138107926 4.089508923351255 1.506608008857898
5.322505751042965 9.291547086121064 3.815316076763238 1.005706536938469
1.794812081156506 0.216845541158629 4.426246304363294 1.507658200858349
9.738050188173519 9.73873011376322 0.2300705465645025 0.8573317707115653
5.896263542489073 8.246425665301141 5.383887559747046 0.9454902953011928
5.384926876186036 9.180917847108292 2.064869072600972 0.9923379933698809
3.539372215709105 8.756684468293495 1.705641583648974 0.8867654048975852
5.549081946615117 0.08434573887751927 5.252048860412438 0.8349883363070745
6.435537556960089 9.708700701090518 3.697639260835392 0.9271825954236954
2.778956158675664 1.121904547898884 2.455971192079276 0.7571272523859509
5.858084856640565 1.984614206984325 5.34195145023781 0.9502326057180343
5.241250620392095 0.5273729037326513 1.016370832130026 0.9648781434654563
9.763948800428434 8.871876572794832 3.179440113738881 0.7340287560491813
4.279591264383698 3.115180347030678 7.668756915215593 1.299646577169738
8.294483432646018 0.5536034539823931 8.065864451468503 1.093897444222553
5.933568025000945 9.216838538384561 4.781755714516741 1.242502595372212
3.661914970712854 3.384486132338844 5.114850716879602 0.8395704891238362
5.206155696021563 7.603422877148751 5.382497467905993 0.8912285569603589
3.285545759031698 2.92840858264486 0.03482985329934851 1.591741015110921
4.404907635415904 4.519187828589262 5.184372867671947 0.7718138561058561
5.218666411335565 2.819679673504103 6.929679433288212 0.7845889138933081
8.527679682632314 6.823114988756274 4.105134362034948 0.9432762516452557
3.497498404065069 8.282575519959384 6.533854918843915 0.7747559372901373
8.532332270813683 1.471794060517797 1.722345663907451 0.8533604195785861
2.187521057646526 8.211326428757346 9.583856772069362 1.386135467482755
7.904355173707506 9.947665585375224 5.32080510562214 0.9405260684511005
2.931068756135037 1.050809583407213 1.675729269996021 0.7783585685617972
6.058786706425113 6.576514603267198 0.941408670341095 0.9504781714103887
6.503387050019604 4.678778269268344 1.52416045107609 1.126784435911357
2.223878142407154 0.194232653528027 8.475574110477456 0.8562120167261809
9.25365574120644 7.836805230103606 4.735119716560982 0.8533679475086628
1.351694045119273 5.23706797498304 5.09730979568462 1.361979518900502
6.700268704813284 7.462806429093907 3.003647961512439 0.7691163862425645
5.95780576677875 0.9863473955579938 7.342787265963134 1.279289178328492
0.4684101640978189 8.07247465291854 4.939651332281357 0.8010885029164362
3.063083229717653 8.703202308235303 8.902817406495144 0.9981624543409127
5.741689352750776 1.821238187741726 4.252992213556598 0.7813060486880998
7.397611499569199 4.027752316432949 3.851411022942424 1.242218634409516
6.757069342557718 9.34494580040241 8.184186507955516 1.00279229914851
7.52608866328779 1.290101062643381 3.436391428369268 0.7513645350299433
0.03965102984594848 6.74328463019942 9.09592553578443 0.8239729002087712
7.486960072886792 1.007238105761432 8.841837464860978 1.267685227259053
3.056734476163461 7.855348286313523 5.177254187804157 0.8044204298854841
1.332311542155394 3.031620072419301 4.75514246270309 1.431556061798287
4.637933950820575 5.877842234329132 4.052168359857963 1.167945631257813
0.7317050894865673 0.1612247144526469 5.480034589036809 0.7765400039164483
4.27352926911715 7.312336894742127 5.285140376012747 1.022971663148365
4.665323251520175 7.733643742448125 0.8842093462282496 0.9493137706882547
6.646879069596158 0.06225847832074471 7.537657594874152 0.8363978646914967
3.550592868151915 7.134267488697739 4.735242660521879 0.7778548658528358
9.384065099390023 1.711622108843954 4.78354729595992 1.017495177934786
9.381763380022702 2.178351401202268 1.5609360630782 1.139499153055921
1.242588741385602 0.869018675716967 6.832973856487897 0.8954257294767017
2.822658676191405 6.404705495416176 8.981706342973043 0.7917679060044222
5.946209800539677 1.0111478109394 4.444698214305127 0.8795827069036487
5.436072512946728 4.133255639031003 3.71314003951931 1.061606767865041
6.910659007904019 6.676255069156955 8.544359161642177 1.08055883764623
7.126276084999391 3.283015059876575 4.622065218606334 0.8418077179217218
4.049975032319496 4.513246559834136 1.025642752921315 0.7856920441745172
9.763883913432128 5.103906362720215 9.768831981856053 0.9689664272948598
1.786744088040763 7.468156593609367 6.88104172232176 0.7505731844716585
8.274509353300493 1.410664296929791 9.894011786514561 1.410887644159165
9.813604718436737 7.732645504595272 0.9995985261972062 0.7798476133036965
0.2196124009310818 1.378187083884732 4.283404775574146 0.9326085890245378
1.254849502993403 8.099041240642835 6.733510774277681 0.8663633291689614
8.592860585700121 6.907532478651063 6.340105116080785 0.8020534379131361
1.625046952930242 5.934580545307497 0.2439122840019037 1.067756956524992
0.9080110250093876 1.046735562234699 5.038524271801329 1.1551229820777
7.169687132446618 6.521687289042482 5.447980325314695 1.231345438501148
7.717977320211848 6.846150956985519 6.336220567773692 0.8350833556825166
0.4885343549516741 6.881293452849705 2.641051938857928 0.7631409953952915
0.8298629390980339 3.167886303566859 2.393710912851443 0.8005951933184638
5.202519873887208 4.64316261841125 2.857779670629614 0.8050771061928089
1.066118125942551 6.288874248640781 3.557450998497326 0.7944383026765753
6.392161227505421 8.334786094883237 3.760678180442033 1.533354265096576
7.008212021132553 8.526957178386391 8.473398720486616 0.7586811217242876
6.592593327991458 7.412081126094829 1.20516219899073 1.053964086461041
5.276221074793196 4.635841658166494 5.272985385144551 0.9130707918158745
4.115214112429578 0.06250850759212612 2.588057898252619 0.8663089166451992
0.6908361723684631 2.060416838605659 9.869078598360018 0.8281513430841975
7.37704922806078 5.773744359767346 8.679162448755241 0.8656963671530152
8.85836785800908 4.569022023066379 8.960171221378467 1.593053463966537
7.383991724362229 3.148057203085739 3.189561523339459 0.7884434300126824
1.809937518800148 0.5837749434437001 7.50488544678901 0.8524184231727453
4.614874364881477 8.506029835683682 7.034930845856572 1.040892634966399
7.719948476563732 4.03380919129583 9.23500499361886 0.8506278646761193
2.989154577303466 7.597597675664804 0.2100366602430548 0.7973689384329938
1.031456196607283 8.074696328187692 8.778874967466926 1.227646960527498
6.113741263067972 6.692450706616866 2.263653852235884 1.616743927137642
7.305463818784319 2.449605365294846 4.619343533857993 0.7545322347788433
9.834204727174335 8.891256546643531 7.493191939854776 0.9016096814640672
2.936260161971951 9.630497495370209 8.319805974969359 0.8901038881703845
2.366162722983383 6.806193356608269 9.851891667461539 1.155613149451848
7.91686131051653 9.70485379143043 3.566815564796394 0.7544226570742421
1.699648555984191 1.891147885843669 8.482675677674697 0.9205812580424061
6.51727202270538 5.37488979825444 9.101493703361292 0.9538000217727458
0.4151066991269325 3.300090941792862 3.993392769177842 0.8803408352768516
8.705129257304229 7.598161460993811 3.126532341934739 1.28455077179936
7.902339159832263 5.561469450389761 0.3492856745795747 0.9241562165404047
4.904759482258607 0.6033729493228812 5.291428366914398 0.7678266470391003
7.328699091445298 7.090365632912612 7.337704948518495 1.178551073619839
0.05858614830509645 9.818849181988405 5.169050824715318 0.7775967649447421
7.367450469270628 5.906996611000786 7.706102229538105 1.034949972168289
1.456745350333059 3.718374436192825 0.9098760654908722 1.064469980381998
0.9466062841652478 7.083138315255576 7.00358642622114 1.047775104000604
0.2476602560209284 2.392442111208013 4.458855674371216 1.071696945522702
8.406266890598351 5.458928068245904 7.96208791950233 1.090542202343221
1.393227148111876 7.263844874855336 9.393936698528004 0.8530107894806643
0.4602557760013082 1.571259991509517 7.16563030821246 1.265144314867892
2.400758243632291 1.333872795613118 8.013785386027305 1.048611605546977
4.710354909869353 9.981976716706029 8.989145516117281 1.591616189226397
7.316372812249226 5.268677278890351 4.118885437624987 0.8837276991469105
5.521908340834063 7.908645222183625 6.210887272268012 0.8842908140270008
5.193272658788018 5.75865092447247 0.4692225922419401 0.8825477964284775
9.120416108735627 0.5279183899085305 5.937680748181211 0.7547047854318055
8.092668204872931 6.539520870951024 3.17922037931224 1.093351207614813
3.009646097997481 7.468380258180051 9.247014022622029 0.883142932690225
2.458788139850624 3.002635854579409 7.945986578164618 0.7359779304062261
3.990893515967715 8.416927308567789 1.055276222679008 0.7849437063040681
1.880170312566426 7.717406697198961 3.078841332366082 0.8312637694290804
6.505439843571368 1.63032732985699 8.972826131216706 0.968417627977381
1.029256387979191 1.063989366403565 3.99058239397299 0.845822249007073
2.927124218249741 8.053562188809028 5.951984870448345 0.7732234347680774
0.07481611715538738 1.153705262014305 1.107837049894133 1.334849185845137
5.625763152196137 0.3075554280699988 6.056558764387988 0.7461503047163551
3.666227811475444 0.154048928249273 4.438952249904598 0.8094812505128171
5.783706001975003 2.93458688051665 7.558438454353883 0.7653057241910991
1.221528804672963 7.501412276520123 5.674070768647436 1.452352752843837
5.085033907134225 7.162832056416863 3.040650680968756 0.8538963234363721
4.709827598308913 0.6661594763280354 4.459256165414972 0.7815165812408443
3.503388848995825 9.261797243984823 0.7578254014019281 1.172130178132338
9.643504742924328 5.082405181884078 2.088102058292206 0.7713350503790088
5.127767798541746 8.330023530905367 4.409307916062667 1.155557799531313
4.097708475289509 6.918943983320339 0.9442801921055776 0.8788022583141522
6.237967672081904 0.05832133694654851 0.835873504146899 1.111843023260038
9.223895441438842 3.394643086889828 9.559344812398832 1.046138924421345
1.815822634696641 9.9219807787502 3.244460528797463 0.8636054825105222
5.758828150038622 5.600720998217221 1.49800450072483 1.089420727220562
6.593344385832533 2.52716967125249 8.173717042684817 1.37762116556151
4.384955844585869 9.313657300612714 2.169872818941868 0.7613431431506679
6.401240002209451 2.786812899002061 2.75843185268063 1.182822235173838
2.542054778526718 3.623551200293714 1.056052461002175 1.093981369708263
5.901862893591424 3.284176029640683 3.4963190104211 0.7299209305086521
9.969911218603743 4.128987424708752 9.702155260752873 0.8759931691326095
4.417655062059964 9.86513420041663 0.8825413694719353 0.9261536652333269
2.670695062383425 4.47923521342485 1.834135272098607 1.134073535204037
9.098207928774578 9.600143199730212 9.43350530678417 0.9634249504331212
0.5108890119086706 0.9464491301634126 6.161942709998209 1.006595091479935
4.897692328198339 7.395113935927188 4.596416521557458 0.7575895902947818
0.3593083198153513 4.843325466434202 8.746936071089236 1.399557652726979
9.026258101957236 9.721640557528195 1.663380417166314 1.035728889032888
4.928330345762226 3.255990915617354 2.166221885231373 0.7927666561508503
8.70405183549838 5.394446593655627 5.145501211674959 0.9885529462149112
1.083618653119511 6.45334717066527 4.646749804566506 1.0240037202189
5.89459656433561 1.865127383399519 2.645597171126889 0.8903174150496503
1.43895712900497 7.052358872751457 0.2013631408026995 0.7695407147747483
4.55931173434671 7.608581784141809 9.951265897097482 0.8381650293155712
0.9242372428489531 6.802134748882263 8.375436594605736 1.348669542090528
4.857932573469939 0.07951835583172694 1.873979289752596 1.072032443032604
3.54162128973176 9.625677989425531 8.932766274450906 0.769459095003591
8.770211864448816 4.470087080363204 4.821336812569759 0.8407176534111667
3.339245551271588 4.292477198158975 5.218060188973983 0.9419358522307177
5.703515678923357 1.021944720862035 5.287187835934825 0.8377247030025974
8.283562285690122 3.804945456804763 9.93967802505092 0.9512323612398386
7.9490566530812 0.4731728421756808 1.922777965268119 1.338917596787265
0.699860701776287 8.486827477593575 1.088586854689134 1.437444462966993
5.507902977964839 7.483607511901213 1.383407947813445 0.9484371850230275
8.237644545077144 9.058081996722082 9.567852501735874 0.9701948398730365
1.71311610826528 3.392956191004436 7.092501733908748 1.551601294392279
3.859964072763467 0.8384195061495914 5.320850020840131 1.296058935794036
6.637806804044416 6.2294058970361 9.380611214554637 0.7714327883224535
1.924046888779327 2.306830585360107 2.834054086364255 0.9424417732028666
3.909309088978299 6.149104370597 5.261309749742938 1.197017090330985
3.761224999215215 4.312059597843327 3.432541621096081 0.8957502608688126
9.928000562688442 4.864220795171845 3.716300199788276 0.8612797584085349
1.150855610416298 1.994404183243307 5.38080100256938 0.8515830597796274
0.1616440377176609 6.090638662862147 1.053351503868443 0.8550960741715903
5.185570617967923 0.6310233800595078 8.037365364103344 0.8382231248193438
7.575376852699479 1.365561414469195 5.002539241261421 0.8293763577141232
2.13388552566811 8.535576752215729 8.313358157363561 1.185251881437857
5.154849700656986 2.178893854455338 9.619861004133973 1.07066824591808
9.28398312058426 0.8184347283893412 4.010696040386192 1.243037721180951
0.1451325582520246 2.401995941513191 2.40507009159618 0.9409853585286118
5.817198783106903 2.031258785223643 6.511025043142769 1.143094154361674
2.870023223036899 4.434289980392926 9.805843736937573 1.430146702412691
4.23019624156654 4.941662583326836 8.009226920874314 1.093939013071642
8.098993628485731 8.05468326561607 8.965273267045545 1.254345942526733
2.667505149939216 7.106338374682122 7.030925281094607 0.7413045125935575
4.479566097896658 2.837609666362289 2.845804281360123 0.8164693446554797
3.788202168243467 7.675336774569784 0.4840045281859928 0.8585832818388488
1.184031165899302 9.983939050206253 7.18809458403413 0.8378203181054633
6.432740328887707 9.469236642934161 2.165436425573351 0.8380767185533967
0.03939876328197367 4.607357594108966 1.509459413065535 0.7990577603445356
0.9801652972043827 7.311421715738013 0.9702144020231451 0.9154829335157524
4.676484307911872 4.04195951702592 8.071780950581998 0.7543673192855379
1.04771296793399 9.470125385751668 3.724690985584276 0.9370808247840566
1.417781128857987 2.21752398165484 6.801573606836836 0.8975660148205132
0.894350427554722 9.622477370830735 4.9278510324617 0.7580073367954689
7.336813215402496 3.278774076078615 5.662605867430667 1.208426627599204
9.621771193793304 8.180811381241581 6.662793110914027 0.9523238657425667
0.5049320723523598 5.374426986850589 1.816456568024776 0.9790916957297825
2.699314511866414 0.5028478996607411 7.585843369592545 0.8696923519676512
9.637364094225768 6.324368086952254 2.037027668879744 1.358097667938928
5.015485081499647 7.020113840984282 9.182815911690954 1.253601361159451
2.427970105273804 2.226469831146315 4.674522338005071 1.129794120860957
