8.780074664064415 1.063174773523566 4.934014340735157 1.241394526958193
6.752787870410474 0.6802274177671097 8.019024271771706 0.8504459754391513
6.228685445428782 6.667164262121125 9.647409111616776 1.408738660949977
1.321136305851669 7.667998852278299 9.885168259542207 1.038532850278812
0.3788599575110196 9.246698701180268 5.897514421752554 1.299826902633419
2.500261969275339 4.09554374808714 4.781816485337649 0.9398076850686405
8.156719892414541 9.811800328979729 8.879538008264614 0.9156958617943718
0.4060196600136123 5.051062660354281 0.5600525356683594 0.7503630054465756
6.582179839077659 9.109242856765695 9.745282801314739 1.020279029081882
5.893469322531202 0.3591150507807273 5.175170244775507 0.8926726196699146
1.31713747333828 9.507226870566226 7.21377542987913 1.507416723676234
8.650582183218043 1.118654779301216 3.162331962845179 0.7552017551876715
6.400209897308772 0.6972347009825886 7.085886121032592 0.743594359291158
5.238072558964429 5.295689472746605 5.801965758826719 0.7894857044701148
1.631182126509644 3.440978175274074 6.701258939111609 1.077565196952334
4.350845049328091 2.421642734391805 8.862266132214108 0.8803878676866737
8.966884209576099 9.549697816503397 2.099196222552548 1.049984249505335
8.237031477818672 4.478356570636599 7.048388230268364 0.8697371352291873
0.574947034501494 3.919816191274375 6.482326579183101 1.187737436826548
0.164992607348422 8.962598355641703 4.672765037749459 0.7428806011285011
6.573203485715628 4.336027937687446 9.333185522445214 1.000038553769073
6.91796756924222 7.775535782575633 5.073500145075828 1.299116386485849
3.791769318659535 0.7373081982336049 3.805142851995589 0.8307185965368681
5.20771684404172 4.457281105770282 0.1056464257181167 1.236241319352885
2.956500064662647 6.19517073008494 9.312331525507563 0.7358546759060745
4.165631082688924 6.920191874084948 5.812305205242156 0.8757980123260736
4.966521492623498 4.643997997386678 9.133290769245265 0.7437273573614404
3.777990539977913 6.457292079360069 9.601998589853601 0.9717930137597267
2.682761455550294 7.860495302553868 5.765917786397376 1.232124208665152
5.158062000711383 1.601917042714804 2.999426004347274 1.587536135118587
7.21136226727926 7.144562325411366 8.076901271227594 1.059001208224622
8.153292635243147 4.127868699082383 8.804905494857865 0.811991835016816
9.856365201411466 3.455328998292926 5.892928087051676 0.8144451347972732
4.580611673037288 6.428691955867338 1.846569015065684 0.7882155057980266
3.121947311551909 8.576336890717352 8.091878017179104 0.7372057872568979
4.530989311223141 6.12062474555638 1.078116308854429 0.8396306990851459
4.008250765122614 7.468148135959522 7.04259199879424 0.987137275319014
8.521145492968992 1.446556682773558 7.195166170636633 0.9728423813504598
5.855661523201503 4.845848601109987 1.645683761135192 0.7365755645872568
2.745295887159769 2.241776287689263 1.091909281044717 1.543859121143227
2.784947150602977 4.446647953426962 3.174940370782534 0.8194636525857079
2.441042986263655 2.847164525562678 9.928874628155318 1.101079663635062
7.784980371744791 1.756215088804494 4.505862559663997 1.265671531367676
2.904971621788037 5.161941217273073 6.837787117004935 1.544582836393507
2.821695301342903 6.032472349207259 4.444717642284464 1.061523276178018
0.8691143213219477 0.02045775585889142 3.149565518930603 1.169453801480758
3.71733240433028 5.826123369903948 8.676628786337378 1.201966563563054
6.783431840842512 5.470039372794584 2.546104656579764 1.283167268256214
6.124880210007282 3.520167485889513 2.726370866088783 1.073655213219321
3.546253160345923 2.792505776707731 2.31758408432846 0.783161798106621
6.965225462238633 1.639729348812609 3.749401378367317 0.7675392598971411
4.417642715637939 1.527633764818954 8.754766902245981 0.7502437724804815
4.598991669727083 9.160989578761772 2.051714001069176 0.9736693572034536
8.754179921120135 5.630193481334694 5.55801291434426 0.8540808459375225
5.386287753556496 9.161782285347206 6.785856501030942 1.241346329326438
2.71786217859181 0.1420262031449981 3.750254500187108 0.7754939066316656
5.024481854452143 7.472938136532417 5.21778432457559 0.9812092418131265
6.245136728194579 4.771016508130545 0.336027280951442 0.9011905424704342
0.07036671770838221 8.416447401899253 3.301839124755806 0.8554835785169939
3.680901702790328 8.043049251975368 6.364068162823536 0.7466986789856445
8.779084799576244 6.900505909383326 7.053777163725741 1.180729700384427
0.1674980910812351 9.630421423349659 6.955562930731785 0.7861956657343887
2.39734365731529 4.055158808893193 6.371866865300716 0.8779727667648555
8.077872412292963 8.536172634813214 2.672301427609243 1.433576708141231
6.141268650588087 1.810109073549312 2.243902880412819 0.7838494299304609
3.63678333073807 6.473006991888561 4.145620360555224 0.8510849454866903
8.969582697389814 5.897107491282097 7.541873141972166 0.8649413723596721
1.855864344224715 9.303213732443414 9.324277399364098 1.26243521014714
6.895075877993057 2.845948321798275 7.770504428920437 0.7497549786611805
5.659184181057298 0.7306543611881267 2.087497360702746 0.887133502610735
2.071294366746996 7.352773201473022 0.4764536116590878 0.7729463440984408
5.335498336797479 0.565980181358009 1.022669617296549 1.298496031008951
3.987138961712225 8.780131194271645 4.38705114434044 0.9235094344934797
5.397572794893835 1.707790705955425 1.589904962113379 1.161526352955689
5.48060158116689 5.716564299235949 2.773799154345277 0.7528922252183249
4.031872910296536 9.156990408906735 5.417012512618941 1.082780339575417
3.202431540924084 9.615962256294891 5.47241059105843 0.7384655001755183
2.421157078741034 6.416344196387929 2.377714477404518 0.9027616189622747
9.818281125991136 4.673195866325354 4.812063487790369 1.082876011625444
5.01865563125055 7.207254229806801 9.655048491633153 1.077540773534898
6.200322659809395 7.440919342945445 6.57579194712627 1.052952273724542
7.407188920743134 0.8947552853516372 3.712280029011113 0.8297744004531482
2.016814113150748 7.328837444696815 5.048852354724748 0.9175979034713894
5.679084281631081 2.37769586542402 9.805929059273286 1.19868302593659
5.771566717795101 0.8714194929964159 9.750479479316446 1.403433413916662
6.566742634076403 3.063351964459822 8.889735553052027 1.568151273544559
7.891950627594757 1.790587683370158 6.550383074990889 0.8785490627959246
5.311022527323529 1.161533103978774 8.786614244011083 0.75567293799295
9.750801217841845 9.890880296943498 1.613524482569384 0.8328388656595584
5.959831151916063 5.176951933940606 3.356778627754169 1.049716623085597
1.751193033739468 6.088067670975895 3.050886915328124 0.7778770094584085
0.4088292766216772 1.21733738794582 8.092874122772992 1.435216613468169
8.851950615504807 3.320047823176792 9.061639268540681 0.7351100741349412
9.5931838382955 1.684804993439692 7.128156228623221 1.176899440341649
9.507036228708147 6.01084951259251 9.57019586175702 0.8744346233083033
7.791407145862316 1.588472774719333 3.038588709991291 1.183043733779665
1.189214011119044 6.706559758354043 8.92757251419914 1.313195946250883
8.093001659746786 8.078496954417732 0.8001006538681643 0.9582670030462154
1.612309773675844 0.9273751574151168 2.859493793365152 0.9706200970408556
6.59886972114367 5.277963790426854 5.194889984402575 0.8896778407809915
2.900256320865992 9.987815427028922 1.998280602173413 0.7624251110800975
1.930427316669274 8.39514862163208 4.705711003677348 1.286904563755142
9.035377308210936 8.214867689029768 7.162903273027448 1.293811678598247
8.770258944423501 7.561283632125847 8.016610132305365 0.8598572634974977
2.719989786954842 8.006972770723754 0.2758695331550209 1.038820271260158
2.81046438849077 4.62808493070033 5.747150834468303 0.8420741441597085
4.304549016895004 9.623759187861298 6.463547699744875 1.067905542773524
6.922799601470764 4.18712013655583 5.670855480933037 1.506640500222231
9.903487600504365 7.116277393363335 1.786704322888478 1.303459379212605
1.799257538188496 7.470355783331149 8.133334887691712 1.156790137357502
1.575441595239466 7.454211919114457 4.285929886422273 0.8225032095213156
7.334142762984023 5.999793060093651 0.1530912573184329 1.254120083630036
1.237864927615531 8.678234949837666 6.352621029034745 0.8227836873506219
4.693653783722337 9.342223548222245 4.139916227715229 0.8400224969536215
2.383294173568199 3.36672267207146 0.7872320735749194 0.8353325591044355
7.071356950766644 9.451154740900012 0.5979782830678404 0.9791923543812631
0.7448030529270433 4.42058119939804 4.913813261223055 0.8045321331485678
9.060434117950223 5.854975528391847 6.503240173831379 1.113966233629797
0.1836961521785552 5.950230305411038 2.094643878355066 1.110751815246794
1.19339716297393 2.267086887883337 2.987626986904649 1.478462524634806
7.982423885422563 1.723285489817087 0.8740291523368848 0.9472135560921179
1.03978285921542 0.0500468663027831 5.390586311036429 0.9437744010809652
7.778741756656298 5.786356386854338 9.112124358605232 1.003692092419765
5.504919415622246 6.697673204294685 4.433379949221896 1.301918171070707
8.040142298375004 8.865247959962076 8.818949617882129 0.9547686131851586
7.597417405154623 0.9768815410717724 1.733822651573146 1.392397983897703
2.45050661640675 7.684545060132915 1.259606980493845 0.9866879161063405
8.777925302550935 4.480199837131056 9.922857763546943 0.8819410163925322
3.921867270204459 1.768195507840182 3.723938699323144 1.191623184138442
7.715113675392065 8.440961929197426 5.491637535968613 0.8717143487610154
9.253557546532186 2.555995486277973 1.713016670504914 1.163687648414201
6.589591186197912 2.657299603486207 2.230379217335559 0.8170648612721543
9.902966069925936 3.693800129725471 1.547658190691127 1.379506781563395
5.730983344554694 7.693350410767312 3.625727121104533 0.9923252138397357
6.386600943276036 4.239210739981639 6.855782682442701 0.9504900241375007
8.948599751117117 4.315288059098054 1.485232774873341 0.7417131623218716
5.443096434851248 6.746550647903911 7.042994296053046 1.125805196790835
6.373957180319227 1.19762265187867 1.588415119430771 0.9693032293029058
2.084813413875928 6.194066242030214 9.55675187887196 0.9445163163503395
8.487779239292037 4.381964243792983 5.089245530850858 1.608257871993352
3.408321785050279 5.07551576958586 1.833458085936172 1.079983121354811
0.2140228676314071 4.36655674752086 9.560519519422677 1.357128900041836
2.733093915319841 9.294674738054741 7.360392333334942 1.276481900118019
8.782773421787654 2.360802159117644 7.561344957623393 0.9821075701601416
3.577450090152405 9.384657253137963 9.264157261359957 0.881696941981239
5.640353283829 0.3208689909528029 3.908061536264368 1.597027348704016
8.323201041466856 1.914431277092231 5.643837947806838 1.070619737506149
8.177081896996214 5.632731273589907 4.306959428204077 1.335838005401856
6.68131960097578 2.349170403236975 4.388883231266653 1.189858611200985
1.659764752803214 4.39890299898079 3.718425070678197 0.7908372428007163
9.627945656590713 3.611348447234863 8.868265231073439 0.8795195707081255
2.700312554684683 2.589348793371016 8.89406755095118 1.029457931610678
9.863562828888888 5.62644669325415 4.30691772380532 0.9053049470726808
0.7091655598736302 7.567473950987473 8.268110038334839 0.8546229715075649
0.613751601271797 8.158817950593649 6.120426683942448 0.8188710587273784
7.944116575757578 3.238085254289 1.784672487366399 0.8243483473086856
0.3423222786930435 4.58562899997082 2.608534783196146 1.467597814347802
8.310100404953898 6.5427604593564 8.19700733146286 1.334448993760314
0.5998704758633422 4.588739244516833 3.924356530413601 1.140340679267007
5.733653668472851 8.027011996012542 2.010701847142061 0.7804073088969279
5.988411849757089 2.069930244121085 6.62599384420608 0.8786035069153829
1.33555760830414 4.643046319184001 0.2887318097259883 1.209741784082689
5.947057891109743 9.578434735783375 5.780435713496909 1.020492430040937
0.640787804841485 1.785653625939382 5.416584010692709 1.067321532748737
2.328094477979316 2.890399494331339 7.310339259282055 0.7645005754426885
5.111266903426674 1.659155233584235 6.108125712172726 0.9156364302925861
8.647083973860237 3.110338329963531 6.715018666183306 0.8530759763318353
0.5748668277997904 5.873075134188373 7.062567597718414 0.7590015560024923
3.054638585165227 6.882147478214052 1.703103652801523 1.110864952376515
6.9204014456609 6.938432067115959 2.458610767126802 1.079359157822907
7.858508905195317 0.1055213982573355 4.457276724141654 1.362301006962576
9.901637592720434 6.14617511806441 5.898732038050274 0.9718815371510177
2.728393390605395 0.5094802187021708 7.095853828118395 1.085471447871748
2.945505312482238 5.128281835409185 3.745228485200462 0.8492124597282896
2.045687790035183 4.026814386721457 8.246187206671745 0.7798817603324529
7.850613876801236 3.279669169708956 2.886279322656938 0.9496414641837998
2.636773584116569 1.112732080974987 2.133284916782295 1.448606043638435
9.361544267530498 1.297774500914995 3.753864142964388 1.031991938074605
0.7111299925601022 3.810229457686707 7.477663546679255 0.7812634129119129
7.894388101647364 5.216567858521319 3.132326585812383 1.087816864900962
2.060883071180704 1.89121164830567 8.674857370745906 0.7759464642893132
9.260189662313412 7.78966436608122 5.279097844768307 1.016421593612483
9.780371878213455 2.981287531243426 6.914866855321521 1.324832442783508
4.513323157522231 6.314515201733936 3.998775312556887 0.8617842776957594
2.75326967147716 3.374434530643897 8.03761322612301 1.131848409525342
3.464499584701757 8.058055259867782 4.187163606109601 0.8377577505014053
5.587005420341423 5.083496862711126 8.648753090984377 0.8511517738795685
1.70675009342559 1.648446119440254 5.201532890553688 0.9754667001867484
4.830005353548059 9.483568815871401 3.103972616064203 1.180940157066532
3.085324261674379 8.750883961977131 4.992098583296143 1.094954844424736
1.491289718346717 2.173471292166752 1.112843118701041 0.8668792365633031
1.55110336702612 8.184898675373661 7.070093744620676 0.9808319303976846
8.596637049111091 8.483273781297399 5.958693129084043 0.9574316091324082
1.255433059929801 2.820688693384384 4.023756297886796 0.8301079216705565
1.647180893301152 6.391573259928851 4.057689357302403 1.082785698114671
2.340349154875693 3.326382098748752 3.709220793957244 1.58763590947935
1.344340432641054 6.408109135548696 7.587850503186259 1.296151527374095
7.909552310720905 9.709666811291335 1.562244215371154 1.193232559620182
6.361954135472653 1.827461600378376 0.5523610171308868 1.047113450738697
3.691810209873541 0.4601164916608647 1.833548590955968 0.9717467198806136
8.469396907050585 5.176690668426633 8.31966644341162 1.34142227330947
7.100687048882534 9.968769207767005 7.246767240663984 1.145776376974699
9.237375132944212 0.8677772504414405 8.541275615543048 0.7591873420437452
6.484991999171107 5.132737003746269 7.304894462410195 0.7614140040774937
8.735572135507127 5.979008689298843 9.083697616362297 0.8287860946248103
2.650526623382269 5.376293891754108 2.698688935323794 1.210783623794405
9.361032700954404 6.695440372272791 3.485044149090739 0.7445016501018286
6.586178381108168 8.468326038058994 2.71964066437578 1.482648549219753
1.460476166246651 7.571211457117991 6.174784224525395 1.131533634386231
4.279874396831352 6.902857170527538 0.350451781931721 0.9465136382577568
6.248276345765347 3.241436252775117 6.489652569977683 1.14120250679236
4.495213981074358 9.853762271709185 0.04550162108140632 1.590868738133313
2.926852051753882 0.4410492698888102 5.380005948307656 0.8946533954397283
4.074062799071922 4.807031290145049 4.52356929600223 1.035073755482149
2.78284252758247 1.882206539800161 6.850789810579746 1.587730946191127
0.1040266517146993 1.868242825793979 2.622468571183018 0.8243235209117775
3.724043348721843 6.1248091088535 2.356036481535182 1.186099969668542
9.906741734333433 4.643078867434001 6.508622906244736 0.7402941959638661
5.079783063423581 0.9569017058462814 4.958131938414767 0.9022895565587636
0.550535246405216 7.591828210853089 9.25304216961722 0.8915764304257722
7.396400174329699 2.488979032620075 2.691383748421752 0.8245248155936009
9.521716068159398 5.924129953974518 8.502559995480137 1.082270471384999
8.479190746680684 6.836404159991583 1.103934793930822 1.521447008555135
7.24191672965308 0.342107964174796 0.8661037529636639 0.8135762737797688
5.493139782510049 4.163988829534532 1.79150774958354 0.7824969771329574
0.1609824025681184 9.781712753545294 4.942039150251873 0.750688323776571
8.098923131884741 7.886142278599648 1.709775332611342 0.8385162369260063
2.391221681324306 9.86801452142147 6.149739671165011 1.227862059272089
5.746280556096949 8.353018221163854 5.757223610742134 1.41419136887008
3.748198369504841 7.807623094575469 1.011423802420393 1.361322220622129
8.826339568237927 8.337931915827353 8.408819672912626 0.7584138091261009
8.164356854907428 9.188051475523876 3.727217354431105 0.7440394385981043
4.159945113509995 4.123568660314763 7.475230826925992 0.7494819739362923
4.496577401256924 5.339964490106836 3.835976333237165 0.7343123295574703
9.990614559678543 5.682482092446032 7.633766791949343 0.8719967519949031
5.00302968744189 1.942731151478554 8.253199183854091 0.9427946494403749
7.958766566512683 2.75114523431495 6.170284913064219 0.9207404618184495
4.423506802359451 6.610840225106756 6.729817763710807 0.971954791191628
5.86587891264913 6.320521424023018 1.868054566226617 1.512171926443984
4.975941229267382 8.208931697256109 2.796344488046008 1.387910876167387
9.820722163229672 0.6712283352621262 4.515748718097776 1.059138083400658
1.506484117182619 6.695897723842308 0.1226317730723336 0.9131643046372339
1.585333647892768 3.29196052521807 7.81168954098333 1.079789040147977
6.727179339401808 7.432094708755057 3.294537919933046 0.854319860353587
0.03933267227407722 2.656117086275169 5.363642247054351 0.9692485810676258
1.252666975177408 8.264995746413923 8.886820250863035 1.140002534994847
0.994779189275371 4.23400127055263 8.466072907178907 1.289859302419381
2.762298216993797 1.185410674434858 4.321857126597541 1.550577298728261
1.405448779687162 7.610706341122843 3.483324525935538 0.7502615626748632
0.1881820918564869 8.249755002305287 5.251262908543665 0.989906714940703
4.019521002709629 6.186777656033829 5.456532868385831 0.7387501904183232
2.260805406218231 4.034899270082967 7.322281750733929 0.9864723262905345
2.799242699862193 7.766006052904109 3.263592542481623 0.726254699441607
5.237831554389793 3.382303289078067 4.306988581829896 1.396398060517785
2.295259620087318 6.016877748504311 7.359230625586157 0.7429707760735196
4.439123958853679 7.579394842316405 6.257925681510517 0.7424315327676564
4.347676768026605 0.5887183349773395 3.140400087035344 0.8337346970974507
3.320904031532842 6.849273504282667 8.805251695816844 0.8818693341494008
5.789336059635138 7.558614365385881 9.062940752071764 0.8274791969043939
4.840610255664028 8.188022008239219 1.515892040794689 1.116666264805873
7.696239584619899 6.996614355713289 1.944311992730111 0.7356779015362501
2.787900167458199 7.844206040665102 7.189975777535134 1.533582256564838
4.386700039255276 3.977089372639987 4.682698271666334 0.7285341169924537
9.695752181707181 1.99535610958307 6.05504566244138 1.018193499199371
0.2635397463317324 5.090150725740858 1.400700365110955 0.8636259699420414
5.133681341541172 0.06333418319279582 8.159259881675963 0.7341259366336774
9.11325251669885 7.870160300726896 1.381859688996462 0.8982460922545398
2.38465905946639 0.8894605987572568 6.295389773429895 0.7259484975339202
1.836275025018741 2.470379346674313 4.711822713217302 0.891121321516082
0.6141045639067544 7.711646315907684 3.226160200229644 0.8905206309634284
7.252699428984707 7.343433372483096 4.101126028920634 0.8456584509216482
4.138106928800364 9.024749447902771 1.122296853652914 1.034747714112259
8.954458689069945 1.911759128070917 4.388249448165578 0.7688910919866195
4.721212557112332 2.480896110412344 3.823363020271863 0.8534373914063291
3.381936897073885 0.9020176090827658 7.678513013743378 0.798965493951423
7.673799026622172 1.345758451746892 8.984275325639649 0.7292824567343776
0.009220642784051325 0.1707606410609996 3.728534755113281 0.7869533804059098
9.110059630228724 8.566740635301224 0.4963640286066229 1.12112090751424
1.063133629319272 4.346369956668912 1.477114301081687 1.148217318420399
5.049989365129281 1.815992183754418 9.209355585580619 0.8057115947529107
8.971578936994332 2.919593935001269 5.722442226634951 1.209955953966131
4.644239223685086 0.8687071543362768 1.973448157347473 1.070065049878173
5.250884306726531 8.584814038145536 7.663826341567948 0.8057604023693374
8.558040731247448 2.790385413469899 3.431856437782294 0.8427429684112216
1.931063086655803 6.702717171230057 1.386802246691611 1.179842664370746
4.942531397760204 5.798169655869305 9.537691581463841 1.591704444983687
2.33555911248446 6.266041657019551 8.428436095195829 1.212435231191824
6.473983264577819 3.013127488863948 5.527698347583714 0.7837126160840155
0.7283511364264894 8.253597388251977 4.195972447284622 1.244583107452998
6.349879876153254 1.561270208351155 7.29386227539115 0.8185714104632353
1.5037758068747 6.835299154552628 5.562646180614601 0.74109309861308
5.490219930179174 4.105311761309627 6.092205614853397 1.235728255935437
3.918158383121689 1.799419068353044 7.836275510005613 1.19312291663775
0.6946333712116559 2.48466678363011 0.4033615181470462 1.281778174748516
5.394217517966207 6.372292454620918 6.118353441955783 0.7378181058683119
0.9037031693054898 6.16493888414887 2.856807453416254 0.8738288185430428
4.171326778171902 5.579521809973539 6.872919474351578 1.059790193477681
4.389398891317066 4.129765521274884 1.599628391691222 0.9690482647863524
9.612829083239841 0.2040250265450638 5.563064369438391 1.063329874824312
8.97890483636133 9.202600635291276 8.680677108084684 0.9883196899958034
9.046879650407703 4.280291022398433 8.995174330015431 0.8772434446312233
3.813924948027259 5.058092950344551 3.094314683747403 1.273659351364444
0.02613722579664746 5.80584262324213 3.283732419491339 1.160821533406468
9.946381164008917 0.8074908601802377 1.020937307031119 1.136383125075568
1.964386623916617 8.604185011110184 7.981979340338732 1.046310578899942
1.973395759131984 0.3375453423945396 7.718217960843976 0.7644701753698286
8.575572095297204 2.863047903212482 2.588924509941941 0.7604420226917112
9.194878940508774 3.354806660022658 3.891999797852125 0.8802583318013671
6.389412433286748 4.60227454942452 4.468850479151724 1.061446997161594
2.310670061601826 6.799916925725505 7.555293909464424 0.733344425640156
1.491152748748987 9.214760937163735 5.648700081938551 0.8989946639071952
2.78209572249398 9.811484039686745 8.840687815662035 0.7942449503760634
9.283814964885547 6.755196266488088 6.17413666947926 0.8040284779537409
4.606438416982518 1.155521137099212 0.3014685546136076 0.8622488274715258
8.605993132335479 5.210818172215183 2.487818549775496 0.7347992898116316
0.2074036005866642 1.437001769825308 0.1326693502377219 1.031642212941404
7.079507500458211 3.378439223181198 4.100045809039139 0.7805113687571781
7.94455122090409 0.7000574427887585 8.131359916688449 1.386880588158957
1.820014028957587 2.209187457399419 0.3146078923803419 0.7974208519146966
3.770760359371839 3.972486332888825 8.253161178305712 0.9838533455324913
8.290944615625948 0.1687556061145246 5.670152029412134 1.168043654243339
7.100967860073317 6.863470922136307 6.054282531442864 1.248855707472447
9.812136688462306 2.807814337031131 0.8955986247515235 0.7862656003845574
5.589592299503835 9.34635473727759 4.828572127620557 0.9644182132400315
5.650718515404014 9.318274927199814 8.330744876257938 0.8224666120817737
5.859222811327692 2.518337701730902 7.664985717459423 1.358900521118974
6.228783525682395 6.360008674137959 3.358177197306481 1.322946630511699
8.096983748678383 0.7038165764263116 0.6394232500815933 0.882607068642673
5.96290506194614 0.02318560936603098 7.66896578467252 1.109892758472015
4.847399132395406 8.118079250022188 8.683671208822823 1.388649809504004
2.777693726839789 8.91820520322422 3.596298000331829 1.601512272349927
5.289743313620158 2.739852308229902 8.804147471887969 0.9316429092245984
2.465574724463898 6.929952591764413 4.240814301039781 0.806692587905977
5.721896506423894 2.53720554058982 0.9389648196372158 0.9433826483667225
3.678231802952891 1.433837122533105 1.481296104480594 0.9006659337718551
1.942371617291551 3.292116696548899 4.859678734370963 0.7309602809011787
7.103856442774961 3.469498409042912 2.252074539855028 0.9882222272450116
7.693817556733826 3.051439394979957 5.012842020768393 1.428599555648433
8.279114440847014 9.17996693582846 5.356104124622074 0.8527026648456169
7.979500754426589 3.286647406516893 8.834951279554385 0.8387279366368965
8.653937196018129 3.458045526886182 0.7271209918908772 1.579859760874266
3.909763323244434 0.3119076872440951 5.657025999827241 1.11988005571365
1.659326659596652 2.975821205732928 0.6425515796766046 0.7980786609969902
4.524140628356568 1.4918958202823 1.153471314468594 0.7929209469303334
0.2367583734138012 2.835291751261912 4.119664315640859 1.169746100592506
4.295811098387484 2.004689634354479 6.139364815468819 0.7979436568679303
8.052381894419785 6.35980664557077 5.213718157643367 0.77950962910555
7.334417357573408 4.864094108937823 4.735588287869978 0.8782164565839762
4.97068628167653 2.896080849715521 6.394528884740865 1.401352445882919
6.373018159121572 6.083098299354882 0.6518905482567772 0.864448258709263
4.808454087746854 4.877176057727449 6.438081790033841 0.865864385879496
4.92310300530019 0.3751241049427512 8.917905803944521 0.8668189001411871
5.896518440784345 4.991335593867034 9.450037147528594 0.8340931040181351
1.998015422027585 4.989014032174295 5.884555253423009 0.9150007894197257
8.960475850380963 9.876879623368618 0.6846713489110312 1.462233279955564
8.785405184052518 5.425788613006302 1.43010901421798 1.131528136520067
3.04037677564094 4.993448648962932 4.68457241689955 1.019474969825359
5.115586619548234 2.75696177401369 1.580641437729005 0.788357784260587
1.559685080215611 6.707667659249874 2.382282586624185 0.8753122212264118
2.867596317364798 4.49239650433324 8.155853644038329 1.053788531489827
8.170189971573324 3.654363326191176 6.071031931967958 0.8712344087256383
7.618276761786906 4.655768045034461 7.717413698252145 0.9248090821504101
3.538463398342971 2.828048067487671 5.809797024149802 1.459363912930209
6.51940702925732 9.158468104289447 3.868652340544877 0.9956467026248318
1.22024974366449 9.247204570827995 2.392802483313547 0.7295352453184647
1.035655565932098 8.486023335958675 5.354346729966275 0.7425925979900199
1.549434190847713 2.377576387381153 7.159604984512783 1.082015531903704
5.276380501857123 9.277791352457664 1.121480369487245 1.228228559074437
0.7270944202818763 7.017977302266343 2.475006572097383 0.8020439317189743
4.702959272416668 2.212172761186932 5.031331201199674 1.48819413653978
3.83663861937488 4.965377677112762 7.812777108477678 1.128290115947308
3.518739239581766 2.027545510996138 8.848642213610022 0.9123966721134765
4.596207819564164 4.756990857892063 7.242306172789591 0.7547043774777686
7.987418682758912 7.437645244637507 6.513670225768106 0.9474845764256664
4.582419175569614 8.565986896025031 6.197734346653667 1.031605254195207
7.595355393934926 2.598862536691006 3.688937796379634 1.065182273161396
2.774103311611988 3.12084770268921 4.89255103092561 0.8836202218422342
0.3237491792038738 9.696433915703876 0.7212189373469746 1.102533404930337
6.102704425737077 8.692219568260592 1.617333071941321 0.8927624584220591
2.213236957851859 7.844349806961366 3.787777110198192 0.792528335851037
7.786386931785154 1.954554108193662 7.442783211060643 0.7586572403848246
5.568070305429889 7.394330455767753 1.248000600618718 0.8423914164067337
4.511305338896987 3.04021120627829 7.773529150494164 1.463809037542398
6.629832187568701 6.011506057675144 5.800026353547471 0.7283356489164194
9.622814588187335 7.37913934477108 6.766689787323994 0.7469405619273333
2.115545526411501 8.05844152068001 2.833450889004026 0.9560176007375082
9.142908900433465 4.017385693567094 6.428103035077949 1.200638001699868
6.908993244549664 9.602999026624447 8.565277297844096 1.528005833818547
5.187464656969916 3.315786888279744 0.0583611569307374 0.9200174487721735
6.527983351588312 8.148630913912823 4.014463595136924 0.9509406852098847
0.8402776131186762 8.808886533160036 1.440854057200162 1.302658525822505
6.970445564923741 5.881549944509621 6.723093558730226 0.8859104232843411
2.723251512902523 5.637672190341982 9.873270100062859 0.8072505232938406
2.723496751571222 5.238434133247583 8.967986457361656 1.095386543527896
4.655724730472861 5.751774992862926 3.032586379604345 0.73255675537496
9.60564756611733 8.337160710078374 6.107567610373303 1.040570370480039
6.715507377774077 4.222372604838515 1.120266635840663 0.7715873339313816
8.629697400664162 6.579921324105653 3.80220767518137 0.7767124136531476
1.425566666045451 4.178017152108193 7.535280444543388 0.7245515622023641
1.309940533140524 5.245824624672065 3.298565919879247 1.10724207068733
1.018028287521123 3.03621532555874 5.018196520379925 1.120663737043217
4.740964252666552 2.645412246901114 9.563036006232352 0.7383343348318244
9.738442713701675 1.849696003607609 0.9913933721544876 0.9380249188432315
2.876366429956641 4.03102372643504 0.4770926912198981 0.8312073775935703
1.661462869002023 3.800806132652782 0.8613061833358393 0.7553521983220123
4.0713457343157 3.810630899516248 0.4539341600512781 1.383374343004907
0.7548714781198529 5.581525251710334 4.056291198509881 0.8295846062201345
2.347718822167888 8.883519529964339 0.1465547205723228 0.7483060041581876
5.651301238152158 8.188687804892162 0.7460934731337132 0.9477030656235235
5.779550599041439 1.144108120194293 7.960714719933177 1.053565586402268
0.9538220012219067 8.722420792135624 9.927722483485638 1.144905590932551
0.4505256107364708 4.165526399729298 0.7158469136400214 0.7655364984071593
9.048532212047384 1.960106450548952 2.765709696636336 1.217738350162711
7.164786545617472 6.47813902369534 1.314210339418463 1.117933999335565
4.4707084881305 9.403467751596079 8.610503998672785 1.237289099976812
5.672479201346512 4.447316685510165 2.616301195347104 0.9651159628694653
1.80238347791865 4.293579850358845 2.628900424347945 1.320544101177148
4.990561486064676 4.84869706985817 3.218565373650524 0.910053687042929
8.870179563705157 0.08468455090680838 8.449168148735374 0.7994079409675683
8.29449521906739 3.840148653530829 9.584514772247919 0.7858126652104146
1.544144216900722 0.8177231017560184 4.694724345015821 0.9255457600346616
8.113038656173803 2.215105082941625 1.960471085071044 1.222850324079672
3.302397737928016 1.088973276916381 3.283095717707034 0.725155571301119
8.169207318474776 4.219925794601572 2.99242727444157 0.7263582995117215
4.329037951784634 4.976957650529561 8.692954093524511 0.7908459111265843
3.084244776014276 5.35686880581876 0.7443663280959445 0.9512455402121304
9.291927528100183 0.4966800862911436 7.495305593809253 1.328561949345726
6.772995523100584 0.9182035914819608 4.646081607291948 1.295986718851224
7.05992278035361 1.860610695650795 2.212251843360082 0.8432514241905842
3.362122530563887 7.172337608234516 6.361609482516704 0.8444286872211032
3.381907286974553 2.001806374890873 2.126603652224567 0.8107190509700177
9.951164014357753 1.800450905441503 4.557258885222912 1.084118989283434
0.1059507707275276 7.266649803114266 5.815706347593173 1.187879344514561
6.125220405053312 1.503250010523994 3.948144980251586 0.892376091156593
7.232334444145624 8.482555996321988 9.244909662808274 0.968763277291705
7.729761741803078 0.9401411816476424 5.164356149639107 0.7797087127392309
9.783068215193255 1.196235692441517 5.408312233294403 0.9241552464553311
1.002557302857465 3.293711765378589 1.153642964572379 0.9439082197237431
3.718093593790261 9.501879727066381 1.939660982240282 0.8919222541521032
4.620139289577922 8.452279834321342 0.3313275158249995 1.103269701278101
1.203684843639218 6.916157847214062 3.163634483129334 0.7805108466265113
5.058137094795065 7.891184167457478 6.958177590864124 1.157615990050402
7.458956259901396 8.081788096122352 3.617855502068311 0.9144785860104619
6.520428464883304 9.858632353936047 1.723938692324591 1.544547135620016
3.686829894782573 7.95223933682502 3.208917210870761 1.002294278542651
3.597336627745102 9.844607327952716 1.009787152991188 0.7578306438733504
4.405415418611899 0.1375013177591311 3.877746598229771 0.8447802800266829
6.665291086232297 2.522489599243807 9.998616741507584 0.7532490513021191
6.357686377501564 8.842182466820786 0.7743701396772096 0.8602595172725035
0.8442754338097458 8.686137002406321 3.170813277505854 0.7556234617335035
7.83890945002734 8.257299527218464 7.115375455810556 0.9669940511502928
7.919684085252736 1.079854414833172 6.010798779956485 0.8396186116643248
7.327391730929939 4.005673543937462 4.528061735732705 0.7739539060058588
7.608509465715933 9.285818680755151 9.743356294483789 1.011840112099544
3.746880550890589 5.527366270468858 4.033039937983053 0.7920465491815532
0.4783723227328762 6.881964499736964 9.973416756156734 1.088251811327064
4.904957257877895 5.805042030767932 7.943617679111337 1.526178465607336
5.496052641096616 1.040737426224854 6.874730032086041 1.154336009351301
6.391303197910518 0.7606083071478476 0.735721699864138 0.87547825747473
7.830238528676541 9.912982443422784 0.546791792362038 0.739972994058273
0.7105306267719991 1.119540581047466 4.738277808883275 0.7866435367911945
5.875361414840926 0.3842519551959378 8.621509988415763 0.8005113272848927
9.062274878549266 8.162265215266222 3.197098939914312 0.8473505169292883
6.049498785436434 9.810066771063438 0.3809835276128193 1.079240049219469
0.1011843150130864 8.65601209554927 0.5859654366729428 0.8142794040733181
7.733907139102111 2.314629631144225 9.113389289019926 1.184906081359602
8.675840270182015 0.4333272353741613 1.827217189835406 0.8261050663408969
8.065809182903509 2.548259126883496 7.009565171243911 0.780395026176177
4.037722025279246 2.137090722306506 2.724714267508599 0.8802621969883712
2.243436818469131 7.326253999656008 2.174364889364407 0.8648624496264657
2.072164517301585 2.683641469435158 5.804345960302592 1.344935793015152
6.516010486585215 4.389281294655441 2.080102825219459 1.000989509562293
7.467024349218239 7.480578968764704 1.25965124301178 0.8364502689605409
7.076424198699909 0.4012247271170577 9.792951301741423 1.313167947662681
3.718916795316896 0.9294555700179297 0.0557324853117025 0.873785541953524
2.763422956523638 7.66957072724358 4.580161233170797 0.8927339878483462
4.893795946474944 4.644330900089909 5.320447726115937 0.9324697897961229
3.543798589634658 4.76825799950317 8.775294279178507 0.771748611098457
1.689040033308262 8.942273974811103 2.977946888845684 0.7412594170236635
5.611123089290878 3.9867355988909 9.041478328034124 1.044297485884835
1.328542876611088 7.30498167208343 0.7728141905997388 0.7810674535015366
6.972481756008198 1.904546672542879 5.660491938241936 1.491708734154056
2.058030142946618 3.818556423276905 0.01847460836903903 0.9318352657449873
1.277738398636851 8.360786992840126 2.458556450471101 0.925306725266994
9.791330824692521 4.748398875819457 8.330728986488239 1.283132817120517
2.767094387371023 7.229031526300105 8.271226521669318 0.7684759050055742
0.8281259770500338 1.460529979345381 0.9868890300608113 1.010771989962217
1.712668250457402 8.293279834700373 0.7156926771557526 1.143481165658109
8.204118676267996 8.197664378063612 7.93816344009387 0.7868997289782935
2.955045180418755 2.17174873220698 3.603324518935405 0.7958836229267455
8.822311553625086 1.369278871095825 1.470745413101148 1.128714330852337
7.348384539202215 9.320086130131379 2.346343053002191 0.7465100215272056
3.963306929898218 1.577057129223182 9.493401152212932 0.852814922870923
3.834946226947125 6.711166714820525 1.083022655859105 0.7731914205522035
2.421035898371156 4.828904606010645 0.103586101176576 0.9476057042975844
6.368610000510173 2.154106145154709 1.513067994820634 0.8206528310746515
3.753920672855103 7.714161508215403 9.553657702871595 1.460686435219072
0.4823980062037414 1.928663784066225 9.217009200538788 1.063737805590271
7.191269144544892 1.239195694076726 0.6369538559045196 0.8995859584484951
1.534008317260221 1.509515852733248 6.279335500738656 1.183587428781054
0.2675267999457165 9.253338595852139 3.74899019848385 1.040925320335351
4.933655615020757 0.1676245012934807 7.259061015761586 1.019140014795141
4.979493436072186 7.581573131743046 0.5896564310334562 0.8130257815847006
9.573097576992803 3.567663371045363 4.933450388619288 1.053091214514704
2.932578955817158 0.01998478493584477 0.07597322200373013 1.482681531651348
4.019372940087087 6.124349799849859 3.330862155402409 0.7290850898777729
0.9186655138754918 5.513163355432238 0.9517791218507887 0.7773764163936258
3.853098745463679 0.04757694535904022 7.637791505982088 1.108505280413749
5.894501160217867 1.684838966851412 4.86487832056648 0.9879264282652144
6.528867787109895 9.259670028668975 6.602915336933031 1.031334541977438
0.6765757194617583 5.644911971321203 8.419820198932916 1.175435175170686
2.58943302332332 3.494410732836877 2.473966689907936 0.726954829562332
5.033049608111732 4.522722718762511 1.14367216814203 0.7247368583781683
7.16405407591573 8.550584819626259 0.2652219839034209 0.8514005854810572
6.975938263629118 2.317976260613415 6.969000075114951 1.141998324779314
5.18091936553589 5.818300612296858 3.66404154015822 0.8865986444184567
9.651686182176675 7.393999127183259 0.5657920948275474 1.130378655948326
0.8196803408382036 2.75342242352494 6.173760304136275 1.209066608023477
1.799417453402301 5.337936266632637 9.687618773302004 0.7571984738087482
1.040983013100685 1.952440610394856 4.409717331962985 1.054273616475474
9.795956337336605 9.223629710634688 9.7230216370795 1.275503772081088
1.433094269256617 1.519147695510662 1.946509293241107 1.069954129140319
4.462436445072346 3.556335160742848 9.105414373965402 1.318675098352699
6.391744486082063 1.067027741185484 8.737998601088682 0.7456772079768683
5.930277206360529 8.315327399639932 6.880865509847895 0.7284043712906827
1.439206858516373 9.248907719860407 3.844348763683642 1.113618880109287
2.635827581223908 2.414085991702435 4.432851483595165 0.7543367640882084
7.147931610798191 3.047953246217832 6.015116750325709 0.7923698957037156
3.140498103288293 3.181118757157685 0.4844669762646736 0.7595522414350521
6.989133907001131 5.403490347726684 3.835820018350493 1.151690255593984
5.568416026397454 9.13413230391685 2.296327130453184 0.9801773636652353
7.64962036423166 6.574180895482553 7.082018377696987 1.086366575269292
8.525630778441615 4.658483691815605 0.8886164038441524 0.7527220480737438
7.056898577037971 5.839173047280664 8.019703441527774 1.48777731422127
4.969539038800162 6.794323644389026 3.060767381524435 1.352937125765662
0.3001297035296313 6.712105834376509 8.098846639363364 1.028239533973694
3.874242005878651 1.69416401109005 0.5702978612443632 0.9571411776161104
0.8487007483880293 0.6203518089075433 0.3965796398461829 0.9799180627865903
5.124821609202814 0.4114978170720252 2.723774088762964 0.7959111851549349
4.459374973916555 1.20643925695108 5.634283839833977 0.8452631088299862
4.958005219163833 3.762286725325095 5.29760208626179 0.7575969838967982
5.534228092732806 5.390366791080992 0.9070469694159156 1.163728381217938
4.86323162915137 1.929294741726825 7.215343193044707 1.032430671336801
9.117616335533885 5.427405282119294 4.829741611029971 0.7665010518688448
5.229162192806487 5.712820864896755 6.688229078161383 0.9395990664058886
5.153696302137055 7.29069831452883 2.057499628734251 0.8665742177326147
9.785712738045566 5.54810234048078 5.187644825220517 0.7335656324253743
6.491481239738949 1.281342837503988 6.497007405836767 0.751855441322668
8.596892918255225 4.937119176541188 6.367752771269721 0.8890245984008468
1.50934339610139 3.177260239438511 9.883765098178522 0.7428806098362987
4.337654802200818 0.003381271147282483 2.382269788182526 0.801355226362767
3.046255804344637 8.13092039672294 2.275371842326619 1.159861257305217
4.378451094322923 4.110152824205391 3.656339734017132 1.142960756799521
9.266721748420577 8.342673461873396 2.25244799019351 1.063940309763868
6.805297653240479 5.848571315517704 9.150909403579927 0.7596375127998624
9.805739339735103 6.063746254552267 0.803369541070823 1.515687174726948
9.948294892878851 4.236453278357817 5.779260018343419 0.7427155756941131
0.6365198936545013 4.853320983534155 7.316301785431529 1.262397067055991
8.546235263551052 1.896516530933897 3.678600919017765 0.8287707390984191
5.708215590444702 7.457875547945076 0.2405185441696001 0.7670022818127705
3.389848976895786 6.463517882380213 7.51217785549018 1.482778467926679
8.917299577966231 7.577620477085216 6.204538925128413 0.962001318287953
5.478078788674038 8.707572572226445 3.949454519083892 1.145965756274125
7.892778638209717 4.440009801897198 6.258977612163169 0.7751844180256202
0.4630805960628381 2.21951154711244 7.367777452707799 0.8023548453269829
5.547989763046963 3.428333651153948 8.25432742115135 0.8430695256465155
6.877394391845297 8.908161153599648 5.562315136593116 0.997125916899245
9.798150410377394 5.284194580801509 9.948955984910747 0.7403573678704513
2.206284318374299 8.810382574433191 2.366072949846391 0.7912616188178093
8.664230711720075 7.605412427406749 0.04124842399470752 1.058719610817372
9.524819913421497 4.855536732645625 1.800255641740116 0.735683716896068
7.397283141571576 7.779476843348487 2.135893749570107 0.7583478337549128
8.206452736088004 9.338572736748239 7.675075977220859 1.46618477543816
7.78990069183913 5.519705218048871 1.060183603619905 0.9358504859524812
3.245807400446798 1.792389720555326 2.929734874839089 0.810863916489395
7.444225219467266 3.564194844992716 7.049114120970114 1.469731212100146
0.9585323785046729 1.589654674724083 7.12362974027088 0.7848494585781579
9.116787203812077 6.199600828117969 2.071918891206445 0.9385525159622523
9.841484844622654 2.552531751448515 8.302348398971718 1.433564974069471
9.247504779456238 1.955358304762932 5.210482963878293 0.7844385347392518
3.220411895328877 8.933477386364313 6.235025725174245 1.223467940888717
1.366807764794254 9.175402518693462 8.40258925526123 0.7493542701736543
5.698719601748758 9.652546194449235 9.285378348746573 1.162301140193812
9.57863973361251 9.249049825841329 7.695601739403042 1.140613227744762
9.90576951867336 7.484694055057304 3.772276511093571 0.7882478396108623
9.271156962460555 3.758632106015586 9.692011969266968 0.8570491868026111
6.308119733041031 3.19494767271376 3.722332516360049 0.937129574719873
4.688109327810985 3.969714102292526 6.856720913753244 0.8512856921433219
9.019288508713929 8.382293435758468 9.370094175191934 1.072618273270219
4.39396023145502 8.744355568752345 3.5919074960342 0.7286487055919422
1.05168718605796 6.326072431963388 0.7981201259412897 0.8145605450471396
2.651164776496022 9.049851119493775 8.555459235906712 0.7343170967888334
2.100049378411002 9.844787810098001 2.673146501807287 1.287092554270421
6.534233195296504 5.185559861912058 8.857237721483999 0.7259357466499877
0.9534296392890651 3.617720177930185 3.358693307637818 1.163153806385879
5.995372139679139 5.909669785793746 8.697301062631924 0.934515283571315
9.425126850240378 7.141358433582481 8.99815082329148 1.495628850563627
0.861152308085078 3.645529293993915 0.2090212321745821 0.8427333137273696
0.5698245932052637 0.8831261171199012 9.322615211448364 0.9233680165050366
5.159251952149384 0.3505480011185658 5.959855161110559 1.154155643958629
5.32710298815723 1.649353565141027 0.5332557754457512 0.9035899981892236
6.47320217093443 6.78560944032474 8.54325020062085 0.7872195913594316
0.2048564312059187 6.268427539109214 9.095055528422789 0.8093307752785069
4.198136083113539 3.438945940535361 2.173787903879764 0.8165705428275999
1.486997143737365 5.565752202610135 2.010803195273934 1.459556395541828
5.928817384555692 1.164953759827076 5.787406096248753 0.9569930980894034
9.839366482573325 4.092054035481119 7.243880422179861 0.900893572085812
4.641624739582125 7.09955123529644 1.284968418295723 0.9098670059120577
8.775462343942539 3.634144856693326 2.937173350058133 0.9156992125974373
9.956419717699102 8.206926155519989 1.48038672624369 0.7591699518848134
9.914984435855454 3.513135145435761 0.3596663941184963 0.9418551885251966
0.6469662008882238 3.132805312948671 9.259777328390378 1.267042934819246
2.219165359826198 7.009177902410786 3.277971416599608 1.126015323152685
7.450374998100497 4.84548785984246 8.859096459781581 1.014837639210169
5.157432742729664 9.938508137753047 2.033379678960945 0.8403484989016368
3.386097607900503 4.50684054372938 1.011815973606373 0.7926728635943485
8.570493959314733 8.712534646549042 1.465989589006939 1.071664181295997
3.7241209284697 2.631714272254913 9.786849867059058 1.295551754204253
2.729930434902746 2.039405618712812 5.18856197254084 0.8249341435618508
8.659584562761264 1.534447244109725 9.012907735746106 1.124792532142903
2.893928084216598 0.1517788477384408 8.040246185529202 0.8695940291717625
3.897065117451721 8.882007948433481 2.760493930337018 1.045521094567935
9.933723335074243 5.449738899435129 6.781764528246608 0.82510983265438
3.884037200170734 5.135880892308395 5.712059456143356 1.381726147139761
1.733151902648888 5.16636551593201 4.656296477479216 1.56384290708986
8.118098069156286 7.4020517376759 5.403508849907664 1.243387367167638
8.343201452436125 3.000873464569417 9.535020718335327 0.7400252367245713
3.61340696891002 8.84821486353041 0.1680234682149839 0.9971730898631622
9.446069335604511 4.982709851001036 5.806403323534993 1.011215212450616
3.06124912328869 3.851152486483529 9.296760345373535 1.496560797363055
6.211444613550221 3.424124503347776 1.574788992246134 1.203571413744661
9.419372563255196 2.506451115139174 9.745370760313957 1.494743522612833
4.347646400030533 6.834823908443834 8.776135666259126 1.083628938489597
2.135976746315499 8.807281083404105 6.504061488218106 0.9637613516656403
8.652902472974562 9.189961605598016 4.423435294838581 0.9248864869360979
3.396418708373519 0.103684333055365 2.918966198379164 1.295141695242609
7.789235072757618 2.731278988854865 7.970417551687131 1.061021222998111
5.481157052021643 2.832675250942924 3.259682290821864 0.9118072424962623
1.791064512912284 8.393319039483037 5.755181151780127 0.7569591439008448
5.141472104208472 3.443956727454605 2.248571994510913 1.028943131846206
0.3226153537279253 6.79855550754471 3.205036771802154 0.868523563463297
5.056655638589428 9.38540071482632 7.737531987615707 0.7824683809764359
3.519861763496534 4.021955775275837 5.123818986076087 1.177917824155688
4.034197034251134 1.01648310117243 4.747577517660918 1.074669774109932
7.934175013270248 0.5677700027504717 9.207934410023476 0.7447418536172467
2.128380207047199 9.778765236978391 4.806974876749979 1.411634088056579
4.721078793544672 5.290417893370908 1.98288828380966 1.434523486028439
8.576438299081534 8.374250760248708 4.884401960293659 0.840596437848168
8.608193797067305 7.536443162040156 4.417095027158792 0.8700893104161902
2.324924654415938 8.97965980238779 5.585746475784771 0.8030025091148695
3.795795708524698 3.066512925889169 4.204018514173287 1.406111267516808
9.177524785024104 6.565993244721288 4.948627841683073 1.467366703889248
5.337711028788707 8.131821734862864 9.685317575942589 0.795376040583671
6.718258582178603 5.253182030363923 1.270646252143401 1.249650432295105
0.6223880503087698 1.135028923597423 3.666408190383902 1.261190958744223
0.7088312691908816 5.152771477091439 5.877253525430534 1.48698233637007
9.010378865629404 1.051467072220137 6.220399852820907 1.27848294003741
7.354280217977537 7.400574934320789 0.1310640196065771 1.396499026501327
2.174951791572735 0.01125655741959219 1.604453304918541 0.8380557131543566
3.10941615640126 6.281055928020253 3.335623933203822 1.085437462221326
7.96366390705238 5.994148244268949 2.16870394643495 1.308391339280193
5.726186361269617 2.642709660467757 2.223566897592636 0.8651681633150073
5.62138916324333 8.928885609078458 0.07680797458204491 0.9341480665311391
6.099969334699225 8.545729125982749 8.892581778400027 1.154546202965033
5.781718448873752 7.839414300270173 4.636615566633052 1.003891619686452
9.359185659148723 6.706620969303641 7.899005463898545 0.8214126323784852
1.643092514074903 2.491011684058706 1.90784715603301 0.8370669689646497
5.322239285091891 6.597337676440225 0.6564480778308812 1.149204030703273
8.012344945746003 0.1134774906243186 2.942657619654522 1.584803406025092
6.321453495410648 8.683554759044096 4.782323458395161 0.8874194080045456
3.610580247416968 2.978903909340061 8.599886512602339 0.8923361074127254
5.955454843069285 7.361427299367891 2.651639161223478 1.008813515456767
4.279829761903157 3.386036065025721 5.157694562953228 0.7575957641821028
2.87857704893434 3.297866355788028 6.757567985574247 0.9365884518778855
1.99079623089069 3.41676241150256 1.723686549822512 1.134462249392555
1.773962687327634 0.4003039723223178 3.772024102479315 1.055217934018724
7.250445048231795 8.589923509454822 1.444526687249483 1.349997343494994
0.4865655289423831 3.786639046495672 5.428536748165877 0.7949596091360379
1.3514262669838 7.549999932640594 2.719231372099068 0.7330336637935775
7.38450035669123 9.134638825283087 3.422631057110748 0.8655461284497935
2.012506378164143 6.366610399166414 5.024512514910523 0.9164803653226368
8.761544529107875 3.249490305778116 4.595232885430928 0.7488426984921729
1.760031203927237 3.211042688815603 2.646539995964834 0.7596204178418952
7.503209154286765 9.570044490284372 5.34467240238081 0.7893183348962968
8.985277265837476 0.268570847674775 3.868519606875206 1.061922348181709
2.924025881177019 6.644355062260007 0.4460232123828789 1.405981688262622
4.78517035454163 5.650540248803625 4.855786206739327 1.208661315056805
3.376812386573421 4.68903042509201 0.1689613542241974 0.8309488761498282
6.934635941863228 3.169704570138111 3.090550724605701 0.7666833040059434
9.959285376177103 3.7454195136177 3.757063648262811 0.8170008911951494
3.721029355975025 7.604047396657089 8.18986946118647 1.167014724891138
6.590655765061229 6.700937482730386 7.209322399147946 0.9996663490300737
1.267927192919448 1.525185912669241 9.961808571857619 1.052365667196384
9.415069316298903 5.36786605581071 2.436840723108049 0.8747354167823117
6.323603208868605 7.06009821209683 0.8068630802591081 0.9922883409276662
7.10308010434612 0.818126444799675 8.810172463424772 0.7418574922598518
0.05914571528190971 3.729339670020473 8.031476389392816 0.8487151211788849
9.610909940441115 6.605545098291327 2.708036442565707 0.8040172724914827
9.098417690493346 9.484851564187551 6.494406260183211 1.438975937934136
5.013649113683935 9.326074671093552 5.714764459230801 0.8632860415887348
8.152914128843772 1.814523164273603 8.183062243437613 0.8378024086308532
6.048000948768549 5.590631979408406 0.02529487213167703 0.7422298381928381
9.043053200592469 4.381049919639836 2.358929052131158 0.9730094096485035
1.835950643733431 3.320671060778999 8.949021241470399 1.148244263181432
5.240646594106182 4.660969109450325 4.265371263071946 1.096816462600489
8.040953193080709 6.81231064355952 4.456026215285727 0.9292701933447599
7.206313664899762 1.972482093479119 1.284395928864062 0.8423022706794855
0.6315396027869413 7.435339683199029 7.09177301995261 1.294906324622148
0.9359376448388734 3.46569744688249 2.223493691686062 1.063788732417947
0.3923456457684338 0.72159296262161 6.517492228256253 1.556917429247989
0.6496522889038669 1.2639666690198 2.577208054148453 0.7450098204125665
6.609705047093724 9.690927879865841 4.821961953982284 1.126687625784007
8.123759194710164 0.1165490462585772 9.842852144990248 0.8083338833877444
1.610805591392691 5.640287022615431 8.923665635837544 0.885777288540216
9.056595643007997 1.199399508300694 0.2842739507964032 1.249518279097348
0.8744851331050352 5.743079911206665 9.911389995733545 1.248535325107623
9.492951336591894 4.677473018912233 0.6833523743120717 1.185517106790027
4.59632236932024 0.9860479846165404 3.927383927061357 0.8356008303871802
7.71068009041063 9.206033160614016 6.347878123261824 1.321482677025477
3.65275458408501 5.905822363001239 1.306213428901123 0.9053436235852801
1.736289639422605 5.830557044916914 5.716808025354994 0.8370418044319049
5.17482946350632 3.596796180501118 1.061438945436006 1.062942694050556
1.781555593100713 9.220669396836366 1.792830612363473 0.8143105399537344
9.129218629493643 5.991037828002209 3.95587312561944 0.727199878071057
6.521377800907084 7.61061790742415 1.700076778080677 1.054095486293801
9.772460510101023 7.47643472270363 2.90199911519979 0.938183467553442
6.735404485918248 7.597129477307858 8.949171494164045 1.036350686880432
1.642331441141885 8.356091208860036 3.554882116306996 0.7726250368570858
8.777249836138081 2.198314892579353 6.553902494680165 0.9732623152281034
7.138626374627778 7.498041051491614 7.145365820454593 0.885776459693607
3.935886861383399 7.921997842342852 5.344036240594595 1.333011512763172
1.934694240558275 5.72822849971829 0.6302853191114954 1.238771646930546
8.008493324157428 9.079106199386175 0.641090801909191 0.9373021057072902
1.958440746649209 0.9551419525140659 0.8497095381825359 1.420290592790305
8.800243594730002 3.500074066654912 2.008497245012606 0.879549065522688
3.633057088696399 5.500056172405388 9.773367055004051 0.8494265743365872
3.914783684067424 9.389472473271088 3.54790537376662 0.7837738696047503
0.4478480008256769 3.718110671793006 4.629528030472579 0.7659816197509933
1.189652706763467 0.2022194738419769 8.549344385434754 1.209062082520591
3.757835027400871 4.282525223806552 2.20436177369174 0.7365565928911518
4.263615353268584 5.138704002811573 0.6799295751856271 1.278840207729705
8.932856803358661 0.4126153602090787 9.371468954317038 1.113442860361202
9.074801654968796 7.416967892965639 3.730024120419881 0.756416514048333
8.387983439496146 2.659292727747931 4.226880434345307 0.725071221504046
6.007799107026533 5.370663532619499 7.923233087114217 0.7774585349138861
0.704114376212075 3.252991548174643 8.100206829728499 0.7274943536041335
2.862750355547753 0.2695833315474938 1.17924674975714 0.7306242523292368
9.638708665492221 1.178211453081124 9.294019318286672 0.9289095361383224
1.149417650365946 0.6438974323565105 7.422446431905075 0.7345792690628926
2.53458169520248 2.479550204827002 2.541841328168527 1.261443183047658
3.651008369980441 7.288637911493007 4.38866369238478 0.7601189949647208
2.712207951250535 5.672771705337625 5.528124427818068 1.133504919446182
4.695193023539971 9.922610398067691 4.943509340003776 1.087675862837863
4.245874276410562 8.740204892141845 9.387568227939083 0.7929937139328572
1.498327655666146 0.3812906034318087 6.04001904022498 0.7394520450029541
1.590697095422783 3.959197766672802 5.609202622673898 1.297617737294138
5.592467188039558 3.240432940533173 5.451745508121875 0.883566470986333
0.5453262742934228 9.359437332190337 8.147474761990592 0.8609280903369452
4.308714741722273 3.871939819930648 5.928654768609531 1.023944811933775
2.270595777799028 1.613995553923396 3.210721704793598 0.8944778302781331
3.701771591157808 0.5692464468000624 8.863742567487568 1.51457150947839
0.3577892518251813 1.305841187751746 1.808154636534052 0.7793643066679145
8.957362054948996 9.949353852149192 4.871022092898949 0.8523187512835556
2.832483804133728 8.95235702984148 1.19866906397605 1.52122685730368
4.732592921745798 7.18594388519025 7.803993572856623 1.024518707780946
3.247547525128324 3.571286991370809 1.582772407641351 1.364635316817444
7.988844458147377 8.38594659456585 9.8661475118576 0.9081975287763703
0.7700684734636976 2.972173569123795 7.375646411946609 0.7941924766424231
0.9166350186606798 6.568593152405326 1.628268417165414 0.8681267950547026
1.147330300632081 7.591675548205295 1.725301364400635 1.174974580236067
4.412524382015457 3.038070696965577 3.0759629733966 1.070219238724511
9.575430694574276 9.610624166311039 4.338790030333897 0.845548814552702
4.122125834088354 4.680342212356771 9.559938849076444 1.040775026451796
8.081099464448871 5.498777527036228 7.147464761180413 1.151838106036302
0.7712827158903045 7.159697453638461 4.003832525653602 0.9297175662111483
9.876073170471663 3.037583929040921 2.85542722507852 1.418478464568546
7.754190553610267 4.686795109255342 3.943316488844315 0.7950070427062718
9.641096106057118 0.5902685469893698 2.639398342037266 1.59759781878942
2.514106644579207 0.7287653127793403 3.203071088540159 0.7952794643769665
3.477174510284304 3.702343800289338 2.950754138664045 1.170122179356863
7.971211792025177 1.365408887109145 9.887893100807428 1.042105145688817
6.420785351138654 2.27175287738101 3.151981561474186 1.173500822217862
3.998733594959556 8.348499860681969 1.968129226443174 0.7569258953208478
0.8228826112971277 9.819406326176257 9.750213148179338 0.9832427185978168
5.422281371736202 6.734606258517159 8.698278805588545 1.033427108202662
5.794335791252572 2.555200007858498 4.807692041920824 0.7343301538518753
3.314636608467255 4.218668288396401 4.017493921641541 1.039648293232438
0.977135504394987 0.2263991931455045 1.7807063584352 1.550301253611431
6.413897062100846 3.450200724137355 4.711828582228243 0.9947869858341808
1.399237312371662 1.269431765580742 8.910761527859272 1.033787707089723
2.21981594009321 2.458871285029792 8.001836282447002 0.8379578363521403
9.651203441738218 1.622856354129067 1.917014942634182 0.7489391181954224
9.966126941069392 8.751388198573252 6.903834292648019 0.7534806897632532
6.056159477831596 5.88929144934531 7.159762421927884 0.9017127148835552
3.168260582451249 1.020107508369156 0.7845287973049186 0.9237880449678262
4.827899015952279 8.622120386647815 4.912444948645638 1.038594814640869
8.621515455396203 2.377071786995739 4.894632106118452 0.7311200123311404
3.874459345894183 7.000387601619152 3.343001906123882 0.8839042022594171
9.926129628155994 0.06247952730679018 8.697652021526435 1.268026802456558
2.988461446587281 9.223488239226848 2.372661310693664 0.8628208997920538
3.412363492030221 2.949400391381988 7.387540212780837 0.8239054306318673
2.097056227263877 9.593303528606151 8.280999146297221 0.8826742679601893
3.731344191141658 8.562994489553386 8.677351831056063 0.8627263115273186
8.135828831558918 0.3816298668231266 6.830022544803915 1.166063315159191
2.430637714697281 1.55066632950181 5.757731993261376 0.7348828195391104
2.849099097596406 8.651826638844863 9.409893988926738 1.05082021509125
5.863717385695369 9.324774783495165 3.17400222499006 0.8013461380874015
2.277705714868693 8.248886018134904 8.779947571465611 0.7466469238965934
6.230072243140015 8.913036458430598 7.607865934164633 1.121884939310854
3.885265876969274 6.106136676285931 0.494725931683343 0.753968317580525
0.6295289351936217 7.863886557872764 0.6416309643040929 0.9835600978551866
8.322900956609464 6.52887595449381 6.108623185352063 0.9457295390847854
6.913262422771218 6.391888297456062 4.750849478320156 1.470981199066127
3.919788882965103 2.382431000834668 1.513706405828941 0.8849196702903044
9.902228417369111 0.4149381375158678 9.9335910408037 1.078065446011224
0.08272298149474389 5.454705256584326 9.26985115921558 0.7320022195550883
1.304187516595482 3.912465497158858 9.539657536541219 0.792809108271006
4.215603360191853 6.753523479480857 4.809206046267624 0.9618755760252079
0.05912475150991692 7.419254250521385 4.690694779703303 0.9939267737505634
1.13640632106622 4.985507593565793 9.245279507978589 0.7411891455397248
3.327547550696595 3.995055292330192 6.226005143024293 0.9071017946505
0.9003562744732463 6.465558764687147 6.301358805178594 1.207162162579445
3.502200539575588 2.130116176036747 4.824947843076631 0.8373821540625259
8.204778766436842 2.343683935330925 0.1603294708052005 0.9569238231906433
3.430030793277168 2.709325001613934 3.162167797366242 0.8130137850049254
7.320380314621762 3.488766140562563 1.107467745368867 1.035234867738539
1.831474977899454 5.151177600672318 7.889106877441439 1.398445945512074
0.3873947271707945 0.573159205739413 5.225022769673547 0.7298724548896388
3.37134597303627 9.419095687959349 8.292510083337337 0.9061954384287084
3.839860349737592 1.20914681765398 2.532213249396402 0.9648036822103696
1.209217547392105 2.327996461523469 8.334489717287363 1.196716373914172
0.7589095814672264 6.320641968070211 3.720709133568281 0.7544686580748171
8.609577939652027 7.178685631653348 2.60888561759237 1.430483265083976
0.7273068163039853 9.191961743542777 9.025787401367715 0.8811697647161085
3.117174153738679 7.173223956079822 2.698417961700412 0.8941288165521836
7.265236488021443 1.158573090151829 7.084533357673661 1.132621553262098
1.322520416575329 3.884955826248962 4.394581788877034 0.9991288716397725
7.138975281244178 8.07852257327416 6.273890781428586 1.158169827913285
2.04950984323131 0.7809172455933422 5.523093241440843 0.8941337216468219
2.694074438115436 1.522309987551596 9.662157517444921 1.539533688956087
5.760925194275124 4.083754690949093 5.040151806779245 0.8368283481870071
2.686449319203506 5.853764528494808 1.584000531067702 1.045176558143817
3.697587306675364 5.846764423927625 4.773942540369175 0.7862740313163398
0.5847819007005051 6.968052656202716 0.9106957125722048 0.7359633731847061
3.418041247259849 9.841043182895985 6.796142606055214 0.7489035772910131
1.153295036293184 0.9503842301552712 5.469864793864181 0.7900247477476859
9.453896145841354 8.323962788617756 4.251959009135097 1.257069260182294
8.136890830250163 3.689921012165879 3.862224306403848 1.203352983991187
1.75463372857914 0.6222215234191253 6.847190064213642 0.8975856051787097
1.944628903077542 2.049750857965561 3.907107024881455 0.8240250718839792
6.303673992016378 3.597986257141975 0.2736761467749149 1.380164943553371
4.612208327171868 7.695382272077134 4.081795838724611 1.372748369513694
4.609420470235873 5.998265041518451 5.978577524834559 0.8504402007873441
8.652900871718339 2.574708510002839 8.593663541139248 0.9295787813809583
7.461489357527404 3.843670457163933 8.295170891887851 0.9353883245270586
7.451335513084356 3.858050003389218 9.230117211375608 0.8612837138367788
1.683742509564486 0.4678095633888502 9.656003450709916 1.137327376387817
6.389910175514869 7.252015668021743 4.060855299162501 0.7699051382634837
4.445739060102548 9.972668079223494 1.403725414448126 0.9204425782523388
2.286575647504894 0.6204071589766524 8.704834320380575 1.088121554154837
4.056637101819222 0.6958757080065525 0.9334086345967008 0.9389577160079811
6.725535936892438 9.688244647086576 2.987073990714903 0.9856255624754469
7.460804988497887 8.819119640619748 4.475765230834271 1.283930243106698
6.81059131278829 1.636072552535707 9.49791179549003 1.173151764964557
9.960454070428897 8.136656311696868 9.829471254571693 0.8834623945678141
2.336853055924974 6.593257663976764 6.391413248218055 1.441036718402276
1.98117577548285 8.336258129313297 9.720467519452258 0.7690957398208147
0.5587702731113831 2.400413819325381 1.709480340516332 1.297269005157364
0.9006621880985899 8.441749400275315 7.822685227136184 0.9550711442557631
8.379408287793046 8.338639541481463 3.840909087158205 0.9517214408969064
8.483054019886126 1.183068571514514 2.386443685015506 0.7694104596595509
8.244550269405606 4.886023038598477 9.37581015117156 0.7835008248956563
7.21272986507655 2.715393270002358 1.696467844903267 0.784148634078196
4.121846316517677 1.003627040114181 6.766490953495288 1.451621386099692
2.446401052284065 4.483051057823228 4.023932981740891 0.7360642364867711
2.852103254902748 1.50156130351649 8.283893950680453 1.076260403269619
5.20219954782479 7.217147537070594 6.146661624312385 0.8862069332545169
3.744855919159276 2.869284502546531 0.870968665125017 0.7335247689430135
2.675722986389562 3.655815833053426 5.598936964953087 0.8508760284258743
3.997307342926657 4.57619621430589 6.725400537029587 0.8081145526394333
4.656293771950367 2.571645457180322 0.6704872974707798 1.186134436509849
2.194470683601889 4.921686487435504 3.45398548923901 0.725195209729258
6.636567583013658 8.178016609808065 7.114889230723197 0.7410895429117162
6.245873998932215 8.097643278497529 9.894410744851006 0.96945912482798
0.7975748895187929 0.1135861446751041 4.314479870328485 1.120919071267813
7.823649845301515 7.830993069146817 4.472892893777802 0.7706170365155935
8.820609652190301 3.641227423454853 7.859780143199717 1.592619305165517
9.137895154834805 9.244023882439302 3.269271038607511 1.273113876685488
4.690936879929295 0.9238902803819915 8.037703543186074 1.074040589067396
6.934753676682814 0.3689147623486977 5.979553813778592 1.481143862818999
7.310812347959454 6.706760705276935 9.049365331569609 1.000826703067519
5.559229770093929 4.871900793953921 7.207998373614333 1.103127496522503
5.784831468342089 2.300200451758565 5.721989871863795 0.9479431238028811
3.398406304388997 1.392948378323559 5.638382431620093 1.182941406149792
5.637531729671123 2.28870603409077 4.023074199311946 0.9202700969921334
4.576669597919063 4.231622597813215 2.595897910324584 0.9811459386033385
5.987490223928255 7.079883738899092 5.512438047070869 1.091150734603868
7.750421832279317 2.606737791951613 1.037095655771717 0.849611700432309
9.16136459685209 4.679923830769519 3.616836535884812 1.577916108487968
9.384334890510299 2.620070327671365 4.696882095243852 0.8590139877715708
3.092898844654303 2.401808319957905 7.967807845202375 0.8243838294378912
5.216387227349952 3.716484793375077 3.188966597085275 0.8399873522045805
4.354165549436771 3.136834471779434 1.447815432372527 0.7580303981077235
6.198108620991096 6.379583538131968 6.430155268523096 0.8067028394284136
1.95154755571238 8.322502243465745 1.753789899315304 0.7991906560236113
6.440205883211154 3.418918715125301 7.56904735155733 0.7357575661152191
7.48052544661808 3.137521858562082 9.981573593696782 1.156049987364308
4.961917673383371 6.555898152951447 5.392696034060703 0.8370430014953016
4.09786612668305 7.355238841896805 2.237307259836891 1.239819139558782
5.956711448248072 0.08575177485996122 6.643608364121539 0.8856855870497619
7.50736447995878 4.558720675211398 0.2749900820600415 1.560127079584592
3.503416089597956 9.890424133493825 4.495082736108635 1.336939006949861
5.923724476620596 0.06577668756972299 2.709077762430045 0.7511544091584481
0.3448835413726747 0.09293077647955061 7.679631867096571 0.8864336396179761
7.027753444645333 4.284164551824799 3.183687142668098 1.395218046587662
1.626664080646443 9.568040887236041 0.6150283743941198 1.353578952804144
4.371234893863639 1.792568555504103 1.961696965093787 0.8175199575441444
5.929878639260129 4.081580038182759 3.613402971436387 0.9402573547233262
2.864082516027 4.361227391398489 2.32684408212058 0.8021681703885627
6.69282315093749 5.209938996385588 9.637869882392792 0.8297039848855524
7.520460074605432 7.564145427370383 2.916500160334115 0.799728266474547
8.305007967006649 6.653362158780873 9.608139273709241 1.04868003225509
9.979395829580888 8.428238213017865 8.592262768969032 1.353639955999915
0.9887190530460399 9.205533366450632 4.825840020619467 0.9575813520104953
9.255103745389123 5.155484640226713 9.270464263775994 0.9532563088537213
5.975924896888781 6.435823492789885 7.9471875297186 0.8416751124421505
9.98868923257894 2.027862932953852 3.453284412986465 0.842203071403281
9.93611655063947 6.71338055872386 4.060543708067429 0.8282552762300324
3.052162745763821 7.235513103612936 3.773664590437702 0.7519832597441156
6.979416878867077 1.793382155611698 8.201437713434446 1.356457101563921
0.5652958478941672 5.24402578829421 4.755205776238926 0.7274749921764344
6.160913096482759 5.207947777769727 6.242432002062674 1.220750056411121
2.998407603661 8.043471521359978 8.674811722987418 0.727346453394672
5.809093245993565 5.237285036163168 2.282058605175014 0.733396815238103
7.622720386448106 5.525685220489097 5.817885358574475 1.410699511731004
4.059990678158575 8.71522285688852 7.396439917285633 1.51280183688731
1.940263223537226 4.499520824872086 9.153122329712495 1.051729769851914
1.009298250759073 7.582805193337331 5.14850898124829 1.06965447266194
8.842322791579583 5.919726022435315 3.065018060751675 1.104162900788345
1.671931414200273 2.304612551850455 9.397734005771479 0.9924868424205775
9.886169512572632 6.509897559344512 6.955516043608309 1.046033346574595
2.310216216410756 4.604638418356732 1.280713796227567 1.379352694127711
5.907350900961334 1.88603098770187 8.762370801055596 1.025908575802084
4.671838109219908 1.896290769843171 9.929386425482694 0.7606638655447211
5.038039893056751 8.910049368975407 9.434104533281806 0.7684700834613047
9.325837971078606 9.051093333097851 5.249721272321247 1.156059502384273
7.340210457364766 2.094516066457852 0.3040307425886413 0.8095853663683846
1.623497565483681 5.58895275979786 6.717457124302491 1.054706845155189
0.1683117259598499 9.216684626500953 2.478079343669154 1.198953893382492
8.645274184231994 9.345092711307053 9.612436879088085 0.9588284200050318
8.97960959778562 1.506154989193628 8.029579054632137 0.8702086040438506
8.116769095887152 7.449328253268088 3.656519517126271 0.8762162287018329
8.021600906991472 7.430798876679128 7.525750231756039 0.8269461360347319
4.678378161636914 1.088082383556156 9.401094554937172 0.8399329603974564
3.552655026150131 6.202964531064576 6.243113361313133 1.046233181958045
9.298815139094319 2.393907879338854 3.810625133621195 0.8203093159016877
8.078255673981198 7.686572296340008 8.935717074126092 1.358650636432705
8.245231934937749 0.9983497544098474 3.876589469374715 0.8464665625123624
3.180525234897416 6.762243249030606 5.289010064597038 1.237439722926529
0.1080302304584824 8.276185817492591 7.496048625753202 0.7380695615204074
0.6835979768526745 6.343719356196454 4.951164088068056 1.471476987341973
7.208447700346622 4.861131154580838 6.802070182678227 1.043736799007496
3.112853550357046 0.5921834415569094 6.202880004019837 0.7825627990431996
1.768367853707627 7.306810074056614 7.100706354643944 0.7364603201948681
9.605948026549447 9.039564797192305 1.324275557635206 0.9335354768563698
1.565481485765703 4.511679786522508 6.708035940276894 0.9932777313424307
6.748296144018979 2.683402135042178 0.8876825388397536 0.9053576115280406
7.150890865744609 8.887168605967794 7.206287233932955 0.7465028464610055
1.613763009155533 1.293748140894465 3.955749425250851 0.7573001926948729
5.98908422344576 7.635564493330336 7.902904718473867 1.482777203076888
3.926692602294316 3.475132476024888 6.762183794192788 0.9277652500727267
5.524665736283011 3.707326342988295 7.287633520309181 1.063054779794358
7.184074732922037 8.320663221048559 8.073779210862398 1.224331860902291
8.829707691602424 2.190751748023806 0.8427805311235514 0.8646893615567628
8.595251006861155 5.593283501876985 0.16561901623386 1.318515309219446
4.51443378533154 2.645872852807493 2.14399278151625 0.810479436336349
0.7135709247277722 8.499982949165917 6.967606329317587 0.7685022657888146
7.827684916760322 4.511809905678914 1.881638398015052 1.598874561486364
6.530817448285933 7.962600114277278 0.7803458565373522 0.8211036608201664
7.569546835134166 6.495570001105631 3.41283774777652 1.321238950658646
4.962950106120203 4.354661046059697 8.126268854631759 1.238581222305116
5.801445829565714 5.954589009897624 5.377514186725652 1.100118888653697
6.893632308433345 0.1796336791543041 3.770126576423397 0.8441669408580038
5.739468674722696 4.962993239513656 5.12260516235285 0.882276661334754
0.4726945468690202 1.899171982388632 6.572414353726503 0.7615010491193722
9.179038800984863 4.908903356781623 7.263523196252669 1.153869476149028
2.301830288497319 5.728960801099386 3.646366935839643 0.868230116909409
5.996792384764071 5.597550045521146 4.329058258456269 1.026139693902066
3.29377272613454 4.028974338656276 7.315957684152272 0.9818330120891591
2.949591381643452 5.475201002767149 8.047657683154835 0.8033945300651114
5.910204531427854 4.308400274497317 1.041764687901088 0.8076769391381109
6.627325141083849 0.934049357595077 2.838897340042448 1.449456215399364
4.014165300132807 2.287009022479984 6.929252472931526 0.8370256375203542
9.748916400882315 7.512207911993342 7.812889649161675 0.9209191088815741
0.3155946230151307 8.106515191336348 2.304145844634129 1.013750818902353
5.236129883136071 1.435538180222383 4.223593412249113 0.8059660367657945
6.407705492614516 4.356817095614026 8.101572349452654 1.384751057056871
9.171236003829447 6.700343037368817 0.05060574499988646 0.7603864057726395
2.366798231183977 7.308386476624375 9.330596546433926 1.346562705419484
1.784927623692188 1.361865393579575 7.773400218841984 1.25933404498839
