4.08564929956858 8.653127226154162 4.830767608486811 1.323312880863737
9.624672079528743 7.637457246177463 3.597685476025405 0.799919400230752
8.564570266860777 8.868452181352046 3.347888461408695 1.087797799463463
4.979635155315393 4.39138272721799 3.967114362234524 1.469638220504712
9.353476909743058 5.4329206059548 5.332745713686555 0.7378496485481374
3.729887037880733 0.5103049895668954 2.750059188687125 0.7846236154859939
9.449647676531256 2.281772929148027 5.344484140630943 0.9527796699082836
0.1541960662607289 7.868188499577113 2.984621866818781 0.8110977680014151
5.568074067260088 0.8827082993511026 2.799034789704046 1.27847278561218
4.068371262193942 6.371287959309551 0.8281460261602414 0.7835449000214082
7.600773594740905 3.815086807197477 1.112937596095049 0.8410177473894275
6.651392721880696 3.376551965668183 5.175211318758031 1.48449613410486
0.7952533388149196 1.130418481957227 4.368905679565836 0.8599000152879352
0.2791453629786778 1.713340419478295 4.0040556709941 0.7890978796725493
9.845538584790308 3.479246804799276 2.41293197804332 1.163715272389134
7.405943784728698 9.614118860422328 1.764059390886673 1.24715914763717
1.737876337318617 9.102738641287514 7.352335620626572 1.266277089778232
4.042122065531243 1.669003025961073 4.055278058566537 1.251294510200239
6.746648080196136 7.483827196394128 9.601868655957754 0.8034502382311226
9.637403082649413 1.011860448008802 6.574799869578388 0.9651411608934541
3.599423208074135 1.426834564016838 8.185043121769505 0.9236961294943384
7.681053147152253 3.79541610078368 8.540387467989452 0.7511387994996884
9.044999786052884 0.6780211814705284 7.560351284279092 1.37906115218614
7.127329080295265 6.238288713797844 7.090605227133005 0.7511757321267037
0.7114534226379943 0.2030150585792745 8.211477137883014 0.9750113756878164
4.923738235624435 9.179667160066474 7.88944139979857 1.084935458546578
6.832826344219288 4.645794684188123 0.6202265306473143 1.417272743607259
0.1426374234176708 9.848978445225534 9.129200520585309 1.19732668851235
9.750666150951362 3.323005405879949 5.621249399583408 1.072689120368068
3.244549124790769 8.741167882924486 2.750334647801018 1.477320249839432
4.466280729605002 9.144009248030722 6.11707687183987 1.111369051456655
1.048474960542691 9.249410231946394 8.977354643779352 0.9205697048308844
4.946247581792116 7.250807995023728 9.558423894084717 1.262753499086288
1.747424096980247 7.269242871723272 2.125432310475922 1.395915825342769
0.4732677662492435 8.647721273027257 3.502453368601117 0.9635774409526856
3.286424088205584 8.544237779810743 8.442267753026519 0.8082501710387086
4.555520728567859 8.167515786051876 0.7347126042234209 1.41057473841837
8.179549932023642 4.602207708075142 9.011025937048524 0.7684649201103867
7.393860370316276 8.675863096890295 0.2659626616507416 0.896063874337922
1.647582104667747 4.113499927484661 1.686806021663949 1.086535635592742
8.003078285675103 7.973433315014189 3.933224710439984 1.172909279900523
4.526877938906079 0.6640289088981799 0.3369782432685464 0.9403909418647041
1.242525013538384 8.185590502515069 7.599236648785876 0.8041277753114787
1.788890734037998 7.695401041972826 6.812431275535795 1.302617271195461
3.295349358674079 0.678949594706949 7.392554880135108 1.285018736088752
5.856898221858112 6.378011488937319 1.521208373909443 1.531120226213504
3.82320181923286 7.164569463538188 5.087907638670769 1.305835077483004
9.543261800073193 6.755516559674712 9.311092183961659 0.9133830031047067
4.57481401463701 7.581061161787643 5.78337036137577 0.7335491399090081
9.607158808681426 9.523633645361308 0.1552574906740422 0.9517267077681518
6.262436407292912 0.9324179718411951 7.949843398266926 0.7498085783715375
1.842090855889577 4.364672517728899 9.600952891114646 0.7999965231321382
5.087850418277352 3.7789168697144 0.3862396539699708 0.9748737287638489
1.064063575541798 2.076423821931422 4.571882734341182 0.9971783963027864
2.250523326432206 7.937325769273356 8.139802903216598 1.466386429711348
6.746732465290691 8.306956557350809 9.780855447831932 0.8396046166735029
3.615784615667992 4.668471061236366 3.376913664780128 1.431321262818597
4.994682615401185 4.938388916861591 8.218771814671166 0.944898117429084
3.703892471191335 4.925437832547528 8.509898718749684 1.53863302077576
6.576413404913973 1.457513188963983 9.592071766468672 1.121746661716635
5.611965863860208 8.104472371638868 7.455519522237004 1.529367495306064
7.265336717763948 4.764199136482395 2.890403137654958 0.7665216825052115
0.9419757360941217 8.243667998956832 4.634341247218452 0.8121348261045664
0.3405588640374124 3.637342872487083 7.112469065609885 0.8436567541805485
8.947544809047137 9.264697663200522 9.296116551958297 1.126114985216469
4.240425564736404 9.185137033448855 1.136623142287687 0.7595390916656327
8.812385442879737 5.930369803881105 5.813138246672136 0.8252285167930262
7.612412885272097 7.628975025039013 7.778533441933493 0.7832073632045674
8.219972500548263 9.277979455397837 2.569168114129704 0.7479752366668496
9.111711539874802 9.920689539363789 1.528432725887615 0.7894859950174905
4.785689897172969 3.650162500295762 6.046284873728927 0.8377451641805889
5.333816548387917 3.794987792644422 4.978388797972628 0.9216942152286706
6.678499875495306 4.893710285177651 6.886398591833904 1.027052567189105
1.549588624452507 1.218087773727262 6.598753159071292 0.7942715021014191
6.472889666234573 9.625853761320696 9.974730482956831 0.7731545993622325
1.871054523189172 8.597877457100561 2.119563082482684 0.7675702311617645
2.807501150866026 1.93772087592155 3.529728149388106 0.8674275285510782
2.197092603775336 5.965454586595814 9.982302625012617 0.8576208500087819
3.853098440970067 3.390305879904401 0.2859652692773473 0.8370273487298696
5.768539668701576 6.235289517150793 6.963229203685903 0.8192835847140513
4.870642698894605 0.007401305684828773 3.605874930542038 1.310390299112052
9.613253055628885 4.440330965697126 2.646847385886519 0.7820497784402178
5.367961540648705 4.557170888986213 2.469654671263085 1.229646720835258
0.3430252151984614 0.8834139527544649 7.414972680291022 1.197590820991256
0.01841101870983852 5.66868727636048 7.43860179812833 1.106428552994626
8.510323155412346 7.403832783582207 9.663354430182171 0.7463042285114817
4.894388458161581 5.599649498068749 2.096210120643289 1.075061684556965
8.443890286028797 0.3470932770839064 2.360056436974332 1.315914853574251
2.201822824737826 0.5056718303150487 4.968161561614593 0.9148335109592455
3.787025944353579 3.720122594692929 4.202230264176245 1.053341875584361
2.735696633191367 6.455659099831799 4.110484579029372 0.7276501938345037
5.240947957629978 2.330946675621433 7.61144743080497 1.090123624086804
9.496966893104609 6.519641326671532 5.308815654567847 0.7624168600840863
4.869537545463779 3.706596888560169 2.081792430014955 0.7685489855473897
5.58790634904602 2.182665173722121 9.655699228056127 1.084156809894479
2.180669644039706 1.953792624091903 1.861376438550209 0.7267270620537902
7.462802832566321 7.91888199813566 6.07558570085024 0.8322377537972701
3.199860031377571 9.678779976839538 1.972161170294754 0.8937319893217376
9.744645562700567 2.644751614699177 7.003667835175521 0.8052928952762072
9.488766655568806 3.918035461059376 3.580430906646592 1.307510327176231
0.9719986689968529 1.721842993699899 3.597252849591376 0.7571545235011559
3.851058589015402 6.155776257623129 8.519350194141159 0.8594418160742462
6.249559767506399 0.4506998888119151 6.836936811049443 1.133489766339572
0.5471122610112599 2.711042846626881 7.876180701619602 0.800638938579291
4.061482507400775 5.771320588486367 6.47157632479108 0.9921668672141373
0.1905874876398694 4.54861295304833 7.377173814174402 1.013617978399644
4.897900874889705 0.7268970753743575 1.861665853402365 0.8319022700879252
2.709141154963242 2.812223889134591 3.022503764772427 1.099359403641573
1.154248697835549 7.371960228145144 9.688775580110725 1.287574111657164
3.3194571584734 7.640797992586002 1.181318339794832 0.8838604315785688
2.336296567169011 8.433396154883122 0.05379756889178244 1.013859246745292
0.3515597414618476 2.253147859030702 3.357832295899107 0.8038131085215273
3.079980018358527 1.273408487648914 3.9929165178681 0.7607034537823342
8.970308937671641 4.872533544854146 8.940512408474543 0.8363963902936963
6.664271186145931 3.296319110505566 1.365393157304374 1.31704907401585
5.216955849968342 8.432919751871728 8.749903042526849 1.192142315108554
0.1908083022986373 6.817892135191848 7.694906696195607 1.078204495029933
1.858067614524192 2.258787259888664 9.437155142815984 1.397415090672669
8.171970422651862 9.855818252643052 9.197936152759729 0.7591603161887216
0.3242324297716692 9.436981064956932 2.932791135534198 0.9667689943543601
5.631343137010849 5.873953185805645 8.045453855837206 1.129081605277908
9.327783283806898 8.206469276688058 0.5112128094179602 0.758910507918399
2.989155646678242 3.137480962101932 7.770276052771607 0.8839029694270794
0.9366141456527776 8.769100115489476 0.9949294528549456 1.064685933774095
8.914148731268945 1.717968422151304 5.934026433931708 0.92186917263535
2.177161656618175 6.986775860437042 4.619258209846904 0.7484513686928815
7.495677206778995 8.473231207941121 2.825383871623636 1.360954883831296
1.077778080706772 4.780070290235963 4.496279799024498 1.20132586889618
9.322299654689868 7.544165838575775 0.04067079604535783 0.7667101291425803
6.043379278701864 1.648924025825856 0.5413333614691407 1.025869629210446
7.348889573498588 2.195511814984428 2.71495839304343 1.134450165647961
5.693917953459907 2.686806440241894 5.833893392515122 1.10979833572788
1.110245518428252 6.16986932106036 0.4009708828629965 1.455837938279807
8.749934656508268 2.48977484642095 9.671679721162864 0.8472925453200367
3.368568175635756 8.235453571063507 0.4496378217850061 0.8940227515410994
5.140654422176051 1.163151201216446 3.892105286129858 0.9982634895590955
1.086740401649924 2.624707677791041 3.682884345919669 0.9116629886551907
8.273373244938327 2.326775119919392 8.970922609306099 0.7850842627671113
9.328611175765625 1.855080761148162 9.501446589848477 0.8704504383750963
1.278891003361937 0.148882135478704 1.782120949482563 0.8311949414744565
8.035452244077531 4.705561295855228 1.078350229155433 1.078227198756198
3.332649733376843 3.594237722981186 6.926318777809159 0.8784665063491142
1.319272622887637 2.344170180299224 0.4197017373192469 0.756201003534395
2.134291344961249 9.689202751520016 2.530824833616532 1.401173065357107
6.677782922152221 8.830191368490315 7.646748157775556 0.7852695649352371
0.4598793454486071 0.01905169370188364 3.901104750935686 1.18417958269378
0.6386089499548764 1.141948222808105 9.938407587101397 0.7400414960552506
3.763844197254259 7.216007933498473 0.1832111262772917 1.23055730672496
2.257261926526357 3.60344968613286 8.180810650113141 0.9548043879684618
1.239799386625062 7.995268560861886 5.669475817910039 1.251149815670825
0.9339778382171238 9.076582458224022 5.956570068878678 0.8218543127486558
7.737344555768346 5.727692363975482 5.60101139548413 1.160059714988871
3.938079597891544 2.495505182212316 7.11558202053142 1.560716627558177
2.908076311319688 4.399366716330409 4.485086165372394 0.9527146878249371
4.758511246774659 8.329468657274475 5.66919011797543 0.7266769765857223
4.228113737743745 3.21350531536212 8.238274351598193 0.838414976533937
3.894599528600659 5.784557345382287 5.260849206455023 1.332468985255874
8.86908248740448 3.437618987073439 9.942899177634155 1.090181919494339
6.71386773626625 5.869170926638297 8.288618879592518 0.9011977911922646
7.048880234835513 7.101237266800138 5.800785164072639 1.003730255750308
1.629751281775267 9.204630276781192 1.622266517999835 0.8177539529574204
1.692895338883772 4.412318851880202 5.531234633622905 0.7870393009900609
1.662948728670191 5.627331512416265 9.437365184296345 0.7715853748900483
7.459785470240886 1.377149856384706 5.182905852947782 0.9065092615108781
7.639965951926505 9.127424587767649 3.959629407204481 1.145942872130989
3.316536488820689 4.13928545907989 5.278472150370848 0.8459706763899389
3.908267898843252 9.283107831031424 3.731665289711158 1.031302475292511
9.843660914654192 0.6148246017646009 3.117303918452724 0.7732215467334235
6.277955678633036 4.657617680862431 8.140183208386247 1.573454830038979
4.015483663788157 9.266168936006935 2.008156792357492 0.7825491645301711
3.253594110643618 6.098401294471399 0.4371225527827072 0.9773002360036722
0.04589063475567756 8.753202125800433 0.492975177435272 0.9079463080080642
4.505140928352663 0.567214744803841 2.708901294756032 0.7366077090767826
7.720451760144925 7.499482709290755 2.017914254376256 1.130757433479242
2.775237010956272 3.699811468032876 3.707503417176091 1.044572076081829
6.397130730414688 7.565936895007696 6.472670026783403 0.9810386557243775
3.154388681827042 9.744194852162535 8.219568460710322 0.7402772714422279
6.316010399739777 1.963485441877901 5.051249316931802 1.268467095342953
3.570906365051436 2.561787212528571 8.353500049832665 0.9529147145308842
2.172808811379443 1.831238469832395 7.094658487472693 1.139785771026324
9.992351090260838 6.885541944838407 3.767427711096179 0.8571631346512738
4.190359081172352 6.354817346662291 3.669042804959397 0.7413499082703328
6.405671371461653 6.84916313694899 7.691042121404125 1.404650248945634
4.591786785650675 6.636402651972626 2.674285775197891 1.28535317525246
3.207185429608455 9.885818309714297 0.1914995326670332 0.9110745388620481
4.804478507626474 3.07048214934228 5.362441484678889 0.912653278110076
3.563964849930146 0.1565812814216538 6.249602639243941 0.9627184559060087
6.981370655018115 7.526072251815329 3.437997646110037 0.9382321077188074
5.615814359745566 8.533086881636526 1.504312127799361 1.121253563390096
5.639914861403629 3.738316288868364 5.977206501059371 0.7859015678670215
5.209647602257959 9.611604578565345 8.842636088024927 1.007755124668352
6.562187134729618 9.221701705397356 4.646878720470601 1.025934241500205
3.267672579168269 9.59865033828641 4.513422948574031 0.9984943239050865
6.942929982869248 8.36747354742525 1.401099526755742 1.426894954513691
1.250910134362391 8.982206595127163 2.750567335079877 0.7337089277701961
7.304291107278311 1.904288481263801 7.781434489341869 0.9808964265817109
2.335700398229912 0.08037092482490293 1.152283418925281 1.435693124537598
2.386362925905423 4.526318705022899 8.714255943198523 1.116439214098451
1.441881462552582 9.596532490204112 8.21249825580362 0.7550491379360273
4.597693347798906 7.609915131516804 8.368536939506663 0.9579340683345023
0.6394919275287468 6.688467562889011 2.011131766479078 0.9768722879881203
0.5606359518814752 1.468807183523121 2.62006863482549 1.289195341717123
3.179924666185624 9.89534553422612 2.794771104947846 0.7323938875029454
0.8814538337870225 1.558748196030051 8.521027211898963 1.554892888960918
5.551085059436526 5.189690064043602 1.469793665496541 0.8354674969918811
0.5116397875098821 7.600451968773683 2.235428647175567 0.8782688793089508
4.194177854036728 2.690313051665729 3.866574260732913 0.7724080086781901
5.70420367550093 7.016737158466443 6.752359109037573 0.7532852510919194
9.391908217609753 2.383861395730815 0.6311905241908511 1.425273669770583
9.244410463210988 5.044968451729122 9.849118380796419 0.9499675794756083
6.055592421654922 2.305047710484276 6.907846508648882 0.9831526292671173
4.752839815629243 6.496534126247321 5.154458599818255 0.8458403601233034
3.45124675057879 3.994282527264128 1.155159633140241 1.116112307548851
5.387371695292974 3.299026599932136 3.738821767283391 0.83955142809227
9.479043567775562 2.307252865858531 2.677674103159386 1.256564358544642
3.227378059489333 6.548903259080917 6.077357157675244 1.183776140532998
3.183107117651597 5.421399188210677 6.195842951917737 0.9385770817982237
0.06020874259761833 2.524662351072571 1.686387873041364 1.036413023285726
9.389001842685015 0.6577283381796316 3.896612582462414 0.8780735943927128
2.861563219075914 2.243917661723215 6.047194270670442 1.418727058582802
2.314737172835049 7.169138469512046 0.5660529752065691 1.58135305789367
2.842951142790016 9.095814826620089 0.6270138935688629 0.9155958813123459
7.622770662474582 4.666488670929562 8.271663158175336 0.8140016779523809
3.403804923472007 0.2161639622478584 9.309185763046576 0.7806353821801496
0.4752199986749117 9.895301906983253 5.274876932165575 1.416746751671563
1.850585202884707 4.080352817698125 0.552943785906248 1.095745437895644
0.5895575633354078 2.789638624098838 0.7598281811283825 0.9821190803141158
3.124562665436907 1.651537072056657 6.963549120049234 0.7556573282214324
5.864769098959676 8.578446819562757 4.216664761350235 1.00732594516421
6.407829228890582 4.350306027065013 2.54223770797166 0.8228637016905987
9.236293170742393 3.603758793018457 6.511130551038126 0.9733442991086705
3.070378090941902 6.832711426544554 3.504183301502639 0.7615088358312438
4.459279139647443 2.147460477362169 8.276032985142134 0.9243446881580809
7.996930807743197 8.199970286491357 8.33575317219819 0.8865431016939445
7.157516840954195 5.658750763523392 6.517349846361011 0.7375889511754777
5.581288267968936 3.220339945451466 9.757020485071852 0.894869915771233
7.336632712449532 5.430646506508782 7.620914364076198 1.076868062706993
2.521354101406949 6.483124434273576 2.803891928417238 0.9256540185042615
5.368299539522172 5.467388890753206 9.807043134603882 0.9145256123479841
6.428466681014619 5.758769057973465 7.283046449251382 0.8622272955640323
4.808178996845147 2.393226214855041 4.285140531489563 0.7778602050513911
1.314019733080779 3.41761453173569 7.543483776667728 1.206876733238607
2.396842520293204 1.373872121831865 5.24622693786455 0.8441594460031457
0.5521075920756967 9.078183968477967 4.397791368049139 0.8794312354769376
2.025412495524024 1.936533490812679 8.168964196882058 0.8986782800036207
6.437546995001679 8.249077559334284 5.436533581191284 1.440936908409273
6.106339592515933 1.513177836447959 3.809418183444377 0.8161129549033693
5.005745490598411 1.648729982382954 0.3751620993580806 0.9817225049851872
9.863832661383686 5.578590273929206 2.232668879828025 1.604247212277664
5.263420132396735 0.3674371988159664 4.675162127303945 0.9144849686539261
0.3437478947308481 8.516984609102737 2.430122460580816 0.8541770085267284
9.333733044395586 9.979904378235016 2.979109264737982 0.8454819942649504
4.183952136012011 2.70231355222527 9.012625791576435 0.8219563083186929
8.586535526452284 4.427830438015008 6.739377158325016 1.045457582158647
5.628958622748793 1.007975845993309 9.775742151065582 0.9606561684372387
7.006452935574391 5.950177356356898 0.8012822433328559 1.187218744781512
1.363423171421185 4.996053754576223 1.003331631018358 1.093297616714006
8.567336957663995 1.398105365619949 3.352687186919241 1.429376793185496
4.670479081995267 5.504741292441476 3.229711415305351 1.191679927042434
9.909314755696187 2.989649968722677 3.303602749047456 0.7452584221366938
3.875452518780058 6.542416236659621 1.854135458298688 0.8578753043061257
7.635605805421696 4.845787173797294 6.419028379954163 1.054939360234878
0.2445399173501994 6.316824303081413 3.199066833596373 0.7843018886417213
0.3008647496335448 5.31148382378417 0.9608419371706334 1.065481006136525
8.566495835437701 4.70849475446964 4.551538082257996 1.593187257877875
6.171429281938798 4.534358390968594 1.674518402840408 0.9247974269409155
7.127099302182016 4.357076075773286 9.29206946327408 1.278923102368539
2.769529925402541 1.368739348794378 1.472746718479377 0.9133294336678262
3.135776310644204 4.29202306515033 6.164734878700601 0.8137698242456258
1.203423372008741 7.243786332286772 4.729537620798888 1.081604087478665
0.4908785853497921 4.303414095525938 1.826502995629202 1.188227079124135
5.776781503017187 6.500301929784675 6.168622128464309 0.7311812652962638
7.858566877610335 3.025396718082407 5.326419401259496 0.7792931652622042
4.573027300538227 8.488003273516416 1.933592328845914 1.00249512071217
6.007376564479014 8.936360383767726 9.461331913643306 1.090324985744192
5.217053463381952 2.909329760265205 8.675627516860176 1.270886654680672
7.36240419409482 6.351423861005094 1.919561857653332 1.20906458398758
7.578905215669809 7.727591485404392 4.988313795654518 1.110503512055963
1.396919563976736 0.3470848201438969 4.545441108208585 0.7424604117781534
6.491919913081349 2.51683752011141 8.861867008842774 1.355669991216963
0.7672331107767605 0.8175867090498823 1.823566069831166 0.7529644610688234
5.107736398799926 1.981352024261328 6.578260929645139 1.056044729371034
3.872490405259623 5.624473510915712 2.376812407783035 0.9744447313817178
9.67253968394828 4.03632349579559 4.766517414998201 0.951592451561424
1.744871702736683 8.295671707179769 9.259497619810681 0.8770652857513477
5.619279531000193 8.999314335681079 3.29479395703178 1.010280129354036
2.369400230795583 3.504477799246107 7.163462330585216 0.944355879558551
6.022956728242923 7.645909107344841 3.867938640259639 0.9164619543535593
0.7188540829818491 7.042817192062047 2.948836455828041 0.9405974194066242
9.075015761135958 5.388262957776062 0.9566203674671803 1.318179419608024
7.19942301640931 6.863090246790998 2.848425012238552 0.8191519266500326
1.275375698134477 3.94053625943916 8.695821522595605 1.270133184175008
3.000973675325755 6.604094737170575 9.461368885646461 1.153489422265232
7.992953288789041 5.718357064676267 1.143246267585106 0.9096009265637742
5.499146931465522 1.490432417540487 8.557197977363597 1.435657454276782
0.7270508623037175 0.6541266700731618 9.331194389813657 0.7886235765507046
4.498927157048285 4.053053091620208 2.879862853017545 0.7820881377462231
1.100697033317372 5.112108400540942 1.919820800075298 0.774338179578713
7.415002095758815 8.830244157300809 6.042961804012406 0.9579653963838358
8.39115829704474 1.749090900519314 8.070451790961725 1.240597103546713
2.253267588388131 5.805078044523807 6.438533685782191 0.962048582508725
7.594255100795372 0.1219701623950975 4.889059071375514 1.5232014105442
9.089020854924884 7.188484281744129 4.970143132097664 0.8140464405640161
3.129648249068173 6.774094778397903 8.266608669907585 1.057297858029326
3.090573198239962 7.523713372220668 8.950927830729739 0.7625477425335004
2.538689979323909 0.8875748306273645 6.271441654092066 1.345247038259055
1.146461116029096 1.9620908797167 1.478117658864879 1.39253800416485
9.49032043304649 2.554115157817312 6.226749426671248 0.7879799613874164
4.351913883569298 3.811114714297191 6.980081361628537 1.154697231043474
5.575076870641671 2.747073242079661 0.7657972155381332 1.266791126928476
8.560521850541903 6.167460594563579 4.798459183602569 1.217762221016607
4.11837550866808 5.606351497848719 1.537323090753969 0.7385730565918239
9.770224900022336 1.508991275533597 3.374292125950118 0.8244438847778158
5.992818821576375 3.916993072169164 3.315961574637206 1.04723611752058
7.213203057526912 1.510294861610813 0.778742986856944 1.324414789175116
8.265390401203986 0.4534422958684114 0.9682417217487714 1.415209001942722
7.805029009865478 4.025994122767119 2.82582918105809 0.9883156616901871
9.883897170490419 2.077743478189716 8.942101647919792 0.7314352161738948
3.928632801009751 7.377695041311632 6.280230419944488 0.9032897260370724
5.542944403462819 2.817081616924718 4.728447923137751 1.019103340026794
7.548418899986635 2.357350763304296 8.546344892576515 0.8089329278341715
9.985663001528852 3.475108673994159 1.23721891461178 0.974845833575838
0.219691746756302 8.582083773499326 6.250885900532714 0.854856359790928
8.170705591639814 7.760022319854186 0.7424968355398232 1.5253513035726
9.490587304355374 5.138217007207849 6.484207115536718 1.255993759597329
9.765247061137362 9.28780750544278 4.679800859811062 0.7343785390611909
4.078011429674695 8.963547719847037 7.287676517029524 0.8164465670222816
9.663037367496937 0.418539290243457 0.8750862380771018 1.090076848355852
0.2569465999711518 9.50028369509373 6.382886442498878 0.8955193399060887
0.5723364158701327 1.370369866754717 6.384422775149828 0.9056932190072026
8.569892454246762 5.048135483339664 5.831439924685644 0.9599300245503575
9.804601618786345 9.401094775771611 1.159908708727162 0.9639049417548177
7.318181270637392 9.269349270688407 9.328344605653429 1.274184500635685
6.054087807400471 9.896841870371265 3.159857437727631 0.960948680265943
6.327055215170738 2.488095728190943 2.283981444558996 1.049718505094239
0.8899375869167958 3.256267481629095 1.679237796682821 0.8449823332095181
1.8724123195892 8.954413625173043 8.650336113765013 0.7839932078462631
2.690825946240187 9.732216571167012 6.826149950432704 1.113887485057489
1.901966976185627 2.943031543045095 2.050197128506504 1.254286066848659
6.396718097129202 3.330441113347463 6.51922105567831 1.075476804034207
9.248936319729898 3.395205099540586 8.226592451097515 0.8526842420747938
2.124891854579896 8.059945830079455 4.569136537002614 1.279979203789479
6.127922640993964 4.785126704567136 4.9077760012869 1.436488304648281
8.55423478834066 7.087656624164575 7.0657456314792 0.9812627321136395
4.625643504210354 4.494032169331152 1.374768928868099 1.357803321477925
2.819068062176454 1.72251203277387 2.522347922886498 1.11813063772738
4.068284400880193 6.685729570961172 6.968259480132535 0.9539738788526644
9.536431611489373 3.286752244689872 7.459582513142387 0.7515580404679294
7.147822231947089 4.161033791726872 3.939400294767435 1.52635052954791
4.377976154507221 2.060784253673453 1.08648654758579 1.013880723897975
1.986446011977796 1.371889488374952 4.156533183654761 1.417608277094382
8.279058134295028 5.488644704908257 8.392987888916206 1.248333472868393
5.478070192994362 1.723877013119803 1.704655074087493 1.414503246975053
1.546731981972979 7.013688805543807 8.746064202629311 0.7939604372129561
5.380324326318058 9.903405587847782 0.01445349819761632 1.298271551041939
2.044212331536956 1.202735044456864 0.9918538317742697 0.7716760012645354
4.744135911826316 1.287789488727504 9.553709389084371 0.8194342728657004
1.857336487915877 5.403315754059508 1.752716990091855 0.8017175059715045
9.072436271254992 8.308233433481728 8.459745503227539 1.191684332772578
8.08354176892613 6.552808801404634 2.778200272298611 0.9086648919897946
1.62663447844193 2.797194178734222 8.406256103025349 0.8745927468806212
0.3420566768034072 0.9745087691612819 3.611202089265651 0.7688192465172714
3.290538793629132 2.820479726598564 3.965157851845591 1.015288741621778
5.9260093685817 7.603305103393615 0.5168092042022943 1.414614474456046
5.026931945929062 7.089643515893904 3.615724179836843 0.9263580329677211
7.449064642457165 1.017233638402725 2.716323744317751 1.038618778332681
9.27318040220185 9.055661842585057 2.280018211426133 1.425779034510054
9.844346599608931 4.365710782517991 0.7334803863377481 1.041524888016397
3.193186285414806 5.849754623972871 1.503319730445975 1.08589055706337
4.533015640187553 3.311259576247135 3.429973414738417 0.820939146924976
4.051142852195623 0.2194631942597391 1.941252748441742 1.005625282078585
2.811538703283518 9.633564995184136 3.59987912580875 1.00614490622005
5.583821504861406 8.78274073659829 0.4381541715471782 0.981561359996051
4.850025784016244 5.671100671793946 0.8693290110393848 1.175578695896759
4.889047075760113 1.598926600032617 5.293530215153552 1.599789793309275
0.7054474912368502 4.551956444202052 3.15720884972496 1.478789144813668
8.926951896157783 8.881066255749062 0.2707702942301127 0.8247549669415352
6.149258111162084 5.271909022792049 3.444886223844105 1.555497720780983
3.576162608326101 8.603516818619269 1.472057885468375 1.092588080822428
0.0577221232031766 7.913966150682086 5.785553752512058 0.7667201268636533
0.6090359061016504 3.384392115664256 3.315935754628575 0.8129208487095234
1.101858852010682 8.422390875082362 1.92472816623494 0.8063024084842643
4.673565293220987 2.852201872135846 6.17944505186976 0.7418109254517875
4.21087397190684 8.457132910529589 8.127905915785714 0.9067700350450353
7.769481251709729 6.603254719483597 0.9932686121980361 0.777480606824953
6.619852983578968 2.384328473617786 5.996912569733412 0.8204549682934236
4.81967815763744 7.0055604033046 0.6509077569013721 0.8913717385121133
5.42774151364218 0.3200258022436742 7.790787649386469 1.289152981135294
1.795479389236297 5.232374056209058 0.1249499104916585 0.7952748330288
2.840344430542246 7.42140317912183 2.741215910000752 0.9906591766437507
9.502275792955341 9.346810880730008 3.738629399468142 1.104114233236143
8.401831888550445 3.429131362313588 6.725088358903696 0.7508116215170542
1.734171317272071 2.062765939233784 2.978896489776087 1.261196341517265
4.762203571651505 5.005147584628928 9.222702195615458 0.8928878941398446
0.9977085762512761 4.346786639222531 7.726709079853424 0.7490118042656273
2.659590367364554 9.021121847930479 8.662713464872184 0.7365829161033399
1.840654945790837 4.039416440631213 6.432113038321948 1.102629039888386
4.709751824209974 4.845034483941146 6.717055361775756 0.7745400175416706
2.941692841561609 6.518329327585165 4.949507501406503 0.8511130090729043
3.452075640550771 9.547632260862567 7.404597841733991 0.7643773843019488
6.062060476512551 3.761671553801052 4.233147665410271 0.7692589060729071
0.006285180208150942 0.7772002528199451 4.616774292156103 0.8753215491451622
9.156988502119354 5.096206954525988 3.354781240929364 1.095553455346154
4.213967420698777 9.599621730096137 9.58323774839967 1.09302932796914
8.780520547225997 6.945781110171025 3.638111838148714 1.2327919801662
2.763418268808771 4.277725936524591 6.907011397910519 0.7896845057500064
2.671515957181083 0.436150765264024 4.20060756947102 0.8428293534618372
3.593027036127259 6.423601226563826 4.26686829519158 0.9005688284058821
8.872698548812888 4.361184302798687 0.4614596261848547 0.9201598150373304
9.37266803422926 6.54710733975481 4.366330674949332 0.7316156680789626
5.576364852614846 6.562251579768559 5.106331302404321 0.7422516307287954
2.432071723972803 4.052041486724222 5.447940163014132 0.8007458631581428
1.882218652067105 6.760960851330964 5.623504771242033 1.316715477748181
8.245839575625419 8.39546757587966 5.708476063126884 0.9744072543112801
5.737657602905961 0.5518872260099772 5.607286085461745 1.105903631976985
6.492343643522812 6.072844526499329 5.430572482865043 1.316584649924007
2.58069542062754 0.9998722521643155 9.933454354311738 1.587897918423227
4.331953423730663 6.587972801680796 5.963226399028295 0.9179540467714538
0.7346453476192216 2.884032067610331 8.800966705689037 1.044740569568574
3.481238856558364 8.965697083360519 5.695638677818295 0.7768091746707166
9.808786512221177 1.354386952086203 0.233731301960356 0.8679085238331152
5.299222495933719 3.217066306584505 6.806100085590052 1.054538716539331
4.087175251860637 6.833966198601665 7.912520441699341 0.922244951737063
5.203186834321946 6.940537915115527 5.808032382019303 0.8490301871993079
6.566750411988052 0.3920044332221728 2.229057306101697 1.17378869367404
0.9216833938804924 5.889167303199742 1.570568888472192 0.8964406847938217
5.146023548182788 9.602252644224862 2.215461499219579 1.48147883605098
8.466412207085453 0.04100220438949975 3.713832986853174 1.31959332432585
8.260404738868617 9.334602408244884 5.489956311388872 0.8061412167106202
0.9846158814885686 0.2904712340209825 2.745520359361517 1.155128014915835
3.47826843413376 4.816285552963921 1.87339106468919 1.022255816015398
1.78001105850596 4.748868402175026 2.462979064476679 0.8773063876960921
8.166310719101975 7.926612862139381 6.456931471136359 0.7332694930215932
9.933634451395593 1.276600842341845 9.240590796034194 0.8295091385899453
8.924620100723045 6.195484839570776 2.843703959485284 0.8523815826057439
2.238334191377311 8.126281609081364 2.678317259973019 0.8217104457441602
2.468592708004572 2.267547919625389 0.7814897308828939 1.370013663449973
4.392158678887306 3.83519170336142 9.33737786371889 1.461284988236595
9.143679370663731 5.818390393299106 9.182400796495847 1.048405318580114
1.958512629410013 6.668595005588644 9.491706115119744 0.815023291272675
6.499115952841835 2.722954356904368 3.745656419625376 1.565833254263735
2.246523319729687 7.547149232149434 9.296744758224264 0.8712834980052913
4.10403487630597 4.183853259494277 0.443705294246578 0.8132759880351313
5.761796119428439 4.377199154873479 9.556848102907569 1.381498280900788
0.6432980035741919 8.319060268769503 0.03515543917373076 0.7624436403653407
6.639260139448981 0.9183397782204905 5.285313780888638 0.8883727889514991
2.753089448238105 9.721285069940503 9.046434914070275 0.7916108130058379
8.383349107501468 2.0599372500666 4.895141213276228 1.357607052152694
7.511272112316505 0.8235685260222479 1.757184848350488 0.8410823195319515
5.175347992858639 7.639566586564863 4.79979029950622 1.520429212865085
8.441118479280895 9.651260169316993 0.101414971430448 0.8521886131438412
9.910114729454216 4.989569804475245 4.246349506642369 1.154000716344286
0.001484297397955636 6.984295350372541 0.1790855262842039 0.9545067157313126
1.353245082602953 2.323859349079779 7.540309820176082 0.9229447351557581
4.920940228569597 8.908433118563405 4.041446314476876 0.9713180458271681
6.784304276931794 1.529483727681425 1.952834156363378 1.10247348993085
8.420301409679409 1.539598062350045 0.2505615975311526 1.132307956584542
0.8651021585456287 3.921486267088561 0.8757272076133527 0.9518665992742608
5.991277132689269 9.171356837441131 8.247283878559443 1.097346153252129
5.028856475521546 9.08654956364532 6.921766540473808 0.7655612449220695
8.762135246272717 3.333202472687371 4.929652283761301 1.200911446755341
7.587836692107607 6.772491030242301 3.886864162778866 1.146438205425379
4.517434012895501 6.660805593642704 4.349196423557961 0.8314472778655509
3.494766019233601 1.317977926418978 3.19068620284252 0.8565719490863544
3.611016469319578 2.460134419362562 0.6742328618359461 0.7760618793608264
3.417387907505633 0.791837472728758 5.083333665307644 1.466094220512848
1.12266938423903 3.348013696899049 9.86738733800078 1.310658236682807
0.6770959152049427 2.676050974590714 6.924848012411517 0.9108416412805325
5.937957300657871 5.420058984675315 2.269066626288799 0.8046107538101772
7.739209292966152 5.098881693029192 3.447695844725831 0.8034921951427066
0.1597191217544103 6.019973544914643 5.604056805417708 0.9599822748341249
0.55100750229643 5.022594366546332 8.437426317472736 1.282215992996528
8.91287086313228 9.535356383537101 0.8228332416326811 0.7727757702052878
4.32099402184606 9.804981541757167 4.652516447081805 1.005495276720036
1.127132544265339 1.982187892357792 6.642533039715956 0.7405290974286624
6.9981583020912 0.4192562210864647 1.275296141348328 0.7355588915266972
3.620750050813068 7.678890610630758 8.217393421447911 0.9147065093250434
9.594677663534107 7.220041479409863 8.489047974919313 0.9094947119571857
8.369978284099473 7.771823142132132 8.959499663118594 0.7671148560587726
8.565510962831144 3.088095003458416 9.112824177589319 0.763366618898805
2.710588594581278 4.006904331911207 2.430478840649043 1.414966203542999
2.232594194463534 9.333397739728762 4.455431530975598 1.068671488408987
3.68936971443452 5.117499802764114 0.6915439845583848 1.179587339906922
5.120765509602717 5.736867955575082 4.427857974790327 1.33126092551768
9.887588743599096 0.7331945395135252 8.44935976742058 0.9452785159885317
9.127044623192443 0.7273722256949267 1.632539583914476 0.7750653151100446
5.441123917907215 0.8135213854515287 0.8171899731407106 1.048953460003954
6.731808148348065 1.415142847348838 8.504863539642972 0.9525303898950357
6.620330540039281 9.176172266043372 3.578269415966462 0.9881534432620186
9.948882636853108 8.366640463788523 1.449638489082228 1.043901041923702
2.335284541144994 4.88589961461226 5.982061145665567 1.009963113300556
7.357756470562997 5.932033314838398 3.135307963054798 1.073921280626539
7.325615090351572 5.589338197681353 4.361041987710863 1.386505990785995
0.2146286735957281 4.935936138629877 5.410055690658963 1.177176561937515
0.2936519727180797 8.633201223997862 5.228301983034811 1.029024714085018
8.842758287377613 4.283180581916553 2.792528962983432 0.7497159548027738
5.633895039554415 4.541043538860313 0.7430876851388346 0.9359719003014446
7.388874036058342 4.640196557533779 5.260013208479785 1.037928270804418
9.833869269936571 7.207575297112241 1.717083635271036 0.8171826496832811
2.103488160694406 2.720562021669544 4.073919565766139 1.217487049022116
1.92550409298895 3.851124845329184 4.574258673517479 1.163835688131362
0.7461630064835434 9.738960024722571 7.222343159624739 1.049346284431938
5.271789883397382 4.080464239220274 7.503393702096834 0.9109539720963552
6.351165857959164 8.303788711381953 3.157196468312111 0.9756386815766096
0.6213343512994718 7.655693363753544 3.788243559042344 1.046790828271641
2.867672176462022 2.174949096360031 7.874323772781215 0.8153620395180062
9.88368930452978 5.878659520375577 0.06785965388854676 1.091295948664709
6.309944163857745 2.023813699260495 7.798129835978184 0.9117979431805413
2.641973860950559 8.283419786534759 0.9306272910544376 0.8008050221078606
6.819179881484216 3.425337481589374 2.609628065815259 1.105740765581727
0.448255290510875 0.4515130114697141 6.312544033526517 0.8739424932289447
8.299250301951728 9.081253302882233 6.634383707889397 1.180913817802202
4.403841777557157 9.958018352768706 7.035478132334108 1.281610535746135
8.212385461212159 0.1134288002831807 6.95598066391601 0.9083332622583371
1.030316442970823 3.541727913451523 4.074935911633806 0.8910737981980814
5.872335290310629 0.5357233397236327 3.93666425306957 0.8739314853011318
4.034952519836067 5.612811641319726 4.082321286320455 0.8703922401944917
7.906678943112679 4.028013737773849 0.1748254084365497 1.109500907683469
3.109763140554059 7.357586640236979 7.140274896328548 1.321438603448168
1.488839407595594 0.001996317136474524 6.255569151277071 1.297535523412661
7.441358247946263 7.174087246587986 6.895663937543626 1.174057657752488
0.5443562018703096 0.9201748923174191 0.7637707334174693 0.8918145801765431
2.144387585979404 6.199745691726468 1.886377681923047 0.864421412164431
6.115374593109157 3.23976895309617 7.698158723187755 1.28587215131166
6.960600444906174 7.116056336823492 1.066508738479066 1.074827656613697
3.791876997606121 1.957486940914565 8.980580396164516 0.7770601252210368
1.458498410560518 1.173418177570658 9.503838201633029 0.7625980471500746
0.6258029221341199 7.062831373683477 8.66494104116012 0.9823142228948328
7.788226831430987 3.802137335756676 4.876187130593101 0.7474467872317807
1.98484408609892 5.587372458629222 7.495900177844343 0.9984963075079949
0.2827254991495021 7.647636506353896 4.961635937782669 0.8723197227051294
8.736712994093443 3.329266013382434 2.756925376653985 1.101533024452488
5.707920265934126 6.731375672096522 4.204220953274789 0.8515910439686453
4.992332207491291 9.0066830299847 9.536718156673182 0.7462539931385558
6.367741934456913 1.685628730943695 2.940724583349539 0.9425011663587868
4.558429311386978 4.6522722894541 7.474492145976575 0.7625283840224419
0.05536696517404405 6.153689935643204 8.636222903981983 1.111225348473343
9.62186880936779 8.678372306164796 9.679337323362091 0.772577071463724
9.614535387876709 8.90088923732961 7.270279866502467 1.506451210013505
3.010786776580224 4.232892556116835 9.875359565372316 1.51623658554627
9.999615650724422 5.392109847227093 9.269954436846991 0.7458469108622824
3.866975041430016 4.694389280551748 4.686797884118023 1.043153321481776
7.409615556161013 8.59294664713609 7.743584682938116 0.7255031684006212
7.377511505492974 6.380401152081849 6.245537510562655 0.7534843489486585
8.729580002263946 4.353259732533356 9.613941763215937 0.7669256244819828
0.03000273418135357 6.068634288849476 4.036033595767009 0.791826436815416
7.945962331602199 2.766692142599759 0.6299657817078519 1.502344268601262
9.596822791919754 2.878727518701565 9.332071023664458 1.064999031219016
2.099586989509522 4.782530068908319 3.61591754571969 1.431253025932728
2.321901567712483 6.710848572093046 6.667670740872413 0.8690626619238611
6.546143392857878 5.727577878373108 9.498438745966084 1.482370680447092
2.691541495957752 5.407058519606203 2.524185701435426 1.275151971921225
6.451218678583702 2.197004003228347 1.25395057462114 0.8650468298822255
2.714741590065456 1.38423357699932 7.955235597957913 0.7511928623854307
4.015218098655994 4.900427526874615 9.649851436132991 0.7778900609975782
2.204421119289029 5.909236412390004 0.9751530544011799 0.9801124649342179
7.536973882996481 6.123762504938219 8.99119814162213 0.8329433569975033
6.081324175562723 3.728098783377298 0.4807190567795494 0.8696120686385037
9.109252324508986 0.5562749220209862 9.675784214926276 1.47804309706138
4.015644910983727 8.322059349279032 9.366633041708646 1.445187953113073
3.018518438172921 9.089408510309612 9.6673050206377 0.938313482008205
2.097653827490078 8.767167048866066 3.478745310839297 1.151791830371577
7.265886618005994 2.090178138115888 4.465217957362001 0.8414453573059496
9.096037250359739 2.212255876411163 8.729478862111133 0.8483189419774704
2.646688058581372 8.441019895526207 7.032878645617812 0.9196299443118116
6.043846101565431 1.505728448872553 6.17059643541907 1.14784392757892
7.064625090327239 9.469481486056127 8.23091885405039 0.9562905955008969
6.162128772559196 9.653780066867853 1.156915899017715 1.396091665039487
1.779954486420152 0.04742541434703984 3.720513518040996 1.125210418973752
4.053749265176064 9.714837872736863 2.767552465105424 0.8350522498354624
5.248806492308407 4.202252351790491 6.572853282503761 0.8531693198193678
0.7639483043968986 5.610523564648174 3.847366960087158 0.8673931049711349
5.183058291484016 5.6060005559197 5.848779609594604 1.458404340258248
9.262348485320585 1.326271534975304 5.169646949572584 0.8916274886278134
3.55576223342563 0.737665478387962 1.027452184523509 1.23147209886231
2.781045740260315 9.026414244396344 7.803945933952665 0.9585730798373927
6.614510106536679 1.333724543710768 7.3818999606735 0.7412566235454608
1.385828211440326 5.512001509312285 5.646152859266004 1.307077386234279
9.52034902184948 9.322292975948551 8.437003305996392 0.8673592700525302
1.412533533180285 1.448880102124057 0.3684510946162233 1.009822552434723
5.322562276526507 9.769351442283588 6.343924839820503 1.000785218234142
1.753044025506892 3.495428938475742 3.193233242335311 1.185209007262755
1.619112944560835 5.067154134378534 6.662901373517118 0.9158036312730382
1.176342954058451 6.153306605550389 8.249337599831167 1.199211060744301
3.668503788996019 1.845040434346272 5.387386121041334 0.7348254834834919
6.496715282222886 5.377774261837979 1.453057760526898 0.7783193329590627
2.88100186209938 7.284379176771899 4.322763413235763 0.8589827451350922
7.017364922947137 1.867784848554601 6.751083775334531 1.061381253154871
1.838742066899927 8.808247834144012 6.233137523837941 1.010475016873975
8.128548562708589 8.548369277630346 1.763903887847532 1.006347371893303
9.185422831797803 1.332604627518613 8.768414165828272 0.8500390586676569
8.294911598653723 5.868451112207452 6.868604546794937 1.442008475002132
2.68020590168598 9.697037952778263 5.573759573428553 1.270919866326729
0.2264029636031473 3.744102202206858 9.161650429558058 1.009693084225882
7.739583925682642 1.305240389398672 4.310656050318069 0.8768666497562028
1.80754821605393 0.534584220888521 7.582083145585257 1.567465539783171
5.594462167803349 7.310741544762461 8.56418581881716 1.033695269647286
2.031726350118569 1.246342550594113 8.78391255661653 0.8195856497345348
8.483755947898128 7.373298272803751 8.140513208706807 1.011505957610606
4.976288741757187 7.446789550066595 1.78122410787713 1.151063426683268
5.450992238841526 6.35930091964489 0.2080801350971828 0.9744462311435099
2.900613011762131 8.768533983624591 5.013503728079966 0.8974838999153376
2.41231516684388 5.898990036218294 3.501246167815475 0.8179484434938518
7.430607791337119 0.6682824549772248 7.720518548139227 1.410294033550805
3.984985075187582 8.083286891168491 5.745714553156587 0.7343902469252809
2.17865423203025 2.700993659736194 7.681714396873064 0.8657132724525337
2.2107204465508 9.055188501314426 9.341235221007874 0.7292104976257694
8.452748852343179 9.485868644312143 1.630035947751235 0.7431108870574157
7.775419883441474 2.201452505423726 3.726548396334114 0.875425927703005
5.187305809672647 4.341495866014842 5.68619698503198 0.7371797780564541
8.227630673880403 8.653783021178207 9.092083249701147 0.7459523064002888
2.873158664231418 3.168412686430364 5.019516390759664 1.276162452536476
4.582222855328518 1.134449085220753 1.127325777848598 0.8343717943716048
3.804509455765248 9.04441162220475 0.3983448944477963 0.8845464367039825
0.2500162824746577 3.612082247876701 8.090909687091138 1.073402759394941
6.616214818750399 0.7991062136929415 3.282770613922056 0.9717716257944844
2.779757527830812 7.85640545867438 5.798565425453634 1.459038700269637
2.564226487288866 8.947099766475786 1.630206101866591 1.012279513953971
2.215513276387064 3.452480781805646 9.198335382123965 1.026646972834037
8.117922713925774 9.06094519240691 0.8521484760649001 0.989401352573468
9.668037996267779 1.747424208240332 7.920108634429066 1.128378586393344
6.328980251567574 0.2748106240975323 8.950215143574761 1.552623263994301
3.893736799022942 7.683895038555894 3.708127522511936 1.564401189903778
0.3334914593123051 3.994291114605152 4.201975407207247 0.7345093317725366
1.370215936422828 8.193024006854698 3.797569726202907 0.7488645908478376
4.827322483409114 4.799117163345556 5.036054546885966 0.78515258672016
8.554975767261356 7.76961494511833 5.146034903537235 0.7424009787657305
6.890486580986913 3.574613474167572 8.524132601609818 0.8512130961265898
4.071544626611277 1.473030993446178 2.176220726201727 1.408436453240919
8.567620939675079 2.786874546424801 5.976268334573517 1.122310071611356
8.76464552601256 6.640315519178917 1.729997346016569 1.519791753326779
7.386129847798457 9.873240593368932 3.012877312011078 1.223069673315886
5.177597728134926 3.564692848724881 2.862507749666922 0.8251243947808895
5.973930371278676 4.65447475660311 6.190058539968954 0.9575391231202454
3.684421184406287 8.343198322012398 6.609460685093214 1.091542670015819
4.33470105691053 0.5526564300096459 9.483806885644775 0.7862064603550066
4.17591617690881 0.2034393348209462 8.402931069885705 1.448273392652769
8.238112626671477 4.062163551397253 2.00455272838902 0.7635749275018798
7.611808731942121 0.680865499858091 9.694836695963911 1.417527016757158
7.548415852091335 0.7572565736431923 3.68495332702607 0.7873698334378196
4.364817796387927 3.824950430748681 5.039548046588172 0.911187490732055
3.896196960334522 1.573615167495259 0.1272234135493966 1.25111917090171
2.605666339206361 0.7725238153300895 3.164215850399324 1.139185078216186
4.299961565062333 6.030950253203756 9.694439662936572 1.453733183995915
3.975718574688631 2.629985073976996 4.888774883897141 1.145047925341471
1.094311715701081 6.367780790489068 6.795705926437906 1.553867644341488
9.5752909946287 7.252528804431199 5.65842414282573 0.745710909850512
6.452956476144995 6.240438471287801 2.621411861966607 0.8748386872992209
5.881325566811648 7.82096864810633 9.366727107468522 0.7923760588142706
3.084605355907823 0.6503389791053482 2.101464017219821 1.029283198536419
3.565032317990652 6.879577597609647 2.873671624470966 0.7947358807200136
4.116808363895497 9.899678386407183 0.5978449812077635 0.827215062173761
4.81932793227865 4.782396028704063 0.2233394330708837 0.9721734574337271
5.504476938024667 7.738845263808722 6.074512039700909 0.8722460411121913
7.714540622396068 6.527457283268697 7.923217214148738 1.246188554807091
8.022584008587298 2.543209856170816 7.196824601800758 1.17811706292639
7.702089958117823 9.671968709513694 6.052330808146611 0.7364856709124654
0.5604751836426425 9.530685564432192 0.4283495113045221 0.9215199922998568
9.18878915909432 4.328650650702103 1.703738752314384 1.235616474285808
2.793767322994956 8.294811812084161 9.14777278912973 0.8773111023337
1.285213849187044 0.3289313561258989 0.2541797169088011 1.187142278543756
9.238558728207556 3.851462907924794 9.006986732908747 0.8946878229707825
0.9215855938021777 8.682959957378721 6.793807810063339 0.8217472391883529
2.201515532911247 4.896391277285813 4.91801241689228 0.9307137743294949
8.365891211722943 1.434733516584339 9.208291467120706 0.7998323227955112
3.635008639730957 9.339787465353853 6.633021772782877 0.7961699899379251
8.631005652137926 1.04003328846238 4.495304479283678 0.7732842980838118
9.137855438698743 3.525229377617842 0.8794578175988854 0.8293629454688801
1.681520525467823 0.2046004954924385 9.055304935628348 1.299380808243685
9.622633123611937 4.218694172071386 9.824284690858676 0.7387135391446465
8.33988951245874 9.433036104782035 8.039564271148278 1.568835352817663
1.308369883806849 9.621067355998811 1.010230212293557 0.7496280064823437
5.562505848148733 3.730619568216969 1.300046100703536 0.9295721127704399
0.9649554648769654 3.449872056464923 6.395905541324162 0.9616260353479107
9.715643824445415 7.948976565245419 2.279067081744743 0.8106027503936524
7.297264526279749 5.269736365486495 8.733645953421258 0.8016207776079924
3.753892984172259 9.206829710461076 8.042553055281294 0.748255849299777
2.715797280806234 3.461859174659612 6.172535236000567 0.9941424482532424
6.320241206899956 0.9448119379230457 1.216227214232209 0.8489264552773226
5.955632624802047 3.728326150155987 2.159836033138024 0.8227488829205303
3.03570740595962 1.995048309072541 4.644768509375444 1.117699698529432
9.648577427605055 7.406772792976684 4.416742164038603 0.7481370466967623
9.944033745045141 0.2473905135127619 2.050213495261162 1.199536981702167
7.862219131715019 7.39411627722444 3.070964023575533 0.841825687693458
4.530408486511244 0.2584180142787906 5.672312915472472 1.210433904723239
1.141390205662093 3.715397208501519 2.411761623821826 0.7963667574839652
7.497637526877878 8.830792308058815 5.022709223694364 1.025178720613381
0.3345685532324227 8.014113526436295 8.115411667850662 1.231830437009929
4.89367135401535 6.35238838442233 6.732861351965314 0.79632255679151
1.122472407685877 8.066734379092198 2.893833027852556 1.09280469953956
4.557710164563489 2.502299382101819 1.952957179435102 0.7745186492242805
4.747527279113493 5.745450679180193 8.601287769876269 0.7484971765415537
3.49548303845383 9.349254854534642 8.846209671259343 0.8534631195764338
9.11308892991083 1.218852071203521 0.880731408494968 0.791982076434163
8.329498069544023 0.7040539329225626 8.60493969752978 1.057962519870461
0.4270525215712372 7.680369716641816 6.860036739947026 1.316596783751507
0.5773518457428695 1.984135309803525 7.474215596356919 0.7313031564983717
9.495271880658107 6.219818977352995 3.45504813328546 0.7608655249261586
9.389692170148223 8.005540477798244 5.23590177528535 0.9141522176113782
6.230742659728818 5.636124206525328 6.42332660071806 0.8325867720716826
4.482693362540768 5.742458858143968 7.577935205200076 1.291981866432294
7.997744001022549 5.347071821766916 9.901244112383674 1.532701279270188
7.864341527791701 1.919329968462572 6.128568092713588 0.9983739785790553
8.398048946549032 6.640776195333447 8.933833056596294 1.113885170636325
9.159570691234132 0.8318150534097446 5.846240751722274 0.7553300702479209
8.346315162162517 3.759146438078353 3.676446979790293 0.9242533593889489
2.991534732449335 5.527784653076155 4.357622485178124 1.220922831433121
1.728765919688637 5.964487405602638 4.400586672698804 1.376262987643535
8.360330412531853 0.9990297958005057 5.44861563701888 0.9824626462111651
4.166357529198207 4.585982025253195 5.838602796911407 1.281841406780296
6.436984102924623 6.587655102834173 0.2220098519768265 0.731549123212782
1.118764818780369 9.32383684668728 3.500401569419372 0.7984656956549551
1.775674580609509 8.128577014794489 1.291322823028243 0.9025197299903046
6.673296985820151 2.498458455112321 0.1413427598517536 1.171412911773223
0.0696434179535721 2.871817456922126 4.432392034979816 1.487067465426787
1.192000497076738 7.262426031788225 7.799359487857934 1.03949909739061
2.047915699578365 8.849262392773808 5.288421131294768 0.8168999220421593
3.180775662393292 5.485062896544918 9.581169712951338 0.9996200988341525
1.229564072098966 6.40776282861981 9.232409335477961 0.7522992318982347
2.931399138682272 8.892464884703914 6.31127151134583 0.8014140201718207
1.951753672425897 2.234647427025518 5.131008622729003 1.049822831108665
4.417860911269768 4.050084988046473 8.037584193419095 0.8290780023809028
9.952881181379116 3.442205590867552 0.1908393590279933 1.059473310050163
7.455929978298084 2.955843072617352 6.241342920165356 1.141884826932292
7.021537525933871 3.514366756964261 0.285314133056076 0.8906542419034926
7.522067034207183 8.371582740468989 6.910022803326076 0.9410728745153378
2.610184871960816 2.756745968198622 8.560241095964752 0.9111481473442338
0.4730473092496457 2.207961551060571 9.758444865716832 1.250499450253228
7.02736810791475 7.813837745684221 0.3761085818784826 0.7628622174958758
1.574491378938506 1.058586517245906 3.121358559921271 0.7432534746052156
5.348473112821291 9.273827787787278 5.171285145884841 1.439649447584623
5.390380101064036 6.235049345620998 9.177422761819813 0.9448362329767462
5.66360339429472 1.398971445755018 7.328694400724487 0.9495549654227927
6.030152336627558 3.612340341481083 8.770030407951143 0.8340018933800121
8.690717051422096 8.832650022913047 4.614892866568752 1.316368337806432
9.862750063012999 9.943984889741264 7.889936278584027 0.8628141066843633
0.62534996339357 5.129088169064706 6.596208913523269 0.9779628709816255
9.101641271970324 0.1536381932292763 4.931814377448358 1.347022785866388
5.522877633756276 1.990569495358848 4.260646957452492 0.8266586335726195
7.627607855319682 1.96822494697911 9.576434504354747 1.070698087861463
0.9532678016522332 6.436753030845364 5.133373749226894 0.7435281905509651
1.237825360080926 8.900509783336698 5.065253641743497 0.8293245928692609
6.594873150626152 7.123514057686516 4.659139758748729 1.182211229710181
8.854456910667881 8.242938590205204 9.618425284411945 0.9475981994163225
4.554029498954324 2.670247273677205 9.983827144078516 1.166290219316164
0.3895307426580163 1.804233496093569 0.698456880724756 0.7609600822397916
0.7584564329030152 2.725845158941563 2.555933614237723 1.173535136199812
3.719162036799994 3.585684809768765 7.721889443717664 0.7449234858510932
9.658885891503465 0.1454846776474816 6.069032124681048 0.847883107048336
5.531664901601823 6.332161925712594 3.442530491221677 0.7964968308169986
7.639099354324588 8.000970094473816 9.539026086208112 1.063894731441016
7.405392363049867 0.7286607018358227 6.264226447498504 1.445612737911431
2.726661444259277 7.984140916883565 1.878249095072372 0.9475042783760536
4.706397954033178 9.134274853044682 0.2302234258004565 0.7359794638577569
8.807380058990068 2.719184124327778 3.803332146059567 1.272783941858703
6.842784383705317 7.646990243974416 2.50255912962955 0.7677001804614643
6.483565272496041 9.987008453317083 7.724012777314938 0.863367076175209
5.095140997772435 0.5081998041463476 9.101492073224879 0.8304561082124766
2.668899961106713 7.942523474842174 3.547097594195678 0.8208818422205469
7.553809087366909 3.114488769140954 9.329975137871831 1.200706612087405
5.294840613694825 8.267178191521383 9.772359168457372 0.7577609237840713
1.304528294537652 2.982253966313775 4.724212819520763 0.859594510582486
9.200802623324112 7.8726962179954 6.384260582089695 1.253473752682508
3.140065050783301 6.002616906501335 7.26823917551733 1.345811852622593
3.254244111969616 3.608842620295328 8.681186436423635 1.154769192307832
8.759184988163401 3.444479062279731 7.442536802992882 0.7896652735964435
4.571481835841958 1.286735356399421 7.564301368885966 1.235235129800216
3.12641741869589 3.192401236240491 0.6410724806982071 0.7690302863990019
9.582233415085518 8.449018342380837 3.275601667337787 0.8776659591811914
1.393317609900273 9.069963277164209 9.967000864467053 1.103356973555153
3.20486295193561 8.013939974994233 4.677969316628948 0.8092752879710902
3.934884690652337 3.911056398125389 2.17090859807811 0.9716446410479848
3.662982244591773 0.4447144152987225 3.786875272044753 1.20515667027524
4.745701640452544 8.201906100179723 6.546570702264505 0.9417677476174511
8.552157951020648 4.196399758982378 8.145496645544094 1.233833735698104
4.53562383631809 8.77819266945569 3.023130865792769 1.072529118957005
0.219669662119959 6.709128463670837 4.706112976935302 1.003259869288718
9.108491010905901 7.481285458208498 9.160145462568858 0.7534056971675634
3.048693749644418 4.105899486189204 7.784932981866647 0.8949750896485523
5.958411768983619 9.383646992446435 7.089058633481414 1.027209844040273
6.435919369996397 9.155463334804619 2.421300179807991 1.220343527484701
0.03780036279894206 5.548498273362236 3.43372368183861 0.7417872194533045
2.609722982790497 5.090476622297745 6.855804074435121 0.7762229797928125
4.417321545654822 9.142793902845781 8.724733107652922 0.7376379185254722
9.990825245646722 1.84331512780651 6.889614201818262 0.8378434862295698
1.638092528222878 6.517125517824121 1.322801792947436 0.7307571891289207
3.635267283496566 3.386192908247284 3.095490629453578 1.043763994133255
0.8128333310785807 6.528617696890474 3.882955030547335 0.9111427125923299
8.146118580304215 4.86515402202645 7.461160494075697 0.7499731407232539
1.673605268504056 5.09993687123898 8.21953574662604 0.7930510871385998
5.351494172693596 8.33838264763863 2.558345367346226 0.9569181595254652
9.015444369700646 2.638471673463985 7.728929490416906 0.9386348252106658
0.7598244922069852 3.806837205111185 5.218022379395332 1.251141705943864
6.489894514979224 6.62519990674884 3.558375975644825 1.056893042897475
0.7849538362842046 7.463207848844215 1.047619336891928 1.449941613225372
2.282533827851585 9.687605101002713 9.969848986021228 0.9885179393597763
4.898509133785851 3.324742982797236 7.742581787824874 0.7916595744008317
1.538226810388201 8.14583794068635 0.4483501305216275 0.8130971053163557
0.5595000869866673 5.774880501097487 4.747226125169354 0.9401387736409188
3.727987773084021 2.312180714162784 3.063454159844695 1.017211495645973
2.787250265155867 4.998161078098883 7.693976453996346 0.8494709395435561
2.471867111526138 3.507135464242558 1.224145273442581 1.004776441118564
4.493283119224644 3.197900910221948 1.132960977536938 1.134825825299819
0.9898744289187766 4.527083202141781 5.980123499416347 0.8285206786460434
0.7038426293535138 2.475937695750059 5.761493665127617 1.37408389638685
6.333285790294118 0.2112076486568837 4.749405552250983 0.9433967862917318
1.367274572483569 8.905418981753252 4.218948847330119 0.7543758716254627
1.6407664542555 9.751711826466796 5.128215862067308 0.8582012634317776
3.753227379869197 9.718566676626574 5.363849643263634 0.7277257548477127
8.284828366796342 6.962101896233503 5.870225917744389 1.421049441981483
3.077860619076697 8.691297429202075 4.028821150025522 1.04674936454348
6.881804310791385 5.421390461426863 2.351035265746919 0.9825090098851397
3.381958767229391 2.776527734696494 1.843174987546218 1.552160751770919
8.34761180601819 5.845182779509127 3.61389062397122 1.054841684088879
8.301356124426107 3.815193480840951 9.17821635529868 0.7561312522089393
8.487255678251545 0.1158508617760456 5.985515679609343 1.015265389791128
7.783798315102 3.079894453571744 3.220177379214517 0.9883549636734652
1.900487748056907 0.9766759503975309 2.116789814008437 1.280665353659636
3.370008322163606 6.744218494210819 1.077773999031922 0.79008265346397
8.348082953756368 4.566724913417367 3.364444526885266 0.7701148769010421
6.92619690123568 4.157756870946061 6.132177984602782 0.9636163999306554
8.989647893745037 1.875797830882456 6.983681096616681 1.12727396116152
9.251613915383183 4.291235604434807 5.686765253813772 1.044969057500593
8.019250787202397 1.470653290646502 7.040008451343045 0.9348112850844531
4.684809249266648 3.265728594324198 4.373541356789893 0.9069123316708499
9.913560255566978 1.378532209230344 1.516983650209976 1.215088734593269
4.684774047568514 7.728095827907976 2.824677772040309 0.7473824981663815
1.561472981059904 4.956951231177444 9.019884904476685 0.7798413076747666
6.793116304148354 1.008877927318957 4.275776959387485 1.045313851721283
5.411913921669361 2.965009439260073 2.001603120086316 1.027970364516278
9.626527158570575 7.008630463883037 2.781106652331651 1.118087386766341
7.29963303367184 2.294195752678093 1.555671812159168 0.8405741188844598
0.4997416981758351 7.036577114504431 5.768577161858113 1.119942799075029
9.375957207547291 1.72415724872367 4.27816382290932 1.002393742673819
2.653379554948793 5.282294331245767 0.343231648406066 0.8357045307097293
7.296931233400966 9.680218871353953 0.5184891084640808 1.12868397624665
9.969827125222743 6.408913586083712 1.094891036938084 1.160424725428439
7.088240441491458 1.618637491872897 3.53461919570402 0.8576919958307099
8.931523671475849 8.021188865486113 3.609410938057157 0.7466921274076669
7.176408923706653 9.490684047823542 7.009832702342383 1.249817834201023
9.052759486434789 2.996968689489216 1.724754913281299 1.103684893101296
8.831625306687586 6.544591371061689 0.2336446234365707 1.363758659986354
2.891545758529591 6.896419670579923 1.859159075733866 1.008594768937587
5.082499565846123 6.843726824985261 7.571445107295453 1.1349286228933
1.798720542312972 7.140523060291735 3.585275247463038 1.425432637626651
9.026635346689416 9.758148605648756 6.637936213874576 0.7447615645708442
0.1342132535451823 4.165990266794947 6.284616302995123 1.055169314946241
1.908789134751593 8.982275656706593 0.8448346196913592 0.8559400788099033
9.631642453725531 4.409139156437702 8.230944336289532 0.9132465328172382
4.465160852928844 0.7644707773861803 4.452878893081702 0.8497218208093783
3.478538807307197 1.796523979997992 1.13668625633458 0.8015286503135911
6.467494603112418 3.446298352643185 9.55303667740165 0.8969713469077468
3.876653998002444 1.268838641462023 6.323383858833627 1.291496533960684
8.324347858283552 2.400078848901258 2.858698834856811 0.7664847542994241
8.117006434250367 3.895622150614158 5.829198904099864 1.217791387014289
0.01401699205480056 8.818931264345242 8.967518316564599 0.8329172653774849
0.0535543419622253 7.907966461541013 0.3186915689746439 0.7278274677339703
0.04590155476454028 7.782304148937113 9.299053174227423 1.152934239375
9.818314344705875 8.34818573456517 4.287097177554488 1.082863116028338
3.022088990183509 7.830144160002965 9.799240442032847 0.7399151354800876
9.808679713576689 0.08358934192262524 6.952071032498325 0.8601779747630859
5.572220596444743 6.063115753603356 2.659917839513844 0.814002327473587
5.959060761524037 5.491800772531309 0.580907871607973 0.962233528269046
0.3481202772389957 9.026149388322551 9.705219228187071 0.8069320525553445
1.111990986468984 5.187118924532928 7.457628081293793 0.8501433050742062
7.532578835599279 0.1369635248768752 8.721833274181481 0.7528129374229593
7.418051002787124 3.847477934735619 7.331311533383237 1.586309791956056
9.30115405376181 4.177156806432391 7.35958503402067 0.8412868738255234
9.770896110666856 4.57874082200219 9.112800440321379 0.8469408360336314
6.789716914791066 0.07550980531279006 3.920500603120609 0.9073306366258336
6.040734107824083 6.902745446281381 9.505813418038169 0.9862738411890667
9.186341453284038 0.1584485321928575 8.572852561631988 0.8073182132754526
3.812310205733141 3.293339917754949 5.890784642275084 1.217979781211332
7.298960589278256 5.271256363026899 1.562153944066662 0.7666835709839737
6.560209681398018 6.580123588620879 6.534774413764867 0.9318250893870339
6.943494451829288 1.651627607731715 5.814285405388139 0.7543125854064311
5.717723462698164 0.5593259177902232 1.712203665581543 0.7757080125933694
9.072919764612696 5.123327542805582 7.584699787284848 1.0506376103208
0.4241439052843921 9.272874641339129 8.232744996075185 0.9314169902919881
6.549161093076152 9.600778342462924 5.851768659585102 1.342318806494218
9.679524208997563 5.882136220305879 4.778809063226098 0.7955092693562122
0.8396420217576717 8.413824351049424 9.201150018231459 0.820137578673398
3.099742904543034 4.993987617091481 5.387795999277825 0.789368978922848
3.685277797037815 0.5502872797399294 9.957547134822212 0.7317679850951845
0.1398305851458747 3.122562742330699 6.448123752432362 0.7260611380520989
5.081402915163267 2.242865326514281 3.104092744864678 1.604720486991491
7.186659128225505 2.802384080763065 7.921278256519277 0.7813873082666986
6.531528762778313 8.829594238945786 0.4288135059850517 0.820740033434558
7.794986889800759 3.132192942445505 1.960414287284333 1.204544441995236
5.213692983342697 4.021415470024245 8.442143038278608 0.8893558406415418
1.120398876392182 0.7244905080335927 3.730029134029042 0.7285815692293717
3.603209592282724 1.084162241382132 9.139231072155544 0.9463618751423644
1.161605816851009 9.641698057764929 4.462780285063891 0.7250964167262188
0.6868326180262974 5.767062304153691 9.261003008752493 0.7658213712469443
4.834503161319688 7.236733739143379 6.6081600441717 0.9589941241836121
1.568873721767427 3.084206719712329 0.9263667304154388 1.00188319291605
4.411160745243923 3.133576945800714 2.504334336333729 0.8270610318687234
1.190937297387827 8.745380056522972 8.217333049300143 0.82549679224253
9.494108918680634 5.334275924012211 8.430612133506502 0.8363723751529525
6.07593441822003 6.44768745049241 8.684384093193369 0.7408815354940089
2.511717760352315 4.801616205323556 1.273884896496004 1.178774591991225
5.140765293764296 0.8502502955295088 6.547843818847763 1.144050431395588
5.13643915025153 8.049187405506203 3.543042907380198 0.9595846668954714
1.783613344242418 3.248440034047833 5.61274365398571 1.125561638630731
8.415013525609041 1.772117687725564 1.824167202421082 1.609754695129309
6.172413543450554 6.027221098506812 4.36999495369443 0.7857668198105403
8.26207623216537 7.139419607580257 4.512460727598164 0.7803331734450797
9.213070896808359 5.678827063337868 4.109915900470559 0.7742612731687506
5.553799644625743 5.185987665771909 7.077462864415328 1.131730407150977
7.212693917949162 4.351851316875006 1.920676446314474 1.171026778050467
8.414635563368208 3.691513814285257 1.315309332875709 0.7617693633824156
1.768747071350805 1.915831109030849 6.123440576664573 0.8258187083678598
1.940319851862483 4.448645094409367 7.51334244372973 1.153036531711747
7.488532200765901 6.742458266771711 9.912224791792815 1.325623308987843
7.303642191966722 2.378807302738496 5.402044055140913 0.8719023008184374
8.987548586129451 8.701826968687259 1.144799959950891 0.9135694667845867
6.941650248956355 2.778629226951054 7.058895208824184 0.7471509864370293
8.467033559526621 8.204880186697023 7.386179309480356 1.105661781119326
0.7146186785904374 8.811559470436883 7.577483907119684 0.7283134218598966
0.9567929276624343 4.293082720999752 6.85311706793431 0.8572924665688272
3.419348275404762 9.637167758307093 1.064948157175912 0.8428626597532817
4.808980833299208 6.614059069099431 8.567024092971037 0.8331706101562836
3.410474356972264 5.979334626876365 3.316442345792749 1.075356147043653
9.032066540712872 7.919098365132006 1.609872531845867 0.8130241042546147
6.094587028345343 7.093932247235952 5.679056809155986 0.8437897247179248
9.382322070867991 1.161493867142813 2.463320989707632 0.9483978503270568
2.479142338113673 5.785649170607631 8.618372772712029 1.362230764513219
4.001885673047284 2.296964145512709 5.9357989149995 0.768115262732524
7.610319280894637 1.343293030629056 8.745627640131373 0.8386563608425062
4.654042957396559 6.509625113239282 1.474636433037931 0.8231580641456216
5.088028388119884 9.317633440197406 0.9753963165918167 0.7923899679980169
1.26704949608386 1.119663422493605 5.444059509566467 1.436306024039364
6.65091245263197 7.119112846115755 1.966825149330528 0.730215521140358
6.057860812685992 7.617880694507725 1.677366122954708 0.8095429494309355
2.568483478316893 5.782008791382058 5.464829122643346 1.04621016359716
9.8249677550403 2.670870188020239 8.345577208959678 0.87864642877831
6.021122350480953 4.169937533550462 6.991760481110398 0.8579668597885113
5.878506917074596 1.110655338293196 4.57343782644373 0.80729625759982
5.521162667862522 5.313279291509746 8.933563903327876 0.7910512680480148
2.137350090343539 6.672379541812943 7.691113355187504 1.15669550441945
4.095031481876664 7.178203787620737 1.210201072834513 0.8815572258320864
8.972880813636934 2.861840838849135 6.889372421000334 0.734572719533523
5.884439551887382 3.124601701710637 2.810595055001307 0.7646468737274825
0.7450148726018734 4.73343588245192 9.832221829593406 1.495942942438767
3.914852665559176 7.09563678860806 8.989090856450149 1.04020076016137
4.426799662222199 1.129109804367081 3.244646690492333 0.7732791993618916
0.04065102871133818 1.011866773997118 5.653010915706361 0.9357039309576148
6.83403428759304 5.152587711957933 5.945855908601493 0.839176001789921
6.518197722403642 8.577919880779763 6.66375885903606 1.004643691968813
0.5812821366697474 0.1247973957606685 1.165897477382726 0.8542931567016406
2.309611897362094 5.105967158485671 9.510426950878689 0.7894583858624067
9.576709413725048 6.530685661154171 6.563206842357471 1.449848900695903
8.715804339372843 7.864281737249121 2.597929655012438 1.22142272538503
6.725464217443117 8.123604686167138 8.569072286227476 1.483378735205189
6.168049915981892 8.168360357045559 2.301872109176539 0.7495066027805799
9.383039096884328 7.55455777980692 7.521359992714111 1.086413631693853
9.813797193170538 1.802083588303818 6.038734612387448 0.8119537745351636
8.602208517088267 0.9420715279366132 6.51465088885658 0.9055600492456026
3.468461460397291 8.37349169046578 7.608621264215931 0.8664830874762037
2.714024850873858 2.703950182602544 7.055213970406153 0.7478257536284106
8.935461791362732 7.80279157829347 4.380379005795163 0.8052760650447699
3.279026236430003 6.280280629862348 2.383214569964996 0.738836519599317
5.890372586980581 9.579651596994495 4.012531925331936 0.8019589575419487
2.294333877916877 3.248580475879191 0.1606014678927814 0.9030616626495475
0.7139182384072129 9.348728762063729 1.945082491499801 1.104872072528821
1.168031667022374 1.480877533697246 7.256839599238462 0.757637534430628
6.861622001580073 6.836564956538702 8.866799009629055 1.002917637371078
8.246147727165239 5.24854350126426 2.320470617115241 1.61072245339915
4.670959598279294 2.044044022946394 9.183008287487899 0.814326907279963
2.823105940756911 0.6354610194371334 8.611640752228464 1.067365082754399
1.334067776807827 5.928953785330203 2.799328166181623 1.54822110004893
3.686110345930198 4.84447380269276 6.985035298771251 1.178430282815996
4.326876022285912 4.777979483637528 2.440167390680336 0.8513969914370749
5.804019139073595 7.235734695569114 2.734118412502744 1.352751120271545
5.553303502446076 8.721725399167378 6.275096455012112 1.011388853295839
2.284499459619064 9.635120843575631 8.259398376135174 0.8076603711553363
1.331240152799096 0.7842325609231215 1.194590030846776 0.8613112546062758
4.337864943381745 1.345410155192164 8.689170180290663 0.8172643082359572
3.825105885389353 7.606713603345177 2.172780146010249 1.245527196060717
9.091133713100925 6.385012687937914 7.9198826615332 1.279866999986763
6.840377156830733 7.909310668449999 7.386425003302087 0.8856692167891851
8.189120577575476 3.069360630065848 8.213098659065761 1.083383163719248
0.1629321034532083 1.675844277496723 4.923636903372905 0.9856561401565183
7.542600561906809 6.627198932527038 4.951849043613081 0.9524739984857242
8.225645543403042 8.887091750503723 9.83978611141319 0.7461086220605122
1.172416314210737 7.807579661331492 8.6980858340167 0.7994701618084973
2.850116363597191 1.723272540076379 8.829883155617582 1.029182022864024
0.2407696234310075 0.3611336939249998 0.05504178790784686 0.8680989559061024
4.782424684728617 0.1175101643024734 1.163158617352484 0.8993099883641226
1.71734688202804 2.761803218187663 6.619748823780679 1.067450773693113
7.761549529829194 3.012518903131793 4.35165105911905 1.109547323460559
9.300840075295401 9.114457201975313 5.802134639992098 1.328299981832034
2.384415756140618 6.923167086707968 8.777862161228917 0.7385710448032382
6.444400772308181 0.556404163945915 0.286017344140348 1.093030557861591
3.22414193582906 2.651210773718649 9.633006078251444 1.388451292363604
0.4518373206175963 6.525405816256691 9.483013558437717 0.8483337837433005
9.46421014919142 7.386153851974218 0.901175737211668 0.9522849680419351
6.904570293354459 8.240738910069979 4.225665760797018 1.10212146653638
4.277337390680982 7.708183822133158 7.369137812258665 1.09850529419719
7.668877068249391 7.363164268583836 8.691992802744384 0.9056042244269561
