5.188503670985394 8.079451379711127 6.383177902462475 0.8123434167119515
7.721091611662324 5.176547488373426 9.992934528567352 1.176118395590898
5.473191093924225 9.053223260002817 6.113867194897093 0.8535575470479067
6.650085579539509 4.966439258685972 9.669137387232574 0.8282638893485303
1.945119201556123 1.169585537091775 9.815175405698835 0.8184012022852868
4.377526264198664 7.081861221310933 5.503423277744086 0.8001884288736747
7.505260473772716 5.238250600941922 6.424944579234679 1.122842744446472
1.614996572519321 8.501991432963315 1.587074419865014 1.429281036549816
1.924791879122473 5.849402968854586 3.630338159641703 1.025761147769485
2.53022505719767 3.809791148946063 6.347763826746687 1.315892141190296
0.01328283802538022 9.468839619571181 9.9287462583261 1.194865752325868
0.05972171268011196 7.095249856071921 8.274267796902606 1.197690455819153
3.295447110968018 3.13834044882236 5.476897915542286 0.8004915505138737
9.824451670158874 7.210125667987072 9.459960334134195 0.7324740108839487
5.613214835774021 7.792978805515244 8.771872710385159 0.9419066508756403
8.087889800770112 6.629705249679577 3.12104701512827 0.8102153401910205
1.238663767282076 9.441542507047769 7.005741789601276 0.9464207070891166
7.045773838546389 5.255716941297102 7.740587251556939 1.560169026784952
9.143651735885856 5.768422973444364 5.318143131463415 1.266063942785939
4.219419024983904 5.232275182311921 2.501017732914494 1.023530490318804
5.558912934270099 6.669536630669247 1.796483137427077 0.7790608847372508
1.34776082562521 4.49963479116452 6.314028946078238 0.9182226094588822
9.492322112910687 2.472564385928835 9.976451719729766 0.9423549506772156
6.230691588677159 4.253176346296966 6.349197277291291 0.808067996043325
8.828960612946398 0.1695540963802878 7.638848847702872 0.7306120784799824
0.3989938891460942 7.282828509853402 1.12547001021698 0.7498289560868809
8.479539034034055 6.759395523202469 0.9712142837053351 0.9010730806579323
3.604988025668743 8.887141092916233 6.969584685521919 0.8028227204450993
8.714112029047195 1.156449600405667 6.985854035200579 1.581268804577833
2.242302454181481 7.368682988603341 2.254884410364992 1.433887161848062
7.467769522412234 9.032114061813486 5.180509593522545 0.7307824232833967
5.807694035244535 3.083472188162081 0.984500594486294 1.035249384080384
8.045719180728442 4.181180536923328 5.940703066493527 1.369855682668935
3.38104101870262 7.481244668202571 0.9676632696831579 0.7830919990619394
5.620220504999234 3.598539823123927 6.740981710652288 0.7599611263483983
0.7904402518033461 8.945052544586197 0.6216696785011566 1.080419827494691
1.235387108920831 6.525611718143523 4.834392640319173 1.273565518999278
9.150528884339101 6.402253022001684 7.786678286398135 1.092161430096813
3.755303484906709 6.590982872682259 7.122657624827593 1.499704949068162
5.985046013486048 9.42668837271426 9.518165459422425 0.9504440684394695
1.845520200597852 6.169750938064642 7.344913125313983 1.070578531602216
8.828432171676949 3.354103310673507 6.942877397511931 1.394472924602487
0.7427546934341878 7.620903233286456 2.474252587296076 1.465487096490325
4.846892274346118 7.200456076013167 4.858891998170416 0.7236589174142937
9.942270490358633 0.578874727303702 6.307615880841136 1.286395088464907
3.260495074391246 4.654520240054718 2.828028209896759 1.214758275426695
4.394413897208867 9.487155798664679 1.164724709720844 1.141393283785941
3.883140009996962 7.424393732166842 9.177321368879088 0.7811431389237858
6.415981609023166 8.775846683733951 6.079580002314649 0.7305566040012903
3.782968557111175 1.272370208178262 1.379856192119396 0.7688306258911858
5.364555181467214 8.260444301212488 7.27308361348507 0.9968630137157073
9.184680045992131 4.45361891759888 2.554195018338909 1.378474728463919
5.260679607253669 5.426016465163363 0.4500041452082792 0.7596120570503943
7.553142554684924 6.01776052016046 0.5962318651080168 0.7293362502636892
2.637101712305487 0.02718464378101859 6.51845229035624 0.7862737733507469
1.949840917881795 2.340632523151181 1.108196859289572 0.7595212339049412
4.233026183712019 8.257876420568342 1.066258997223775 1.255840798576358
8.753094743105764 7.575313431183407 3.188840586510401 1.294428333933761
6.479005126791765 1.108103964371855 2.105670829493126 1.351719679972845
9.217173368551173 9.463494953678572 7.576148505802546 0.8390659160322852
9.566299480753273 6.53688808820489 0.4261755624608199 1.525631605182963
3.057643670871433 2.143142507477126 2.738827125628939 0.7658802309333607
8.336617748180657 0.7831806318903367 1.582303972520372 0.8943234600617733
4.434461238452702 8.395805762148459 2.937235850080699 0.9797028331828901
1.958941188217428 9.008470223185594 7.547588638663015 0.8986927717098145
5.131226403890994 9.430464484353458 7.177594600662189 1.253919898800856
7.267488603705791 1.034787615039177 3.784422447475056 0.7331836628806537
3.438611536670217 7.11088262090997 3.629223245516827 0.9844789040708446
4.861924614485201 7.468038444946067 1.465797754164284 0.8152583584682138
9.939980985176154 3.065658559656335 7.462155819192843 0.8043116777035264
2.676564344851351 6.577618348764819 7.727126224790137 0.8534526337816536
9.513008275038906 9.515654547307072 6.046815448853016 0.9967515397705701
9.639374525750842 2.101264502313721 7.501437637376474 1.099782471595603
6.899990443512487 4.574725851711942 3.24447723747029 1.03708585781623
3.403839735277045 7.491401620342536 7.90579265422923 0.7402289508517428
8.918887585511158 9.814100386450546 2.155884202808702 1.598522205668981
6.982779732012781 7.782670779221469 1.2650199585333 0.9209134453786399
4.391220694477239 2.724950473652023 5.544008418709486 1.499298122095665
0.1937942979876428 7.023528884284496 6.462903177507168 1.053342506033482
1.051581990452437 1.576930201986591 9.974790897401668 1.11502044831621
5.23635727746768 2.86083966854041 9.246506504983415 1.094718511971897
3.263238565567851 4.466519060199825 4.653299617180827 0.7657516489890603
4.348691394795773 5.182319279344862 5.918930904600231 0.7573335013761802
8.114078098514073 8.576413322416622 3.781794336689467 1.152187646643697
5.987353788475983 2.645914342384555 9.921905492273616 0.7851346968249304
9.850900347018097 1.876505257219171 8.529318520547696 1.009565754335022
0.02744628231286073 1.163903555978407 5.299216336482815 0.9765209397839583
4.075559206583804 4.232081071143471 1.935809934447381 1.246171313548629
4.869624784923282 2.45993208076823 0.4080657064205728 1.424712759024328
6.106719269611804 5.211778982621684 6.053862060334415 0.848639095743382
2.76901317698275 3.729928124741573 7.798381822857568 1.546732200639478
1.61659125842089 2.627398425232379 2.942436075811851 0.9732480010107964
6.894500059663188 8.894722078421257 6.937660472658426 0.8654188342344356
0.7493703840671562 5.296287110485094 9.171973106333105 0.7822856252834036
5.964788039703856 0.6664164442397813 4.818267495977907 0.8253350234513535
8.383362403560486 9.067245978458057 7.554244321973915 0.9657211236319806
0.7723716806091708 8.930191518973317 2.453183537887917 1.074265514157211
2.058650081317449 3.731767764302146 2.202821702718873 0.8209452132108397
5.8792962877023 9.980056121883829 5.259121934325189 0.7281170815504152
2.192994486536154 5.183510900883271 1.64439879691879 0.8575470242950453
9.191839032258757 4.375326160182178 7.322725632371236 0.8072706218585205
6.122880034096646 6.01326368778163 7.983790926963859 0.8164455960661332
6.787447719344899 2.175042491592605 4.063554967175286 1.58136417842907
2.30091675188911 1.073765833023396 0.5754759926353525 0.8067992002241098
5.733285476837187 1.338718010304791 6.72939069154192 1.127664501800568
8.74225021298354 2.335940671206675 2.259721967379344 1.016698645955669
1.622050150227041 1.508571666435766 0.8932741319663408 0.8543534753773742
0.6236124090691719 2.789269870659423 2.61615360276284 0.8563194799295839
7.418143684872024 3.318393847332885 6.236224195193183 0.7534892784579712
5.374989799674721 9.707189912522576 2.821895677234936 0.8418513297088728
2.427866283657273 2.702926168463716 2.015902771268393 1.332429222266389
4.581591557732287 4.798333769524058 8.765057824131512 1.294358412146864
6.475017161322186 5.494962338649524 9.013352942881337 0.8424514186510178
0.5150152133845233 0.5874664350289117 4.249381231415165 1.325819988418901
9.458183150903473 1.648205767057642 1.219135909749192 0.8322286317661672
2.357338365044042 5.411281081299767 2.659517029581342 1.121862105038428
4.625042849159434 3.687552072242166 8.454579444615977 0.8937955752890073
0.5063624745189843 8.420812408815141 3.256488464461682 0.7654563599438902
8.377211117825384 7.673232375873584 4.355385087851698 0.9932351863522145
0.294736627962865 3.344819296312179 5.937935541019162 0.7662719871359716
2.636681445659933 8.581403078075699 3.654197178362299 0.8355446498417984
7.569446719970969 1.874108004425201 0.1338252338666013 1.21730544096733
1.402524655885016 0.3481008477176495 7.393353674596471 0.8573036305461655
5.344203463043242 1.948806031421654 8.759559195379801 0.7371554475485302
7.843402209935813 9.990631162570921 1.389793564657971 0.9449288193527779
1.560272448998753 3.02914799865817 0.2550609808743487 0.8200528637613936
6.822524697897773 6.485182884447403 8.71384071586774 1.293196469943643
4.248837867680891 1.712155460820038 1.880413128207203 0.7408892912038035
8.016045414976883 0.1939818203360577 7.389823064631445 0.8807201380814724
6.363299422622433 9.798561102698722 8.782728756058392 0.7795340085522273
0.05745437827120781 4.899262895985309 7.589478982931104 0.9407773845532876
8.622266653278485 4.595271950557485 0.4326496174832295 0.9464596273675649
0.187689581106526 4.055213600921763 6.768562368817755 1.382885623737979
4.157691375190431 1.456610921177043 5.145630156805495 1.10803474645511
6.049753548306979 4.940608352836682 0.3860641032333756 0.9069979628617487
0.3927851249818837 0.6292184067954976 9.86940258998435 1.147972583050137
9.49708580026873 1.6904541315649 6.050162784233541 1.031893273519783
4.017376929020634 7.230125941875389 1.583839772866478 0.9130314983096571
7.233636320720603 1.898460858912319 8.887241929904736 1.308422124693696
1.973317465698675 9.800706476623796 9.097287702717262 1.108588178819306
2.242915991049113 0.8404452338443114 2.108672576938529 0.8045227310490722
0.08011309464790561 5.891040820428517 8.283921627968864 1.134854394999206
0.6340094268796537 4.998984350519611 3.593177356474544 0.8479223799218113
1.292170425136745 3.876959943740352 9.616541918192091 1.01885935228987
9.142206916126215 7.23080684958825 4.114283915880417 0.7549946474348586
6.868055905211651 7.857856108514595 8.646906622356131 1.335587663214908
5.038502824851663 9.255679253183777 5.036548452585438 1.412714183925317
4.108459026929495 8.990089150093398 0.04423164530385271 1.220087645862942
7.124034590168542 0.1970401862853078 3.923603785091061 0.8934424546778779
5.68397143266912 3.286804959026002 2.587756064921964 0.8597367069769893
6.385975918250993 1.11817313643397 3.318567049553274 0.9667711124992201
8.612004017994442 5.059894926744536 4.706157633977859 0.8251782072655682
4.477273789885109 3.459813589973646 6.626538492833292 1.076088908950309
5.056070301802051 0.633907077946423 7.328755736779494 1.115645846106533
2.585584818808871 2.842996653098061 6.928464481069348 0.8899868866565962
3.664615123288956 6.890016068722145 4.654588599903768 1.120697945927095
8.708783877477526 4.015720130463362 4.943492362824634 0.7367692456884907
0.9191652935855922 1.139371471858757 6.873360851842998 1.174557453558407
7.601440846233343 5.913003538610016 9.225933715810504 0.7765773705397272
9.822921923182218 9.380807386438766 1.069020637508104 1.076584371551623
7.681357241820105 1.494466075297865 5.9493924640196 1.13848569253101
0.851045216705959 7.105980926949816 0.2219488821545901 1.233241113097521
5.786969761204475 5.505453686530937 7.096457235118439 1.232726039065818
3.626265206649899 6.391482576253514 0.9525061170444017 1.212344686319395
8.846764446297916 3.079641028324339 9.286768952945367 0.8157459899814863
8.714351486204093 2.297883848625192 7.339411437372763 0.762469127159159
7.445941243970331 2.843426850635768 3.286706699376488 0.7690865020716328
4.030246724066732 7.459957383051036 6.183807551130778 0.8031164236650852
5.95077729287526 1.024566411800927 7.689419596855993 0.8039417325767211
0.5249710878982851 0.3131094037242455 7.216679589521287 0.7473042402869222
9.683996632108515 5.742405704748142 3.931163957674658 0.8561664586433136
2.991482602094591 7.492432020489321 6.2740060303531 1.073148099548181
7.235272146180506 4.460141263647201 9.466037874585368 0.7410660321942326
7.35108325047531 8.57472598420517 1.903547975526965 1.02067212872643
1.225384267610631 9.762122397672078 9.939016804968098 1.091592615514132
5.315578853174177 8.714118798850883 1.910078306988666 1.586451273000649
9.751713889784883 5.460377593660805 9.393315086655225 1.190332937790848
3.556265766212098 1.915945787730301 5.817423950866583 0.7830209645350081
5.638264258670629 1.342270925754976 4.09609838274071 1.190385772206941
9.514283590066194 3.73037890134726 0.06598887996208891 1.49460476604195
1.364134063394461 0.6113644381021933 9.418770738393089 0.8207166638720276
6.874934361146259 9.982138918211103 1.709425567905441 0.726618926397245
0.447424970431124 8.531186165865252 4.254200399077662 0.9971553415408988
0.472320491352517 5.956305037217259 5.837048455432782 1.433997148281528
8.285245059632961 6.337582046188309 9.968370947845335 1.118612684523645
6.502360749231511 7.77334226284757 2.523249321668854 1.560007932381507
4.449893522507665 5.499368603307138 6.793684832596356 1.074290758280459
0.8864955650599095 8.677012449342861 6.458374325835817 0.9597515879175432
3.032439560645801 3.597221384665668 9.09372200187719 0.8700006744484873
6.012925776325131 1.158403056072871 1.127131332606318 0.7327562160402077
3.771303577260747 0.7262942229891767 4.097970443138731 1.419586962930156
4.201474453768902 7.410387246424234 2.97908754289843 0.8629366003809642
9.114831323304415 0.7918460291376007 8.1571766891894 0.9218812540396579
4.860831557338667 4.81757684751473 7.553753677817659 1.069364903201018
3.134649541902674 4.482081853290981 6.902574017156174 0.7394081262168301
1.389929143419383 4.504867580668533 0.3325240651088035 0.863828567349429
6.600441320005903 0.770599846851966 8.465314714646235 1.070658475063685
4.705258885119249 1.563794730830426 3.479073658209704 1.00397739556978
6.228130936586677 8.787039507120975 4.389149597609407 1.274225376592913
2.241251158071007 9.593270221215867 0.07763905018010499 0.8830984161203318
4.929188955513837 3.842995615415895 2.35456640597635 0.7431301542491272
8.757056349292965 9.043342291433207 1.085477462975483 0.8315723173876879
0.4733702392567163 3.859728325370887 8.949962502760396 1.053328886907573
5.117813377419074 4.518901932361296 6.350159394720845 1.40712136059576
5.620005507801993 6.991201432770547 0.777704004870835 1.20415955520509
2.951777848070307 9.843399495613669 8.787471688481341 0.8061391770445935
8.856154481989954 7.248025793195703 9.742252756455613 0.7945934376073212
8.902299508440031 0.3072333223170032 9.64790980985711 1.510398570274172
8.042074917560161 3.997326421591981 2.054133708291278 1.072653120594834
2.761301885799983 0.1548768257832012 5.65258983129347 0.7803780613270999
5.520699639379072 7.376302716732475 3.298554174731443 0.9916726486265437
1.102792115262701 2.522669785149883 4.531110851228586 1.101719375968732
5.338933601343954 0.003184114795524717 0.9991012670818744 0.9930596182564031
4.17692503324336 3.629096876663536 9.641412020072316 1.58277195677336
6.61655579089704 9.034438307793796 0.2613048045428201 1.066356592448248
9.95803600684291 1.010399364100551 7.502647351147217 1.057448729761342
2.877957625141444 2.29962003054032 7.790230121889243 1.010744778599354
2.410959003948862 2.652805958731081 4.626021747928269 1.457289533248062
9.818542153949657 8.937373881117333 8.146104814286698 1.05539635457657
6.247459883204669 3.271991119827905 9.328363941992 0.9559991641797253
6.62775040916112 2.42820683769895 0.6208993511336502 1.023132080606666
7.148909671343202 9.319798723534323 1.317009782266847 0.867806085551553
7.371556207136305 3.400391064309626 5.412206394171697 0.73125562252967
9.005548915522231 2.291556647112623 6.586970915720754 0.7288994431275313
2.667008426893465 6.451933575262742 3.064510143922895 1.084156776544051
5.76615073580016 8.376287084164545 5.513527125501574 0.9969976746064624
2.759068220904088 4.626155281749089 5.709554586214539 0.7516028396859112
8.347648406669125 5.694035349586993 7.194684565866647 1.178397668539086
7.157537905262468 7.607214474379503 7.618543512951557 0.7923541736222627
9.977701680822468 5.144036918484785 5.136387592944276 0.7933236348455384
2.572565339331176 2.632767493498723 3.329291979928074 1.010557203960026
2.831899117933538 7.448315248064011 7.246948899138952 0.8257108639741053
8.772043588378256 6.865306887175778 4.88684676873586 1.043940856225225
0.06355496122638971 8.679188494439467 9.131397210132615 0.984072401297492
6.754408931374948 3.047994369512436 5.826855832076753 0.7908908732494515
1.348025307555708 7.530963580752557 5.276550189454832 0.8461259789808614
5.461031845734119 1.636342616160754 5.422787795744446 1.481874227568628
6.192932577376811 2.108331766708159 7.295285545677409 0.9184395264069889
2.117966823654974 8.087506944775742 7.592327267079038 0.9341769973142782
1.736851120097928 5.534608711342395 0.4859715184535163 0.75051612488284
0.2177435233321657 4.843834360328046 8.581027150404907 0.9739122324306531
3.796622578898037 8.967595599694739 2.160798039552899 1.249740245320827
5.319920048005806 8.246588471750584 3.008028329411968 0.7291766583511045
7.193593037233382 0.7314965336662549 1.287879896000867 0.9079591474281244
6.990000001026409 9.074755786312378 9.146821183704379 1.205880935749823
5.955797025645285 4.479003993892851 5.282507545251843 1.201620979551476
9.907974488706614 9.020618743481984 3.548811326912833 0.8282830213418341
6.061726228963124 3.550520257652913 5.910463244421727 0.8331462111051694
0.7572245723315629 7.736763603201838 6.296292142985346 0.752474205523921
7.890434227880532 2.753706164870603 4.018135966516287 0.7449349351677589
5.68162315303895 3.881522264139065 1.742292699745632 1.116791514362827
0.3168018752908864 3.317075172904913 4.647544728785103 1.100441548207555
2.261479279685035 0.4321503158965934 9.998765370419035 0.7722239735960543
1.901640066235686 6.596310075625447 8.398821845147507 1.138299163696157
4.880343029594423 5.119788677031071 4.358443106283741 0.8299570903185411
4.143525538191541 4.478923833488913 4.254191541220865 1.0402482337868
8.496196009211403 3.280339944484017 3.027915814199571 1.418560306709005
8.041887316518707 4.406778547835626 4.725657434012679 0.7446719490780336
0.7254873761824733 8.31359759018744 5.46071172934067 1.129873058497827
1.469670276520378 4.18701607182565 3.550714989404278 0.9213920503694384
2.008939597552658 2.161390901736575 0.1210572186581716 1.08751296264528
0.8454421206768349 8.860827275457165 9.645180543245036 0.838050481049773
5.563666181834193 3.481809226194664 0.04608422740425278 0.8812053507518278
7.917842200978695 0.7151271077995903 8.470603420096088 1.47010384503562
1.78575255394688 2.183120046163262 3.749960897849527 0.8517651967594811
6.996325422464989 1.892107551611455 2.815213649151575 0.9585163697657023
0.9926551400720997 6.457160696022645 7.951500265848042 0.7527309057353971
7.12759145123399 0.06733810108702999 8.995398019957724 0.7794664389557536
0.58450377285045 1.603693922711117 9.054188808455876 0.8260699194382611
9.081343821186428 8.441321169247578 7.834121525448078 0.794293345191715
1.87180172596269 5.826859864833618 5.537062314328969 1.041139594314302
8.932072496572532 1.292169721330516 2.275394174143683 1.050186098110396
6.039165453180948 2.907686193838041 1.922223100319096 0.7869665726394065
9.660435038869021 5.006164981581059 0.5122148267717319 1.169398353760192
7.863991541333212 7.180277611972856 2.144615114493666 1.430305183551561
3.293200937422677 2.125182658859651 6.809721308915893 0.9915499452975204
5.453029289268818 7.477856659257325 2.017553044583535 0.7589461884161731
6.432329918126297 3.379325486259463 4.85732272435308 1.277535091036434
2.493141256288296 3.764723249731741 4.176689129688942 0.8653609742928792
5.100483312442855 3.853598628498126 7.298308708512309 0.8194403139093269
7.43781962530438 2.532407576529645 5.665752454026124 0.8854436832901273
1.56236900012293 7.377146588240751 4.256947688179481 0.7858720942112918
0.6471403514402209 4.963052077918229 6.27788159634934 0.722427438894427
5.873764041388671 3.099972264384863 8.110377194759234 1.48510450141804
7.138154809303614 6.661326464969834 9.926471988844868 1.068614425083803
9.010929472671547 7.518925271426464 6.276893216017496 1.336700417189546
8.224251997950473 4.791816464576033 9.233972055841551 0.736326223968762
1.070128177053601 7.908578125504134 3.717738995086699 0.9730790688369437
6.435157854440756 8.519391740082392 1.400556557706994 0.7738675819754365
9.508231164496413 2.517957990946723 3.299143150923442 1.114689879299786
2.873185329808206 0.1021350778344099 3.997372199514459 0.7247872315940502
7.963393330076219 6.364948820856188 5.869703349944224 1.489887444971646
8.965790278688214 4.665414047631743 5.38462002354421 0.861741211412512
9.029267556738626 1.896322467586883 5.239180846694329 0.7887492426239611
7.562259476077804 5.033706564458543 4.089805809166039 1.230862179853528
0.5516086470676053 1.133826882165877 1.186460363483925 1.413749266367174
5.389514558656812 2.551996098842041 6.600095965446287 1.331586451178145
2.113593349931085 5.979869119722689 4.598271493974288 0.7799299414747976
3.997510674156165 5.256156786286178 3.505779706195446 0.9866429644914366
9.498433469494296 0.2349812813703056 7.199173514833599 0.757778125137475
1.847574895981985 8.500413371876355 4.601953031008187 1.591126442221723
9.202835480949503 2.772976464644476 1.197439892302012 1.401082507651124
3.211443413733981 1.312570539620914 7.439140738062671 1.022091308319835
4.818250267053973 7.928189342533951 3.604171957021193 0.7748842488117892
6.81269453933701 5.524425449163766 0.5466155042312894 0.9358805949428196
8.086482516947607 7.270543482037692 0.2240189721202468 0.7823467246335774
8.19619477843673 9.445489650718587 5.753541232502091 1.102249619366641
7.467059827998214 0.4827658113184985 2.137013955167872 0.84177897896941
6.545094719564127 9.147117609514513 2.094009681163502 0.9584598667148994
1.879881957331891 3.162372296082064 3.682680123286949 0.8122115990101684
8.018479190965357 1.946999476591047 7.919838314158467 1.107350814126552
4.785661432443512 6.033075735887528 8.091172044017998 1.487795797855849
3.997701827510307 8.866876223943921 8.6541920645298 1.039754744360898
9.683279645511153 4.929150297498915 6.024418908976628 1.071765800275013
8.595807400500595 6.43073924657701 1.811045685260871 0.7224254550060344
4.383543408088213 0.8690666192382547 8.881759396208427 0.8378694530604053
3.987557229210798 2.086877724812454 7.61509106007244 1.088295685409293
2.410103944865779 5.04097506901126 5.118046798298506 0.804152674548961
7.352136211501906 7.477216105694242 5.599996249823784 0.7572796209202246
9.296312488877966 7.438544873253517 1.703352788247118 1.522691088212766
1.931943003273317 7.16761863430518 7.384154142955855 0.8458030448292782
4.779373574127442 0.1069045136766511 2.081055176052091 1.110933196420503
6.323456232461119 0.3534924825274055 1.177337914269129 0.8591991104574274
2.653557475936891 8.478813414551116 2.128938497001256 0.8744128146198185
8.067002900875329 8.039597782775559 8.107572479785937 1.266303860240943
7.842818238201841 5.183931804112603 8.702261055159678 0.7374926990213224
9.776959691074762 8.09537225648957 0.3100245935658908 1.570692093477399
8.000350453461071 8.552917787029424 9.170897367985825 0.9987698373930125
1.856797804210798 4.474806429754737 2.691959624887173 0.9432701451251296
7.764863476456903 0.3396433151914269 6.353388557265606 1.171104295558122
4.693192119061401 6.310226075698659 0.1503809064123462 1.336261544078013
4.406428195072858 8.182859300525683 6.465939916934898 0.724893511170759
9.478460269868892 6.763391092871601 5.629032973997709 0.8155463282541552
4.329757905006201 4.319345936390017 3.222384676112137 1.040097077890106
5.215411865282801 3.449417891619037 5.978447290085209 0.8175363635465841
1.708167431177158 2.817286183431629 6.469728871144762 1.015668022696955
7.624738374304267 9.446462734336693 6.988726616475602 0.9316445630000273
6.193830206963154 9.53146999422429 7.210691962183931 0.813435059566183
4.715584597759283 1.101423809144358 1.950359037939886 0.7572670624044541
1.406889728581064 5.05487281067217 4.511402725412774 1.493083996183453
3.343552432273845 2.357952317236895 5.199570802962745 0.7540850343440894
1.408235393124117 4.331245126310345 1.441784573876727 1.330296584829113
0.277248201016802 8.46071429890538 1.503862898706771 1.062051636715597
7.827893000078044 0.6209639491939035 0.4694301776928556 1.111661729701446
3.735854169409099 9.73811090087024 9.161511811314716 0.9058781666710863
7.722313460014433 4.726148390588157 1.255847033512272 1.092988261733214
9.462655355944952 5.154541528535646 1.610097771805789 0.9076686233750344
7.63268356148073 8.150869754776911 6.979739143407688 1.095835824046746
8.568505381117999 5.620223879757932 1.035197050753651 1.343480541238721
8.306090266479018 3.020084114595754 5.651002330002973 1.014877591833791
8.572961556503889 5.23884346849396 6.213723734149959 0.9899664914501732
5.249988797049532 7.988911201173667 0.9305630018035672 0.7976870873319681
2.961097545921173 8.955233892339919 0.920131713272463 1.590440989706813
9.011615021611879 4.719648290100671 9.479348901839179 0.8724688586396246
2.763664842867179 6.240954200732649 1.941061934084725 1.076290238516346
8.936705723990595 0.7310462182301271 3.253098109655733 1.076382498684579
3.81442315003209 8.708784631401876 5.313278032594653 1.021504945060654
6.732042062056434 8.810065173888363 5.330090148190634 0.7866835664012353
7.837311657265328 2.439903336311462 1.212480592249702 1.229757455181595
3.510782642343938 7.670378771140284 5.40501850333446 0.9189960257217769
8.058736043197531 9.112651363859708 1.54473888288708 0.7928732143726414
3.289220907573621 5.238577932059541 1.620172904298513 1.237355958318204
0.05005166485081426 5.717512555369049 2.637375584942232 1.577693294046158
1.072283253391441 6.478004615951731 2.262790479894247 0.9019173586407364
0.6044267602567434 4.276148813939804 5.453554165009051 1.328621574473129
8.016496975238548 9.779490696993985 4.541933792902537 1.315292307931432
5.894440458832532 9.961809021666744 2.032198503273028 1.053715630703062
4.766179781364968 2.511906700066767 8.445941442298885 0.7955487214049838
1.496596100403053 6.795452309087612 3.195051431005345 1.106961160708767
6.500972707323751 6.841604175404073 3.446871853202468 0.9461880339691032
0.07146128676851049 2.294160835128403 5.240800658965881 1.2240409182357
6.099535262959365 0.4426893431296386 9.471685127095997 0.9748028520123667
1.727952273405525 7.693543938406518 9.370986460624025 1.356654024008068
5.676667317701932 6.567508636567419 7.519831024294851 0.7937678519243129
2.47666178124508 3.731974506806425 3.093646528548556 1.077564297006058
1.653976788925048 7.778075846031566 0.5058177569816358 0.8342604598487963
6.514440278893705 0.7777110067573135 4.181006592617598 0.7360300941730336
1.541568209912418 0.4917229265370727 8.352873178860994 1.045695785073021
5.508690486072144 7.100339093771832 5.811229205543466 1.501259248780204
0.00753404180741324 8.027760789007154 7.250725469764669 1.468560680482883
7.302896871013208 1.016328567495983 2.942453613396932 0.8735040259578789
3.520051359844388 5.371693959784158 0.4996347906818333 0.9465636581519553
2.420821470165628 8.008529448740463 0.2156425118037808 0.8241390114558842
5.944156649556032 2.062679740415516 1.429386016092145 1.121839731810651
3.67987318095526 0.01435275795613644 0.4677652880419503 1.070991590585244
3.094305693473242 0.7040067985221299 0.02326565395907365 0.8206081962686189
1.827208568655307 8.074167211499839 5.984266602956388 1.079418210956449
1.759142472038704 9.689306524437733 2.407470513539712 1.369284057302783
8.682138635811459 1.85569872203394 9.195292514708031 1.555249332228881
0.6706468858772463 1.76893857364064 3.326086843742025 1.587835098081397
3.805378868837101 2.275795498092178 4.105326612117517 1.552775477960464
5.199528711596987 3.31634535884222 3.297336159064955 0.7853083163614477
0.4933262231348834 1.600705016615158 5.966031469901602 0.7246349254847868
3.767878381918673 4.423887247417583 0.719362748124871 0.9706352631932943
9.356958847203764 7.085613488761025 7.17575796129964 0.7332502493397082
9.67594138652324 0.3856343709782573 0.6889023901635972 1.026162003264173
6.059613789850999 8.030155468842967 6.394189808166272 0.877082594976123
9.766617395723369 0.1621504837260057 2.996779372182527 0.7564599866694748
2.831132107884758 7.230125013477591 0.3407428047187323 0.9138381650756712
0.6460414512542612 0.6555094754043934 8.061079623337992 0.7557307124391158
7.150199850013675 8.586642213663483 0.9147332473842562 0.7697823098177582
1.456292030354418 6.354811778332416 0.6636691339952151 0.8519794579608974
4.779338269850006 1.677109875404392 4.46064830983705 0.7244528466422642
0.201978027417632 2.015579964761557 0.3805802499602706 0.8334853050001878
6.048341334473598 4.031926529238579 0.7733120364736624 0.9066346894225568
7.682644306841573 0.2491848544718933 9.586319481633202 0.7821348430909938
6.100392873579706 2.338501483776002 9.093004699409903 0.8901519250277636
7.715308156232897 6.908901810006476 4.738640323565273 1.015291997496662
8.168049650530083 5.982123978943044 4.613123475265334 0.9996784604456186
2.473212914177748 4.782699666230143 0.628808559525781 1.325992875719327
8.700375729816621 4.245244085947326 3.954107736435503 1.207392403493307
6.871526958391424 3.908380125856467 5.830424920186691 0.8847937992438674
1.842801030827236 0.05206259652834611 4.574422695475428 1.207940575205078
4.29126095104994 7.944040607935023 2.12523580887835 0.860649719285248
6.622037066105372 2.915877434438376 2.616962682918324 0.8307887370159348
3.072949889689579 3.183403224039135 3.836883963747661 0.7506147884592221
4.072380517144264 2.106558036651817 1.206343736735009 0.7863301126402651
6.798970532848799 9.762838676155443 4.915375576184552 1.153060302644267
7.198560939256152 6.53775208975424 2.880129612436457 0.8833087654896397
7.659491295434719 8.429684980103374 5.884102691577586 1.117834971812045
8.940926762779627 0.9804489817661334 0.9103863512503553 0.7797742403862544
4.972251329253825 1.616093680048437 1.27545786530434 0.9378580145578953
3.550325736074838 3.207453575394394 1.065254717917267 1.484143639951395
6.607521772883125 6.391268891814709 0.7040592578862659 0.8014375938406808
3.076183780334275 4.253175646554093 1.327316527922842 0.7550604656137245
8.240881423299793 7.626749829129776 5.370627498065792 1.008765572687158
4.557666780393149 0.1194196666163072 3.249202429670642 0.9332527582531471
7.020822649028061 9.773079593862853 7.910844433585257 1.286230837085901
2.983607605293423 3.678363048719245 2.006388119641023 0.8588424163439434
5.981099847983411 8.801025135383124 6.817283852410235 0.8420338082104774
9.66712904977549 4.345927170604398 9.058198262157847 0.7387638278317786
1.28155906741922 7.594304717769738 8.131054960672984 1.205823186097448
7.380086534110908 6.138896041370939 6.93098723229636 0.8747724385527622
0.8357365210241153 2.376051837205482 6.125266788658517 0.969581273995022
8.965905913183063 5.627138513847476 2.128698025453514 0.7426577418584195
0.3019953143544607 8.104105498381939 8.386328774613659 0.8167079382342612
5.562688939649911 4.778580558958765 1.134856475015458 0.8401642217094515
1.682395453731312 1.372944966715253 4.498753834702756 1.306945549581694
0.3237016720464825 6.618781320085641 1.741703175904173 0.8801518889450266
9.988917435558205 9.811878467699582 3.655081221684317 0.73151490612723
8.723223746012104 0.03348711885083677 0.8805512518583736 0.9720980509258632
4.775160880824851 1.686930717749316 2.51727877879975 0.8450783171529037
0.7386758365773861 3.660066310816104 0.5615842709286134 1.103439980177851
1.092035972339363 0.619883084299211 5.503728033671173 1.382505259633574
6.84636954151509 4.809108083615681 5.779351246813919 0.8534740649239164
7.940381725924897 7.212593119544924 9.164216349866143 1.299770332237999
3.958139692297817 9.442222204113124 4.701077393182214 0.8139745762956981
2.37302329227068 1.14476827172062 8.09696683972431 0.9761236296514471
6.583806266264507 0.7184505862929225 5.806257130583157 1.446329061761094
6.589939856516742 4.967558548270627 6.695230316528347 0.7314243035874807
2.954688401361581 1.888911829265866 1.02594724022677 1.35053695685584
8.491792231522892 2.132948702619775 5.976700318291616 0.8605776621748366
9.898016947508687 1.913431625967817 9.448114769678478 0.7244846644067043
5.149708440376492 1.794658560725833 7.725680229003243 1.274155128336002
0.707489141053106 9.617128597824447 8.904789317105505 1.19095003578486
3.819765716250035 4.181196629887383 5.70859384288688 1.497565259183789
1.992565722824909 9.872318894906671 7.000564149563806 0.7262706431363163
8.695280720148107 4.571422121602991 1.499140702149807 0.8817921554979558
9.473549240426115 0.8157618517269251 1.589198935013496 0.8956568548604648
3.859836053853473 0.2618360857847324 5.514204725871351 1.405975025116135
8.868341929110171 9.93554011646809 8.44724787951081 0.9188966907204055
1.538543008695614 1.450872076269581 8.987625421648202 1.052690256931924
8.239579991924428 3.666454004924733 0.9481630737448189 1.227080397326354
9.988088851491272 9.005644089423141 5.34461259982093 0.7740357528373428
2.92987182062503 9.462249151416717 4.914680545953177 1.237264797857378
6.986183100355273 1.768726191441945 5.2258670997398 0.8396961665744752
2.143311255160111 4.246401978489739 9.744753000767732 0.794210885926936
3.908271826469951 1.463842198541712 0.09907452335389588 1.306299065925788
3.314382056292439 6.380928671988867 8.735306266063748 1.494374828143805
9.509673898233743 1.337171848129147 0.2127398250110147 1.089769594194076
6.846940406740341 7.150173116941835 6.567851171526309 1.448236744721686
3.082686296329908 7.022175724869375 1.521670908721546 0.7327792400412109
0.9561616845179722 4.927285439232531 7.117471819387812 0.9883385875287861
5.700648928726278 5.029217928279905 4.412591213212019 0.7284389618667638
6.530760209780241 4.272139247235117 8.716525070517154 1.290931449037192
1.914436209704026 3.296925774386084 5.558176183112632 0.8741855328925012
9.941625456205408 0.9489860261780703 8.453173283498392 0.7640147097020253
8.540981969507744 8.408022670328835 2.241210044462751 1.114735716858682
9.601997960716538 2.595898486493484 9.099165363906174 0.7669076052548729
6.434109373026746 7.639234089623931 3.930063022630739 0.8776341790628522
2.594035637336321 6.751978575351147 6.826433872008972 0.8274694776127522
7.213181959350348 6.556095674808367 7.641434502771633 0.7513750135489634
2.661759535740651 3.842762147060679 5.153019905709685 1.033793866034009
5.637186563790671 1.168233627284036 9.807930179158255 0.8064318695524655
8.673252982800355 8.068047164208275 7.192604686234703 0.8659815273786852
3.524492662626396 0.2376857890494799 1.696989602893374 1.309550154517287
0.1276870153474463 9.403155063846908 7.045909686588074 1.197898177470474
0.4656353193203056 3.038359261236566 1.566901192524845 1.119978363460403
1.280701275225252 3.22991727679752 2.163260613315618 0.868947837036789
7.777430658550006 4.224075413193328 8.446683180025198 1.217541821660219
9.181995484349113 8.425899547338091 3.805170436486126 0.9372007160720358
3.393816287707933 4.031213840763955 3.725817937980285 0.944540573561913
5.095278470877448 5.881899356032771 2.240999933156748 1.096864787726375
4.435546931499588 6.583331504481833 9.105281079494549 0.8419834302074259
5.991627967721795 8.884063651887276 8.201805101067393 1.389248667950143
2.427305422657406 4.501194377206853 4.540702261728425 0.7359540504909834
2.462121463325952 0.158318503777416 1.695632343411104 0.7346255461848741
9.328373541014431 9.560270270537849 3.409174152030996 0.7403715928218857
1.989639765209086 2.842796853080301 7.557815803490722 0.800667271799552
2.138031280868239 3.192316455693453 9.57098911230362 0.9380333480867041
2.147432304387895 7.653481013341938 6.772408124641187 0.7390006107188312
3.353999384325658 7.954270813133132 1.705332965558495 0.9234775348959168
3.426698526117592 9.545789121521892 8.004921255977482 0.7782897807267849
7.785924369151078 2.740512582529294 9.477378076236244 0.9477685489086545
0.8042681727397394 6.007760943956909 7.130544005318975 1.036573913085857
9.838398516657584 6.916025235747825 2.638635773516225 0.7998423829220519
6.678463729750185 7.99008981876078 5.645818131455377 0.8914350392595032
4.229363682932129 8.552415519568727 4.37287316332721 0.8274904064990439
4.413469171859873 9.161920489772776 6.197530836979865 1.167558863494606
3.638433763126591 3.18192524725928 2.858739293472831 1.455468717707396
9.345258081524966 3.709398437198929 5.719178884654065 1.259098276000718
1.436371762174144 5.119537445345527 3.218570761096233 0.8694293174442033
3.326308185152751 0.8391579627712621 0.8162884828305961 0.8109590200332906
6.083868083572286 5.120334832291371 2.385815070652818 1.311852359522816
1.28418476508329 5.387082054348635 8.191987699711625 1.362537834826647
4.898413597804099 0.7174051133209193 3.783938468309859 0.7347041678799546
8.321816981704421 3.082966062125429 1.882831446894039 0.8216464709036789
6.078194318015731 9.275071529232591 5.4851158317892 0.731508429310429
6.585285299260252 1.860317447567189 9.835727326511197 0.7529523524166168
7.265378096470995 3.659703244465404 2.786563805313419 1.074374787678998
6.731099567641626 9.447228871671779 3.801960393222061 0.7227039672802221
7.320086684239329 8.977006628902592 4.244415932145499 0.8152274645327697
6.639734185323142 5.713947611164051 6.523214993591567 0.7708664700634146
1.561017813365212 2.445218479799464 5.478593063108904 0.942368662557537
1.219696385532801 5.379387783044346 1.093643611581642 0.8182871747437727
3.005051938656466 9.927802295716496 9.690791664423827 0.8391418071153829
5.323629959328832 6.643702177990178 9.259813772643785 0.8991920372492207
1.438489146884973 1.614378968302422 6.037864472146019 0.890192913224678
2.881216840449623 0.3643275827980886 2.939975767846731 1.399997435001314
2.303643769834425 6.809818425172543 9.233238829343653 0.7253816390645673
6.389541097190919 5.665028472568187 3.775314754880914 1.454455091145824
4.480505713981029 8.013963577687498 8.707461785266696 0.8122229787975848
2.739082753475016 9.487197370385216 7.284659237945828 0.9539329115335314
5.281792928242147 4.118094375638157 4.087538144350847 1.314778158424858
9.194083370686634 7.886712891675598 8.879229345928547 1.377537135707505
2.394376091028778 3.723207551762147 1.302305923952646 0.9369579931836597
9.161636621711114 6.519256866814888 9.032665600967361 1.284605396944732
1.459561867131214 0.6622579296450316 0.448353239970275 0.9733055313269792
4.429124410154031 5.026640398830858 0.005343981549458255 1.184448327947071
6.219459640940121 6.404576583286052 2.499336802616451 1.156981745741388
4.044860016927498 9.097551639702663 7.697044879532148 0.8399879851148238
2.36906652559046 7.490446799655694 3.634253668548627 1.215980284217449
3.714125133257477 5.872036097263118 9.759370263485442 0.795069910972606
9.323566171826313 8.700405687218211 1.631545831629716 0.8147715260885977
4.47442740975865 6.750765278472572 6.215827748805157 0.739978140969204
9.891050204668826 0.8158779768955405 3.392952612928404 0.7524536558297031
8.056885439956449 9.645440651491528 8.142784803614981 0.7366415904171948
8.355184358256153 0.8692069197134423 4.190474788198461 0.9368872862887497
6.137886137765626 7.710589318706052 4.946502804441921 0.8651222025401188
8.097450292778982 8.057394885643909 1.04679335895619 1.366587396703562
4.687274347860356 2.929001798068818 7.589379337232854 1.055079073200861
5.088880165991202 7.198898163351907 7.74316399954058 0.9045579636212681
1.953538858974012 9.836334536896823 7.827981635194597 0.7565997783266933
4.565465189293493 1.691807769584027 8.602140625327674 0.7727146226744842
0.07621016819015503 1.677744559269612 6.756731813038273 0.7546737228376349
0.669660017306678 7.605962680150192 4.629388203785355 0.9736400487437349
8.117977817959334 0.7451800640181551 2.677280445104576 0.8389440605933245
9.943966422896576 0.3495310288892728 8.996679832052861 0.7819773582015466
6.316830797182468 6.246298708820003 6.004639221886285 0.7815128493967128
6.339975344227984 4.00119866128635 2.509262734351287 0.8720317252206995
1.468179743072902 3.664129221231035 4.636383860198011 1.254895209002838
1.060256500806914 0.1903310011227244 1.647705411336134 0.7468903208062554
9.177656585150883 2.650923635617909 5.722437356908808 0.8446169023261237
7.507258701642546 7.109330842699177 8.176851017538864 0.8010279529640247
8.952287690306278 4.4480428350554 6.520290473168438 0.7989154408407577
7.528399122037511 9.534380628391736 3.488703240771439 0.8505101848165419
6.629278024666888 7.192978696517092 0.5636036732736116 0.7832911089599809
7.6713867451337 3.511653837987262 7.016715881614693 0.7534703868051719
1.292591705257232 7.928440633574326 7.017861489732535 1.004660140241617
3.732723595955814 3.100603525226742 7.310094173049635 0.8947160306900376
3.518454148503077 3.491284609473519 4.580912299280582 1.043039767288141
8.025800168142688 1.441417613050185 1.012489596339645 0.7792948459725257
6.042495996752023 8.38895160296337 9.52785496358949 1.078731248194879
0.08770364750354531 0.1500891004425342 1.623091647806712 0.8488731734670253
4.787534828707629 2.767470714471018 1.915407497204368 1.553192489437372
4.88452586348374 7.732811500888548 9.812090181885983 1.544794111547333
2.637071098667713 6.081919628389023 0.02627322387338649 1.423384289147031
2.464964576095109 5.717461936657179 7.946200357031406 0.7573555412779583
9.99572336114986 9.390024791651538 2.808758273844981 0.7395616563443645
5.041079410916395 1.297172333038994 0.4005555319914811 0.8618924320167328
7.081221786528645 0.8721119631527696 9.343208214884854 0.8630667765210752
6.448336002363558 6.931033478991387 7.742491008016303 0.8706000002095728
3.39632577313983 5.139214920186164 5.124529541619582 0.8053839138150851
9.692889332969511 5.710967635975413 7.41215133048649 0.7283646890643176
7.669160383091432 2.857427047714881 4.822682388322148 0.881658347605626
6.695741480730725 5.145107329174547 4.776645321767917 0.7451766138633579
1.962418012928047 3.745259486255275 0.43514114320521 0.8138267569130679
6.932244786149945 9.929880557083873 9.803789661698508 0.8699360130521497
5.312716900358757 2.679878989051687 4.288786388009971 1.513913596531065
5.745187883334789 5.115880312731549 8.239621176237121 1.139245275648127
9.887360647991704 8.587578610693805 6.140390182831624 0.9762456623252201
7.398516205863285 3.104096436270611 0.3409477208172896 1.042072499316447
6.669576223180978 0.9343105191455759 0.3224875745590361 1.229219463357618
7.417125526533204 5.478673176793993 2.928806239230503 1.084119947716948
8.109937357030358 3.859251195314743 9.680352680871682 1.302935006925673
4.925002002450475 0.5545825958078977 4.783576705156867 1.198340380406592
6.273266597768747 3.434711408706317 3.516486871460996 1.290664530023591
5.760307459725797 6.012180549512744 8.808809519324901 0.8511340507783688
5.267421816981927 3.622224085114297 5.115686968774388 0.8888351337507105
9.678101133974423 4.232452232494657 4.607216597562531 1.096233277704193
1.643177810105809 0.5936355290448126 3.474889770341215 1.218439564931514
6.017384490156468 0.3766145903710005 6.997201297846376 0.8562537192554139
0.9539562191752748 2.215520655863044 8.561652089560223 0.8580634932417754
9.847327027220516 9.306164959873989 4.425540985727419 0.9246043986583308
8.813201685526767 7.403438493775516 0.5428488066947612 0.7300866949270838
5.180460580377038 0.2412525677481925 6.086585697802092 1.419955247228793
8.794959630718848 0.6924894166175921 5.40069376411979 1.58542110592938
4.300243108733826 3.479928777171313 3.889577607662299 0.9857621925180797
0.898043639949906 7.964808348466125 0.8208361667306542 0.7562377227422939
0.6775916946072891 6.455629532469989 0.9920467869632833 0.7740436583884882
0.2355555043998958 2.952459061680512 8.371863257631738 1.081779006830841
2.299510150742156 5.74469730358664 8.75601963369999 0.8364764953697159
2.463700235255292 7.17533034561181 5.089851937176387 1.432064054572952
2.120669845259605 4.960964470187051 5.988406721905651 0.7377686688981197
4.946334520096514 7.678261995561091 2.639532891888942 0.7918955545521539
7.955024209063008 3.187431420905911 7.851532433367892 1.071361591993507
0.1389171481758778 2.791423918276323 0.6206242969426213 0.759230759681787
5.001835384191229 6.425026097368113 6.904345507575784 0.9968955897443514
9.886641576920223 2.66968528791709 6.523391689309143 1.12589982895693
8.820605307159513 8.893905938396703 3.103983649343126 0.816924101962651
9.691728449665073 4.812207461934604 3.61051167030768 1.030544686800427
7.76760288972566 5.21079152294798 5.251249615583981 1.114173299524269
7.414946554083492 9.52415327356554 2.142325394851303 0.8767567443243656
5.0116512406265 5.626279467233982 9.311207356073986 0.8183725717844378
0.6331027154982094 2.752079117554027 9.585663410159423 1.449141457352244
4.393246907923229 1.446173995596028 6.498644531947638 1.512995892482627
1.014512843012175 9.414647488285292 3.601642537169735 1.419157473931483
4.563131797434532 5.885038093240262 3.878504191200485 0.8226519343631851
3.545200562537441 7.938333885685589 0.1521844811884343 1.080014541135699
9.430887263251897 1.580895711166288 3.018264951693229 0.7834294006632956
0.9111710187260437 2.414751214029855 7.388769177568879 1.476732902718149
2.535037305158014 4.49482445016957 2.056694933770875 0.8582766485722552
4.013057028449111 8.145897846258846 8.001582911573687 0.7876560612851039
4.301414555117886 2.290962106225986 9.29282221540412 1.032014257048726
5.907917116446877 6.44422301804346 6.701391040242595 0.7803180864136894
9.657249100055857 1.169329774211985 9.208016450889225 0.7869226879297386
5.356030605912825 0.8253653617132772 2.840639344085231 1.221201325693301
0.8342780186290012 9.385762608823329 1.56723952800359 0.8800472640866105
2.306676428705769 6.723165246286909 1.091027030364063 0.9678755485342379
9.869678341181642 2.094148263711866 2.186466056876393 1.200724644203477
4.497288994306397 0.6903166454977006 1.035451608364205 1.136774290894285
5.962930165281358 7.753517226204051 1.414079805802364 0.8467138915689603
7.636286040134144 8.191822929621344 2.831984239269482 0.8809919145824332
5.018678995605288 8.930217427998626 3.711305825884158 1.177972583950467
0.7256327508608186 5.663425921290663 0.1992064313611286 1.249192921278833
7.978968256755441 2.636566002179904 8.611145983392122 0.7280230688463298
7.995403745822074 4.48080197207402 3.04646786495443 1.089378736437451
7.011247391473024 3.649859176360683 9.590111551924041 0.7936280535017245
6.611916558854002 4.769764440069164 1.223779403300526 1.067692486760096
0.9647285526329953 0.197721115588021 6.505244686010992 0.7301685891974175
1.330114916225903 3.698673163462811 6.004571672486843 0.7682627910406941
3.937460806289727 8.234215424479268 9.301856746327813 0.7395645344403634
3.641056801865528 9.257254020209462 3.567072038708159 1.51252389451448
3.143103160481247 2.559012728184572 9.785195746752645 1.349173172510979
4.692877027137768 8.118499883200281 5.553018710023171 1.088100933387431
1.013020251788185 8.486563288091524 8.812629097750538 0.903490225878784
7.896867369602779 1.021447712326188 9.580853233333983 0.7812179942174075
6.611071398972356 3.18693859977117 6.86496519709994 1.239024676482275
3.189312363085881 4.869528204636802 9.288772575573429 1.553824973139045
4.669453723296855 2.575837729446832 3.207895206793268 0.9502669525018739
5.486152839147944 4.138807296061473 2.953475739917239 0.9236172610038247
7.155801529247729 4.339098913699702 4.989064446402113 1.040253060000529
6.445917102439362 4.402354807151974 4.194581595774854 1.051491397834312
2.879197068843677 3.719412856066175 0.1064548128693077 0.994762452884119
6.983981410611642 5.771188022425678 9.716228772602889 0.7332523793143986
1.174771224427961 2.09944614115855 1.972576963847664 1.287795283872408
6.239033575574985 4.14556731114798 9.836890166802421 0.9355646471487969
0.8320025080715687 7.052693774663712 7.309253161856281 0.9128335570289687
8.454944370219124 5.714718968793993 9.205582264094669 0.8358218566978173
1.324940674711114 7.070316924791987 1.373797691126341 1.126379149110035
2.692099624127686 0.2001247904605008 0.725334751882204 0.9274667442226244
5.083539890371002 5.170323068070104 3.264736627173633 1.196883601465631
4.470384364515649 8.574705654749639 7.179597318432609 0.7971257125394628
5.730995641494268 6.850725587516188 4.335923228037633 1.32670756650936
1.702343151195534 4.375809321086686 8.014537997522256 0.791052457019168
8.06423248222767 1.837217116816479 4.814371624407366 1.27000707106322
9.215136531507341 5.169509627883686 6.941287574981472 0.8737977407843335
0.8479353023920044 3.178084914456765 3.578364183080191 1.221548809036548
1.749323696508952 8.435970695572969 2.980405302349757 1.251420612319827
7.96589825139092 9.0497052001 2.867394845629466 0.8933931490560937
4.024841782379826 6.076777692861623 1.970368431634406 0.9262824182173341
4.825787813054466 0.1920301287045057 9.796068188883334 1.550267230219685
1.211072793649852 0.8720266769389874 2.342277905058426 1.174546085169606
5.8567081880367 0.08367673200632809 7.891702136672237 1.0056903930972
1.758574722716321 6.03021272979184 1.540110039278306 0.9286629832550126
0.7924354938875044 9.340876344344716 4.923966828142937 1.099868083059782
6.575851230256962 2.077820002281544 6.17945611370284 1.25813633710665
0.9465404368353447 8.141036819949623 0.05164179369431144 0.7695109845031316
7.167332377500951 3.183369376844964 8.705403300916707 1.146704477935467
3.248915887724378 8.178525329412777 4.407612549138209 1.231961569641894
3.814980079896441 2.939409174460506 8.421514378864249 1.244364226861168
5.76121968968065 6.829540688595122 8.367943182847631 0.9534338951312509
5.350709030545427 4.186402544082608 8.224526056145239 0.8447336796791007
0.01953502261246465 9.323689360411334 1.997795733113178 0.7860293544100224
9.389361305129299 5.130152712938417 4.436554049031131 0.7527200862645449
2.825823317274474 6.367144115926485 4.135178562560625 1.036381726582963
1.744603238669686 8.653028563186016 6.756744077797521 0.7368001785133766
8.89861324097247 1.66760312097133 8.063854461805342 0.7248952901191585
7.175330512669023 8.660701590258181 7.76568766942285 0.8961761010759224
9.653621756162261 3.264767138693155 2.379896049431925 1.126022158763978
5.339610164459373 5.862911217364133 4.133170447603767 0.740898396924757
7.169848107966955 5.073475414503523 9.023119993440449 0.7434769779552265
9.014968487290362 8.96620274182165 9.515925048742314 1.103386419732417
6.819501948738172 2.333097471323905 1.864083348151974 0.8377828145777045
4.193877085833144 7.758082574340033 4.732598941039247 0.8701683945893709
3.008963980634904 1.069125136353628 6.205057166594949 1.270063117833351
3.335879623587826 4.923474104017698 3.993848996865903 0.7295873779774003
1.750479999681323 2.433078592455449 9.179119840977927 0.9006816671286482
4.026472388382236 7.9456049522893 3.714052653609614 0.777600932638206
6.956612353395205 3.505966142195437 1.49795764296403 1.509112331251801
8.968516097569397 2.946671690299433 4.50469177928828 1.563091632679877
5.574788087481582 9.872039896197103 8.850330516224158 0.7762255078304522
1.272393626149651 5.092532896283116 5.648518789456923 0.7581395621132535
2.362587486927795 4.747497177835845 3.614763788056184 1.135873085524024
5.885521702185281 5.821623270737395 1.256275231017266 1.298271284147533
3.786948714606122 5.817797695467759 5.362346141718578 0.7297637755012898
5.048079821025338 8.080297874983964 8.117565255251462 0.7967123767844935
5.774368089867182 8.145604040037982 3.700146786516895 0.7807017441085781
2.537002224148135 5.775125523740259 1.123967520337324 0.8247822008830855
6.915716876620628 5.706641580083473 5.679136536847195 0.8547801885060652
9.729202171851213 3.690171646243432 3.529421860663836 1.146401963356876
4.577580245539153 6.891925698968514 2.328397008063789 0.9013353448027863
0.5150664427213471 7.775081685194134 9.258908006579164 1.008577772795368
2.569991925967345 7.541210053601525 8.363948511533472 1.119393702820599
6.523645789057396 6.93411671734792 1.501654766907927 1.011816653822143
6.156232611312229 9.613748546466397 6.347647764354813 0.8775447004279188
1.903231373275158 6.236699460372787 2.419037290386808 0.7890717364954637
6.472626281874695 8.152911148084707 7.332570222023059 0.9722440838925678
3.172323530787363 1.363254971621664 2.155710273274432 1.135603840164534
8.051374221076445 6.17720151985543 8.328735327679347 1.212402223965613
0.06670660363648939 0.9463457643022156 2.432334261325534 1.077891168564743
7.022791766458625 8.434717801826478 3.531939632912294 0.9646616830091141
1.003526208919359 1.711252428635727 5.327810705485982 0.7443141061506207
2.199837557788631 5.859550841912299 6.455008624495028 0.831252967502856
8.401168124107022 1.294967444973098 0.168940616447576 0.7220977082151868
7.715993958627617 1.512602479480712 2.044666757326242 1.196099246714064
9.026619267364854 6.093365113790092 4.316186320321193 0.7645805882841115
2.836172022640016 9.446558464610467 2.178643739805814 0.8471678839993374
2.17886894254804 4.963368182385348 7.15487127024655 1.401062142145442
9.452878853366235 6.110962301858989 1.592777838176537 0.9027860346318752
9.777338649623433 3.952326883203376 8.034217331608442 1.152425710292569
4.590858189485202 9.375542412777211 2.713556189605279 0.7931048406206693
1.914158257964185 6.94498807796766 0.249394524221076 0.8158566056387598
7.126492940186025 9.412960989916821 6.057784744550926 1.080085384365588
5.983414348643565 5.98763518038382 9.877349992052203 1.293568098875399
2.409277596581854 2.945814666238696 0.6898337694411162 0.9206108574719519
8.128596596232867 4.461232438153869 7.258140926297075 1.228008992058976
3.551309663185187 6.646259950102205 5.790600616605653 1.112114451278742
4.014904400599953 4.582950773247412 6.790287903509704 0.7689104892230356
7.490780835775706 6.957477987804792 0.9260143105953168 1.081638507755909
3.598849104944242 8.339400705426391 6.21223114629948 0.9273741838219315
4.603446351325116 5.29939438799282 1.263835170355005 1.310450732712886
4.487989550609004 3.746045465431648 4.757917661904425 0.8027430501689546
3.227356915340784 1.481292410279373 3.32747740867051 0.8952047599697772
8.27293130672475 8.834173888592215 6.584518758027887 0.8735912828854162
2.790799702696354 8.422254295660048 5.586221305749098 1.080167204171431
6.845180854764286 2.617330217747952 9.66007627062397 0.8072663522143853
6.24561832096826 1.758845901619761 8.236904612081245 1.025381732135651
5.387409141103027 6.914618888742306 2.532982980159981 0.7326692263279025
7.124379248235512 4.226283579986655 6.746661718604519 1.015658978460439
9.944322105388352 7.65820667686414 3.644064652347757 1.203523689476779
8.954430006903001 5.069971289145125 8.288877603150073 1.561413404715011
9.05503550705301 2.872781516319451 8.244677442960894 1.253181819958167
6.519445078296196 6.269871074153477 7.19219932889558 0.7564721621758569
4.590349774138069 9.901043710341805 8.321486540187045 1.388437063136674
1.751739695376713 8.70100486856804 0.2164179092163155 1.026702282211069
5.74689935245392 7.371380816646593 7.051877537130606 0.9551858274065042
8.86533130543323 5.527222977722905 9.916153450993129 0.8195589306684675
1.568114453021381 3.169485945349621 1.243834330471506 0.9985222612191188
2.17204554638166 1.621268201853715 5.646585440188034 0.7445558474676518
1.000054171016512 2.392318186741802 0.773445539998866 1.059139521125211
9.070514211494803 7.543911874127779 7.763753484389002 0.8269312885124563
4.541832212707964 6.915164742856195 3.863962305416289 1.173184305543449
8.648942317618241 8.956840904057886 8.512040925796867 0.977732720995474
1.576988992103643 3.525362401854438 2.879990671546901 0.7542701220116089
3.398859717434135 0.4597667116425442 8.236402989738689 1.041252096639778
2.193954756402602 4.108422067698029 8.882071673242244 0.9180478269500876
1.584816608959277 6.832757107687004 6.239705978898797 1.430677160691486
5.046992898098109 8.958237738162451 9.144896358582374 1.205263670779348
5.099375811123735 4.701701795929126 2.226734445142148 0.7813508210689416
5.860117772776475 7.672857587707387 7.895887051258262 0.7953773628970221
1.282963983749034 5.343892983056271 2.209658165466621 1.07843313949871
6.445423662002228 3.352493145794177 0.2621945487280331 0.8583964981708869
0.8312804586038359 9.570629067596517 7.895972091599245 0.7242217109998151
5.403048229247971 3.930246900615059 9.185288266375039 1.021267762001876
1.72165186675686 5.156442468887476 9.486293618652581 1.216516496458213
5.650853475621617 0.7118602833296129 0.5694921013160227 0.7463912203500204
3.440642153508883 1.64391460299822 8.670921442169725 1.397879974266886
9.675203015602889 8.46721227507363 2.604977918819949 1.213528431147061
0.8519817681491294 2.950024351653601 5.459356644034837 0.7413126782566232
4.731776208827656 6.522692945225081 1.363502649793248 1.041365871667351
5.580144995662225 2.022016041047812 9.675341052384322 0.7376639772971072
4.789030024094747 8.850389321337314 7.98235244267508 0.7975430640553524
1.70401571207888 0.743526837745776 1.375552203816435 0.881526131412678
0.164058345538991 2.182328543469098 1.212275537308007 0.7622196480114292
7.205404812892278 8.024544573139574 4.705401077471862 1.215163670593316
3.600716922919604 6.235038867026283 3.524917426965577 0.7467942681980598
3.410756550581545 5.801556616703917 2.644805488527112 0.9248845241388077
0.4890075394595884 4.565823844391897 9.796954015857734 1.069156603024974
0.07239327231460035 6.583713289859163 7.346561642976376 0.8350285024428309
6.20213847068452 9.389465047960901 1.182755057421362 1.014392508488279
2.659075236242962 9.035177757651869 2.935979062783846 0.8165409899596138
4.796729208241763 3.925740605584814 0.9419585449843316 1.229056567474055
1.51617633409319 9.360664497935941 8.324678962563194 0.8125715291960393
4.735310042978551 6.153767698882994 4.953253600055474 1.340710236593823
9.074030578905356 9.396245149229058 5.09262877273144 1.05508299698515
7.319097560056585 0.8576826993692145 4.722563579454875 1.143699392122576
1.458411761215095 3.29316759996996 8.438007312210036 1.383650971449554
0.970582478562898 8.666162954657922 7.826544620581418 1.056304771320699
0.6040467259568894 4.163490896613957 4.027379191971582 0.9516208594297746
1.289560680552897 5.899379551338964 2.964497223747914 0.756938217219304
7.913843708207888 9.280420568016504 0.2503996812412801 1.519993404028655
2.425539457437186 1.815915789918354 9.158523340271097 0.8089943662471863
0.1343453184382837 2.581871770912891 4.052995386688638 0.7804877984958624
8.094941976901971 6.129831006003416 2.448231931527377 0.7424425680218296
8.157556945412276 6.989708829836259 7.24204880727029 1.393205876000406
8.033805705150804 3.640241216194198 4.953066685464332 0.777673818424491
3.276868570145123 5.45014237172798 6.258036553765018 1.422693200963589
3.201023338444793 9.350740633851906 6.119792603035417 1.066551892572503
2.611706338360166 0.9532138684471326 3.973350639929764 0.9027247743966429
2.454470573221758 0.2661912919586829 8.27936207469077 0.7932937236865862
0.7212279497450692 5.985947738196297 3.841067822202739 1.094963620594562
8.184239050064292 5.158306719316539 2.203929264099624 1.046389920665306
2.538248356259349 1.818367039428617 3.846323072458874 0.7815747407134205
2.241536207896079 0.8003912560769889 5.421770726335065 0.9093055140378481
4.266200734061672 5.991080261472348 5.983461622781066 0.8217416675156276
0.1546102742749534 5.713640517966768 1.13219882646576 0.8951555917370879
2.796570614589198 5.879121528434712 7.218704581570672 0.7535202465824693
1.852761644029816 4.345606739619231 5.485049378956838 0.8868160473712996
8.618934333223873 1.81047109275188 1.476108350853582 0.7986559322842918
6.009806241606777 5.824623136138343 5.088031271875839 1.229051179201253
9.639304454779074 9.582574905326736 8.948194082100628 0.828280104947104
4.237999228980559 5.748217350958126 9.098722020989245 0.7532977454121594
4.113774999015543 0.9248979971132709 2.716131776834047 1.156118913202462
5.391355551194914 6.318784803624638 3.274872088310814 1.052396467161732
7.80407794306845 9.886498510248776 2.786750232836803 0.7574896422363051
0.6534702232674483 4.722012725622738 0.7528928663230561 0.8129365398262183
0.624212266630082 4.201596051455091 2.64285684630737 1.49902654512732
7.163462403809822 4.213021946150139 0.3787048030136508 1.100534801498395
2.649444214365864 2.441863060359995 5.933356994636508 1.15913860089167
4.196656966566627 7.185868284989795 8.198709219410857 1.016568394304919
9.504288723124791 6.603176063413721 3.481935024747239 1.055757005648231
1.870237569288967 9.410292535558561 5.892188542015107 1.50590313436738
3.982000558018705 1.986757133812536 2.865462357778566 0.9487446937859089
6.815068066277603 6.775652521345242 4.274770376111666 0.7940386763035163
7.867888810781569 0.511412066993311 3.494713103448096 0.8716201640256371
6.062225832575786 8.964440832717935 3.111829555703133 1.173469674879793
7.500876503464945 7.402013366470392 3.606330086309911 1.275388651140483
9.90015633802258 0.03979398677226631 8.059848278119572 1.117553953296648
8.071737265347963 9.579876703869019 9.024320511398205 0.9731115810694396
2.28140682265165 9.476479360877031 3.65945078217436 0.9972900745867747
0.9131950564017155 3.238699098287372 6.481170129684405 0.7461638106509703
3.004954503626517 1.437800349848578 4.94113488362327 1.188120201861798
7.040574742072915 1.180564653298445 7.209562928583052 1.55704410559941
7.134733469287752 5.993310024721748 4.754211346021492 0.999097077463356
2.551931613955302 0.4816414279252912 7.324422850581562 1.02086399953378
3.013093541765529 5.579575245991959 3.509551388765481 0.931959103359337
6.266229352900751 1.373295211528428 9.211715216199554 0.8966473427208101
5.708488952470396 4.971079470100831 9.382820151089597 0.9587138373733091
8.350021163493505 3.423346505322506 8.725272911552729 0.7389352902162261
8.920224830809634 3.706537719643185 1.736307539187603 0.7847610556933781
5.973476465911021 4.647850113875213 3.420579966077894 0.735961579297298
6.707862900878548 6.818717009378615 5.286174600503529 1.088579143324865
5.763168891799868 0.03434503311801507 3.860270613289885 1.430837678004579
2.132090099476157 1.767856914738495 6.948178647159295 1.373267266665785
3.290786070368082 8.032246259295793 2.913938735876485 1.293885092134868
0.867749893950568 6.242648004181647 8.69288250353789 0.7221751729527015
2.722969290021975 5.345342794351571 4.36325622484898 0.8760637268971206
8.621445116390111 5.560571551556534 3.381880408933853 1.438420480402133
3.995649150133492 9.918177111834902 2.599501275498654 0.7658524106709177
7.608739742199748 2.634124473633128 2.375833153908099 1.080153870894088
2.54525596234251 9.389624667408297 8.212784447599836 0.8149065842773415
1.729877482626482 9.721572298686771 1.007057275198335 1.217131829360113
3.525887793591427 2.343036103205134 2.002803995653088 0.8650948875197487
4.185707477886624 7.232755489751749 0.6865593205493649 0.8307986334632727
5.331617793390335 4.449313377431529 0.1046306553578091 0.8583861720625928
6.82467433376556 0.02562591169564477 6.807542659553707 0.8599896664049866
2.794812355065121 0.4715389598837306 4.806948979106456 0.7399529400232354
3.464546346293492 7.892922758302992 8.638741194688839 0.8337909156028526
8.486540225990813 9.786622733871797 3.421965212309539 0.9656847287891973
9.162729178201149 8.794211870547896 6.820917379487494 0.9272682103858736
4.981017359930074 7.111945432275957 8.635218418578779 0.7473788341141377
1.388879438362016 1.304391417777228 7.812549035134341 0.8686156778345964
9.484037815889589 7.971602319371222 4.960843917014087 1.537355079453688
0.2112484477113408 4.999539855425851 4.384644728404144 0.773885460745157
8.503604382882948 8.071822131161369 9.916257871549657 0.9828606829408895
0.5155944988968875 5.741819818536028 4.728026944593103 0.7516426987289747
2.158041038153635 1.604090646262197 2.862113213164447 1.306772507943547
1.981389263025368 1.488922156316372 1.660977462988755 0.7720777523049325
0.8113405074292757 4.318817407160593 8.004065329200268 0.9233285966742047
8.742814516701902 9.798472875815326 6.776432013918776 1.103868617535952
8.496682453201281 2.768716511519097 0.1799423360826158 1.015678545014878
6.446966118294964 1.293956060123899 4.863718707702605 0.7270939913887321
0.5856210578053733 9.552310476948451 6.015436202921137 1.024290407093745
0.349422948392264 6.461747712474817 9.400277724965301 0.9867045652479547
7.119212747623322 8.898732740296191 2.74715505376882 0.8084142351536951
0.8381102099842708 7.003471386211651 3.935463382120997 0.8305910765385128
4.28642804976645 5.099125881437285 5.035295369554277 0.9120683249392649
3.653796864210736 6.86446560574705 9.91298910512557 1.024609696778784
0.5678281666383379 1.697689223735475 4.586048404808741 0.7681861856627785
3.714896709636905 5.71950238800888 4.414295958102863 1.057044017371963
7.554831028085612 6.198874927002461 3.806255667433655 1.034979759651866
6.084028827573412 8.020438545328416 0.529870826547354 0.9558576393942771
7.014673075895933 2.451681817713253 7.807390340137842 1.097530713885616
5.619917086510831 2.870210785427714 5.459788634438401 0.8762042516123941
5.780426703382312 2.137644880196721 2.897197676473371 1.447207976406013
7.899855131017527 7.531026063133944 6.256477051157939 0.8314503684339379
8.682193026667827 3.865896762375156 8.025645732931345 0.8447663559305029
3.770352691102832 4.058643006637546 8.505436232741422 0.9003222259704675
3.547864494032412 5.168425709207442 7.775805077798142 1.541721829484343
9.982096738716011 0.04369610084015486 5.240236375043842 1.059889998775354
1.404647792977567 5.477435196544936 6.421096332992471 0.9048373529728627
5.180918163711017 5.146398365576832 5.325472339100238 0.8015642205302568
0.4956713610414687 5.000903289201463 1.72251130267371 0.8451617304559033
0.6481133835432319 9.973915308839395 0.8001588895024582 0.9856979943675189
5.450792365217002 0.7652537955934025 1.630693752004707 0.9093133973412981
0.5902540290675663 0.5562441257868223 3.150323782467261 0.7894573262411005
2.301699808621038 4.895571789316063 8.409170468649608 0.8911664897084376
1.273508570158152 4.442431351069148 8.824368075505877 0.8645653056889419
3.479858458201491 3.020961260874956 6.352618669961247 0.9654126260609848
5.271477569656907 5.790389451396808 6.056495622682268 1.104448593715114
9.117262484396729 9.304417036162762 0.396534930292779 0.7570943617205751
1.908613340611336 8.529901292411232 8.44323857333802 0.9856880656413834
8.186182951914025 1.832227882584866 3.359518256992537 1.522442175316707
7.025289539189068 1.671397239438939 1.191021893356231 0.958159111590259
5.827737292416286 1.744618461674505 0.4511169222183787 0.8982639596685671
4.880090450188244 1.485080918462635 9.467461613855503 0.9318770404080396
2.703922944530181 0.8749859811812045 1.369755538051178 0.8112519376356176
4.541219197200265 9.843454204225585 4.118653347249327 0.8339971377701414
0.6231526746190253 1.537650259053045 8.141706872341111 0.8158192261968794
3.826392718234243 0.1031369774281832 7.034639210231901 1.535354061624667
0.5456231281154157 7.139778093115481 5.500581728447908 0.9453519603050683
9.898732664097356 4.129622257858653 1.39535907503194 1.320834566399995
6.404671741588098 2.341804503167831 5.186253149156013 0.7603322786918272
4.504971175061779 7.782527313114501 7.473784089548619 0.7319542857667023
6.866741196935081 8.287562895267852 6.40588589825345 0.7217105807815127
8.909457115458862 4.02101776662989 8.936798886017471 0.8601484805807408
8.439487062638763 6.671380863089016 3.938709669556492 0.9316808938815487
0.593663622966496 3.525384160724275 7.665989972885878 0.7799433287979253
8.285513326005519 8.627942361122578 4.93138055867188 1.120708023711017
3.59739645745833 3.804625783992462 6.788642038944584 0.7528722411372994
5.420825805017634 1.524138182827696 2.02392460824712 0.743545933913678
4.239854818293814 1.059612379860112 7.913998264407266 1.023148432202888
1.463384928282337 6.336492500839227 9.446890188371048 1.152841039383097
9.251215358345005 0.1709800966531727 4.184089330406573 1.142159762840305
4.372940567079706 6.190882085732386 2.967340367322231 0.99280421487943
1.895468665371599 2.128342805019063 8.201784450141911 1.081261824941133
7.547123817080059 0.2175543373413647 5.396390734817716 0.736449838733636
7.702323434479704 8.989739222582847 8.38879203072177 0.8011173072710565
1.476449208462846 3.796256396870633 7.16490892981901 1.261752620615939
0.9424584426076222 7.01701330742717 8.923266880351164 0.8164182083132054
7.021805064017618 3.746939550085516 7.769280117614715 0.9675073542351911
2.66066444367054 6.364550814680627 5.961114399103955 0.751904034705863
0.1388429266752855 5.378287200971662 6.802704490209336 0.8700556038163851
7.252724060121109 5.890793821895852 1.678304791647973 1.490637167845309
8.825563015760853 8.591073208195059 5.912172559810003 0.8982048209859067
9.412230518216187 1.496145563899212 4.210323805386514 1.472026964292197
3.506235403773666 6.914609000937622 2.439944124888125 1.121520092668712
3.051100512140576 8.533314887118314 7.927646595539109 1.202197658291259
4.164868487108296 3.976978854389768 7.546664388383992 1.069090350901608
2.477119214188747 7.72246517805165 1.11283957180346 0.9451392166814436
7.754795191158213 2.45243184379215 6.7873026516704 1.365721961386372
2.955027189842036 7.446463846633606 9.380899845823494 1.027253883911572
0.5513045161630392 9.979969544003476 2.454925067993715 0.9809683460042438
8.894555915493251 6.512065739970242 2.640198002198851 0.9843015784740164
9.295268999318191 6.237847871126643 6.557099551741993 1.290832389265727
8.877558976371766 9.231976784757823 4.112947032767171 0.842308969857937
2.835187316243851 8.766016966958615 9.321547184258455 1.557522524040217
1.96522795517117 6.66212802956156 4.04086805089841 0.7482775273047967
6.129490596583949 9.955855037847613 0.334412155808721 0.9480032675588485
6.166123158200024 7.24850640106797 9.534860783579044 1.176405051007469
8.777438388436492 1.866630725496615 0.6454354907377058 0.8432454524751244
6.052317627536635 4.295243736869073 7.382281717099293 1.244360770105692
6.753597821907556 0.03477025248891375 2.884587160213379 1.292473802010727
7.472480125504527 3.716465061647515 3.999557952553273 1.309567838123227
9.931129663553897 6.623669650731156 4.631781104536724 1.32474699801345
2.930485499246508 5.999763008077714 5.142259250753485 1.032520472738319
5.232943996986043 8.038083851252543 4.543091115027098 1.168521395178655
7.192542089763146 4.646639426584914 2.217201484732019 1.04949183375904
2.557808811215624 2.804775013977749 8.731184818037255 1.0515549977988
5.40491625143019 8.9486855969764 0.4238277245651235 1.314393109653179
9.598967957198493 3.512983129281335 8.879489628896383 0.726883681125659
7.179052421945165 7.958198582917413 0.002418637409260516 1.365215581946073
3.617463656483658 0.6583065651087251 9.289289045718993 0.9035523445816427
0.6747286897772266 0.7623627031587145 8.853774878762904 0.7903676284911231
2.597317500093896 0.7696753927965838 9.112054796536597 1.121225505861315
1.638718584322566 8.884175156308324 9.272791362945103 0.8073152362400451
4.72591868849954 7.384986461995592 6.740981497995737 0.9529356656705409
2.747709210056376 1.516977368009455 9.933379712775608 0.8591456420991131
5.426449888002299 0.901136391571511 8.677054944255177 1.246604180870275
1.886365490539078 0.6485708928368172 6.461153341745918 1.05634854062182
4.274834816882088 2.547782455200887 6.848711908699794 0.7367947285631047
7.03844590790072 0.001040803389056322 0.6836863560801466 0.8576549975402679
3.669323620262802 7.905814717578775 7.133193629783519 1.040222799272192
0.05806163392042207 7.746457615445491 5.935743515913326 0.7250856904548908
2.715592803637539 8.499648399411578 6.775402644753313 1.125190767398049
4.869785822981132 4.409957919385581 5.109787045377177 0.7957840363771703
0.4839534829601955 6.725535597046486 3.223719803160856 0.8161248274702112
8.613657775387738 7.014095035214297 8.277105845300021 0.7655061238310706
0.84373760067479 5.96442290047386 1.590363712677671 0.766850319740321
