7.544603517854426 4.090755030002446 5.514071142355985 0.9340612071790055
1.46126257936559 1.620792483620285 2.502241103060922 1.019487576641899
2.622118085736789 9.574665635068008 1.255522398731587 0.9732201124876133
9.168214385701903 4.512235777748467 6.755112811654425 1.363280273329118
1.889299681641977 1.850340568698198 7.524448604318177 1.45713416207425
2.585462658115121 0.05348395111605009 4.197021627389682 1.332521085861976
4.142748651470038 5.25593947860361 7.786095015119225 0.9515318812620519
9.413567115798118 2.447040685744508 2.497839980633605 1.021367103875372
2.317456313580633 4.963955824665348 9.793281664872753 0.9076633895806574
3.917589286104664 2.416752092440966 1.806831110735204 0.9277405203374707
2.624050884942228 3.93954775682298 7.49486465843465 0.8050435603521453
4.512991882105116 9.72681770733716 2.503016050593237 1.576840948857396
9.978104311744456 9.556805806463736 3.383442182848503 1.016723637144995
2.503899162373232 4.84092929080454 3.926007539440305 1.286838192327837
3.256040327222291 4.624344250943519 4.99569712037796 1.291138998041796
7.023563718819382 9.829781742509676 8.520953164476985 1.039763536644207
6.293471980396166 6.367611058062638 3.647083215108463 0.9188264784289382
3.769518273460509 3.565944226554473 9.09985273754115 1.515530323975761
4.990471987141231 9.648092083671679 6.548614393353039 0.9146164966580599
3.587729058822243 0.09148740295819358 8.892722072423208 0.8091068846122839
8.825747830142124 2.75928728153715 0.6674550221165743 1.25227498338468
8.090720663951574 6.208951084534378 8.61615082233118 1.053880020747124
0.6438374002403857 7.734688635352517 1.785109553437578 0.8389713609190347
2.497722076427586 8.082317569460795 4.940981806884848 0.8952993477256682
4.982174477814142 2.716688756607248 4.447455846154484 1.240925941590193
3.235642505049442 3.943152291384322 1.324032532822311 0.7587910396293082
6.750189355653688 5.962777994919368 8.67721386168772 1.184010020324902
8.261373961738414 4.227267268839838 4.000117158687869 0.8975466755792995
7.712414415496263 8.330782993301661 0.2455031313232803 1.063237553086433
7.571151262655838 1.967650231913361 6.918866597434307 1.105980532532955
7.34247064771029 8.653560992533235 8.288082168222246 1.341434693425742
6.130171589591781 7.628862433546602 6.83623945026909 1.136997257717842
4.153844172255174 4.384935548817289 8.171253739012128 0.8810761941522328
8.884086446440318 9.210539356044915 9.381238132683187 1.145831792640029
0.3331213503393282 3.123634869038894 3.773981891890238 0.8182883163041338
6.064492595441593 1.603965977793738 1.172400332621024 1.097811679644432
2.815261689678841 8.474384533289239 2.721922459170552 0.8233107769133423
2.507267203496991 7.60804621788441 0.8919733525122253 1.056901265126571
8.695822026222469 8.263220942234394 0.9646726056459953 1.130642191722433
2.735859270816801 4.169373148181213 2.842290841880638 1.2100265323346
5.085169725155915 6.145847916236959 7.031851996707081 0.8726310399036276
7.131202803609155 9.515541028744298 5.448491280048606 1.174596296442528
0.3377284370190759 0.7059876602436166 9.754023740927389 1.003590114459707
3.63714992677595 8.156060834635431 6.997932870169492 1.33530593761603
5.39396085679172 8.817274562358586 9.756153573367117 0.9689586894122602
8.617874005489526 1.388418385198363 4.662926428418721 0.7528832156091827
2.034488459582976 8.712616652265977 8.323148514894505 0.9287994699556418
5.964014806477707 4.543729574327078 1.241242386678369 0.7808411777748999
5.271346422911819 4.533638360643506 2.788110804563366 1.094807903963959
8.723883104444697 1.611112240689151 0.8002065956613326 1.020623426968156
0.3625568426727088 2.216897649715661 3.953371363427361 0.8702700299798733
1.794483603153657 4.097684358031714 2.280953605995008 0.9173800636931921
5.247539961410019 8.497236589642597 0.6494732646034164 0.899946233084339
4.552537984675523 9.470876633306943 4.963481469512358 0.7378272770005065
1.899165572043464 8.543836617365695 7.36413548242396 0.8575077790298807
2.630048978359538 2.862723830470854 9.25490373482296 1.068228111653312
9.790386552670874 7.803125784191048 2.483331441179343 1.269461649139804
7.543953118645613 6.551152849353101 4.719288691412808 0.8500115924323943
7.721680001500258 0.09919745028891369 0.2759485638693605 0.9297066115066792
5.848312750166545 0.003350004503865911 2.502173486511029 0.9080119944099037
1.668099061439613 4.516013539953288 0.4356915993548405 0.9617344435493513
3.498351070826984 7.434914065905836 2.618747104413782 1.353981666042329
2.69099155887096 4.50709456125458 0.7571169123177923 1.130576757126077
3.276223506122103 4.666897038117096 9.916690102619242 0.874460010703035
5.885109190124689 6.578428481000781 2.663464860396136 1.107068592028565
9.455106501465643 7.161986727833903 5.86894681850403 0.8413035143640215
4.068660356283991 2.365825591791341 5.30568220599148 1.052915731849487
3.765149274506454 4.623188701924725 6.116963696085155 0.883593390902499
9.947495415347554 4.296037641432472 7.510626026363106 0.7278859233572235
7.233826473464506 6.543313831945921 3.829882824996176 0.9136879070780917
0.05925537777681456 7.631294651519996 7.535144292461753 0.8828910134720952
5.333953012517383 4.178632953812285 0.4038189972811612 1.324874010797995
4.40026840384901 4.168642770018301 5.44055580680237 1.09728416950359
4.277713800380682 7.864276670367142 5.009662783843045 1.182407350883033
3.495090357399705 2.460895481239367 2.758951941683663 0.9328328768816073
9.374565077806375 7.820267327703128 0.299711551969758 0.7275179026081492
5.69131417109414 0.2603483183555011 7.245926554288975 0.88978957134624
4.540620281764101 1.530833767064114 9.980235844236351 1.405015283924319
5.390976870046213 2.513298187340982 8.18597252414324 1.11505652659287
0.7833247191736293 9.94261532040777 4.886728628372548 0.9952028101748027
1.330560348113347 3.718771030464672 5.400505608692703 1.441419683383865
0.4018850257938112 5.427933856631769 1.653335973475804 0.7594824658478072
0.1591314344119066 6.84479327455019 7.135349864548707 0.8047606736786975
1.041358619518907 4.48853891423378 8.437712563952848 0.7341820128729371
1.62377741257233 7.775498801739008 4.131597984046759 0.9755831887465102
8.656511409165658 1.922113675183479 5.27981403670737 0.8194442154162975
4.380611090671161 6.52891768694021 8.254242170072001 1.193538773081448
3.550125235680166 7.401570356194459 1.334021197871132 1.122107334024995
3.546211254620061 1.521599120937338 2.258877803820087 1.017618474112677
0.126113887108793 9.918830222048422 4.245835885895132 0.8025308828559216
0.8313101394987987 2.56676817483572 9.7017178548925 0.9038918929424026
7.769993972194769 1.578543958604806 4.500293598743453 0.7469173626334059
1.150788896312549 9.029140131303359 0.1737666117860859 1.259794285068598
5.674866412199216 7.142476515827711 9.535851376734998 0.7722674776059043
1.70071617775858 4.189464052209059 3.343126470920542 1.010245152235736
6.124247893216355 5.039727519542209 0.0128070345513287 1.033710503653097
0.9977302215535988 9.948393492448909 3.748183336566681 0.9261983130461308
0.9684886389534375 2.913163880678757 8.779397203344553 0.8284201312584908
2.680125084282655 6.495880412580123 6.825128056409232 0.8143106250123451
8.878039799113068 3.354205824371728 6.4848626281052 0.7935930847461358
7.806243236099311 7.866461462693859 2.843934672900135 0.993677691360902
9.586665409285226 0.9240948965349151 9.18206095363775 0.8068720710968813
4.375460850474131 1.183739156301837 7.521838082966371 0.7767171104087589
6.607297979238588 6.708152042317939 9.495448465247653 0.8758798162634062
7.188244462304059 3.181952403451424 8.127464951693847 0.9448415679144322
0.07661494923811629 4.392088739076917 0.366743754789266 0.8225496109288251
3.969098786186064 2.707734481317972 0.1669649736440371 1.180644414193791
4.221550067723473 5.035531198342075 4.899902989756928 0.7755048238513614
3.422078594210735 7.11068815178835 6.490938449229427 0.980199888422951
9.028949884681058 5.856155593304424 2.545499895429119 1.207980901961903
2.253568112064126 6.057378421268929 9.560259277056741 1.187510421077257
3.441039454103108 6.354062818184119 9.728739347475756 1.008534106596806
7.276640478594557 7.237108134752466 8.600962536542362 1.480958740372288
3.496639342763435 1.60544255118664 1.012909978850759 1.421100764578711
0.3186590526737343 4.889608422853198 7.97070175405225 0.9067042350743475
9.656087288775074 1.920765544674321 9.927778184652363 1.478213386523606
6.331114007598795 8.807312365909898 6.138326962547858 0.9010235946642066
7.031381523564224 2.188753379872649 5.967328817968274 0.8941477096167402
6.730266291853834 4.051774201730556 6.449308772957074 1.36516491551412
9.158002644280961 3.494673065009088 5.487102244263194 0.7300337741441176
4.969811207866185 0.9228512118617316 6.852965967908898 1.011968531015568
6.289682691081014 5.690751931295295 3.080494669818197 0.7416226936664599
6.455909026892146 8.52714186801143 1.826157554132022 0.7330796421781178
6.129826935923656 3.385441172659426 9.729229121909666 0.7693195491736697
5.100192395846864 1.727374050027224 7.529898826664506 0.8882569232645727
9.204471401314423 7.524358943279704 7.985353677558902 0.8233406348816149
6.623197889007574 7.47095833771164 3.27912751228357 1.44775177990389
9.982170733942038 0.01526910915603419 6.284264356166891 1.025560984631671
1.180702545585381 1.938374495491776 3.896203476753316 0.7791548369687759
0.3316455385119422 6.131781640302428 1.013830225878444 1.039804131593774
3.496363387917412 3.787640359993651 0.4033718246986884 1.050372161082751
7.728150219367163 8.809325457794255 1.247202329519527 1.033141536900816
9.510596481435146 0.110300402431075 9.486686051111745 0.8820551821242938
6.353843194208126 1.199039172885951 9.816038848144734 0.8283957543450842
1.287014230841969 5.619566586179809 8.63093988448375 1.536825023450266
3.719777079704317 7.001753825066716 5.522846599566559 0.9846751087615624
7.306646962608038 9.983631043021724 3.340783103746108 1.083328305388229
2.466685461777204 9.524719306247363 5.156094720352471 0.8060325989290811
9.698051263769482 2.096897014092221 7.643596133174735 1.035149142161931
7.733340131987007 5.136717798024728 9.068944716397109 1.318007256742995
7.220896879130967 4.849542371118713 1.728010297193519 1.374166896060739
6.834083685328561 9.576721889539604 6.479152127052568 0.8533833186406127
5.95832281172883 9.549561172754595 6.663693537649603 0.8992231609511305
3.73327803083223 8.650395729621048 0.01582495116718374 0.8006030032529586
2.765764533126565 7.986617673452175 1.904557832082281 0.8932603345477468
2.884134569060344 2.973296705341866 0.2140906995265257 0.8541869902024128
2.91525117288292 2.415825673818973 3.853090520332314 1.431737789461878
2.169291496676197 7.219612510835588 9.789770536027977 1.135969005242482
3.670974264914016 2.889022800444526 6.89788786617026 0.8145503096054598
9.530307871626061 8.272652517115954 9.477421184478635 1.08208154734559
4.381028988865349 9.015492998507506 7.098667997080577 0.8954001589329861
2.242508545747131 7.005084013316349 4.367655986075331 1.009537228387174
4.586684537732622 3.208730782559828 5.384631932638898 0.8206891855617287
2.945026670236375 6.710096479045586 1.754694160628446 0.8585303362819805
1.543848563733224 3.084201361476128 4.023158490255526 1.551863364151087
6.358217331445292 2.63741440158555 9.519253113116559 0.7783195269862037
9.924834531454072 9.13281992120149 9.415044974135613 0.7253063205789281
8.421617731351182 1.172235565658479 5.551770358652454 0.7889129426798428
7.264207012465161 0.9198470135122095 6.947915390441589 0.8034540503858029
1.819806304764103 9.599925477377283 2.28046112121788 1.577660669050145
2.424279151166811 1.092137616965925 3.579206332232965 1.059876787249586
0.980814739930801 5.832378936252963 5.839741277625039 0.8778612940803748
7.607679210694492 9.276347535778516 9.467238621745381 1.258156624790387
0.4778752651906826 1.05560047224463 4.294232022110796 1.513766746674843
4.605913924452151 1.647047762096181 8.514990535321708 1.245005850189933
7.848209793375014 5.720953553502246 4.159425030363178 1.191537143692072
3.674498191373673 5.908761422169808 0.5794364981513533 0.7275228144449229
5.102384209375608 6.168151578101921 2.212755511422968 0.7662699112962755
9.408248850409384 7.920707372326591 6.3779397582769 0.85455039605848
5.36949749521816 7.023768315264854 3.653682323896561 1.226130850196107
2.900466955767507 4.417215067361491 6.675096284060889 1.110183767858387
9.685967955848875 5.447636439322554 5.410732953212778 1.027744857875071
6.043777460193276 3.674357967974652 4.311864985124875 1.472438898931223
2.424007527678877 6.209919367546425 5.181203319506293 0.7362144071992458
0.1714597719764699 6.539504384857511 5.372367964350181 1.217574705326775
5.935116080417122 2.719933032417791 5.060731326992957 0.8120956157312692
5.4022830660197 7.997200948328796 3.040441914978311 0.9598954567524056
0.1119815954119297 2.662484493189949 8.447670547490722 0.8486491491646259
3.706733955104442 5.596186286821581 4.060285579544434 1.440386272247727
7.871302655420143 2.377889713317542 1.076772456061178 0.7908909290143046
4.100281674027262 2.136134197351015 7.333529092054283 1.072486035547295
8.112744521472459 6.692811231295599 7.341869464131964 1.502130490318068
6.703633011812276 6.970769814028174 2.160712549546705 0.8681698063215789
9.835199527650714 2.884570996026952 4.428524018975573 0.8613912722806308
0.3790813214664501 1.148539401486933 1.66342512853704 0.7785748368230914
8.031588843545885 8.843329603664644 7.462153514541937 0.8002040050571236
9.600677074617829 1.115786476792976 2.172376115948208 0.8224977228218953
6.252036481750045 4.918176804713097 5.83439407872211 0.7583960088864985
6.981410998617213 1.422855868880664 7.664887734034416 0.9423408217139686
3.560101949694694 2.159920804967095 9.054226603419476 1.249032567743173
4.217507932523788 4.463064114783257 9.910627544851618 0.8461706413649797
0.6281453834606067 0.5763530260844886 2.703382871173197 1.551590044236852
0.443884530480807 8.467425143693314 9.676558435837833 0.7557118584028466
7.081865685100189 8.9726185845745 1.893438880008224 0.7663272845644054
6.644124295327465 7.453206112474738 5.218339645518898 0.9052518574291528
3.809919759007157 5.338154885658214 9.877634294216 0.7923277941120386
5.76905826777215 6.265354955109406 0.04420069250326564 1.221196624659778
2.799841867132113 5.818141875584257 3.35328661940548 0.8366329140724685
9.448604710292877 1.391243756399362 6.921278989377183 0.9810294672859114
8.446908631788883 2.074809283210758 4.089760081409249 0.8769411751319148
7.743131771495246 3.09552996473358 6.414701592495378 1.318839576120404
0.03931924198862125 6.57582630991795 3.229232350770577 1.549004969339157
3.420275648885148 0.4619930289737495 9.645066571122024 0.7914164315433492
8.609090864736267 4.240020848920556 9.262055006528088 1.007683320147988
5.679395931676607 3.528310202733257 1.323263078000085 0.9634960598444942
3.994477411467692 5.822417852889598 9.215437718712423 0.7504170854272734
1.656481944679147 2.540967264047902 5.693101339696353 0.8466158368923298
1.076965238150014 3.115619967399985 6.346702174656188 0.7997298218260693
9.512007481962913 4.443970292202533 8.199875673210883 0.8838485011280657
9.260488246041293 4.00411924864334 0.005618983689628099 0.9428555788238011
9.341519376257926 6.025312530061232 6.592363680435565 1.610646595978522
8.695196575429646 1.224663645632439 2.42470220801912 0.9411724174132725
0.7631216146003705 7.34229642724587 2.589992842276222 0.8500487758732762
5.292690759201118 9.636528156884909 8.66114013568755 0.8985654444332769
3.037772718847672 2.004321786518962 6.889190094470155 1.005392344645803
7.765939431515206 2.748783004002149 2.638251195196435 0.9780125842979869
9.771792897893024 9.033651887667254 0.5705778982161036 1.555007003264266
7.570149395133011 5.753192562209223 2.304983913810325 0.7314764119563897
1.132346191078925 5.510585908047698 3.856291188742503 1.605074928245603
7.670160626872384 6.965222755660498 3.115129088457588 0.8480928159507994
0.671735923888902 6.9751712285964 8.31352356537179 1.446246812498322
3.974654195240453 4.886631847370822 1.081447547724921 1.519258504137887
9.812188128718017 5.895321395428997 4.374136377908641 1.085613995402638
9.914029800496092 6.436853219257893 9.060765885433282 0.8523765546307024
9.359344957360946 3.339966274645816 7.5935603638404 1.476326102263547
3.900841861856172 0.6398277954239151 0.3265216552655981 0.7698284356798319
5.9711674494281 7.714717488820011 2.148466723699295 1.132660462912252
2.873264300356965 6.5136392096144 0.7128432538347929 1.210128033202888
8.864833608045357 2.273367221548003 9.086887102234233 0.7967092428851875
1.247250872640897 6.92646543519092 1.814713068171704 0.8290710024725
3.284202808413117 5.13611135993782 2.930646158114756 0.9602233505582142
0.7081821432463964 9.678057836782409 6.931922523777519 0.9190727454548063
4.999996824253473 0.1167082119699736 8.002524594915915 0.7271629353271332
7.502488520372673 5.240424940829357 3.040716529166065 0.735504024406914
9.770126464256704 2.168609223969725 1.383019490625027 1.298207007872293
8.169180115392198 7.030616695088459 9.454769402153076 0.9586686430948225
4.493110264479786 2.261279645060663 1.021861348140422 0.895965909743782
5.55531888786888 0.3626141076714695 6.38110422650476 0.792538124436087
2.890793617966477 2.286356505867265 1.824873040515309 0.9677470255252958
2.48256841675369 6.627219601588656 2.631588977335724 1.074316647028729
1.226580652358612 5.04950376583905 7.311636354562166 1.215447313152062
3.134202387526448 8.577792269765981 0.850597291432832 1.147715155665754
9.232487194400967 2.712847724214802 3.587944406366906 1.169476538199101
1.302221052289628 0.4191184354695321 7.100941051017279 0.7674075629383661
6.27637672631981 7.855023690767897 4.450112807126411 0.8513028475837722
7.625410822260064 5.286215303807776 0.7475013573260603 0.8219023914460039
4.13648082000173 5.408878717789197 2.98491390147213 0.7530641842726026
4.3080941979821 3.517165953021905 7.474669819486295 1.129311916658024
3.553746809209435 0.4497286318819183 1.040870021784659 0.8072606529254137
9.11174215034691 3.778258124881185 8.629143823186865 0.7480285643162926
5.967122696096874 8.660627817608674 6.90766091394755 0.7529395530335643
1.741842606601621 0.8860191469979196 5.741395160629677 0.7597247982419332
5.021665646678416 8.087763924772863 7.020728380023329 1.231944486297251
0.4502786335228126 5.941141216687035 7.512971543887262 1.124487429782532
8.792048911854558 0.6028160911758629 7.716116386451924 0.833204760701836
3.164959856879292 9.47074221565979 2.483223581054099 1.0429134624363
3.462283700807192 8.95030830107615 4.605892340630758 1.528573874863382
7.803800579083172 2.57702248276069 4.447811047638811 0.8006156674265791
1.497754797263517 9.210065605406491 5.215216630360821 1.023080127469056
1.147409290395357 5.439781219516721 1.008904557736323 1.059635131784568
5.534479547016555 7.94198846682217 5.623657495012887 1.548594141990368
2.755692447197235 1.921352526251678 9.970862842703564 1.146075271365784
7.668313603956365 3.719991047265944 8.939733292572496 1.052669096407419
4.268083503179275 9.306800697264698 8.319937446055546 1.312006757799648
8.766264713694035 3.903759035827796 2.240698825301187 0.7472530259346298
3.934394816801137 7.421214150560664 8.877190175625481 1.054392046711021
4.75933445116366 5.679672654692093 5.16004514213312 0.920219224244078
3.52440763109598 3.444731983173978 5.947885990819104 1.34148811496115
8.051093316574345 2.922452036380407 7.654930534700557 1.049563247937169
3.03264498107099 2.332703093293806 5.937997318430503 0.8568193543073785
0.1423736264751108 5.630875935500818 9.268697673804567 0.8417580517871782
7.198770765695096 6.567914426895818 6.52486974304701 0.8631610068519909
7.014568195018068 2.014289240480047 4.867998290904508 1.080634175709998
9.825753359782697 3.71258679004867 2.763401976323532 1.4783849345117
1.55153730005114 0.8799837458695837 1.525965742451353 1.371134670908541
5.327309510417297 5.420681300836346 0.8489116826570275 1.184288470049212
6.636938586908268 4.937387862856306 4.530719126530607 1.276346021862001
2.448689950189542 3.794008415986496 8.560128688407639 1.131160152550293
4.8049545486817 1.626129142557247 4.841726694814964 0.9397510566681953
9.531053067421565 1.444595440434846 3.244389305465435 1.33420997392637
1.331181112028237 6.421959530073035 2.705233753200763 1.168951728853813
6.14659642488128 7.919604952402057 1.005474709791147 1.141486531646
6.500215055973241 6.975257640715761 6.124692025243155 0.8846317052493541
1.844554806952451 4.526383188336855 8.088103406444688 0.9385864268867508
8.156167747450429 6.4417331560535 0.5192785618922126 1.387131864565081
9.645412695126907 4.350157273223458 5.475602568368871 1.131169180195974
6.443186938974626 8.175092504093486 8.727740349137843 0.8244803125865757
5.800969469243677 4.245464728172497 9.152913199203738 1.293342518759636
5.192074111808614 7.893225728836824 4.433469966267212 0.8684307937854245
0.1426977407824137 5.106463994102829 0.8537600193806616 0.867698597949879
9.08716360276042 9.013106409505291 5.952375445480403 1.489650766927347
8.09963639603566 9.355945621424894 5.306114771431878 0.7258378459529635
8.321477817466644 8.214352163887137 2.052933758205334 0.9772178190198459
0.8830303067791068 4.012224977781314 0.2166187349998361 0.731876221958689
8.02505509351688 6.057436033464683 6.191542724710937 1.050045682320567
1.750185270910778 2.282805873384848 1.595255604204702 1.13658263030753
8.828344391273031 1.477834261500589 7.692350879992758 0.8121184525714666
3.778787318857295 9.929101468898168 6.26135300422241 0.8242334319617191
9.773702363836087 7.152860911042827 9.754456570145795 0.7642585089284276
8.747312064877798 2.917054992033922 4.696132605576825 1.213352113797713
6.039986607338577 3.293158495696944 2.230002341457396 0.9912475901250059
6.944392230724675 6.312619964173927 7.725404536080687 0.8321774882007085
2.564989672702142 2.381447153902974 0.9086777637938893 0.9244421511749166
5.452430733210173 4.760875520161874 5.136040641824432 1.32054562465762
2.101224580908387 5.427422299383474 0.6808143856181814 0.8921825772575994
5.713568409066659 1.856941300091164 9.261531361781325 1.231287126604357
2.066364674448862 0.5687542830007053 6.517546386335693 0.8886714090710014
8.789674036404458 2.408055183827803 8.194570062045317 0.9555351558503972
4.754703193753701 4.26279520358188 9.180885115932339 0.7276844200541949
9.153035037782987 7.045981357755275 0.4047829557082205 0.7754139596936669
6.958854068727618 4.822549241913217 5.507446970862886 0.7507917084824536
7.80417177843944 4.731895660228568 4.738285063651104 1.039208264036364
0.6597929494544341 2.347325450222756 5.098914570073897 1.45515198135935
3.704177064217987 8.640840285794907 1.911292346668772 1.193277016742419
5.157018285894515 2.348042545241249 5.572098976690428 1.081172497976292
2.529974240194623 2.939785984293504 5.118719155408717 1.336253530895282
9.064150400587556 3.145794057244076 1.690273200327721 0.9260275265199873
5.253429190154035 0.8700313174790076 1.807794468996044 1.206233874744123
1.128658056414422 9.979535347615274 9.5033377576519 0.8790558068669826
0.8663699134676262 3.451136442197697 9.497757119005055 0.8589901293764477
5.34915304292447 4.671299222893865 3.853920725950358 0.9792602859566745
3.648312508187366 4.332685187007087 3.774443865657032 1.087610902302496
6.302307521113141 7.179006001171433 0.2330571623443212 0.8752334241673028
2.576025849493772 3.962701360072849 1.822083656651273 0.852416691780394
6.523296908874133 9.451400221567736 3.114250998556476 0.8243812117926236
6.209351266805265 2.354894611000806 5.741365436414532 0.7819905247913349
1.672780114723779 8.275570643866137 4.971102297383826 0.7596178063232965
1.785653644527753 2.288992820332956 9.465706550219601 0.9475340984864166
7.176502748534788 7.445883754393936 6.665917896037453 0.8413666852321345
4.45562183637451 1.641623339151456 1.709023869668899 0.891691739505202
2.081216525062386 8.883136668749517 4.323329624536797 1.125812754608599
9.131898182191152 0.0434392249508242 8.553114226365226 1.097541539001168
2.104681643570153 5.444125523099674 7.730376762229383 0.811720079690967
9.490971512765881 7.281576201565272 8.848323570439421 0.9434184315142766
6.055276569145215 5.615764904636039 9.270191018165466 0.7337560232344411
0.3232478752584678 0.008147805812833697 8.703213860297895 1.23281975635446
1.806840415827762 4.378250740357171 6.40737560418267 1.078677283461865
5.686328173381605 7.187228242075788 4.656216465996431 0.8574613372006503
7.828265097877394 9.204180250640103 6.381043766271919 1.101481253648418
2.08151681155109 0.8671285366271509 2.641275363781457 0.9132701399215128
5.944802926367072 1.448073173838325 3.461884243511424 1.0829390720838
9.949746596749435 3.350703220063673 1.606541594495574 0.8219325802316586
8.397479665511534 5.958730769135435 9.498852406175425 0.842008213835473
1.83594025428072 0.2412026797649802 5.084155552668694 0.9253576904609253
3.067730552132667 2.79651941143192 7.899091079453731 1.46217329012501
4.550858700517405 1.044408546568849 2.615977733528726 0.8757813865282985
7.43834712767727 1.214986890303506 6.048519739188858 1.083889671177431
8.420647765876678 3.335431105108899 8.486834773369361 0.7753849487917261
6.144394110820149 8.505330331698504 3.376057419103823 0.7325464499090973
8.082980183290005 6.762989499283889 2.001345216520464 1.507216601479637
5.003941182074081 3.691042098069525 4.858048124574927 0.7454417240429371
2.514548751150691 4.019119576412107 5.68908612917937 0.9863840229924926
5.97225296830733 7.402482985554608 8.605080884768897 0.9175628662608031
0.3612827526940199 4.195192046385677 9.560350728811768 0.8235659761899682
7.385640790887196 4.214577584474323 0.6499669323212021 0.9103780793133338
6.308855832633858 0.545062773367827 1.599721715271433 0.9922149648335691
2.007157015092792 6.261102252554891 3.441012309827732 0.7651273414510035
2.482809360512663 8.768371524095269 5.611505732413232 0.8761160445766113
8.418648914307413 1.171958337283586 8.784664001646906 1.533208861417626
3.814916322274648 3.371555686131892 4.584084131328855 1.384352605043059
6.552376790157824 9.519626791740594 7.599378706648086 1.063786425763051
4.933764838270165 1.921241809474626 6.58760006041773 1.002881839556514
7.876676532846699 2.554680897086136 5.376066979264525 0.9538970693539988
5.911231586324861 6.063856391568629 7.856076680726509 0.7601448220424042
3.146320598948625 1.976791732703726 4.985041965947248 0.8598399735488926
6.737577588809537 2.202078658058589 7.333224864337089 0.7276900250068296
1.25245862889298 5.867078256413193 6.702632003313754 0.7771109990889769
5.137377171018057 5.734796066647401 3.288939781992092 1.394221147885842
4.808738020279688 1.530104884648398 3.400483278300462 0.9445884664831626
8.720911198416506 2.26622995853551 6.972194539237226 1.220613933617244
0.6690778933008767 2.252996823660918 0.6104507079855149 0.8762139389102214
7.272453149906029 2.275465262969973 7.887308705874978 0.7488013569362849
4.688517318515991 8.350053715139392 2.420095842219812 1.013266330237438
3.564658319446397 0.5180838422119916 2.702020351578407 0.8508502235907215
1.11643515214964 7.387131282444094 5.807266081512656 1.189863606570105
0.09615144775402706 5.639715688681736 8.411086252060629 0.8360263719750561
1.478678777859846 7.748847172461757 2.260420508752321 0.8377488510339094
6.750868396225907 6.534365732093253 5.279282563107521 0.8890216584627799
6.049962642028918 8.8410797343785 0.3912760486443757 0.8221580954487274
3.012128344001485 5.837591257532583 2.051175445532599 0.8723791954432494
2.611017450753371 8.842843603335993 6.660208277118826 1.173207644196216
3.792122826812956 9.770338513957505 5.412128767635577 0.807721103425369
7.848599801325407 2.516636182933865 8.815159318714285 1.240599101819241
2.76487636328775 8.279698207030769 7.762255350170009 0.8949535722782507
8.44565376617561 5.449890352038008 1.484231477451117 1.279120918476568
1.919112881124332 5.13267416604207 5.277154749282807 1.561492182185759
6.478142422893307 5.321411162354892 6.586043042654845 0.9530853967779548
5.71886826002822 6.6530955018212 1.364886162904887 1.45911672611543
5.40047367953898 2.625434340359742 3.13424436449358 1.322980657435011
0.3330383421255668 9.171983782286157 5.558918768601005 1.093571177061435
4.990993250116627 7.346029111532137 8.733818113090985 0.9700974227826945
3.80527640001295 8.348548528715591 9.195934082734732 0.8521398561536906
5.759587328370121 6.038411838350557 4.640089417047569 1.364148891076348
2.061718916095258 5.266670468654434 2.707141739047693 1.327973163653517
0.2580382044085772 8.178838829460034 6.861817501533413 0.8217173863830954
6.497014817689064 1.034734229904196 8.706999828826898 1.204018306884454
0.5762175365881594 1.227741618764658 0.6885864345366555 1.132886991388476
5.26069984301476 8.794472288502691 8.758721616032776 0.7579242386908003
5.108562579671915 7.827458666045666 1.417066592066316 1.048756052498828
1.191320956231181 5.111862557053045 6.236761406758234 0.7839241059596764
5.576341196142194 3.5298134680261 7.255582623252176 1.374611357795764
3.491629318517894 5.44805581598374 6.805026851339815 1.181347994468476
1.403673097650326 7.779001806077686 0.4257416857792151 1.091533845164856
5.082169619588813 1.572701441791067 1.009418080838455 0.8439497845307513
6.010121408201362 4.220764313575555 2.225589474501466 0.8254736490061887
4.527721655913557 6.007353162638395 1.459185326409429 1.040929157346379
7.400520939805085 0.6835832370941264 8.365441535402994 0.7949686682733065
6.545170953244788 9.463641834164628 4.26474807949557 1.411638789057399
8.644446477441956 7.029738025028975 6.283591543421771 0.8380063096587288
3.613796418023486 9.26263178335242 6.762239787438061 0.8160152815876461
6.291441804853209 0.3983039358445362 3.323268639740292 1.058014599581541
7.264634444464476 1.668581689401151 9.530382836785531 1.185978246881189
4.341022514589136 8.859490492483941 5.908978501808357 1.436549449969959
0.08747920839826562 2.809883746149811 9.279129196606929 0.8011911438124522
4.665549436230688 6.254938250413404 4.322719680561797 0.8946662468093656
2.323299615530006 7.661365697320484 2.718776294083599 0.9832979039734016
0.07872546153638194 3.247575082611135 0.4644897895202327 1.404810308273682
2.502612839280916 7.111566590089674 5.449384182124737 1.081771574273168
3.225624556959236 7.991779924270991 5.741733585732537 1.215555598991521
3.550206509280787 5.976099227598427 7.794726973028075 0.7403312770450167
9.226464706772898 6.84931359717184 2.310702082593188 0.7937741319308834
8.936640137526933 7.497601256753539 9.692436280745756 0.855145725098121
5.885215658254936 5.219120859688853 8.421557824927646 1.083297921029802
6.881476834695587 2.99534032298667 2.079029322094224 0.725705824723871
7.374288715119845 2.051877636134141 3.577649356504778 1.324191795983145
0.700990817780871 8.847900752347158 4.241700382334733 1.4957135735833
1.981560502966033 1.591850265254373 4.759997067705077 1.587490308389419
4.929311567792865 5.34102259131456 9.572114040897784 1.3677411714713
1.825041851167011 7.705982035576452 7.977851578294849 1.179598821439938
7.148085977741883 4.899298968683671 0.05275504397867503 0.9099327439575509
7.58617128814115 8.803310001073472 3.52278175781921 1.288467009804718
3.711101026169946 5.417204102753699 5.821056659513179 0.7594420240042894
9.262948761804259 4.306659779784859 1.29143669630992 1.4601599632324
4.418169258723626 7.604813906247679 7.973140578425433 0.9011412275905326
1.707583071058211 3.302220280332842 9.208827593883273 0.8641961734762881
5.50891373986744 5.830093294099359 6.040823640867388 1.32566704538823
0.1058056610045077 7.597151328477931 5.571202154923562 0.7706635246597181
9.846664120361346 8.050517004973365 8.331062783150623 0.7317232322075838
2.859758662313996 6.817952466822679 9.146597919334305 0.8379044395326705
0.7697773170419675 8.657450346785234 7.856388942462316 1.561948940886436
4.994099114293983 3.61509153301387 8.422438003483668 1.17472564969111
7.859676774960989 3.439717666243635 1.582779905084449 1.465914083074149
9.684186086145266 3.489067706735899 9.4396469778182 0.7594467808120247
1.836004941007857 6.294576092665638 0.4617544211521041 0.7355560804529172
7.379288923400134 0.4938321435767168 9.367555088993393 1.120717124535257
8.734772504667873 0.6012919706266896 5.037388513122062 0.7578673963102953
7.476197738330209 7.722392078993803 7.536618167735931 0.7794133069389142
8.260992395996057 7.53578000508141 0.194418335433344 0.7798840775659418
1.295075945805498 1.781936367977562 8.675749663583824 1.067799508813282
1.262620808191954 1.136223253965473 6.534882102067034 0.9662697965574882
1.015942892187459 9.208134787701376 1.244990357360493 0.8573612701228865
0.8134789748679716 8.294477686051223 5.307033368893626 0.8381488209468071
7.91528703470412 1.147375220906414 1.43628582048038 1.103908593093274
0.6563518335045038 0.08129612768107752 0.5878470124214863 1.111759197673557
8.260812524879176 9.728825078997916 3.471414150168449 0.7531469135207044
3.020287450157573 9.196434898494172 8.61375404688985 1.198514555203722
6.422330436450971 7.863124406825411 7.876977768875884 0.9134536220217611
5.869822639102425 1.737339104787594 4.989054360860742 1.057953722255892
2.275716983036822 2.922914636122068 2.649815809648906 1.395607068052255
4.603344683531875 8.968224898915878 9.310600295191232 0.784474373123198
4.795935888457549 8.887137858236608 1.482290056374024 1.075791983637352
3.711290604748173 1.582305874727151 3.321851668006859 1.048734419657275
2.454773840556645 3.881190137444495 9.776217261586794 1.197289290497056
9.971970975320191 2.57069553194001 6.430717178507688 1.502893369034894
8.768679500323801 6.823199278322015 3.083726386278359 0.9633469159692244
6.115766364838644 9.051397735585111 8.483085183713998 1.055652074203765
4.563650965702599 7.422998790041272 4.135691439204519 0.7755745011737997
5.054422161374884 3.609810285169737 2.298713102016895 0.9878120152281405
9.509447318364407 9.513524933297935 6.882391191577198 0.7313737299315365
7.186735321030476 0.5642273853673153 5.37899603324743 0.8096701121784075
8.215198833320805 5.40014158585994 7.104951533629105 1.073979776035372
0.6077308617076183 4.15071937193615 3.7914685777743 1.196565943074601
6.630805100017501 4.634705197134672 0.7955253854700751 0.796773741058208
3.528562895248424 3.853423602344954 7.966421473042485 0.7735245787217043
0.422884352206081 5.537201658797231 0.1240818690162726 0.8242655791226847
4.839448226551919 6.803841357991615 5.238354817110126 1.166706256229447
3.133861211481905 6.754605640279753 3.695769386754123 1.18946417895292
1.837520110638936 9.810980078696611 9.946601847765235 0.7475537386460582
2.640063848298872 5.930533117508452 8.453767947690173 1.121986150080881
9.453245326777163 6.066052702387837 0.05528255167145946 1.336506986210292
7.761475487069214 9.981748541411445 7.467861346225953 1.478170785965633
9.769148311421823 0.3152218799565965 1.413334921600043 1.289200987436291
4.053271580717849 0.7343374612903854 1.783202472088366 1.002049305035171
9.986005666944989 4.819964536625071 2.222860343898198 0.9502646195178575
5.515220514111296 9.798494318374035 1.624155962226768 0.966943396376606
0.3783058626556501 1.890462260544802 2.43466132995774 1.089871557807111
6.473467710709054 2.701328392736803 1.218937165347709 1.189424900229731
2.334313636248559 5.961042924033554 4.309742473796058 1.022182779651927
1.172272006832777 0.8009929373616509 9.06986534907808 0.9349337783244553
8.343402163482972 3.624035239493788 7.11084366506276 0.7404399811648958
4.405011244910049 2.00595864145365 2.605717781891095 0.9991220012003684
9.060072442799573 1.187270952309356 1.549121891262863 0.7368020602483336
3.120915464352072 5.449321603584581 9.277649370457569 0.9370449759732257
3.661995203638464 8.243418096001413 8.233851117088943 1.04017649186222
9.241075958812708 8.426785668780438 1.887338423926964 0.7349106181861024
2.989134866327797 0.1063147924371777 6.960072520392609 1.272006275176951
6.412426775141603 9.744766385160332 0.8461694726064128 1.122343477152775
2.652747335502232 3.545795793330715 0.7902492559730802 0.743585903084627
3.319033247373525 0.7261551305923654 3.56709908088685 0.7788525841636841
0.3187372497435337 7.763426522326512 0.2498338103952591 1.03268526389748
4.577136514383407 5.384139318983824 6.921269555121123 0.8803691243359612
8.396399938421993 3.837708187654814 0.494146784727072 1.011656278229816
6.841344856741121 6.137145447341029 1.844715509708682 0.9015516645552866
1.840768958685884 6.468567199074542 6.161395020323948 1.179817397821867
6.146121432355229 9.917662107921409 9.522541675658395 1.536403609779899
7.4378016481641 2.397887135286306 1.864302279206614 0.7403530482739334
3.899157980316762 0.3193025524346293 4.516465008492545 1.254169247940887
0.5273598197670304 5.607848465402515 2.695973162363598 0.7580805636572648
8.476420117752573 0.4037873398946668 1.931447165447683 0.7960540457437872
4.412143892464237 8.438693148978665 7.737024336631074 0.7306297845985966
1.440874115203038 4.427088051519909 9.349733502532089 1.194925623196101
9.945801523200283 6.95761069974746 0.636062167750403 0.8453529890308611
6.784492128891675 9.084898752370504 0.06889641165080285 0.7771213315265735
2.247414127222313 4.917647671294167 8.749271222287378 0.7473653753971206
2.246971660572501 3.096618994743816 6.619334460952972 1.558444738734057
4.323443992728065 0.6200311877542164 3.462546352032525 1.019434137177218
3.119096521497069 7.087512036061974 7.874629703835341 1.551511941750141
9.619239395680468 7.859940497899742 3.870872590450465 1.347180310502814
7.244679464935166 5.776419289143949 6.983985072079741 0.9329925240479788
5.861890126374776 8.059295317959753 0.04446021358107455 0.8386075985990911
5.766663610268395 7.965709199084554 3.826064299814295 0.7354046121570447
1.001830228728944 2.354330440712673 3.208299333411428 0.78357974495667
6.491485415935564 2.783972592245836 6.614355355177048 1.110843144530742
1.498741289876151 9.665882070618824 4.414955236484851 0.7591050539020494
2.022805938903842 0.9793364205652699 8.547512816200703 0.9818420412117632
3.272484968704965 1.273382072130768 7.969539691416568 1.551985958009525
0.6367768885794156 5.658882283543684 5.031639868835555 0.8451225741454789
0.8073072551895566 4.786898069251809 0.3560401999575624 0.7862063579238785
6.126673752745893 4.588130172431883 7.333045097246761 0.9379284607461914
8.716580209125356 7.677861503693393 2.74359230756463 0.8224219827332195
8.517780132966054 7.138260882992623 8.558845370178638 0.9375083498068976
1.632265722800936 4.374820736593846 4.311847250674122 0.7696868194203703
6.587306307992344 0.2680051882384016 6.979695668815372 0.8276078112670631
9.484831838105579 0.4272586338322527 7.050314787560346 0.8592165231245062
2.182771123708527 7.028217080074077 3.445383107967753 0.7516657047800999
0.1499657847923674 8.628040042937194 3.191289674104627 0.8613395546427908
9.457695001692459 2.166186372228886 5.43502181078166 0.7372674589739261
9.181388860060194 0.2297103394065991 2.736657720898861 1.311846662866397
9.519046025363592 1.133169976083568 0.7548338872656847 0.7421600858534655
7.666662947081809 8.698132716620718 2.476710127739497 0.7692912785187078
9.743532976529238 0.2633397440202034 0.2985711332625419 0.7945501721946924
3.410320515710429 0.01654888266036991 8.009791250316844 0.9117400486286216
0.3334390117625952 9.773609821624619 9.716485743095113 0.7563390053648045
1.547245923441035 7.360429812584045 3.087365469880793 0.7918292485381845
6.764222977084489 0.508091798678233 7.83044783915952 0.8375157994493195
7.396937797119953 3.85409971272309 7.381385482985829 0.8500134985154219
9.253284774801507 6.410260958292863 1.317868357198547 1.193990748720434
2.726728735537524 0.2328539680230912 8.650738095437751 0.9000532698052162
6.64210802636106 5.062852396687763 9.159109985354416 0.8216688859970785
5.798128270951305 8.604409019419602 4.601929912994087 0.8735967896531628
0.1484448353255863 4.807842724963071 8.870720354391537 0.8514581248236895
4.868836385926121 8.719790582521231 4.760855957496505 0.9103074870052399
3.937326185061429 6.656197078499562 0.7573796942480016 0.7681379619827109
8.266474385998603 3.389738622369056 5.504270252882502 0.7879236554677708
6.916594103016448 4.191211864504965 9.44900382414923 0.8232649943109533
8.760254749107837 8.444269633254519 0.01793281597725405 0.7435472128208838
2.517966183028978 0.6747197716369558 0.4382507810344972 1.452743539316364
0.0927974806316223 8.31186100496177 6.003478338109017 0.824364500120362
3.874187475806985 6.606742253050633 1.906029058311738 0.8994878903252866
1.929479235507267 8.628735557516988 1.133648759871417 1.275319190878117
0.2416169590023087 7.589921471817521 9.21843880722469 0.7726002646397021
6.324185454202084 6.714398534020181 8.141876248579669 0.788350766733929
9.570068534954437 3.658779857058181 6.153252686987689 0.7673677753068002
7.3611661208792 1.656249121544625 8.488228048045196 0.8015331774742768
2.424100402156756 9.289639742062915 0.313909371237131 0.946323495296172
3.936239839476478 1.294198772417914 5.023217559151547 0.8794822550133642
2.814788162608704 1.848822607787085 2.848840022893201 0.816721059182943
2.049115979558716 8.387141121010666 2.210562465877286 0.816207078068757
3.458345689475597 6.17543335950269 2.815939004057311 0.957694158224216
5.767747103942347 3.711447329715774 3.101259669269111 0.8349063508280877
7.534409975938448 5.554255787756024 7.936275227222421 1.051415150523739
8.728048982248206 7.781204567896876 5.527092569753864 1.130157443337761
0.3598449863223253 1.227522832175026 8.840986778211063 0.9122530330820033
3.574368293309048 6.420072366698077 7.037676419990639 0.7309079904436723
2.844137961980711 0.5742633170589495 1.853425382519865 1.301602396680198
7.666879726505528 5.603428023296855 0.008705361434017123 0.7415886066587882
4.620039686664919 5.068502460842235 5.967545364290565 0.9680942299228319
1.2399707696725 8.661539096181183 6.37027102078817 1.491595626307793
6.415934320767437 9.527499870463108 1.906261055116065 0.9306726083709497
2.732570610935905 9.887291877520225 9.513106870571946 0.9184893288985333
1.040165249632969 7.466767766413724 7.073026959506902 1.169905062035464
8.956501964544232 6.548959620652293 9.162078424120123 0.8727199454115012
0.4238926058919756 0.6193094337296312 6.997786415596959 0.9934882400858708
1.112424080969286 3.429195240995564 2.741195084930764 1.093505419572648
4.530931872654703 4.102594719859425 6.533493925361411 1.056804666249635
2.396923240217587 8.292060723146758 0.03709202968756098 1.028517680615228
8.829804283729001 2.728483056547091 5.816696672736311 1.002291130579555
4.332999404414768 6.143939714760654 2.504802577214657 0.8325962810534198
0.8955916357667293 6.631053474715782 9.823808755229724 1.577972928700551
5.675599829258428 4.322354411906956 8.077762422137374 0.8186676408105686
8.760958447129791 7.502739039498629 4.535806535717484 0.8665758065359568
5.401823085982402 9.454436710467352 0.5841682584636543 0.967798848905144
0.6520624388448583 7.483277034902494 4.64069988742061 1.222753123596292
0.771477340368768 2.837289462667085 1.529243043247401 1.06301714126022
1.873165923338908 6.849374424512125 8.743011197713807 1.040103672636548
4.273873729665314 7.018628385033892 7.166918722764971 1.060656245724476
4.533248549750492 9.35970733521328 3.857950264713014 1.07755987084233
8.457034526758347 7.769197645517323 3.643954631915986 0.9634556357201298
7.240559565467001 4.820905431802729 7.228683304028019 0.9627658266155771
5.218256554394861 6.958864587686461 6.464324807776526 1.061579623550805
4.503621877645144 1.663920352070889 5.789959612551463 0.7993376467310384
4.205432342715464 6.011923860102207 7.331444116622535 0.7408022261763731
5.65291639753011 1.554444509398171 0.2733927988701679 0.7956323667295772
4.888017995267571 2.665082218052734 7.352319826872974 0.761364875480611
8.549553110791949 9.236304231581986 7.008831041003664 0.7309574921637285
1.190212432636946 8.552496631348967 1.962582948381427 0.8583077857496521
2.07919579504052 0.6031440841325475 7.563094665493685 0.9974114024642796
8.250637698464082 0.918625653582178 3.625867091660051 1.483061737226575
9.533613420049949 7.347977257366447 5.029538412148813 0.827330420886672
7.474251373220685 8.909116249236497 4.678898655931451 0.8470751507993182
2.984193502760718 5.514004175022863 0.2392810450621452 0.9693792996867242
5.669276351303371 8.898731983968366 2.382787465749176 1.165055422609005
4.419247396002838 8.35289546444444 4.09437653310193 0.8116471729775487
1.249729470123055 5.382634513344817 1.989753935082948 0.7875835847621508
5.492508548108145 8.153650426277251 8.125866141791606 1.058467581039993
1.298539026302462 7.98615133544229 9.1776980110001 1.386145950893237
3.542414984761046 3.36388086660421 3.297003958955281 1.005227678347127
9.312188422943686 5.367692953024829 0.8924860049463745 0.7612132440371331
0.1377254647901838 5.093161480943313 7.046529729748396 0.8345905158672929
6.391359644045914 0.1887500380154395 5.101198903433772 0.7759382060059331
1.918192954594783 3.943661148997017 1.305915853155321 0.741361599676731
5.26788762517111 1.789410746860016 4.107299875432195 0.7587262215007187
7.145063167267998 0.9897911573813479 3.110371784655759 0.8706770647725227
2.734909260384835 7.95808969255303 3.777004509222361 1.301751861046354
7.131825999053878 8.206863230990201 9.333412302147835 0.8674774310827671
6.858177421419173 8.016466583703041 6.055901652397035 0.8921965837845446
7.273726126545041 7.362067765051752 9.920390303063522 1.082206746366131
9.222742796473819 7.292442060791738 7.081500272590207 1.002639513116008
6.090264151955139 3.46177535168801 8.288447855476496 0.8634320107788702
8.465304196459902 5.045897581274301 5.732046104438608 1.286232079468103
9.140882193097253 1.729790893840022 6.103727642950373 0.8509023325059974
8.412563038507237 5.096353542703527 3.319244267378344 1.102250012153345
3.961988137440992 2.170376443955699 6.25144627313944 0.8490901253658177
8.168550144546593 1.92860636193588 6.066042377367713 0.9032367886235844
6.280199838858856 2.742236708227956 7.732673255204235 0.8465602137247342
5.023107585003274 3.525305034790146 9.457543985713292 0.8553595962913288
8.826945241859926 4.197814379212939 3.230424065803405 0.8447274754447061
2.090109922028257 3.36283423487943 7.765957854884917 0.7655508852191711
4.58724125979202 6.723277812739708 9.629309003012636 1.292714424615274
6.710862633878095 8.38078357107832 3.96151031992134 0.7706043049245307
1.652889577903669 1.753539616477172 0.4720347034088512 1.220274207427167
5.358783266774149 9.262035430469572 7.603214321603629 1.245692878529208
6.7681173229434 6.033881803437015 6.009063523508491 0.7251731749995983
6.559569960870709 5.430136413239244 7.617954642833281 0.9526079221060761
1.382974577702321 5.380139318234747 9.956837143215804 1.005427651455362
1.392411179445682 3.706826060010475 8.443920700472159 0.9326553595003932
1.128034779781757 2.514625946151743 2.359754574259839 0.7975096524558164
6.481602827209549 1.992525138402658 2.438177074119749 1.416130053502824
9.076677085918337 9.89155022657857 4.03122383454454 1.213676906769365
5.324059639993969 7.328209772763204 0.3836689960451378 1.003266289094348
5.317353812451803 9.307507348064357 4.341723921375011 0.7261820956487967
0.4431441876099507 2.123073414902541 9.011252669125648 0.7857259524474154
8.67604893722948 3.138496830043091 2.669292166803571 0.9378338223541879
9.654941754602184 9.047534498487851 8.53653725281545 1.081689583940147
6.963889709210852 0.8637464522598259 0.64513812475818 1.289849956407302
9.288878038816312 0.8664735774646259 4.415588071651739 0.8511564492094533
4.581483932854161 8.224023833803086 8.656229578468059 0.9186544540947136
0.8190914698622809 6.048354239909385 1.911157064387826 0.7673431614950227
1.452526642917116 1.139733459968038 3.427310140037374 0.817638110017064
3.51383262399154 6.021552932816886 1.396151684281131 0.7503045669191855
2.182591625573294 9.633269821032323 6.017479580916492 0.9540890825271887
0.7757209700563561 7.141616177287015 1.009914903841552 0.9582214383065794
1.421701409766755 7.723731750405974 1.387505413741781 0.7751810021253098
0.07332234879700472 4.860790662610985 4.572714901004634 1.01418369458464
3.613588272312521 5.649054765472287 8.514844865551636 0.7868280242485385
9.656116817849574 2.916175306458477 5.295322234239253 0.8026435653328906
8.184002764511119 8.013331743900592 6.678840813025129 1.392831495286878
7.45718292848624 9.976092655060972 1.528897438301187 1.339805057119794
4.319729434725287 0.5216536535252669 8.383031371442023 0.9774756452927807
0.4547171648192061 1.898437889529845 8.22961521116809 0.7932965771045054
7.111967244959783 7.940052737048993 0.853583344804011 0.7722617264288406
8.93002238874095 5.067463491390551 4.519431012989469 1.257189026887527
6.408667855082678 0.3009309859075759 5.981458676842593 0.9253337114085586
8.080452784150248 1.912341764096477 7.804474070265131 0.8976485064087303
6.418754754657095 7.596440120045751 9.405489964862673 0.89816098365484
5.896598672711585 0.8417692819368395 5.45899643764581 0.8560050540904112
6.023862795915878 1.021731879951192 7.747005483445973 0.7941439431157933
8.334239658726537 9.265675872011734 0.4391932402443322 1.115670031658161
6.994607791842096 8.567966038177095 6.990815702830393 1.239342561240661
6.810276809189238 3.88282788483964 2.293275836964612 0.8597375824418428
7.524785517021589 6.285181697732318 9.483989914460802 0.9319711790511868
6.846233491995934 4.390567957327232 8.27198344940215 1.380824814465978
2.170477142868835 1.691369298657043 6.197717979514158 1.189120905467687
4.577426827767168 0.530329514390625 5.724886405090414 1.398572734652171
9.981946614409566 9.754361535933215 7.638547227345053 0.9696930629763733
9.804751063013464 0.4398043311143641 3.56472334203207 0.7598498136571403
3.076525252052194 6.599617232182059 4.794735961227229 0.8309093317163767
9.303127417584346 5.288783408207325 7.653083886439613 0.9222603842311509
5.809964443144993 8.884644898510521 1.304640134963914 0.9327636989621373
1.230686968050735 6.851457149918824 3.795799836985089 1.014969609444448
9.382982642656714 3.895600560627176 4.13188374379702 1.309325898131407
1.666233316656681 8.493299471487971 3.241989313353972 1.265539477925891
7.948496349330035 4.29046345660406 6.590426818641935 1.069657100754
9.119009369011975 8.1210445370175 8.59535671442595 0.791252471790385
8.04776297191558 9.953180054653433 8.682760321066134 0.9469458682851122
7.660724802489012 7.150465234638451 5.700268811624109 1.288123522857195
3.016708728361344 4.838673358961445 7.978457205131115 1.325496550198778
8.565658172754508 5.014949097237227 0.1822075223132192 1.334259825498755
4.251846256275465 0.09413359587648995 7.2569679459666 1.258887308424121
6.147305689717333 1.896951406222332 7.769515594595833 0.8220186784463822
6.277110119338266 8.680621275872689 9.414285384442698 0.8480464088715043
4.8496812918129 7.174338930405258 2.388918036603325 1.264928571848558
4.775838875090023 3.692563389411251 3.6276685157716 1.283882392982284
7.178344426584164 0.3398873338068786 6.397791442676871 0.7694072806402261
6.866895860743372 0.2324293950977252 2.474641319819207 0.8580677666062233
8.117992434281412 4.50120259851797 1.087418325703567 0.8132458726641854
0.1309839285285852 9.107091958541247 2.080848897407017 1.464933455001335
3.948865575879143 2.024696557613659 4.372731421765985 0.9109345598739815
7.708641676966424 4.20745373891357 9.798064290175748 0.8591009208774597
7.761805782303154 4.120837503146904 2.828150218327616 1.322985705256915
5.390409556385404 8.824502844744577 6.394924542522554 0.7675932356296005
0.8671123987736784 9.309041875314064 3.056364376658428 0.8903727702702577
4.47271477679386 5.828209578173598 0.4773147896984475 0.7653067419396163
2.972601362607102 4.861367340086218 1.918042054175882 1.022299593073235
6.831396399353786 7.154429105561114 7.447491127838213 0.8226699213023987
1.55607829237847 0.4851028131997315 4.231633654908395 0.8434392730042053
5.577057437546176 0.5898407352757939 0.64981611061803 1.198760383092569
8.059455262329465 6.069535733954346 3.080221026164601 0.9799011713201822
8.632016295534262 3.9981057757284 5.919320372883307 0.7708377470977938
3.785765268436199 1.164702153410756 6.620408004208345 1.254951844021249
6.188300952242511 1.426840570898332 6.588375966805606 1.608661547407248
0.2326666207608308 6.82316324697934 1.871346090549724 1.121444691478097
4.227535469479865 2.540416355701362 3.526597675472063 1.108910957598701
6.423813458459144 4.22776172698318 5.335892484333809 0.8304860502407183
8.036866512643114 5.162534959683615 2.466831473028267 0.7284432500116661
4.939085345358505 4.619677741603128 7.478856132617738 1.106961352709258
6.187026463184267 8.659639232849734 7.654536363635315 0.7448671910828859
5.116081409204368 4.478632976199854 1.646034321609135 1.052179278693935
3.542140501119651 1.66380712153932 5.710155295284802 0.8129270128283878
3.835224839564569 1.067490847831861 9.115471617714151 0.9517977863065556
9.033321281566911 0.7972271213211635 9.965448518364452 0.9619007990178389
2.559390195553816 9.869401437547651 7.884567184207336 0.7811926360142954
4.276940963493229 6.258467897210915 6.260156751453612 1.236914855978269
6.26551205570849 3.509237341212045 0.5521067191751218 0.814025263956056
8.053628492134832 1.050584125272827 0.1963169881760052 0.9859048181453799
0.5344827945079278 4.101468074306386 6.572573869776047 1.438363640686765
8.09362376746971 3.157535924974841 3.629765423673248 1.204494842466823
6.73851586254484 8.239166131173329 0.1298981174113023 0.8654575280408453
5.557810498620054 9.535318232892779 3.412558418336026 1.132394876376952
3.845678834961675 6.06526125496851 5.181271854079469 0.9208720746844643
0.7792224531216319 7.755810617716913 3.523778051962557 1.035361117936847
2.951328732685219 5.097112245705764 5.936013995448943 0.8324242749846656
0.8439469301933944 9.932431337406923 7.741374733470024 0.7268942327872138
6.754710349835213 3.181033996960746 3.147789681021159 1.300770625547325
1.119113519234111 0.1023307549312069 5.97756105458497 1.227070546333856
0.1574235124825873 2.578193915961767 3.120533532021664 0.8502679465669019
5.965844347274079 0.168037583854771 8.201497123131 1.006995182297921
7.210273224077596 3.894162006041443 3.966897578520171 0.9267651679577439
7.726438922188835 1.564979281316775 2.492323107540396 1.017265242058238
2.694661905976809 8.885902191101263 1.849029118191319 0.7923383351741516
7.100662339203595 1.77829970381767 1.354658029465488 0.9240948088856868
3.803616016598185 7.708200786289006 3.921550250903373 0.8638016820156261
4.624794238712478 7.985772723430336 9.785181279574198 1.185808163929391
9.006306360888425 9.696312110653103 7.59348187554809 0.918926476749689
1.575719996895667 4.011848111202596 7.340403045459425 0.8539006149649957
7.045773486868806 9.433364595468419 2.515438192314277 0.732766719722902
6.762592030846371 5.752259059771297 9.743442253917454 0.8265978293121298
0.9167055554312155 9.112845678476823 9.056669180457794 0.946609152119202
5.221346694243842 8.600799765305505 3.905737792085227 0.8246848798702988
7.879167424805592 0.8839827625115748 4.956465594232259 0.8863710683264751
3.559328579343877 9.694272354947675 1.568077343374243 0.9600594060070603
0.654505631463257 1.669445204765029 7.20299277497397 1.064318182886071
2.046759631985667 9.0940462515187 9.333353871354422 1.125282526348428
9.23404369647665 1.264730607418386 5.254077740512172 0.8965385520586949
2.749156187633372 3.672774566842954 3.884782904934931 0.9524960636038716
5.330839171780001 1.580799338968736 2.610695150353369 0.8900253788120228
3.46740079421479 6.390610251944956 8.795292391022185 0.7690816540623502
9.155956664076964 6.905021707146906 3.911124471051975 0.7257681081876922
4.394789928140685 7.289948137359775 0.5916573111897161 0.7669788347705201
0.7599742200941141 1.5981162305584 3.278408514255705 0.752571476317075
9.310557252944294 8.569171994108453 7.405066155965527 1.398889011313345
8.580306448496993 5.652374497558396 7.957584928074973 0.7429429440141775
0.005364904743218046 5.935185722729911 2.200393635836155 0.7684005192521611
4.824918531588066 6.591055950476317 0.654445666180391 0.7838390384603449
2.858497615548203 5.534948167106296 1.207009381439377 0.8694234645008077
4.507183158699799 0.007728386757499539 0.9971403175662352 1.232801471700526
8.907848390043377 6.01147990774587 3.735759234671249 1.08601287953878
6.510657976717496 4.585702695509215 3.165403672049383 1.376951722962612
7.808122982559531 0.5287903725461696 2.523050530796219 0.9449260168365134
2.332043877644744 4.02668365577007 4.711318791981179 0.9201242095631796
0.2585027606743584 3.731407718051385 8.609169932773042 1.259984563273156
9.010234947743733 4.727788215457831 2.449406832129813 0.9819840308882175
4.318381811023698 1.265908076374269 4.138359992863816 0.8026354802280965
4.434988668737553 3.620014065364294 0.0601309083685897 0.7606273832570475
9.728009601678025 5.078938289182307 3.385553009443118 1.417981843561881
4.658784431759508 2.601472902700048 9.232774204006869 1.060150930849364
2.400597779270273 1.933789755724853 8.713357147932696 1.039340152014082
0.6575883026061992 4.78371507341241 5.511893832257075 1.016037291785555
6.098037674780444 0.8946836999738196 2.476781926295409 0.8613970569383085
0.7887929199334942 8.223424196719684 2.667660679814995 0.8506317137440064
5.514520479360121 6.328850934934279 8.801752745865103 1.238363150496428
4.522494501902433 9.065808390658477 0.3038572715493271 0.9929974283122173
3.397823532654182 7.545397725228495 0.01271140314492047 1.391288895247182
9.74142154499458 7.783966095796674 1.221701548362318 1.175391728506703
7.189733564457869 2.823650489481663 7.322478805624935 0.7447405839082619
5.525403864887185 8.067773374729917 9.138077616686788 0.900879589232062
8.715193059022285 0.02246933275639851 6.673973881266972 0.9273741607046366
3.307608217528203 3.634846228258031 7.104502497296593 0.7890289433887602
9.353706037684088 6.42147892093403 8.061522538592721 1.356743132837709
2.684187302777068 0.2110608293581495 3.055222486288626 0.9259841272926421
9.767736389170516 0.9022282694151051 7.962016891897061 1.217699654527614
8.92475335827873 8.831279312084266 2.996697626276883 1.507563593721675
4.21797549464558 2.685772637840319 8.264324103362137 0.9144157048910637
8.812685138293462 9.760408252394251 5.051880355635651 0.8027718279024322
8.486105055610741 2.1849094501388 1.875742656515333 1.203717568705767
1.08611712931144 0.8596131770981087 5.269947064311474 0.7722932302045963
7.528601359949025 5.955897957009493 1.292921672190822 0.7765176809213088
8.954747423322763 7.623367730888738 1.837300549907961 0.7684618230198595
6.872855222219062 3.151652468084916 5.365591534630686 1.299839339678321
5.666831856113722 5.418054496988104 7.157296570591063 0.9539704522082019
3.405543994649636 9.104973428655219 7.59503504433138 0.8882289891751731
6.636991017661871 3.857642682599315 1.338680421417155 0.9990520315652738
7.885451509811092 1.666149285506721 5.280787379750198 0.7299449130828323
1.672254603789074 9.828749531519852 0.9508602961964019 0.992663307560198
6.652055780263609 2.411001251717517 8.617872066120094 1.106770398573443
4.364239939187045 7.59611351640208 6.159041248472186 1.062523879982277
2.261807503348982 5.432273826352358 6.650583338669946 1.208432985115768
1.763129695743131 9.544621643353439 7.234865047594915 1.111934469415714
3.283932791262507 1.319875796129951 4.240711078776362 0.9565467322565181
4.727380097801444 5.302989742562067 2.226768937881903 0.994835915320285
9.115093281910333 0.6280565512111169 6.004215932660402 0.9805059546198993
0.3059676077332763 3.603666911852702 4.742352119679909 0.9243478493642315
9.008723899776442 9.860803981060611 0.1307193040892662 0.7419691124620724
0.5386385675457073 6.505307616725812 4.332876514367367 0.7714257087829377
5.57451795431709 2.59349783706734 6.483143671376591 0.7279800795462381
3.542959893994826 9.808137708276639 3.462393703900114 1.079827122493264
8.478267857319473 2.052798866298099 3.042567255163356 1.044727045830028
0.7597045031704153 4.163892575872985 7.737886794097696 0.8169777882030004
2.139555850539983 4.628628410315448 7.268748396341912 0.7373729585886781
9.53067370222997 5.440532823187419 1.704101434103482 0.8711586510235986
4.28156684150168 7.824075217254364 1.820896008334491 0.7436969070353212
4.608022920127669 2.971761920013127 6.442082317853211 1.168595565184708
3.772490593242292 9.24111016693778 9.339247043817016 0.8454836231702484
8.294316233916486 4.467609996906699 1.948871002080022 0.7514748980438049
9.526461213126144 4.359162436606875 9.218926772458163 0.7610475400397065
5.310396284736909 0.7211978677047948 3.054344734200436 0.9501596899876907
0.2059906846849302 1.189748676100142 5.928801546208495 1.411037641083939
1.85201398802262 2.73267648480731 8.379803489459213 0.9437039553657322
6.91621357397233 6.306435256568253 2.885935952838131 0.9940029625555613
1.593551875405573 9.852962276957584 8.459590642908433 1.313933935141638
9.439047017182805 1.929499156977021 4.462162776760962 1.166200691470522
5.36459559974216 0.7971622694425617 8.765624880874219 1.024631642261305
0.8973370193085894 2.967786632984441 7.59330386115575 1.477883359370732
4.606516827964969 0.1062206072782945 9.561669892739323 1.483244504243495
1.348609729722555 0.7512848902055081 0.06272325548319024 0.9030605092283734
7.404690892078308 5.093092181147433 6.222485415484417 0.9483817570439774
0.7014042468650628 6.542298023190035 6.437051396443958 0.9872013935399617
6.702850083865163 3.414637574871793 7.327510290245687 0.7565430654393467
1.775729274293752 6.965328659010977 0.9006490680950087 0.8259247548356515
1.931717721657137 4.891418859312941 1.539227738048635 1.082501765565225
6.675887051293463 3.418362025578399 9.018748813768299 0.9660800853928381
4.455739814818633 1.056400171459734 1.037535811284689 0.7334050689875474
6.900873669683852 5.472353106544065 2.579071878608787 0.7458148660363483
7.239930128504916 7.886536029158648 1.866129315281979 1.22317073116264
5.331907500971289 2.449073180313174 1.78200703303412 1.330183500592444
8.224250988092624 8.152665786516577 9.177843261481161 1.275132069209346
7.036145152394984 4.010970260285278 4.792971136855176 0.7339794016682085
8.403619396292939 0.1484431067696102 9.562405527350473 0.9459880336281195
7.949333272816088 9.565630791352381 2.637509578795694 0.9404449301536258
7.093039464772451 0.9890568305175917 2.048372526837813 0.874979349172655
1.753838852122767 7.492147608667002 4.979908400393311 0.7484794577546309
9.096084426703712 5.320748121310581 8.884805653526865 1.367489039902671
7.908014458096038 7.587820483004067 1.071412383778702 0.8539458013050694
3.922506200592512 4.866408096662618 9.016564746979432 1.050011762108527
8.775459936760994 9.359931678943168 1.632367180071947 1.352993001276279
5.407193579226251 7.013428619588387 7.663375597479321 1.317371890287236
1.954579590084586 1.339519292473096 9.514881454445929 0.9062537172574731
6.074460286449367 5.373411075746817 3.777308708887719 0.7343128066225414
8.08055225245106 0.2209241970969422 5.795819030503248 1.223821426157857
6.790608179156113 8.754997728319047 0.8863305195606243 0.9258919681160642
4.262802490593697 3.104494107794757 2.622623220598647 0.9603547587946294
7.049437267239115 2.986314827727129 4.241497423032302 0.8898515589889364
7.337179616202827 9.402644294955083 0.6091188099748501 0.7429981888683649
1.030344392564726 0.8872056730533817 7.950430741157459 1.182388108279905
0.1416266296105595 9.077298268718843 6.592366316505142 0.8299200702780699
6.464207743377048 2.035727133940429 0.2446898798777575 0.9942698510550607
1.203494808197209 2.198702662336282 6.45032268548601 1.009442393902874
6.75575431414472 8.587887300155293 2.688230536208092 1.016451846122567
8.609866372840802 8.685136862752346 4.556514871374106 1.417341752142681
3.064200127310626 8.780305308078461 9.537450107160526 0.7797896608941561
7.559613848852815 1.806941097747272 0.5206996881973559 0.8538924192616448
5.202148710579378 0.8269919263940928 7.788355763879903 0.7783278979248622
5.395530817834318 2.719850342997191 0.3374640687265051 1.496628304105009
1.269380702884823 1.567700192510843 5.7608454015957 0.7660289621026924
6.894269135674525 0.874427544776466 4.331978488345522 1.40132354738044
3.273380301842061 7.551988358934983 4.708614217363957 0.9414712843396328
9.753091538027812 4.99296531196773 9.820966978129638 0.8906464512213421
6.411669499663611 5.548365231292336 5.382554386126329 0.7605431482552589
8.601140151463186 3.167077590328086 9.524453648228802 1.154693211601353
5.588657170549804 1.507362034276721 8.227074174928029 0.7791406739685964
8.741980612571092 6.38256224936969 5.090692363499922 1.57632436787835
0.3138948687744681 8.366983661670496 8.912411941852861 0.7380844774265763
0.7005889447769843 8.352177089196358 1.101595994550694 0.9154083613555539
8.653760235070241 0.3755234327149859 0.8611681042539121 1.102985779802308
3.464780114469556 9.670733932260516 0.3293840870052867 1.227222997825163
4.045770006006236 4.304992443917236 2.466751148177454 1.418377445378886
1.191414378422851 6.3889472558691 0.9339497478710369 0.7260192852384496
0.900219186669674 4.655106369772033 2.74755265858799 1.123859990082595
5.319621566419984 1.374500197768529 5.686122868194755 0.7407681128120531
2.8299694045592 5.921320897375659 7.438069113654141 0.8378023097559616
6.256861587427172 6.320958838635868 6.954600178013758 1.171981900544284
4.915618674132178 4.836478988668067 8.503228020861451 0.9380109188408551
9.705629812590837 0.1821424529928284 5.16872549116472 1.146054408565131
2.59154354595626 1.118263585593659 6.978519155635549 0.7849722671448485
0.03314499818345751 5.05549120327051 6.155715044412802 0.7408118574341102
3.331109299770524 2.934762761566384 1.042236299199407 0.943905026657117
6.631776224670013 1.282943513992106 5.38787611332259 0.829055065537899
1.772411210768693 6.477307092499541 7.493219868521723 1.365709221924946
3.996499415189832 9.109558848161594 1.07673184940318 0.7304389958226978
4.855993067343972 8.771277958198286 3.182673892552811 0.7272128122534338
3.363109835533272 3.282196372610316 2.046261260227683 1.12632162682466
7.332520384562823 3.044091096947585 0.122554873744416 1.606816088235578
9.55848181602782 8.953344946225494 3.992417798998668 0.7766578887951275
0.7969080826849717 1.84315185961259 1.513505629970335 0.8066310411953735
9.754375430957801 8.31106888242882 5.055087222608699 1.063977363164815
9.645862154692505 9.302269581863472 4.718198344572972 0.7817066313129326
7.877655617611571 9.888671600940544 4.48146091515657 1.237671562684176
5.833040761131574 6.75162321312558 5.554582177449442 0.7892014911937674
5.541268576904038 4.623191421807556 6.451328587848327 1.130947359359562
5.722066345964251 3.043306766584341 9.010274163807333 0.8964156511916291
1.797641173129608 9.573456871168283 3.577459267130291 0.8195587002784922
4.266149643786005 6.660208667693473 3.340668626757442 1.04198142266208
1.96794291919462 6.103094237518558 1.645868945756503 1.295050589579684
6.588726780452305 6.947141486481244 4.409962594168356 0.9014441292685336
7.872254095314111 3.609529989228934 4.655925713414311 0.9040876750120084
8.329166272924104 7.960996128308986 7.937620195435926 1.084117295968483
9.324566184319471 2.960657071994647 8.791017886726021 0.8913094978871055
4.544966657718788 6.985973426023329 1.363554063226748 0.8547411836149603
5.930021961629055 5.355018161032556 2.019701449113123 1.401122077784579
7.023015278343325 6.464437649059192 0.1768531492274028 0.7423345906676335
7.514198480821126 7.742593843229407 4.419713479988071 1.428187856730902
2.488998574678081 3.104720046351451 1.500691028865048 0.9031637361757553
8.639435173985868 4.068870651673218 5.030994928640311 0.9622551514481522
1.95940602563219 7.949242757489088 5.720269398447785 0.7676394077967035
5.592263452045843 9.4804356482754 5.447247678512435 1.406775247506207
6.614091930384244 5.682821470173883 0.8672506415639382 1.260169340523094
1.909325847300339 1.929353058606048 3.339551034631723 0.9132757538384717
2.364114051279453 1.573597785511118 1.281286681595553 0.7710434959775381
7.727605105922414 8.370886063381599 5.539592609905514 1.092078963807635
2.886053294048352 4.557943416549227 9.076005395826913 0.816906014163881
1.567071364258008 3.165680445662221 0.544059995166507 1.494080811259579
9.568375553727936 1.848269701965172 8.655678395073414 0.9995287529324677
5.587455028077319 3.535885141990757 5.780432632637821 1.377729657367598
2.694736189871697 9.12412637115556 3.425023039124705 1.045111576676401
6.396553522660938 4.134358051614043 0.05747017760637241 0.7449053416182234
4.508222783289461 7.751678323472489 3.322455148932755 0.9056222011595938
7.822047711266031 1.106628737607123 7.754053524073224 0.7574147204374655
5.329401237684088 0.54515990987828 4.353932415603201 1.600174617552439
1.770692325718094 0.3630340197935089 3.283040843402925 0.7879495088124043
3.949881058703553 6.859965883237991 4.503827642762528 0.9614562692746178
3.156270282491576 9.390700848728288 5.90157305724009 0.9133820352742377
6.878547876095236 6.008990821347671 4.424060512653784 0.798621456678737
0.9008050935221779 1.557502435167325 9.647518716717403 0.96857546347462
2.366934031463169 1.537351630048689 2.106120320855295 0.8442904430508469
0.2271651939141472 7.385223819918232 6.394778640326425 0.887790419619136
3.850084301452465 4.467469886045368 7.233346440135665 0.9682157199380376
4.382312859496052 5.524992658952827 8.584557839766738 0.7278769139691574
4.215836262530036 8.175242252370911 0.8720217529041031 1.057463470308177
8.51995750699899 9.051355918287967 8.308779566102862 1.096649673734116
0.8279050866945138 0.01133014140670574 1.568130701843627 0.8352926263654575
3.072827076260697 6.186475247461548 5.920016462156876 1.189842410689139
2.940297305382702 1.043234961038548 2.807184558715158 0.7632696743783335
4.46295757936765 4.829694349064001 3.489064369864187 0.8505896372744454
5.467481189184163 1.002717305574454 9.7333828889013 0.7251685167023613
2.501748632069109 9.078435333489681 7.656536636280882 0.7672309918664588
0.4953501520112414 5.637773889537279 6.500765794367874 0.7638921415564172
0.4049682201456473 2.815247490922247 2.378669801263047 0.7264233468077024
2.938440599413502 0.6117346686729452 5.605457270369206 1.556799246990822
0.6361263798920104 5.028259765114073 9.536337110633577 0.7321443091774347
3.439298572407791 1.22409247694048 9.903281437268696 0.7546838997611587
8.308300602973441 4.398604111489306 7.963582932629114 1.516641328979504
0.9847274888132951 4.523774630595469 4.699335577317979 0.739004736644451
8.343162893137935 2.016788943716061 9.864442490578751 1.090758277516706
8.745773497957627 7.272032078182891 1.083459245886469 0.8159863779942657
6.178189339870239 2.355559426479658 4.101688696534047 1.136708309183808
6.906788885728886 5.586714190905865 3.659740859257201 0.9049691553490252
0.200943306107525 3.451535327108728 5.645364390669364 0.8378906565927171
5.649044777315187 2.370845466531066 7.230815931721009 0.7848235719910093
9.785577895367998 6.864428869440801 4.362917299896488 0.7892210569808935
2.293289756848067 7.587228776727768 6.6829917324511 1.354909063424904
7.032699464586823 6.931621610621877 1.065913510748491 1.179320522440999
8.348838901553723 1.069290695631274 6.832707079970145 1.225416930975056
5.077823153039229 5.715252634368471 7.906109855839135 0.9787604087487322
2.99346078748891 5.675499448587371 4.99287283754451 0.818310232373598
6.677950019167389 8.466114565536657 5.114463543917735 1.083890863600562
8.190957624301243 6.77795018313939 3.950522225155709 1.011048565590845
7.462492441437331 5.658967424471558 5.292894845098139 1.159855335114198
7.510764734482452 4.765625631957806 3.752188340101475 0.9256639470780993
4.600624122395164 4.468019258854613 4.388836663291417 0.8613364284063799
1.388125286292179 6.46897029833926 4.993424376724857 1.268738359856831
4.432987081110205 3.451617644365911 1.203661725163204 1.422326616600938
2.046678394331943 0.4715066450532102 9.331164208678308 0.828387208065387
4.885807255597491 5.411195903392872 4.319140507688057 0.7438429365868579
2.847633147928765 1.09067308933031 9.232075018897612 0.9927682801586691
2.697877791913311 8.004089346541715 8.908242657062152 1.279869629795691
0.7832901925540436 4.196033717329501 1.445332511264091 1.527194619214867
2.119902511939778 7.255546130087049 1.795619516786048 0.9931790132801626
3.779430323911435 8.62965757320538 3.219068458037454 1.32129015985371
1.617083808231785 3.297268912410128 1.772555429473428 0.87127630695764
3.780945264949983 5.434536736102195 2.206248711003985 0.8579337913644052
