8.961291062213261 2.19522304524207 6.966480838519193 1.311398273334803
0.1926616654858426 9.665360046513486 0.00319920500520432 1.407454456815695
4.33757969215424 1.392129877885794 3.07094402329851 1.019860249805686
1.188901723382568 6.398674378538503 8.484527597419124 1.468524849390237
9.945028253321976 6.35126015636277 9.402883696966134 1.294535545781703
3.871497269920405 3.300270553639357 0.3978372234034544 0.9282463729027417
8.844534093547574 2.856507997792804 1.182425429074524 1.391482752753488
3.414414153870737 9.615236162515599 3.80676563205497 0.8035490636897166
9.813367732761895 6.85751877820799 6.340488868799645 1.513689974018172
9.094270703122314 6.880012389738484 8.875908965235904 0.9263229903399529
2.895190342905888 5.467549908551363 5.963148299380014 0.9933453444931752
3.259118382334216 8.627091601592669 4.953276013111959 0.7575174000460899
2.903596969796729 6.626189979480425 6.740715938057683 0.7851429994923803
2.320753217539802 7.099610899693316 6.347587556547502 0.8593634180711271
1.334740793904612 4.165164089734843 8.128094071728919 1.460033313581749
0.07280283998585711 9.929093569648247 4.448618779284144 0.8001086430324637
7.595817814020923 4.176163023304369 4.12287542895718 1.138434805116612
6.754158996153476 7.600552575603132 1.157675029552313 0.8030673327041561
5.530340326907753 8.448269714183853 6.849529444357184 0.8987619266062795
8.744314355720539 2.566971645965575 3.307518152632375 1.434752869611289
6.921694424097873 0.2288707464671091 8.159621863767153 0.7646562234505491
8.500272030177703 5.702064303906035 6.864747819834888 0.7504098468270723
8.62100467895476 7.008784358876342 5.878866724768635 0.7988005005431317
2.56334998774454 5.484297940997259 8.784568358851542 0.8812694540812491
4.682754037565722 2.710126074497005 7.943424130134841 1.379842582681567
7.713377834705684 2.107190197157502 1.440605688269679 1.311889161169999
9.093434255922293 0.05849285297648165 5.091602250488672 1.498201424638677
0.9577628375412449 9.901589846163484 3.98334787308529 0.7821373808678795
5.224672149516671 4.84298620316562 5.03119878445743 0.7816048740564123
2.027764614530294 4.022321969806239 6.149093419950943 1.052587428247219
2.444058231182576 5.91131832327083 0.2764205457742674 0.7793180383146782
1.963957632375607 6.207855498411393 5.781493811967072 1.137379413698672
2.175314986496234 9.367844479788623 0.4439179858122843 0.8541496474155462
2.116494355130714 3.055502194502543 6.491008731478457 0.9460583452193879
2.683386013197678 1.229712529593142 5.973911210317859 1.035958400589976
7.661098981775873 9.045965940963141 0.01709786481648767 0.8120724936661903
9.573789824958663 9.205441438716049 2.753468532204141 1.284300177500583
9.616605759721844 1.19380305271517 4.798569770884882 1.008216380536797
7.032206174004489 9.597700362749729 4.284211910711051 0.8003789337665217
8.77097541958643 4.533785073508176 9.425873208082786 1.235121835033422
8.042666077514903 8.753330705734809 9.031581115602267 1.134834043574053
8.273746105949002 7.417661720080904 9.531420209065507 1.182485348969989
0.3599083020573701 0.6801804516885667 1.440541279846469 0.7503970788295147
1.237947716895672 9.041896689514454 9.958244633763444 0.9239986450861382
6.065051302938641 8.245166469838949 6.256790791380172 0.7216213927163616
1.405364351262047 5.360277383085953 0.2697120858736323 1.410012901650369
6.550465049997102 4.789738467767574 2.836709268244368 1.186838094405118
7.405029851712635 4.611559424357933 6.775515143096146 1.353568659641529
6.823838430788555 5.981106114636449 8.600958361738387 0.9750020362272848
0.4099050457210307 0.8000480856821445 9.734166952706104 0.9218926861900987
2.067508544997317 8.837646088742364 1.964054209206968 0.721662643556348
2.644074413278255 4.695576327420515 6.720928900080907 1.008891268525751
5.707665846670025 1.810162499076473 4.383865276751041 1.103427179449004
4.630850221350416 1.681475912734758 0.7411651965282573 0.9977416168135359
6.093047418099287 7.562071999891972 6.900116606977329 1.077786012692274
9.71752391153473 6.791175431731041 0.5017793004809078 1.071745648680419
2.243531006838589 4.529972931545971 8.70418174094628 0.7715923209269913
9.610678748334648 5.660274642622956 5.992760725456489 0.7759429240172654
5.289291171367673 8.278145178082664 4.206661032053342 1.108192345080908
0.862195791515441 3.568853189345014 4.543980408428371 0.9771270048868971
7.732774655449383 6.800449104919899 5.812626217640553 0.9770964437854198
8.873633409058479 7.922919859959539 8.572255180364918 1.243904310459016
4.527643983643236 6.242006462644734 0.5243258437695741 1.567742322870128
1.025853950276663 2.399028108521236 8.704686960655591 0.8149980750557541
6.566333225280744 2.371592614973917 4.25393145324546 0.8356892587006555
4.538935554935404 6.238527360191802 1.807965351894638 0.9124148523579652
6.104998998230728 2.255441893677328 3.151136062815282 1.46567099992827
5.053002769364273 0.784718208686399 2.97709685849129 0.7730931289635501
9.812036924295041 6.577270094255754 4.462927830553485 0.9089625339470516
4.284035537093661 2.795479769557675 5.475316771810264 0.7273341475530268
0.9083062160702481 2.176923241196751 2.02269970959389 0.9700114323371105
8.906537804865295 2.210447331149411 9.428899996542787 0.7442841655867274
5.984818775667891 1.006939028604716 3.072464041653664 0.9844578061722732
0.9598428263652036 7.707293599959153 5.102129222333808 0.7655374377448961
3.061579723720651 3.102612921734284 6.665093571478198 0.8628026374368736
9.569626086316399 6.306239773589579 2.254645565017324 0.8607375191080932
1.841478250147971 0.4179591622246203 4.30494527650036 1.313779531306104
8.901754318100787 4.24111380024558 0.7589005811068538 1.380264974965253
1.73543403748726 4.249858068947869 4.973658066268521 1.348326001046982
2.509999368217226 6.428986203010329 8.563453504729583 0.9852398480278787
8.036430543965599 6.719674869576836 8.447565080754742 1.309398903851283
1.573196073666073 6.547650661669521 3.316004642570893 1.244669312438346
4.425430194658081 0.6413056947313432 9.055282411173765 0.8574160798770188
9.832983212255185 8.825230163236059 6.91270730510579 0.9138683603879008
4.168504965411726 5.646494272615493 4.273824135439612 0.9614894723115089
7.736499132518682 0.3526700305540852 5.469972655292348 1.173837085920706
9.869979025201692 2.696353270434189 0.833527073772231 0.725043783830002
3.831970530831036 6.927266046240061 1.470354408409786 0.9719793779095334
7.876810221584766 1.610315268335569 3.28239239329269 0.8941426319566176
9.437192209016462 0.3044152382784149 2.639783712191385 0.8215973742889191
2.500251702903573 7.190010967937852 3.334870637179308 0.9155460747622722
9.653558480295169 2.826381613737896 9.415173012817114 0.98035971591842
9.152287932756176 9.433685463410713 7.113829506926955 0.7926415477144638
5.814213329700522 2.677674408074827 7.660709722039011 0.9099151524202518
3.590653128497369 8.731681745507181 0.8913141865423445 0.7255766221079729
3.75875936787505 1.610008977762139 1.054843708282144 0.8156178387998461
4.58342963226746 9.883731502762224 5.335242088575736 1.144984353202671
3.767890512164505 9.034492884466955 7.410242615406077 1.231850260399955
3.539801920660432 1.036449388820138 3.304742623316006 0.7474993301224153
1.830372799221342 3.112489944007328 4.453720565866858 1.092524353142447
0.569627189867602 0.1896843400145309 9.12588722403521 0.7338330153917104
0.7717802578529019 7.956361270252081 6.957992728184363 1.412691688766655
1.807536684559999 9.692796290645868 2.274979686883199 0.86512127276405
9.402713696169471 5.695028371580156 2.80985396510794 0.7540555992377564
3.832081102178539 9.041555244515891 2.464475181016586 0.9868762080268705
6.494136146246023 3.781656114852946 7.652681498886356 1.587395038948318
3.225928415504441 0.8090725432551681 7.460098205801583 0.7870375068815747
6.023458079691923 4.933127736239262 4.212481803612961 1.465050387462445
6.573683386158379 9.04991872201381 0.2557878146845483 1.371183673381067
7.172729827688235 1.138402946654352 7.864497225074087 0.8504915083216221
4.609293547684132 1.969639285414101 5.374732480920031 1.011747250804972
1.05113773964794 5.335865704720503 5.12020920715042 1.193317862169855
5.633076269180607 4.482181927775104 2.506200848776536 0.7700861888152062
2.619164306987045 2.390401195784125 4.379921361123666 0.9618040547976293
5.228965135106412 0.4404557831420119 9.175847771440985 0.7777937916970604
3.990393408959493 7.533834168656734 3.66032390116878 0.8109728581448309
6.840042624906363 5.467660193349305 6.385263382875773 0.775249586754631
0.6993754599309543 7.265235556162557 9.950315928795408 1.233131577748344
7.811400919346237 7.818402808592804 8.532435019958426 0.8572435078882036
2.076536278977021 7.709220800036046 9.672124236958879 0.7639400346308148
5.6050060133083 2.068154314900693 6.414932690565844 0.85735754864799
5.348998991265819 9.025091307397714 8.21388661748037 0.8125481392965246
5.421609084195221 0.1895142767711 8.226595326305981 0.9656688240178241
2.672129988049275 8.745623656626158 1.2108009115678 1.152275641995032
3.544704542484662 2.20402822468212 3.519975804336079 1.377958829195921
5.639831712464118 9.892041044996045 3.265542211762771 1.196013057190272
9.29595022028017 2.50383639001147 0.1824621707281382 0.7901135553867593
0.723145985661422 6.115337362652536 4.609242439022593 0.7273381483916099
9.237359139252291 5.823939417746609 3.750178506540011 0.7681790596701177
7.872516923513956 8.955516939791764 3.683211844733025 0.8643938657574335
8.587015564670635 1.686284096359201 4.316931011323934 1.203030892414186
8.761463443048267 6.706410304033494 3.10537065904537 1.45548185618707
6.882177038608349 0.5041076313222458 6.167299777345001 0.9366396315350968
3.175684468076318 0.7377559765304719 0.9673270357085239 1.135780893615463
8.839248337045905 5.700639558059589 2.227300859159095 0.8151848400735588
6.2366001264556 2.172447816073913 9.534845937474284 1.396814782425418
0.05741862800582975 2.251487032510757 5.98443473382171 1.517257317958981
0.1073919325272832 5.060860572463257 5.54770057446621 0.8334277663257188
8.129463183758087 0.713379246159811 0.06477616212140157 0.8221253989876286
2.55395773933473 4.842429778807462 9.694419917103174 1.306873936605569
4.842527099905471 6.624045015464661 7.630776445157919 0.8377216324536888
5.30460759665965 4.247935054200069 0.6536318079105717 0.754494993034873
8.716883842145425 1.446983514045171 5.680967243199355 1.498446096437843
3.666148574063291 0.1748582692461631 1.909928235543227 1.194293461150728
0.04899753737366397 6.075709875473503 5.290845844725698 0.9935509673663797
9.513072645470798 2.104818002722608 4.883614279786562 0.7937471063070571
5.987701891450298 7.300347167991894 3.005686368603577 0.8893862411654766
2.982567426143969 9.928022898786258 0.306938383106049 0.7399792910147027
1.298302404866373 8.456008808856261 3.228368674455311 0.8896548445732562
1.198880632915098 5.497297285837918 2.086501756706629 0.7935671337690607
3.628085361309614 9.604100833408069 4.749452113298496 1.083740390371029
2.028871886905447 8.935789920319426 2.81376564230969 0.9545830028563776
0.1763437864471473 2.559559934690772 3.442799184999496 0.7395005703248502
6.203275489248402 7.855521665085891 4.979092637466181 0.9749153140905298
3.960216616315471 3.022463823191077 4.115161127004564 0.7293027268588416
3.714557515552462 8.270352692308331 2.922391504210781 0.7688248176922483
8.967211248559858 2.600292509612041 5.371449323546187 0.8964920342794133
0.3932118706386833 5.22751131939318 8.371336219964407 1.29749046253944
8.763420326108719 0.5656712424912224 2.045326765617936 0.9382104225289457
3.440909163673549 9.854199547331364 5.667857807191412 0.7962937471013183
3.189655433935132 2.299686864766336 9.158224475008991 1.023501525269699
1.489897990753182 1.127560682604587 7.441710883464133 1.402947170329224
8.867551272181576 4.143035276854576 5.384390940714672 0.8760419956479314
5.801419119811001 9.566151541077788 4.637912851995741 1.593084113572541
4.052134161587301 7.217800504383318 7.715411900236319 0.7678219843525457
2.82515626449284 3.204387387906642 5.392579004040253 1.569044587439332
3.238148635180441 3.004852735599653 4.297017793249409 0.734851643901871
2.763266987588355 0.1082890435381167 5.091365910650635 0.9859545748266654
3.783239154116794 2.240284252154906 8.305894017623203 0.7361982500125867
1.960063711436333 1.484581056266874 5.396800613348677 0.7663713238256145
0.3909275337280848 1.449683808276275 0.5000970285810846 0.9642170012433873
5.5339533790748 0.4970598556719329 2.279123335409544 0.9583949387846877
2.731080126923311 9.157800423413818 5.622983471552344 1.136548833560359
1.60284919165824 1.28559868010287 2.333517530572013 0.7934529883975076
3.514749626971054 0.870774260232725 6.519665719190884 1.025290632638177
1.629457314910578 8.806744815246635 8.931473310978893 0.9295283451119837
5.341575477266711 3.89675413440793 4.08928814101087 0.8380192680635535
0.9047221724986508 7.07353665494665 4.291016482589854 1.235974747175275
1.828640445346345 4.828920019116379 2.545508099844754 1.120371816010596
3.609565000298753 8.837099640707105 8.423097741722048 0.7825107513541038
0.4646805958163169 3.224342304154599 8.650987453506609 1.137813409731115
0.2716984737396099 2.364443799386019 0.04039773724394347 0.9371330129878505
7.941848549561098 9.882322196518098 1.805681382575113 1.181345633004215
6.82675618415369 6.54533765778338 6.692069037772641 1.409772759864068
8.312303849824961 9.971256079011356 3.951717216529176 1.214020778926704
0.905978968404144 9.249045626412407 2.592767892249189 1.150371228110513
6.850175508794631 4.776606001871969 9.834494972678707 0.7547869781533293
3.568129987034031 9.742019924903497 9.592798830213042 0.9522283828881657
0.3985925277286272 6.810804210258358 7.53967040629199 1.032877616230411
3.012184651227412 4.040936120137172 0.5821231275414129 1.127623281953868
7.679310818497762 5.782170778735785 7.136120425808423 0.9399439791660951
6.013231701093491 8.557126846339902 9.132592564219905 1.254498035358677
9.610128844029727 7.569759695122287 7.438815274859367 1.032259765321995
7.667499085396934 1.14055702842329 6.48817110625721 1.148597500353938
7.149505702812873 6.513026618948196 7.752449092243165 0.732906768156427
9.539607625381427 0.4507124017685548 9.171513899014382 1.165687944544916
9.058720902269478 3.431304107689433 6.309861787899368 1.434604619525939
7.420857527435038 7.805167441459125 5.137866050497725 1.245489363710321
5.913867182128745 0.8695331325907317 9.797844490564563 0.9982055735278207
3.399328668989238 3.41744282937749 3.448535057871109 0.992628864192036
6.057378637167526 7.423119077781714 4.094575366423653 0.9640046185372896
0.9855063697740073 4.694284727633537 4.203332796239579 0.9157885688611717
5.255943147481998 9.21378497812997 0.794012704093887 1.283752495520834
2.754519141151588 4.308478365678418 1.863185129310389 1.336761057106508
0.001147446943516872 5.925415045442029 1.163670819750713 1.100226577854311
0.6478942997208093 5.894846040240146 7.547607020996352 0.7399956496748089
7.944426208382917 8.447037832498017 2.87984110660992 0.8447955187198261
0.2158862116477356 3.272842726471701 3.949145492650958 0.7862659622762453
2.651785915069672 3.633787059375498 4.074693273651085 0.9355369489923927
8.384641934356312 6.420782977274117 9.434013794000649 0.7572940345668594
3.938506198869201 1.646629951932225 7.374065687149103 1.370719445611495
4.253846708541591 5.929087502248348 7.352510230768005 0.723857887795329
2.31725672472643 8.388840988709354 5.117130838764601 0.8234845817776359
7.752767734788564 9.460246783945742 6.079857381719417 0.9515520271948037
2.471861978118231 3.554802160331921 9.838024279191979 0.9017241572272465
1.544674755609023 9.352532536703688 3.564839789916709 0.9741678537879792
3.599399274146365 9.541593176982749 6.468713647332271 0.8911026883000785
8.14515453195779 2.33494587727387 5.024470693962243 0.8726817729087291
8.29477811261437 7.066927170499232 5.059026405982203 0.9134253729918909
6.89312720033255 6.557379765997682 3.799808439551231 0.7975488537702135
7.772374579936235 5.880657074560326 2.360891716285124 0.8463971499530082
6.461545794456276 2.560379438116737 0.8857182476743229 1.40126569477797
2.646801578823173 5.513967641600678 1.719549411779132 0.9601838161264181
9.615022722281617 1.570200262280938 9.674721770260629 1.184494381784131
9.663532610148946 1.741441584154273 3.742229924364216 1.136364108605487
7.342178552401151 3.093424247074789 3.321222762468123 1.450813146512197
7.249474679487528 8.72995725254043 7.546275137385485 0.8091941152273657
2.262435207577565 3.877232269032203 7.23253689830001 0.9968397094718571
4.571251408571967 1.654060981082601 4.298931287232955 1.112889271269736
1.446677713024595 4.049847597654159 9.589438490136649 1.37523683733948
0.8388801252056221 0.5306198325837429 0.6221748935327408 0.9745711466882006
3.044847682849562 7.806284829073124 7.202939093677639 1.589559055439989
2.80058585268942 6.291056952145249 2.633772726299916 0.9803543077176246
1.967419304260028 7.292893419910484 5.129972081279154 1.340219247454156
0.04648991492134601 6.26016061235532 8.254660752213431 0.8312610686137182
6.567023090042183 1.594854642241058 6.279128304029196 1.21896704621445
4.625370891217219 9.820311482411201 9.62871054144315 1.131966340896948
8.253859464463291 3.309826786876004 4.165350514428081 0.9984580623871755
7.076308450147669 1.257550340067244 0.3660959585700018 1.532819571971162
4.353419816617224 3.870023175829497 7.968190049911498 0.8699917312781437
8.58055351990966 4.105241718881191 3.051054537082207 1.580485935768313
0.7633809144027758 6.875569235287744 1.028352263960386 1.018427514905216
5.315062379077735 3.647385149412387 8.08172547400169 0.8349174861789822
5.246422267466218 6.704499806699966 9.316289727006897 1.217595033937318
0.7300876629830688 7.258600057349117 3.211951230819226 0.8346647783588174
6.270900479203034 9.076878996608704 6.691003439722059 0.7990393749944552
0.3968349726025188 4.983704692552397 3.389060778372022 1.008122233365222
9.156973691350963 6.597303696583878 5.205092297728692 1.00376937870767
9.44296979349469 0.05793098102635396 1.789066428250906 0.7869744988536058
9.433780439382936 4.823765015257861 8.022804703257819 0.7876815139564667
5.269095448837565 8.059230354658681 1.72126186303478 0.7297629391498968
4.88051623983718 8.823901688176358 9.008570511567289 0.8776651124905204
3.63080185482342 2.162384253129844 6.098080630553622 1.367480745393916
5.212880488488034 7.549335711633527 6.294560930065034 1.008306233090974
9.759940913848341 3.389345764935747 4.995527544301992 1.385193430254187
1.938409081542376 7.389026794067907 4.0126752044516 0.8214182269880407
7.443496069072627 6.751421393164168 4.852688530293609 0.8827386894474422
5.84983861185168 8.832827361761147 3.650570434741351 0.7648837079412892
0.2236791047144804 9.907327616512537 1.22377898617575 0.8237249030332876
6.980393429545357 7.387259075230585 2.55282654818116 0.9214552930430909
7.885432582988336 7.27729581187856 6.667224304573311 0.7247711652205027
6.908832662131924 4.277985130758495 1.160866671754573 0.8298260673101241
9.712564139258628 2.208764840595353 1.413787917987582 0.745695428349881
2.371196696790737 1.718423162215096 8.912985678020146 0.9510984505270622
3.98669670402491 3.438968969200683 6.214858601363716 1.248007730454335
0.03879748987055898 8.270080803568339 5.781029208252091 1.075347024107915
3.345248502858456 3.162635954410097 1.079495551993251 0.77230886300681
8.179931655597111 5.903920999700753 5.000622643144566 1.340010845255563
7.616566147354992 0.4742035126970722 8.63066484321249 0.8237431983535103
5.287392379515873 5.586839909372057 7.336004457614861 1.386780655518024
1.801148653738768 0.9275973609481624 8.692033742437392 1.012769742822944
2.740311961537428 4.509281206118199 5.597574872390366 0.9305305374135433
8.952591344044473 6.778601687686439 9.918912644763143 0.7616309635765276
5.315081939189967 6.440096354295354 2.643199325061763 1.364846649260228
9.27496351369882 4.188471581859535 7.359678338436239 0.9833574238823993
6.009021121563614 1.717464752563643 7.284567412369553 1.042141751760077
2.347761480842609 1.347931606315501 3.301143980955683 1.54349341128019
6.192990536626151 0.2061383211834544 1.013617698084972 1.418746654918145
8.086308996767844 7.56387257732488 2.752654271340754 0.8013369258890102
9.173955377847452 5.414940684613971 5.313986144281824 0.8581239113085455
9.445633862545732 3.307844029647419 2.264693572974787 1.183107372589306
9.15833270192083 7.710874227349317 5.643602271901282 0.8971077059965731
6.989747522047496 9.304064394704371 1.39785904196383 0.9634365790004853
7.138127821358053 1.992580094598847 3.660760341123524 0.851090222374808
9.137913400986138 5.290817147985462 1.42382132284929 1.040045276180207
6.010315092410117 2.611292839277813 1.977447546212278 0.8025703876048271
6.534046063792606 4.057786629448162 9.592652316643663 0.7846335921741856
9.511851932818054 8.742708935764346 9.310080765384852 1.192218306011175
1.941612059401704 2.312239679604038 5.081650131781153 0.8985506490824029
2.14629102845548 2.209874764692556 2.016235255240977 1.381693443206971
2.845284678180553 9.798470679034629 1.103724128693117 0.8414900003604497
7.662237928369203 5.198056061170173 4.326927439228932 0.834812218179073
5.869200920138243 3.796931270701363 5.229562606658996 1.490818719029644
5.376353679582995 2.200119713614152 1.401245402615697 1.064503651671117
0.4121091362783746 3.608340631296551 9.621375145623551 0.8054059685694396
6.554996332947731 8.067180408262187 3.025923972448282 0.8976880097348973
2.27188258112117 5.436812344766915 5.086262906664535 0.8719819539473517
7.817172110510061 4.478519148356954 1.081667291987582 0.7757377837790937
1.715656234950143 6.149300565542227 4.627390731692304 1.055505974251346
4.791816368848336 3.394672128586191 5.474189029772931 0.8119683656341331
0.9961514892006139 7.46287385846994 8.963637076696301 0.7406748232434758
9.379516625185868 4.317967409996964 1.845622887916222 0.9369294959994945
6.667823038453744 2.134769336933587 5.211949255128498 0.783321949136457
8.796306198117801 6.100402314271451 6.063075800233969 1.02473698044817
5.637359603938474 8.162001866043449 3.253854896239749 0.8139829873081806
2.862621671395391 5.790638413805497 8.027042152889905 0.7848049053726097
1.333931263917022 5.393075595084639 7.701335187185221 0.9404595649474058
1.915729328332849 3.061136712669996 7.356804236524571 0.7401876574775805
8.453753464007463 3.845847115936391 1.790187869962817 0.9524785861603418
0.6776405616768555 8.917105240798753 9.16161154827787 0.9685544123338201
6.28634652071189 9.918685030792135 5.692923616256651 0.7892576688676349
3.114284383584022 3.129150729647388 9.5152233669958 0.7427965191796512
4.389720721397371 2.575192312135195 6.845738123804853 0.823556622834261
4.909536904949222 8.656984155023473 2.718354599541779 1.186497762198267
0.2349219702881411 5.344399071211043 0.174785720674473 0.8651949321263128
4.618370612344639 9.843068615631463 2.588220591903982 1.193742470795809
5.041570385518854 7.599191772895789 7.432506368356439 1.152858449210551
0.4606342107567085 8.953427894051819 3.809979844234109 1.338668799922459
7.235915987552116 6.692652601033955 1.480549881506237 1.311924481875878
8.920523786320135 3.186214796486732 7.397848385107801 0.755777616653393
1.106836940318331 4.513418957972356 1.028752787525891 0.7567428585891678
6.702388044991123 4.110769751118663 3.616970923620085 0.8464230768574598
8.440325434244473 4.926928102732931 7.550799766477172 1.191351652238801
6.024884097186442 6.466810725510582 5.807108437554755 0.8188246315576778
1.882321095372998 2.342886343789648 7.802152666943407 0.8070181263476616
7.93403389664158 3.876108663788839 5.861703235225204 1.055163129097474
8.876005241149691 8.873387641297395 6.098447774965133 1.516634735546364
0.5661657892527659 1.188601884554155 8.58730604994634 1.47998358934654
4.312853137405862 8.583469612759487 0.05090182506837015 1.370841688097417
6.957321681212377 0.00750069483893112 8.974377925364006 0.8667808538403843
2.649601202116157 9.118681983767811 6.711652484661552 0.9978067644579871
7.718307418385547 5.595093380427528 8.143296166381134 1.060381024919784
5.131121998794766 5.707575107867401 5.872362248208497 1.417589230600627
6.080998687551245 5.11534002712112 0.814739906877222 1.456909443519182
1.294267109677172 7.086660508265416 7.505575302216442 0.8126974531866704
6.331734893448747 9.474413891308053 8.331323036505717 1.139337869527988
0.9325019627061691 7.631533018692817 8.053464623672467 0.8403058933661162
0.9806499708977844 6.843368392302588 6.774002354768298 0.7701417386264058
4.98259724983395 8.173055323058788 8.452017306338483 0.8038327027521102
9.50035760388003 1.075635099033402 6.662511015460685 1.077348430166611
4.544623869165038 4.120661871400563 6.794626721355784 0.8057524561070485
9.125319196302909 6.728912905093813 7.888315482789832 1.041393915519795
2.063608067553241 2.26857477548015 0.8233347189802019 0.8289518143693936
5.85129310856376 8.213821928910324 2.361320229269954 0.9383118614097873
9.863590300109767 0.8891341636589433 5.711657254517845 0.9469596330179526
5.643763649321927 9.849393229131275 9.929323662197174 0.9481863685057955
0.6846633740712671 1.06966296016196 6.407023489672083 1.180112754219036
1.016833777240786 4.716089870837599 1.901314096738634 0.737599932145436
3.047291094636931 1.386200117584393 9.491849842374268 0.9107814498351267
1.607174119392063 7.062491223244419 1.642016429799018 1.028350423526572
4.994765837973708 2.869992260886701 4.470522663182043 1.409038847913193
3.761951262966264 4.786266585170201 6.354842417905501 1.210320961072315
1.534670299498643 5.179765092320787 8.959721251719852 1.138925267809195
5.07564905107277 7.86118255689318 9.396057503175594 1.000778728614386
8.935850171580993 1.646077457981603 1.675752644177853 1.176678840846921
6.060531382158088 2.685626375717735 4.829165647824269 0.790314662552084
6.467263047826575 1.441098337190337 1.912957891622269 1.537010707233556
2.02471617496879 6.075560050922017 9.429229541194161 1.058891611193034
3.811124190327991 2.172437140327153 0.09916121994499537 1.207053101692143
1.485061854398282 8.100612916703911 2.298686496857537 1.089282206489512
6.810424141349773 8.480370613303904 4.164717576981649 1.363173938782319
4.161257660934266 7.949307500705449 4.655033142729585 1.281585275998342
1.320014736886035 1.476472158000833 1.226200324854823 1.269427534034256
4.345106367475985 3.889773946071949 3.755079291259964 1.163277597535327
0.8732721799226916 5.234121230406983 1.311887062231325 0.7647397081451105
2.835546638697342 0.8154635010177201 8.731156227838724 0.8520974549552024
7.863358870601686 9.519235265751449 2.834261338703687 0.9611852806334648
2.042753924610631 1.5135706027635 0.35707050676132 0.811718027247015
1.344550178618781 9.915059631158952 0.03985837338047471 0.7895717979344516
6.624786890995624 0.1949953752406519 9.852581517885122 0.8605063744328433
0.2247541273214659 1.566552893687223 1.53625099520151 0.8567229151379481
8.440383422725901 3.213559730258008 9.791349123012999 1.530076766482243
4.906783180011011 4.983997478685827 0.2521955403149734 1.016267103261801
0.436275603563706 4.373875968851723 5.017417528827293 0.9476767891586192
0.1097657682450892 4.645895484092212 1.062322563637621 1.194538625884087
7.337426165601845 8.137293412876915 2.443534923076927 0.7270622853649464
4.11937571672786 4.053313865549444 1.380236388680826 1.55014853451174
8.072645585973964 6.630958868700225 0.4482611908335599 1.22625427159183
8.889665674511237 2.498379851996255 2.20852537236656 0.7401036145102425
8.047388763091137 6.732679815928384 4.104676311117995 0.8129048276928363
4.898635412176851 8.179783024090229 1.016561388795789 0.8064290971149425
2.453725927146539 8.065851396197376 2.663283459297602 0.8913872930170178
4.432153033617721 8.979796694854388 8.274878187916796 0.8326991997657407
7.094797391376279 8.862429294616467 3.019378948178113 0.9611978924512674
4.746110280945351 9.395689376376675 6.506810036468281 1.367909670924365
8.063579156681962 5.778414470721967 1.280716571413488 1.118465723617512
1.619823786268903 3.950556237279788 3.80197306395696 1.009749940529589
4.024873793383255 6.784486230227992 4.445164936831708 0.9866301490171928
7.62777994427199 5.916413172626675 3.498038741685041 1.143850291193506
8.985125512434626 6.415835212455461 1.240835686286736 1.057056832118938
4.779162542176536 4.354780905769203 5.813642004261414 1.176353667166101
4.815466010910912 0.1053673106382069 1.496617056850892 1.045159523391979
2.439894290871032 1.44392721148887 1.194627501878536 0.8950736987073723
8.043979451188013 6.327881217764471 6.506390411366008 0.7256896625178596
9.735562048614309 4.213806566539324 3.96462127149087 1.200798445858073
1.445883256491789 8.278637264460665 4.392754267680964 1.250444057612162
7.898128233889492 9.081459271115376 4.899631751889589 1.464159607160731
1.855320709511554 6.812828028043455 0.4858237098068318 1.339445519510508
6.76918407594948 3.470257314280514 8.883411584268034 0.8940593975418454
3.780414546417019 4.213673135827631 2.740057725536963 1.204139532779432
9.142691298821266 1.170724108331777 8.008196367523448 1.536627204437447
6.069668073364541 6.616537768322012 0.5243207902478652 1.512620919564692
4.315890608053417 8.795879984777132 1.121848906870691 0.7628258429068201
1.38183449039554 9.079011247978325 1.76833008736794 0.7527850058106754
8.434216360315469 4.089681420140577 6.988983173747491 0.7696701083143241
1.20932425333431 0.4572492492632695 2.957454690697605 1.369204443449624
8.34053796209276 4.827458825263334 5.273385667734875 0.8360584580792989
3.00299974582691 1.517252953368575 4.383141055315266 0.848705227133956
3.272699221413096 5.864460396010452 0.8716307017914148 1.058702501483501
5.009517400840462 7.331897131002282 3.560061286940314 1.212344240368772
8.347405710325797 6.451438291156649 1.992956527906824 0.8656564069025214
4.348205289393044 5.11809513412448 5.114966493163045 1.010642203082608
0.6444398349718948 6.420584194035025 2.143664548191651 1.193458400166634
0.1469783378229106 0.02112979157419481 3.353273422532371 0.977786052507433
3.617064569903974 2.805181424098127 7.397275435727204 0.9815952376521494
7.33550908587967 9.745641152266916 3.537521443122622 0.769721984643567
7.74299723099636 5.40851286092675 9.42297717934143 1.396826136766797
8.862662111244852 7.598481932878959 0.7720679290704812 1.303429661462832
7.064541658395179 7.830382666478128 6.336256252305075 1.194131360445366
8.06879616934418 9.279930676443986 7.142813362407311 1.189517766782695
5.911852392646987 5.380587086606618 2.049901269741189 1.008032370370628
0.9637480983341117 6.563243498173932 5.390351247853488 1.053208795403223
9.446122118614785 9.538184360980512 3.93716488198522 0.9479991658368584
4.182962991270862 8.052293232117195 1.866840584969638 1.225424756767475
2.380793020375008 2.234585063770742 9.830531800103538 1.017620383753656
4.061692913950179 0.1913454215850063 6.152222401613526 0.7949861228214395
9.938674900324722 4.010243349022822 6.667497084466177 0.7315084494666502
4.531707525528821 0.8647474941045373 2.164208254396339 0.9320965433053354
1.141272464871501 5.59385268198078 3.918289572071939 0.929163770604036
5.337821345984699 4.493398641456325 1.593280030914966 0.7894432789985725
9.012186022632022 5.653620550867542 0.1900714418709515 1.473380435688889
0.4833995357071818 8.5852949517942 1.862085835059022 0.8252406332642745
9.548212235931363 1.885766914607274 0.6907607955729554 0.8034017035204719
3.164209474047758 7.084984981926285 0.4099457727932775 1.255532794232716
7.871281883481018 6.686671443922457 7.315010096051257 0.8894578439911001
8.406280792678254 7.997221636650401 1.846667005267677 0.8280290010160737
2.240087513291969 8.284930061270721 3.566818746437776 0.9339795180362719
6.676092709633567 8.067008706712752 2.105120539703699 0.7299589360971875
3.485427246131012 9.788222003834136 2.9548265298034 0.8676834617036757
7.819631904506791 3.048078697439335 7.07623551563488 1.500376011432806
6.094323442016007 7.429625648017225 5.826679358755841 0.8459504238720007
8.855552955370595 0.897686128809314 9.73110803058001 0.7537034425890721
1.151532630980164 9.665474446173855 9.335717769675094 0.7191930298028441
7.188380228846047 7.567104693648382 7.603212788474686 1.35690118128368
2.090168441000511 8.605006651206576 9.845213456672326 0.9693397825353196
7.096761701521474 8.216140705419781 0.719782572743537 0.7645692253515592
1.266412215782971 1.207589717368386 0.1329887445275135 0.8640937910143596
1.833420261838052 8.135490529540508 7.372456580575045 0.8256658591543958
6.100079824968152 7.213987093612521 1.867364399428406 1.229537225704349
6.945667393087051 9.584733197409838 6.355136114834112 0.7413632348676374
1.718073175668601 6.633645066308209 6.716684939468536 0.7313899364126072
0.7600681304739986 9.497732094593157 1.676959630675662 0.7337277652494986
5.628086298980659 5.565223392171012 8.734283268713073 1.295985726000566
5.091394947798463 2.86747820397358 0.222579226827535 1.561070531601384
9.317390544143054 0.6330563282910772 3.871671932360909 1.125441367850109
6.808658011699669 3.570265671171298 6.222192946560294 1.202757374973616
1.808400656756096 2.977129734089238 0.1650196491502442 0.8638106418190171
2.241210747428485 3.298917792290964 1.170997666443528 1.268651327261154
3.272411279931162 7.341587400066307 2.489819202473179 1.27937340858665
0.5788255937915698 8.883110155319812 5.094779476100981 1.024567041882661
8.948358522835118 6.798742639521191 4.295237708104919 0.826875944883401
8.340516249750978 7.875374189633681 3.996159267310592 1.519731146820991
1.121264265868735 9.472356600612473 0.877746134610886 0.9895027564825232
0.4081108884895367 8.055074041408597 4.571404823230145 0.8675130202796354
3.069847753096856 0.5163249340304831 4.104607433023836 1.138419758042436
7.080471972788544 4.090791215669051 0.1919702344338925 0.7357566731647008
3.97466472456173 3.047235963347566 9.54362730878235 0.7895751957895008
2.710825460410952 6.666735566430738 1.56502295594449 1.228299252185657
6.189486516063964 3.295625863374457 4.018689210008943 1.165054843439858
3.608528852870716 3.915635161041723 9.633869684115728 1.030280681678352
6.750584067810637 9.996035975965944 2.468991465811361 1.501654949349379
4.9830598568743 7.460277816425192 0.3220974379084096 0.9706812971001327
8.481129459546413 5.91313921152666 3.95942629914531 0.7475257728148903
4.56770648873139 4.045463018946716 0.1691103596076959 0.9499048009865755
1.315547160222059 1.228350306541789 4.859796688415829 0.8536131266598423
7.199956873965844 6.641248721457875 9.515366070081424 1.235326012695194
0.485939965221156 3.003960756892761 2.670941100550389 1.017974836570575
9.929099653732097 9.370026351123506 1.774087207448135 0.7904194838147204
8.056897154054676 2.843406380127334 5.848636989833026 0.9754347879064951
2.575866461093925 2.009297548819469 7.009727872257315 1.310061774276491
1.602953205491345 7.074010856721326 9.457331138833828 0.7677985934886973
4.278272853760591 6.502771881905107 8.948093961214864 0.7238481747155647
0.2640562065827189 6.240319135392246 3.4158605050106 1.405790581316696
7.915925764127111 9.772774341748903 8.97958822621875 0.811174488327291
2.518880908231818 9.157000833815122 4.321076791271396 1.377450776170961
9.638568770667197 3.334722408982679 0.2947600615623335 0.9731611062386964
1.415867592698484 2.520169111886482 1.251959802712403 0.7212930023076809
4.031962601794519 5.377776081276412 1.288148618304845 0.8466544146873106
4.038387548943358 8.8506510854795 5.550599063165043 1.189154018789938
2.73830308843934 3.108119030939537 7.691280990799194 0.9152848934958617
7.856852908315762 4.950097347507227 3.55404710886113 0.7948759028470694
0.6210851136979678 1.348445252779441 5.399039268482547 0.8597414338771953
3.256482987513934 8.903695672114814 9.131011203197193 0.7457287407302757
6.518506004384514 0.924668034108631 5.040498765907619 1.533151181365677
2.958760534072845 5.168552175255509 2.84791794585071 1.268364137115778
6.050421694624924 0.7181756519228377 6.090466542140763 0.7594549173685833
9.775994843711702 3.562447165506512 1.202717497151436 0.8579649194090337
1.43486326495896 1.434225968249595 4.075250782752329 0.7301075568125797
5.13407861724268 0.9021579084818864 4.997993431878002 1.191917861713896
8.077072151854074 2.997564118463782 2.260186012845545 1.072440519780912
9.710004161793579 2.638645627400021 4.107652256873672 0.7230823150874842
7.592376575055019 0.3982528750223801 9.498309222179888 0.8307176207437694
7.062501012657641 3.137165480741664 9.85086052013747 1.17699712974944
7.56793257615618 5.120269768696441 2.750965108351445 0.8188393018066743
6.209447502802667 2.589285240543117 5.855461520841867 0.9905827880616588
1.236477998559126 3.118787589917655 5.684523606348256 1.386460357531689
2.769450589831625 3.978533832651753 9.091208250203605 0.7873295274079758
3.103598041391363 0.5764927315266277 2.836149430450103 0.7558466523291899
1.576228504507477 4.692376643660073 6.918460621316035 1.085435600361545
3.102992347939943 3.945119430201425 6.26147382827634 0.7428599907918626
8.87626508524178 9.555564772205745 8.276767959488101 1.564256740033528
5.198834240042971 1.614444431237308 2.455652077357279 1.109128243350608
8.456604428415909 2.55533241112715 8.381574814614863 1.515321668197262
7.509605604533821 9.930321274673329 0.613330194901529 1.23031454377396
5.156508914423009 1.11326726900018 7.639889773077123 1.093018294004479
4.27714404710525 5.612406114681889 6.650143780411089 0.7695185779513072
7.39952960635761 4.408451549149785 3.193332854841156 0.7340782709144453
4.118599684110304 7.651706140604414 0.8074687320641581 0.9839633513258546
3.197632912265497 7.780436776519401 1.342714795964469 1.008094395483576
9.547857176032084 7.574893889278144 9.658467238612324 1.169230857252431
6.156871182008488 3.785763133944202 0.563519067343855 1.155020350051031
2.641504450865058 1.266728859415428 7.949826079642055 0.9166395391788127
6.756082977597345 0.7383098684558064 7.129723877400011 0.9792174617995544
1.292271981387529 4.651585596179248 3.343507757842734 0.7498883511033765
2.663028200192191 6.127487393429934 3.606716557256744 0.9451056742229312
3.961954105436654 9.773155042003372 0.7004579333487038 1.342513532418113
9.890532287092931 6.932798222749176 1.48294873916829 0.842760217746797
9.812655571862734 5.273497001846218 9.407139619866877 0.8424341757463971
7.783249576674557 1.24619623069633 4.892075164167187 0.7308425380432497
7.439947392737633 4.717035692067232 7.8972119405905 0.7931431596286562
3.308796972255567 6.23418346565647 4.220732747834552 0.8150591319806461
0.5384131390466583 0.8866719579822201 4.103912548367345 1.333753725888273
3.904454889000825 0.9464112200521767 0.04407281141582064 1.190660918604547
1.018229088939779 8.170193195061838 8.704569181062634 0.7205768599587582
5.941375624766068 0.168235686813537 7.472805628020017 0.7542510962442025
1.282743645972231 3.590575791154679 6.893211098546494 1.11428917589049
1.320045330267156 7.184430309668842 6.074465478279885 0.8768941905699278
8.711162022434928 4.922653546503557 4.24989844175013 1.284167282722433
7.600017661380478 1.153184626673235 4.087177693745462 0.8995905769831756
4.944716346890708 6.344158120804609 8.381758658947046 0.7434043924280225
8.721380088163139 6.624933817379163 6.92610768084266 0.9411408865651578
3.500421462045006 9.92313255270995 8.36377958750643 1.338802615343455
6.876020145662692 9.7987456657203 5.13750563236647 0.7837020053105805
6.036900601182352 5.791111788128483 6.5398554292347 0.7229129505157763
9.167169360390643 3.526038904774537 8.223915887567403 0.8042905207004161
6.004336071324682 6.734210343089662 7.979364064285931 1.534222258112663
1.763211210470077 0.5961521227061495 6.347945239851053 0.9498540074863238
4.563073830938944 1.714320998385993 1.658959581004628 0.8110842792984594
3.656234381807459 5.638247387541575 7.670793568327621 0.7234490270594967
7.71506098750192 4.027140235298029 7.643208376150993 0.7263289276910868
4.327293091665974 7.710422988006888 2.870043784188773 0.8249952664809284
8.886719948522483 1.275706102738942 2.918867609219981 1.22709586230673
7.173382762503987 7.313311965162556 4.186015098884975 0.907763083605061
8.44853608182123 8.023980393646232 5.209975455328084 0.8183894526474617
8.254312587885069 3.74773474708559 8.644752826822387 0.9102277165206728
5.104287118368382 5.752855571659168 4.599732075123771 0.9801327828182396
2.320412083497394 7.932067145196573 1.798113664841543 0.8197096583127398
8.453032526969874 6.026811653011007 7.628042074697865 0.8758427345502855
9.881053904023336 4.241848535490981 2.824924899022244 0.9782298393958967
6.783554325332259 7.359887555775916 3.423367120555853 0.7571177858855047
3.224253366583024 7.758807809207039 5.680711163571006 1.42932986255869
6.410034567175731 7.769579087016962 0.3378420145824923 0.8143329470545817
7.470649793330401 0.3356316852743746 4.440448729575128 0.8274385534971616
6.802014453289359 9.690340962021944 7.310700576056201 1.10139495137533
6.859881377093325 7.028542297425047 5.633855692666196 0.8169893517719539
8.106602654308485 0.9264455338247733 1.202331800463895 1.115578931218986
8.980099257228151 2.711229700245963 4.452844699837463 0.8602906966551994
5.28564159943657 8.451380181359408 5.486665931960347 1.343993319240216
8.610641638128397 9.061125186506144 3.231995052674496 0.802222886557328
4.400519679728077 2.34572338485383 2.393163422665175 1.00505266535949
9.194553289733758 5.865206468259969 4.570068198104461 0.8196368339958958
7.142428314033657 7.269303556005936 0.4240732270109093 0.9383602992533722
4.809669715459427 2.316565888935481 3.361961265389455 0.9983620406822853
7.145201954986816 8.017869961324328 9.520013993013988 1.315229268130475
9.532941245548077 2.275935928545418 7.907501797295375 0.759443195974965
7.751937068099432 6.774776790587826 2.512222451246751 0.8058476959139597
4.545036748202886 9.085194007524048 4.567527007402456 1.019930277799798
0.3133621685891619 2.250804233878256 9.121532236135337 0.7744082799538267
8.667171947016717 9.660389865190856 9.895287657905579 1.496920577797851
9.571784219274283 5.670375056564502 7.243470750971595 1.459532223549873
8.473699295193933 3.323931674401539 5.142907123961113 0.8786621764523613
4.931306551293456 5.592588525610907 3.592865467723127 1.007191995965544
3.068846609592724 8.977466464220356 0.1426262577270842 1.123276828193256
0.2134980552760624 1.760461231560943 7.315527921678235 1.160606997738134
4.899006551878433 8.746769709566207 1.673904920704948 0.742380827713492
9.138809422179641 4.989799358763443 2.483475802580545 0.7558967881551411
1.408843595823824 9.364401440982887 4.495575175217273 0.8205964955294591
8.457621847342988 0.5710841395613174 8.919751979081884 0.9052892478537371
3.545165403029664 6.329968727159081 5.107053523837621 0.7402944697372328
9.576388430686249 2.869480955349892 8.490045761073436 0.7689133827554856
4.198676830549633 2.319466264882082 9.08826383200878 0.9064323760215431
8.268537332343429 4.880717077051197 1.964209240434539 1.069889982680879
5.225423774633009 1.44712004260193 3.491342914033105 0.9103225441534307
2.512964021978028 5.149953267057757 0.7960206946960013 0.9100897344315652
4.374756733274351 8.37023952147392 3.595942209708553 0.9016026554434821
6.31521919933471 6.095886197776645 1.604339934148753 0.8242548067007088
8.044193866694133 1.209929194832905 9.410691350649154 0.7979337777224302
7.174873411645061 2.559664985967776 6.055924958326485 0.8719767822817741
1.274818964810379 8.093423770285396 9.510500123690933 0.9284169105127136
8.163471645728865 8.799496621391915 1.03108159169556 1.457277502696844
3.571884520019517 5.923060919600852 8.376393085642917 0.7625561221713573
3.727327529898424 1.265223423982654 4.0194640836326 0.7433989181827056
3.818995881224549 5.841051034750355 5.794077708537943 0.9306562661951224
0.7112882152819521 5.581939515093781 9.337541963314125 0.7455623062434966
2.902437604124733 4.39805095550722 4.626748842453671 0.9823055335630306
7.353872673817031 2.051207260162832 2.609247852779395 0.9455972547305862
3.515852914441058 9.142426350326124 1.588799447793233 0.8078311662814084
6.729616420989696 4.819900455326636 8.709206154382395 1.274553827268675
3.264510429131856 4.434640018099089 3.722209632388748 0.9227806063394245
0.2644648902426116 3.468431493314776 6.182984311222939 0.8215277204310267
1.423070361158278 3.734905191054254 2.736588493002821 1.099062744203464
9.043026555928753 8.029436438544776 2.808329271088128 1.198687816137547
6.166101573156064 3.56514683038419 2.630961326259707 1.26192875501586
3.309707529994645 7.06018624057754 3.80879319036624 0.8157685969429499
5.69578501110415 0.7527578570286774 4.029089170338843 1.017979200443804
4.87816392326503 4.61629368867006 8.376812460859275 1.060391767715558
1.236637790242334 0.5755995074011477 9.40995192544964 0.8720296966893271
4.153937935079346 6.475801900578216 8.146745379453352 0.8167958068518547
5.761855029714988 5.478552724811777 3.090220093417333 0.8981128964252557
2.099576944055356 0.609775634154449 5.511568478442359 0.8247492325862754
0.248277046511749 2.85312857455113 1.725587625451351 0.8879089582319412
9.180231921848087 7.464595726476111 4.815050239923852 0.7785903051737865
8.041585879485025 8.202652964704269 6.862057290595044 0.9847407417784765
2.124460790940231 1.589494614528024 4.538978507717427 0.8664419552746558
2.374987338363131 0.2954067946526772 8.002985278388133 1.028639881860639
1.152455709895081 5.558970936357727 2.963374678012396 0.9185554578034245
3.397303514750108 8.718327053048077 6.354762054834232 0.7822703309869521
9.883458609811271 9.244516013739098 5.604905735624957 0.783016276963172
3.155650725280905 8.426074405834131 2.107842912773997 0.9431569569902829
8.102177895576384 4.061012249361657 4.957131652653076 0.7803819648336622
3.425945657139954 7.137669366164156 8.582404844360932 1.271326624005813
4.793190517768111 4.866029497346455 4.268428884663973 0.9306226731520971
9.393291434689994 8.58249661637733 3.597433910946923 0.7785939544293022
4.882887962837256 8.68389706568273 7.522975098574796 0.9524235408704458
2.390026533637039 4.950719706673646 7.770176634563391 1.124177712134843
5.643229484372474 9.324469225127544 7.358183691155604 1.015556918023826
6.283567661050781 5.576921590216913 5.831733477669074 0.7388284789993136
8.577804789424849 5.4184732545362 3.103375821507296 1.000371394260785
7.397100828792002 7.909451339439516 3.225066286439827 0.8076746031397466
2.705000878948557 0.1973308944783947 6.17166194626444 1.009605922936813
9.395414130727051 0.7031625270991259 0.7679261360153478 1.527799013325506
0.4373945550643509 8.035831264665886 9.156135615790967 0.7402473298716737
3.01524448916572 9.928348203961768 7.254957259497736 1.039039549521318
4.916751363591704 5.181189354076649 1.219139722152865 0.8764754009539942
5.937524017391341 4.759396178867752 9.631296476993466 0.9809971125535671
4.728739880657155 4.911994399732491 6.636982312313428 0.7669516361542643
6.668606712147525 0.3661010935299879 3.802550947133074 1.069675976231698
9.076808059101117 7.244272028271883 1.942115851054229 1.050837924517363
3.275582447892967 5.010164631013494 7.392959987634166 0.7529783459675287
7.290760455106478 1.930295619096873 4.552960177809497 0.9166089419158778
7.592616594337149 3.451479369117154 0.948649370540695 1.296057659943405
7.581380640344603 2.14343239835415 9.39292237163624 1.201558163566226
5.272667461601437 1.07817909781375 1.42945511982829 1.074524669989266
7.537069694001389 4.106639425787403 9.343637660470801 1.113179896499885
1.65817450150365 1.934316173649878 8.465199534635081 0.741074975959518
3.844221696498107 4.663843316420663 4.384167683049471 0.8417908691010598
2.945048046742878 2.241889481153522 8.072796200466543 0.9303310186247369
8.512676489323342 3.816748648986682 7.816214742896183 0.7892987925758709
7.953659295089116 1.395788662448416 8.51860828894975 0.9870856057745456
7.478630869097547 2.388862793327668 0.4049311726146609 0.8280015964126716
4.946657585878756 1.558556872912641 9.512859895465146 1.343555733688048
7.624386308527564 3.404326563321513 8.186441228587352 0.7639140120667969
1.807201223475136 2.240342618661378 4.078399563292103 0.7473605470982986
7.518466641164938 9.418658067380489 8.161219074438742 1.065789230658633
4.36986450198277 6.119407143138408 5.068427569548767 0.8402256402390174
4.301378061467118 8.207111615428103 6.700069528082238 1.138173172515397
7.43578937973454 1.721968685970171 5.576412738045511 0.9685753711478715
3.351999126163016 5.759392503159708 6.820656886392602 1.001645600161571
6.696772120489109 6.252922930780669 2.691018936646159 1.364412447446445
6.143921898893105 8.965128466871345 2.867336359793063 0.8844318772676202
3.292615870796394 6.476676261771125 7.560422095408196 1.011709554234549
7.013495098093256 1.268312498608137 3.126096649644686 0.8991269201463329
2.074926913827015 7.655881334376853 8.494472007727483 1.545333612571062
7.559688745822136 3.07515727831387 8.968532320367297 0.8055540103045451
3.291736016632584 4.962984754799294 1.166453695925509 0.7898675165748678
8.294644146313768 0.9690378780400742 3.656509810396077 0.7234360501965558
4.363567621680107 3.45379804386992 7.209447560510368 0.7289864744528808
3.455044477963912 3.971741210952006 7.32130799982772 1.311632626539027
0.8449828206213915 4.5883727808363 2.69021647645721 0.7879585469419554
6.031931279205868 5.911466503506066 5.036741739691051 1.026179138072742
6.05414764214474 7.474468765876127 9.527310573274706 0.9994263017624708
5.341438226083933 2.671353354303767 5.550560629975317 0.8248190166224766
6.195998018353855 4.380301640177273 1.817544776277856 0.9615648865109856
5.31334409333329 9.04363595318522 9.738235394582448 0.8032094427176707
7.410520600150575 4.110663515429007 8.382851807445903 0.7241583814085395
9.745488298563346 4.249397124771832 5.781297890291738 0.9041755673823046
5.899678160713242 1.153807378136478 8.960809137756328 0.7283960454474268
0.9831896540203388 8.247194304366003 5.681850763366901 0.7392536096763487
4.359274419925445 7.035638790766923 2.318744562262159 0.7823676807334191
2.644273292838533 6.340352007829666 5.073523283486582 0.8064056556713203
5.494109020390416 0.22111640928973 5.724059795671216 0.815109228765893
0.04057891455476748 9.530773593538006 8.831684005540408 0.8625210781835148
0.3435844740831162 2.335704415423844 8.181375185849927 0.8519643099594272
7.062573108058809 5.280524116181977 1.786076213408419 1.280782863760333
4.43766909617858 0.3306960612422849 3.91139997267047 1.568947482700705
0.7542478519342576 7.92311272655963 3.683965213983481 0.7536786494634621
9.453816578070372 5.015331186663108 3.250666620208536 0.8411076362977901
2.973309702748558 2.96906364863218 0.3377901968712393 0.9036063568648288
2.872870818301658 0.6762884960906123 9.947693345609292 0.7353471760484629
7.008175781824491 6.999798944926963 8.532305616624976 0.7773186058138142
2.204572592580794 6.756223508629201 7.508483698798374 1.073881277718119
0.882386058236032 5.761638204956382 6.435908582485308 1.46955056840818
9.20871979536583 0.2229405077308899 7.293075785101037 0.7977139111802442
0.1184636374236236 5.221534211221417 2.200135068343842 1.289852210836916
9.755148817779585 7.539783020817976 3.778998139965078 1.349015237164251
7.912795108657621 1.718441585853946 7.475117917051603 1.122133857008943
7.225761938383663 4.834437649430426 0.6422380399798587 0.7426838007051438
6.502790314087314 1.348701214910244 3.83212076609123 0.8221696482326187
5.830357670662792 0.7728132873636494 6.933351288998771 0.8550201299702189
1.357975042489481 6.059993240031185 1.322112863653133 1.040432530537441
6.012851402329032 8.284174149460348 7.853665517473792 1.232832290054208
2.945369431602278 1.62886754698564 0.3497693233901755 0.8412424175339767
1.240161016899923 7.140158215163594 2.523289457077624 0.7762114860580149
4.817858233053486 9.577994035507135 7.76243225843066 0.8148172104642577
2.614459241531503 8.120125272057274 0.4087027160981593 0.8199679610675379
8.561410933960252 1.201322495768609 6.906839123293854 0.7868787044218579
2.475921359050741 4.073300740540478 3.08510390701097 1.100831276829723
0.924866401588088 1.831810269899084 3.18314317307634 1.367569764071814
9.412525849171233 8.631570604641274 4.727566107199599 1.416613009535503
5.773292335839225 4.73642849380144 7.978360008883645 0.8498577365612051
4.213186669445818 4.920490718067885 7.439997958532276 1.083285495600034
7.661437916927589 7.566742895935684 1.988177606816379 0.8414482548186023
5.727357531588581 7.653088282738106 0.8596866055211649 0.7329249223369479
1.793575530655905 9.584476631025403 6.088814479010638 1.060717799198682
1.762010823061315 5.032093504308418 1.470007096182714 1.037246881278991
0.0849666608403432 5.384799335548492 4.39699307144587 1.180623885914029
9.687199536997102 3.298397540156916 3.295117716561832 0.8356424851491918
0.6481691616596985 4.878540565867247 9.60392186169913 0.7379681658380025
8.243359378409346 1.956652724471978 2.407350011124059 0.8447131515473132
4.704497580793499 3.593760725307387 9.036085811408357 1.253863335175488
1.377794603723389 1.117666773821385 5.723278532954148 0.7259318762878119
7.087578258774567 4.763218183623683 5.332594882281058 1.569988112252009
2.017253577546385 9.991440525831599 7.081471905450178 0.9375169942079827
9.968519845511681 0.2382881401815662 8.246585222066898 0.7783536921819396
6.492628521173509 6.797218935707081 4.729165325721008 0.9796643945685894
9.030017092189007 9.97160018457485 3.253494371949567 0.7291283648980849
8.874849161418386 9.443859483418493 1.688141010124139 0.8159837743976839
6.939085241565907 5.841660224299698 4.438296216758892 1.074626204231333
8.894200630295819 7.640691972333812 6.651031181902471 0.8932284514444349
7.593443481896126 0.5438166872782767 3.325330821600861 0.878770527778965
5.40364153211059 5.946638230282274 1.41954970617967 0.9305172839824914
8.972147139410389 8.504205965136729 7.389156588024519 1.123311800984892
4.837000260521682 1.119080681785804 6.333732444128965 1.524465981054469
6.6897792996584 5.601086641043517 3.56224325710477 0.7750374203300148
7.359534645871334 4.010230348970937 2.200628692690285 1.353461972634938
1.449250787553072 1.90078447776887 9.420679684537152 1.069240194557543
9.584207695697991 4.620886593894943 8.791829464655303 0.7992791573297175
8.959079009723219 5.660334378184799 8.65856114587119 1.473985008769697
3.744635028335061 4.892819838381792 0.2265957722990297 1.173186450201975
8.084882005226047 7.728002982120399 6.014636507060446 0.882264557097201
6.689632919576066 4.044681054275044 4.43707478246141 0.752343979233808
2.459831963366859 9.929194537376002 3.248934564602864 1.211411562745702
4.938635792735461 7.187439463562666 1.456156150307173 1.158951137455912
2.557669251931614 0.9569895103923364 4.874841815866849 0.7463337687285303
0.7370284169540563 1.186032273593654 2.170322960159001 0.9076779830475372
4.202326006317186 2.609465401105689 1.288875111247451 1.218491770934474
1.994859026472587 4.362628761021931 0.6613054492451609 0.9357308254797473
2.535994267877805 0.8665436184347085 6.89016700765378 0.9217894421542981
9.477324654732758 9.439517387112357 0.9359482933422425 0.9481496104676391
2.04214372243822 1.094870387451059 9.647788900352889 0.734528509425987
5.860663934588255 6.292248712053318 3.898917115648716 1.29204254813273
4.227036378224298 0.872958773533694 1.143316197834743 0.9115015459295895
5.37040201564893 3.256297587533707 6.634611435672181 1.548959196669124
8.728654804013544 9.821165744268182 2.524189268255745 0.7876175722662515
8.018075811770688 5.01790985607265 0.5203006692437572 0.8030154202283629
0.4440711209362302 4.612016420462715 7.227914249930294 1.166358663684988
1.7508473206145 7.371026003787492 6.914280764947163 0.7523951691111529
4.150839415233239 6.819068229746015 6.55757507322667 1.57945994655468
7.832610308437242 5.545525480013583 6.139938500276211 1.021949821185029
5.632382260322382 1.803049441551421 5.458451765428266 0.9864467101782676
3.361004986362303 6.037212852858896 9.519282260074876 1.470017317519474
0.5834397023462156 6.175857070826084 0.3996986118893675 0.8293932960494772
4.971417642887748 9.158094907473776 3.658928459360681 0.9004793019196
9.988075510554076 4.104659131707375 8.141635508061773 1.005166181018038
2.451174376476187 9.029323192642451 7.942809333037361 1.447514705249637
9.95206688224069 4.975986993875686 6.381175492269146 0.8314846705873979
2.168495031188921 2.135563409098923 5.978333161342878 0.8841820955933704
0.09633706702184551 7.769742226856359 0.8771804274426785 1.05848100157764
3.463124581418414 1.544049654420005 2.179012130697641 1.456811215306641
2.897498599716432 7.866966497331179 4.366139421465905 1.17915163156022
6.889340084332842 2.283743184772232 8.170356932321445 1.545561235346971
5.779398981596722 4.088242752685623 8.825721871699173 1.080397995856027
1.020667745596932 2.882261841659935 9.553523572608391 1.049414766245613
5.556815187995785 6.612122770950744 6.669440668809836 1.077166725952804
1.988290418188069 9.592258318372664 1.347571508661016 0.9588636344848066
2.585931362773167 6.999021777196598 9.482075257473205 0.8809223022774569
8.894346984311442 3.895170135365765 4.469432473425284 0.744211848255482
8.4651108453257 1.780384341446076 0.3261186395397519 1.387257002642038
3.145621585410507 7.759268077264275 3.423948918383069 0.737596999179669
8.537050029445744 8.882222223133237 2.322425903117617 0.9639314294034849
6.671829656697495 8.849776602002233 5.628079330853826 1.356558450828663
5.435453591904631 3.423784316198733 1.540202334400991 1.31602511894267
4.651263842282742 7.242465083239142 8.434137903585809 1.039591042404013
6.253654098975031 6.68803556647442 9.148632114959467 0.7496461945356724
6.640806426960632 5.428983525096952 7.536050826095197 1.307477094225104
4.896870119239077 3.912110765468412 2.527738391344255 1.04939329154718
5.018819051716925 0.6235597514928725 0.4047749381521703 1.18279781089942
1.185929595929286 2.966342793378107 7.87989092557673 0.967246129785404
3.959532624489765 0.6153645243779192 2.756857891979166 0.7572750278790686
9.7946777861568 2.074564110837748 2.497998321439255 1.254043088481832
5.822766381994411 2.952378354704564 8.630540768691784 1.060012807221936
9.47527012664359 8.557906344456839 0.4522797508994625 0.9998537049450642
6.95052766241549 2.841604639429026 2.056399778133447 1.089424523508618
8.457643384900262 7.516444565357269 7.543058033659663 1.072562732878147
5.217001873119761 7.010072875674062 5.019116793919548 1.577344933741609
2.61028475543784 5.873014385001194 4.42869079382815 0.7231813389453892
4.787152759915302 6.388892788022192 4.032759895697014 0.7812950435781335
7.727442798082539 7.680011727340129 1.065778536003123 0.9010871727544935
4.121513254159541 0.2853678546318005 7.277619542296955 1.20118810129206
1.849909189002191 5.054566446608058 5.884336078778102 1.042608139967297
3.944958227808957 6.270550261236897 3.194137035121757 1.474340632114894
0.6047477027097646 1.632957462102623 9.642146332882888 0.7243785564180153
3.608680592086771 8.762149456526128 4.045069498545735 0.9589722937244634
2.223811200409829 5.957774634180959 1.027918636511933 0.7568786276264473
2.087045062900328 5.666828453444569 3.070586011397188 0.7375949778570879
7.209720963440247 8.849519125182198 6.663653890696532 0.8728693454277645
3.75510447873399 0.9718946963998942 5.219190450052362 1.545908769478739
6.915906119990117 1.124383708851932 8.992291105574989 1.166127929559303
3.855839840161791 1.002727091831291 8.331041900706889 0.8192581457855727
4.548643056927978 5.513679340139646 9.380184258900199 1.098087572750264
0.07778667956719441 8.589437679299118 8.10179428291673 1.426730230781528
5.493567085950983 5.709033437684374 9.860870438467048 0.9455906054918123
8.90628589957945 4.33016522802946 8.400459904538153 0.8109531608264219
0.6150521084305848 3.910960830599736 3.385184143629168 0.9529305388147089
4.281398143217555 9.378570771946304 1.711228774257803 0.7561924386201884
3.271999404447981 1.529651676816177 8.44927730543122 0.7449582126935097
4.705449822200488 4.026335675484687 4.774270126235847 0.9716101730658524
5.45090233031607 9.582346665140422 8.995694936028809 0.9113862604628059
5.043938913245785 2.541420905619552 8.982043753910297 0.8025157021106815
2.423301289368773 0.5903769657959478 2.015520951393632 1.320386675791939
5.149787948958854 4.527561480359376 3.357293284525276 1.00273790767063
7.040150536455919 9.087900253628433 9.075889371171364 0.9169760925844386
0.7984532695023615 9.054709761851376 6.205413799322943 1.157030694728947
0.05618461151489339 7.305072651739279 8.543749154640187 1.236893271431132
1.04166079679349 0.03443388548662663 6.74525529930475 0.987303255382084
1.898906620703101 9.647282531268679 5.103668619460677 0.7622219615450501
5.080342345501715 4.615346703366784 9.313084977929403 0.8253325101283242
1.106728989582298 2.059941798625115 7.916045924791413 0.7685295342789211
2.487083156357274 8.639433655170397 9.026948887802313 0.7991454486239029
9.482143246987979 2.146265167602782 8.839561959661799 0.7838100474863606
3.544690738842807 0.6125695547158959 9.189246612642435 0.7445361108611365
3.008172896046115 2.274661532807396 1.095997995348652 1.095243856368092
3.279805524892692 5.419463076819962 3.874646429933923 0.8458381231774479
7.503281212425195 8.938578932376826 2.141411017314698 0.9476957176661148
9.239730004738528 3.32176052433584 3.961252653758314 0.7404620809535851
0.8663416716760896 3.402076483207827 0.7515705669759053 1.45581952662261
9.865948313616412 4.383570306021932 9.915990481993436 1.139126868958811
3.181111795092251 8.151730367549128 8.362350330046079 0.789503708069708
0.09925177729140144 7.25136779041316 5.12833035001989 1.039298897424406
5.933054532626623 5.039826096895201 5.335132194347191 0.7615976367089268
0.5162957475230511 2.275139481565885 1.041223590439794 0.8295956432454176
7.140650997424478 8.360570390664382 1.550758089798153 0.8054504792477352
0.2849630989155016 0.1391073225617134 2.217584739520458 1.032994954961854
7.586683233268518 6.994112926665165 3.368998099916112 0.9652970041461073
7.20086005525715 0.5591901790245822 1.519051366892117 0.8457194701423162
4.170299944205715 8.073157520583068 7.865839111802963 0.9464920357889699
9.533892229379283 3.765369396125293 9.054489670967907 0.9549040705477904
3.566013538918297 4.766621006489172 8.622358977019065 1.541686615018171
1.228741623458739 2.24853289659394 0.4131991297884207 0.9313043116514104
9.512838681323734 4.638989439537193 4.98225021155554 0.8500335364139394
0.6363096589090844 7.528513833463247 5.791090102984 0.7200036370603625
7.280027743221187 9.67020132992482 9.650041542343493 0.7289588188446705
7.00098793516724 8.401677679139635 8.41776700897725 0.9057489321676481
2.314280647894666 9.823133729211321 9.309469103216621 1.551006287496407
1.861669366069851 6.227940112973493 2.203212328397644 0.9681911217322481
3.904171299953 1.419737951085766 9.088882840132987 0.8523734879132469
4.313469771389586 4.563802947429144 9.505954862016377 0.7244071259845984
5.99206159038141 4.656678308553596 6.460562900765446 1.47007522929744
1.517206591771181 9.01986973725446 7.071923200085102 1.038555893270854
9.726322782935172 0.9206386113660824 1.956617269776411 0.8832058399055295
1.391699052819342 2.710433954922276 2.671622251406561 0.76706535626307
4.57381768040505 0.5503532671203702 8.230705890925016 0.7948538927516701
5.69481738448268 1.601858784385174 0.5345065076986077 1.082531288429722
3.296692405100568 5.398917778585631 4.894687917194937 1.151442639701929
0.4569261261577872 4.269622778677973 9.014022603599926 0.9196624397479827
3.984455256352371 3.269397449616136 4.9034790451081 0.8131185548736202
2.273209061658494 3.431925858869559 2.316955563128035 0.7491224738057455
1.114477559969551 3.006820967409802 3.545593357361474 1.074463284881477
7.054328897931847 4.867640974018903 3.72212978766389 0.7584854074273262
7.168127281140093 5.813584786056305 0.5611687242468155 1.113489878179686
5.167480086170088 0.2414732879474346 7.117118979534955 0.8250266489224776
4.0795825240624 5.00845707927299 3.493105154287371 1.022067654448233
7.808864174233971 2.482529115865336 4.145935920675286 0.7569543087820639
8.380326170806613 0.3458242393619504 3.020005595939101 0.7479073350260573
2.79202510249821 9.421325491788437 2.215280446290427 1.101376411470279
5.445417473247594 3.976918394306504 9.76661876087932 0.8538157016001774
8.209098331131102 7.145315657613744 1.508612933964076 0.7430483358430388
5.308831237111248 2.807963261590288 2.460496589026123 0.857287754553694
9.913993262343217 9.687309593908614 7.593792736347432 0.8824515782706952
3.070275522112168 7.945892050742143 9.476515164597423 1.189958506581029
5.106107735635735 7.627170186142398 2.419518023675094 0.8931329456294428
8.670013887960254 9.020831267028502 4.018452497361931 0.7420917140922342
4.515070941812149 3.184460674221349 2.082844114451308 0.7497256885494272
8.29984357176521 0.7335911357354918 4.594227648127651 0.7403068344879072
1.115341360744867 9.794978136398267 8.137787728912945 1.597411366573752
7.75551111386365 1.014361985726897 2.363839486583649 1.229929922128226
5.751579456687312 9.257834065953528 6.097197563720782 0.7801585165266575
8.033990614351227 4.652405250515235 8.540544484585066 0.9300954213441187
6.491705645450217 7.670799646491086 8.670260340625175 0.8846498626002431
3.554504358686291 3.751936200804596 4.363442461351061 0.7882138105943248
3.555846528908839 6.009898591483462 1.968777512225671 1.021783779526062
1.091974616279454 6.317771607347259 9.73355997516323 0.8135764517000948
8.609612933869801 9.839169249554564 1.034169926261454 0.7603817867899683
2.167641628333155 5.041722446731325 3.928724212838254 1.35231095312099
0.8778234026272924 4.460346266948535 6.020184095281111 1.197126519638814
1.955015263919943 8.239940275100588 6.197190306593321 1.40140072488415
3.606804920169193 5.048328032767961 1.975868744171528 0.8674336697392983
3.113444467897081 6.99412534219518 4.876145044450278 0.758268959816737
1.260865440110234 2.327704971789835 6.789462810053599 1.270463041386663
1.807185305435229 1.491226785918168 6.375532269143781 0.7611725096023386
4.080211000789606 9.169110427775237 9.040116857758871 0.8303541824150615
4.706143302450669 5.171951044318882 2.386828740925185 1.44264905637224
2.997634290200376 8.815746164122503 3.149987111375519 1.049701520239752
6.535096126445707 9.406894829545067 3.608934933480576 0.8308296711770039
2.537736787586965 6.787021398690309 4.271722649443947 0.905094604969222
6.08409360886312 9.955465642339673 6.580177038285466 0.937375162256498
1.364440678511047 6.301261405244458 7.33152002498422 0.7306245328502124
8.553671548543166 0.2382428354105914 6.434417302289209 1.30616296305893
5.519065493325247 1.883186758092485 8.427546641388741 1.102570066708741
2.765670596536918 1.901359233698876 5.204505173897709 0.8613555502993704
0.6057874224553439 7.568339532237664 1.858470916304366 1.109399700075348
3.766704698818343 4.172103717698513 5.251074919209357 1.094942034242627
7.232450821691149 3.14209468478589 4.931391242016224 1.521531762978852
7.30216409318242 2.084745727481628 6.73851458034127 0.7259985942136029
5.167592878274501 4.331445566874208 7.420355255114356 0.9522079764003746
7.904411248768708 7.990152179708044 0.2825696330877258 0.7670747977227255
2.315497833776807 2.826562178742545 3.256171601424174 1.357493767649939
8.015219003997354 2.055958656212001 6.363305956576014 0.7561349755995761
3.07642303861098 6.492615014816709 5.851556444026004 0.9695573228797816
4.577356613596226 9.781535423605305 8.60645189129256 0.8462114246801059
2.062817454329589 0.4516120607549578 0.5777052085803935 1.251225205973596
2.665489839245838 3.960039288559744 8.149789816567415 0.9123307393205927
1.52710991158591 4.039536648607119 1.649969820018367 0.9590524053215087
2.137333004324322 7.077693090318447 2.504261894880597 0.8598626046496531
1.706867437319603 7.642249994916103 3.161492559475596 0.852496345045466
1.547431089240434 8.855868613935193 5.306464497693917 0.7947431753513436
4.044885001481112 7.043398728664535 5.338621264134284 0.7715638929453883
1.264904354788709 0.3237238688933841 1.633281961493844 1.122470097464636
4.482566092247168 7.760215095786519 5.671696700599887 0.7501333132794619
6.558103774857631 2.637669384429148 6.901340980388151 1.110379970760159
1.308945676377367 8.527430944143346 7.960417130139913 0.8997202769765801
0.283348971407027 8.868352015412572 0.9835284872464499 0.9888305910025132
0.4919303460981072 3.878976322098943 1.960390542163189 1.186908547270647
9.895297164075476 9.934523565874974 6.432018708174873 1.334895418919257
9.7305547446527 8.02302118781995 6.65341543626557 0.7239332910037632
8.753761880019178 1.498302693451239 9.104455758438302 0.7944950659375989
1.346630854887449 3.112911407637165 1.89091959228519 0.9114384105971429
0.2796962316680474 0.613808347392819 7.411944044274504 1.083594778449554
4.49507469897094 5.58939740614261 8.262182929445745 0.9920521502848914
0.4190311076434982 8.429451455460873 0.0275426178189686 1.051412233709771
7.978941138940769 0.4379390840992758 7.588837164164626 1.256462518485839
7.475187471157183 0.08000115724390078 6.689495653684153 0.8251629958679364
6.982589982503859 6.070828986868841 5.482840368926061 0.9948486899095027
2.116505709446349 2.97693463436823 8.787218970745208 1.541230584971257
0.09392229732768541 3.102314106357261 7.309287678752109 1.471033186163712
2.187630604554754 5.758526969395252 6.885940680831538 1.234759849068525
6.142747164277817 8.438658968333943 1.319779894615901 1.189268863597234
6.592879642324649 8.423736686092255 6.978125205410701 0.7261221985124183
0.06899698461617086 0.974722924315453 2.920335157037768 1.06359806101623
1.404161666392991 8.183026365745443 0.9214299310863815 1.589306522455356
6.605427607875576 8.854081077516147 2.130196507224766 0.8108550964621667
5.602540321102176 8.260967361754147 0.1934760847725247 1.022604790460137
4.137622380579807 7.286534576001142 9.63336337779266 1.19550813393206
8.620490568232167 8.399752088091651 9.882403063445535 0.9702582783615481
3.728678128877591 2.306935419432471 4.779391535017809 1.130568143458448
0.7446751163938325 4.491000504577675 0.2739641340474052 0.7277643939433632
6.502827221639845 5.667728767052504 9.61047886894495 1.09531108827436
0.7153222156003046 2.273367004023345 4.580565366305041 1.529794561058677
4.112797952661916 8.2020342609762 8.906847138664899 1.021655288654198
5.20491233570175 0.9820623920108816 8.59854966846147 0.7748525051446024
0.3464444312566894 8.19480248716869 2.816070934131143 1.114850841124064
5.902422713928306 4.074003930670547 3.480123518866702 0.7388169500126233
6.023643584132515 3.317908347805298 9.534684021072623 0.8817083405277991
5.621816383127047 9.373970786828087 2.003609820349939 1.195715070570777
4.229587730453071 3.120740238026114 3.042999157293359 0.9090929080713129
0.8618510616288865 0.1517775738356908 5.347058857808368 1.532508996573203
7.981991634770723 4.244991266136123 0.1580883037383573 0.7314540290958457
6.515882530935237 3.598141621218825 1.426569361827714 0.7199992563822827
2.381505717399419 7.536645472731504 1.125175287627243 0.7215356611776387
3.327828578079039 3.021728139107441 2.257723836210686 1.451750359298191
9.385258397311476 8.453183373867214 1.65034884964666 1.303999088092644
0.5980835135106964 9.295637060748932 7.148590205401683 0.7866835440240862
1.333702012537494 1.97487460949165 5.733846976068232 0.854901477228453
3.404687536986567 8.069593378461933 0.5089105839831097 0.7439068139736168
6.287573959635665 9.541609771355418 9.292574169359259 0.7578827175607861
2.062052723470171 5.869313653559845 7.916221420550976 0.8096802209922551
5.027750416979771 2.051481377804192 7.085443727426245 0.8452062546277836
4.109078121491978 9.248287684862548 3.361323899009255 0.8666706724766701
9.902212078484085 7.15881491933821 2.613356826704948 1.037428592912435
8.835110967325249 4.869064680237194 6.277111143995264 1.354081729345726
6.20573377740735 0.9021727676375068 8.035739305575273 1.122224001964718
4.821711203850643 2.306509749744307 6.183786376566396 0.7451063021956434
7.701104505173634 8.577686668497138 6.038096727737365 0.7776269314830472
8.064990257142705 8.540756916476248 7.966109265468108 0.9809369933335986
5.623271865978982 7.622600318422181 8.694931841197956 0.751015515179638
5.251160279074355 3.268124960159786 3.320924676514519 1.000339576006188
6.142754571796388 0.3040162760049747 8.894746649442963 0.8460637937258804
4.512878005837396 1.610474523802372 8.423639930129751 0.9386118983816463
6.98712830560638 1.590770268453859 7.212651432218613 0.7527263772040595
3.538193590624048 3.280508790024558 8.499421692180237 1.34661970677319
