8.223546754766629 1.154073070005341 2.896940370596508 1.396119689157151
0.1576764891352078 1.751472882238018 1.244045197659948 0.7493639497846504
6.565696287137873 0.1530881577178589 6.71945569747552 0.9901297322067401
6.187974103077625 7.794555909869268 7.278300687145705 0.9417851266995163
0.09288867585004246 5.866894996544188 5.198817205454196 1.046806174186897
5.284001039511365 2.65568689159409 6.580509045792271 0.7567848638469786
6.962852539068238 7.281781718471807 0.4386171313824128 0.8824882558809148
3.919741044089417 0.7926428774196415 4.171189565105734 0.8543043456759835
0.7176432826836232 2.688954318844569 6.181165147807208 0.8858079117711151
1.75082439563117 4.435164538809766 2.756864204330995 0.755298157624765
1.126681476636576 1.173488724467676 1.363228420406177 1.052584478093778
5.119633198042157 3.211181208501582 2.108407459032361 0.8885509913101518
3.381211389843457 4.74108706876167 6.07554724279701 0.9765648799416837
1.008169580855399 2.775948861052552 2.040511602973532 0.9998037790913921
5.544727676764974 2.45067558639828 0.7940326881829896 0.8045949493897114
9.915145979062221 4.327163090227483 3.860323292612327 1.366924770296482
7.344838306262829 5.628833923317582 4.191660725332025 0.8192531820210952
0.4121039694788731 7.551489791479207 9.84201629603262 1.07719369683157
1.63981019622696 1.900346853527334 1.713247742373245 0.8214953275998285
2.373017185530318 4.78762308979347 2.197746677850282 1.021876783144841
5.117022166582627 7.514354728100384 3.350348255208306 0.8111423923417168
0.03519643299669362 7.06040207051432 3.604378683636629 0.7611004558634373
4.199944321589628 3.044396834302734 2.548599257157035 1.044370718159429
3.530775814255061 3.882416397748659 0.3167833867284042 0.7685153406479248
6.208706489838277 8.290683660313414 5.996425488022017 0.7497111603840672
9.522666300298638 7.458021049020656 0.1546052246796914 0.7740185713367335
0.1910568907007637 2.24464717355393 0.6639315596154627 0.7478857999070533
6.701999402967914 4.007376962698851 8.50265734166099 1.082497797729032
0.6969955631876812 6.744274432629704 1.653944919004833 0.8249766449171149
2.3203834686696 9.912090239082023 0.9590381859223818 0.9723869947815368
0.6683650652854345 0.2118267770937532 1.409440301754531 0.8518938836931179
4.803105682743512 3.873437195918234 6.245253230317132 0.7512715091726968
0.6036640041248986 7.453367263911324 2.152276074575722 0.8125664944377599
4.022832453176718 3.790812452956176 8.110112385229577 0.9566913384906766
5.200344737605728 7.123784824397064 7.284743634564101 1.303417908260476
9.255022786961392 0.7184431810195702 0.5657469649359481 1.037763864960894
7.428744653248919 3.935696658175467 0.9047493858948319 0.9689804744135435
4.255682907629197 6.764890535892285 8.164202404754713 1.198612600036723
9.237818786508972 1.908313118751168 5.312107964952267 0.989252370714806
8.221267673956529 5.195183563976866 6.744953566721024 0.7304370264508774
9.904054848053146 9.579179505753586 0.3251468121458512 1.552935214168845
8.587759019692998 6.582132744966234 1.765725350838585 0.8619722188596405
8.540231572435928 2.738894208718451 4.072299062428951 0.8596059657636586
5.599654575825245 0.2150712756763451 6.455774840663369 0.9268557847885646
1.826240726932212 5.095756927382474 0.3971331715831172 1.423394148859749
5.002723637179107 5.026822270261053 0.6860556989133282 1.317066177664776
6.134668485340617 2.90778221543785 7.879168762724326 0.7459528875925543
4.460212991527809 8.711207859020506 4.010053079681724 0.817276485320333
9.397024594878969 1.286548709870529 7.254116791790341 0.7247242345597359
5.680347820801473 7.796689982612487 8.168972766973672 0.9452342599899078
5.77873539263858 3.294106657220242 8.858048445026549 1.218021433156885
9.746421373412089 0.2954486389289246 1.448851363751898 0.8627382908035974
1.291945155325582 7.874288127317348 0.09051208121200083 0.747577473481556
9.290788647422174 8.571910654795197 0.9015576116393975 0.9816662822327733
9.997900030064399 3.441520570346075 7.456391485858108 0.882571197234713
9.884229661466152 9.359188438380336 2.858321387398296 1.04620826705205
7.09633040988451 7.667429401701176 5.378158060089874 1.587521650255294
5.402499968588891 5.279212551585525 7.391544303172711 0.8783707460648286
2.003895160508846 8.058447948395854 6.354814178948058 1.177178328645396
8.736594674027064 5.650448343569852 8.376872940858657 0.7421829151521279
3.928097046951249 9.060606505887048 3.096461951628387 0.8705190321722934
5.805731921950456 7.514286234602803 4.545025179289915 1.110463662753841
4.551389203547127 0.479074517698358 9.997257638761079 0.7654630610995751
5.377390850652351 6.035567183043978 1.273464613343644 1.053434604526877
4.177693055047014 7.398016230181839 5.244470574109992 0.7206140238537754
3.994281214398314 6.14958641945394 2.181631037966669 1.46699985815093
1.00163195286663 9.91690893845092 3.26753493750801 1.522678202751914
6.443855076257949 4.704620045103094 7.328368673550373 1.298499055544657
3.9651533126284 7.952216909447129 7.434151411805158 1.571938250663685
3.395877336236678 7.162585605798443 5.593256375403133 0.908055808224312
7.52794882936602 9.655623845352133 9.331822638213401 1.473952077398314
9.088045392084519 3.331561877240195 4.275863075748019 0.7568995157796102
9.274576248998521 8.156910662689754 4.577652445733722 1.230614387210605
1.823083735203009 9.391127004900749 4.173595303878885 0.8389526986999211
4.608289444175107 9.792716287515526 2.436448005135729 1.40462483851945
9.659979418203491 2.382910499161675 8.726608021558903 1.242224895153
3.213327307463247 9.081230802004798 2.558793770071385 0.8138158676595015
4.244710344674514 2.411648222838579 7.104694718727134 0.7588152399561285
9.012077092928083 0.831744774094838 1.9104937472963 1.130357159080244
8.872044870435019 1.70610532072015 9.03298718300694 0.7761668446056951
7.307799390722693 4.855716703227328 3.675255683555156 0.9744646974491387
8.289181490255558 3.875402573750156 7.580001527259833 1.037622430521706
8.694651485947093 8.169751555290999 9.000583664048319 0.7592952443004527
1.227322174554256 9.204446506498938 1.036802127624976 1.494770955141504
6.400240579095513 9.276181926950118 3.761215097950557 1.148731234893653
7.206754663683803 0.8375280894392534 4.784380559232293 1.055977874055918
4.564594363928137 6.313561797574034 7.220851250287595 0.7217103216464459
8.620919529563347 2.856453286092902 5.174703145429205 1.125995853193824
4.340735591434677 0.2118649117391735 8.126829694723661 1.268259172270173
2.251060544073723 8.910114650482344 6.885342422478439 0.8273331082726638
8.206117181469223 9.315023956984049 5.524518491352195 0.7439369438514315
9.969386218395959 0.7459270476384272 6.989469466020687 0.7626473197963081
6.315846304953878 6.748591882069444 1.135031770440152 1.236449548117238
1.752545895093629 2.224458015864446 8.585385714756404 0.7543812637186307
1.047409783748438 7.70305402460327 1.140228044354868 1.378734062589587
6.34691300616359 5.628495534067147 2.199406272698929 1.550054544014669
6.892031400171465 4.086930259651245 6.421475892109565 0.9421901521674337
0.06715460357917147 0.813688893110146 9.949511718833843 0.8566085308126208
4.024642681449446 1.253721175855129 3.305529887294418 1.04101204653081
5.44961232711005 1.555005192686274 5.990423826070659 1.443515929716426
2.154175303165708 1.342968675325161 6.758369730965396 1.247256379512963
1.071835143476325 0.5555898677407323 2.107576929049078 0.8536188968507887
0.2864179669411648 8.467875308836655 8.085750822749862 0.8494725275395238
0.6080586446506908 6.618963897502942 2.538400265748102 0.9362733097058039
1.432500521570312 0.2454139656266563 9.154380578065613 0.7737032125161662
1.907150418524023 6.103099503289553 8.405005663556015 1.209605823952496
8.093113587551635 2.633277745634409 3.024043708827715 1.356596179887685
6.916724213827123 1.068866931348929 8.912175328559869 1.573757432863651
7.968685099503941 1.619321522310883 6.22644688610837 0.7786183209330215
6.711238154502778 9.821278230991529 2.607512918225433 1.135157922813962
8.581339661550377 7.314990054225359 5.409343581550409 1.390580560397172
8.983536493210812 5.605868772523903 6.51482228449322 0.8263407895185361
6.379533205333012 1.2906495501506 4.436826070673877 0.9035949012262915
9.545219216101904 6.792892820087779 5.776232329521608 0.8804242588417422
9.910117477620586 4.892971941070086 0.9002078767129507 0.9100323099856201
1.972512261181062 8.254424155698802 0.5637972921178458 1.022367798621536
7.420643371408544 0.6542922551809871 2.207234085445837 0.7981288264258996
2.650789255849641 3.838324454183548 2.726851420576585 0.9812960962610791
5.036000952114987 1.118093338917908 3.44250903743415 0.7277041733076625
3.642584043223468 2.482971786186263 3.571166346153432 1.429001249195367
3.724523807513946 0.1808352089277787 1.401113969119785 0.7236641283887387
0.4022056381636185 3.448576484242554 1.898021296202902 0.7781757818177177
4.10426857891103 5.650889897791169 4.967917974954351 1.065537672713908
7.312752902061336 2.477437803000953 0.4310937773022494 0.8832653876972288
3.289535039650654 8.371843704721382 3.309563598034966 0.8426166833401804
2.003607615746186 4.078301554799816 3.672554323937943 1.133548807715676
7.249143703830255 3.715584526124747 5.68957376238682 0.7436124950477968
2.521194501662571 5.791365447111753 3.795164629572461 0.8084199199548712
6.141508103919922 5.789975012138219 8.052693340656774 0.7286273931250964
9.213250629392295 4.168228026581527 0.7660930891256623 1.075314810605721
0.3551060880138224 1.556426531267773 3.855389232622113 0.8238493820358165
6.361545925274052 3.777592684148283 5.643461176142473 0.8540489024666946
6.76549634022122 2.686503763793841 1.875906207466551 0.7760079217791973
7.70720115704861 6.765933867097218 6.31216785342238 1.166417758341239
6.417528135738663 0.8162836500491144 2.318628410554601 0.944108660789138
8.143456357410587 1.825386243085225 3.849155254583586 0.8107970488409362
7.134328517475031 9.297890998873992 1.150545301957359 0.8048443809589869
5.848896911916639 4.693091628521863 5.096979751895041 1.401664152020198
3.269867871180888 6.838238142702622 6.491521633536478 0.802760028792631
6.231691227278889 5.346612906782704 3.873228511479287 1.384859737845481
3.929340580831414 1.428845177915261 0.3854472576025825 1.116900733541074
5.007159400710649 3.952264894175971 8.255457369676083 0.8818351998436027
2.353389203919842 4.482719816108754 4.610512582313144 0.9532247595998723
8.708467868622272 9.040389902955768 0.2661239938069004 0.8717258546369887
6.718668315079388 8.016846561127505 6.528483106964169 0.7817310321212819
4.150964404582446 4.638868126546035 6.49911602927554 0.7489773178678704
9.862060779512332 6.077874812662852 2.780607289617354 0.9304162663640357
7.203030396111352 7.537865375680286 7.311651965307547 1.009385725234979
7.340298155065887 9.873654355815747 1.830813450221038 0.8021518803603098
4.817081456300587 6.432084384834647 4.770223740990969 0.8596453682436266
3.452837028680452 3.537866803714392 3.093840562825971 0.83303808062054
2.964759232303028 8.730934003073747 5.405559962155299 0.9015196385185769
8.257209015912274 0.9593319414602308 9.75209679536275 1.513193236086033
3.226481660140886 8.661905422893993 6.224845388729531 0.795036854327046
6.936800806160299 9.643017995993818 0.3817658205679175 0.7385837630161641
8.481171264361814 0.5305722104661803 7.903992083696791 0.9386462472587414
9.155499733097047 5.930419041705328 7.446425352477037 1.098869713272366
0.8588856781558363 3.61303431581071 3.020455492021708 1.422164124175166
9.187370318601156 5.278416448196651 0.4804670799451682 0.785931344054033
0.1430773645500349 7.358656611159133 6.489250280807749 1.111390815560015
7.201232516217047 1.681044692664792 4.195349879094021 0.8982540767503707
3.523875274888009 6.788334395693287 7.338242940040899 0.8616742860599127
5.866973540789219 8.545480372473843 8.914065036794799 1.118151469508075
5.100393788119288 7.11704400385119 6.153846007816795 0.8925062075846069
5.902967766186472 8.840015557241937 7.729992005677875 1.221665400007812
7.623901279574389 7.348907873370904 3.830981457905615 0.7797701666311599
8.26940028334972 6.450797027557371 2.756764799221155 1.016925249773057
4.405356123877689 1.552906487350508 5.39577217021434 0.8339784612843717
7.739588764547986 9.962895830036386 5.172522847334272 0.9515846528027115
8.786013643470039 8.326796701259582 7.151732529286618 0.8638403605252654
2.843935672074187 7.92351271217419 1.027608240245513 0.7403024759100247
6.307266194372685 3.244083054123321 0.9140848096877607 1.347012134436731
4.18465599813273 6.210361696648623 0.6563404130047201 1.500729604785274
1.317065724216365 7.026136371050342 8.383810299872698 0.930880585749549
1.066507932220681 3.832282197931343 4.503547077466315 1.362480169644221
8.459437915927815 7.280316958419328 3.388814362024644 1.024837690398834
4.800602615151476 7.844663740783305 6.551217867681663 0.8302740822239301
8.288573636935885 3.455772414344853 4.459153937038318 0.7989826372613017
2.698409323073552 2.336031276625631 9.712419806600783 0.9269466218945003
9.733195375760522 7.72566796177439 5.536573046587474 1.011335562864117
7.160683053992465 1.194793354719268 6.913588288853408 1.302733198484075
5.16825568373778 3.645915341604559 4.765091742471757 0.930712653403722
2.063139385552632 5.090318549893235 3.882392978340779 0.8316738412097101
4.45446941361074 5.35023496738567 2.874913848530263 0.7309138670878148
0.2569283831421665 7.414709866510507 8.618406018113404 1.281328127480504
9.760172353932514 4.656155264451372 9.718574103717463 1.420703789787257
4.193280566333336 5.477477150262471 6.062937179006089 0.9285847303954768
8.93217473266713 0.4922930303813688 6.899524055349929 1.204744444619534
3.927200377335173 3.189669583527723 7.210077224448468 0.8786146918297988
2.889537148922752 5.119942072131364 4.056830697753878 0.7668963827987852
8.701372340756457 8.19483542496568 8.105792978240355 0.9686552276481742
2.472134815743604 8.351245467376861 4.251704199581081 1.56196940317388
9.416324686689702 3.388008683713196 1.565704277525281 1.092142507012281
0.07016277779117397 3.706066828168832 8.635208367104481 1.451456909727813
7.024652621610489 3.328593514443816 4.274118825236441 0.8746562884656743
5.65669723603447 7.761624149407475 6.555480328179605 0.7558428071124446
3.220275698955692 5.435638546320447 3.30275760252648 0.8339102290506565
8.825883899204504 1.265412825692795 6.03826345313235 1.073668720511433
6.245888297332647 8.936216911449613 0.6654902295550236 1.2379539677384
8.828134876773557 6.511213477399335 6.546910694683148 0.9481687618090621
0.0814206813898577 6.070154058348678 6.526788086240904 1.415190885649215
6.749573487232627 9.819914431575203 5.123993749008827 0.9064532870855404
5.388254563115031 3.636869297986674 0.4822413511931378 0.7800678785371928
7.184774833838842 0.600067792252249 0.03955450981955488 0.7748047825498318
1.464729086792191 6.732438048205857 9.181032833330622 0.764951045314645
5.154987457067488 4.835040191118346 6.414317415475124 1.257718685996005
1.012660873912868 4.429723601505379 8.127965080504969 0.8128841730373427
6.144954387574657 8.659181412796357 6.723264584474268 0.8256546225566804
5.895333270206572 8.019471670721858 1.692121188269674 1.550574388456599
1.599715490251981 8.704002796672208 8.764717715265483 1.050867616964994
4.661093733519642 9.16012543764605 7.493286552717027 1.150362659592938
5.891215630438356 0.9183346650916679 8.178684909673596 0.9124081738383496
4.599037182776782 3.970095698204628 7.209667945881242 1.076054534471906
0.2372349524917272 0.8623083868611248 0.8931437376513141 0.9366134808202864
7.110361590853535 0.2264949147950401 0.9731956369972827 0.920385763665115
5.79446537028562 6.126226429162616 7.308288722235284 0.732198274974705
9.898858464810489 3.180565127232292 2.414036240646724 0.7255867305321211
7.522599689782741 6.552345515761706 0.2425317349297118 0.8008485701293311
5.147600953540954 0.9010633480784547 4.594012318179343 1.585317291233669
8.224878132289696 5.943885295996046 7.010418879342917 0.8241232322978226
1.007473718073276 8.656004783141771 3.85129720469269 1.146756336184835
1.506568346766229 6.852212027591225 3.649379708382423 1.176189196908598
8.139837126721588 9.709768088792499 8.258105140943536 0.8926243669384233
2.732467350547564 3.436548865731449 0.2612664290039302 0.9990265385230698
5.992985872849183 9.458203416537849 6.90046397235871 0.7414161605118655
1.212231759427902 5.383802689144997 6.692893151058135 0.9752453067847775
0.6518253333944013 7.058670634333758 4.139688875269353 0.7363052115548843
5.048656489425158 7.100043721570266 5.288003290453595 0.7803398739879078
0.03665634537111662 4.12535870616685 5.070937034049572 0.9417655914044908
1.277148618364955 3.767042869907931 8.674527241551113 0.9261419997581593
7.072643414329671 7.541341794149806 1.381724827176329 0.8641557047931482
9.581163721208448 8.471905685689697 6.678956634551414 0.9435708546163998
8.656208212193063 6.976401686752176 4.255225749809621 0.7829670905388567
3.938583893126847 2.771005430612516 8.147739806660063 0.8699152942033496
7.968213513825251 0.2757643367777862 0.6947318282859261 0.7687048677182811
3.050365171361871 1.853387050894489 0.395371482761423 0.7770199266052786
9.009572656432928 3.413014594646885 7.023708651288492 0.9585537960476104
2.321263392281174 7.174883304653887 8.836219011176578 1.206744389627976
0.8971176335057696 2.421870460114874 0.2216404274126604 0.8779211299569759
4.774922243027071 8.889749510662407 3.028410739108758 0.7321351629175599
2.852948399292853 4.402373068912383 0.6431411054859726 1.017774447182376
5.525723072392879 6.697302744267708 2.789782545792288 0.7628335795779543
1.917026934016567 0.4918491684137793 4.238290434868185 1.338637169877087
8.01391741433498 7.531797163625642 2.239873072970879 1.382099265113539
1.241849179792383 6.105131102177941 1.862201892299064 0.8000925370468117
8.896058342281592 8.20311534349046 0.169864321844756 0.7973305096904841
0.828833446071674 3.240786764990169 0.9418328736238957 1.218660969914782
0.5653948741962489 6.750895750440849 5.613885335833574 0.9855835534913903
8.913843298926745 4.218725424490968 4.850137253183658 1.271339619972099
3.056388860583897 4.102875303332806 8.29859196258159 0.9797134639015818
8.437299632199643 7.188442905317685 9.794779731025818 1.462517373258374
7.982003677804815 3.50840987591641 6.526524845239196 1.161514063590791
9.474568147864117 7.841657746977432 9.358153046587244 0.941340511586058
9.802010557945039 3.012390193332446 6.560381082214149 1.010882642905429
1.380438390116884 0.3196779920636283 5.369907224768594 1.136082241933954
1.223353740965313 5.854229523082412 9.20518746074325 0.8416643533102182
5.552844592083432 0.492040435022123 5.65220212685418 0.7382744324283662
3.02388169447203 0.01183375022838495 8.746807109091899 1.597094632199652
1.058827284359836 1.361563466274284 6.899656940650047 0.8662232041865958
1.352837938321964 2.274780068836456 2.974928401852207 1.193580003930363
1.170336152014735 8.389043277040583 5.6433069704659 0.7757925496962388
7.430017656370675 2.98882674011112 1.244686394203228 0.9269373900105169
3.107441035441814 4.145851399223345 3.737513686747172 0.9940751364978669
3.292873143720843 4.930888331447104 4.862543378849037 1.021770925004136
5.182241671090668 2.224666139778877 8.79045827822239 1.148179850809097
1.847042440117018 8.965020330576664 3.338890128659416 0.8735964653623283
7.956392320924282 1.433940696171365 4.581824010819852 0.8403084349554033
4.124258995295459 5.15908453607314 1.416429265617235 0.7479138893723197
4.105028469873067 8.576025549022459 5.119347962063831 1.320559795011623
3.435956997639717 6.634452308474713 9.35580650650135 1.423475583435763
1.917594541360758 2.572031209248462 2.140132893840585 0.8055082135318689
9.521680066552157 4.961366610075217 7.054419260088562 1.015871917286735
7.038265405455134 7.844012519477389 2.796490627404737 0.7598510444258951
8.67095035159754 9.790308032323187 2.768979793820098 1.06586893326077
6.995070078429004 1.00062270637942 1.487937749587035 0.8788065670139039
3.401980130937845 5.907494330996119 4.133878361542616 1.042606926250487
6.953319993729372 2.78247601612588 2.744946044102188 0.9321910869815337
1.92257243551413 1.736144637005541 0.3758373190995135 1.342909657767481
0.2319717311836611 8.638680111921753 0.9853275137084527 0.7397304780392533
2.337901477779513 7.145030436223003 7.378450028019508 1.55294541586197
2.479870190100188 8.882536902814158 6.078848047444131 0.7507459695368324
1.312143272937812 7.723547397831886 4.349746150622822 0.9602243350725268
1.421092396197672 2.862211116016435 8.17424234575213 0.8417446865654058
0.1287523144434621 1.929761217732036 9.703843821559444 1.064783162846688
2.672444515562875 3.37140779878656 4.471746772693371 1.272204198422821
2.695709718430457 9.581575784087804 4.155579383938154 0.8238978989324441
6.121301974290254 3.20204490668559 3.51221859276085 1.427634252285704
1.868020068279146 2.248228824127442 9.43075117198407 0.7639886416528672
8.830831459948584 0.1457071835422796 5.599741512709364 1.292075535322054
6.637748386272783 5.823146593751931 7.335109113527957 0.8467306975073529
4.045971884327265 7.865359512757061 8.890626289196796 1.228999663434306
5.118412518443917 7.929803941220936 8.865717312516125 0.7435362953833867
0.3032589095972438 4.391473658299242 7.541647121365201 0.9936887996292399
3.941636631312999 2.013064008894885 2.448161801968565 1.018072445183679
6.812360873149337 8.068212639015899 0.758300193542929 0.8087407301917307
3.614958828007117 2.072065832997851 5.50815676566541 1.019291780928351
8.777301021224234 3.056126170995713 9.135079744875158 1.040761125843492
6.700857084509896 9.509921372640509 7.482826296999482 0.8566598088449109
3.67135653915825 1.010421188070681 1.256344940699466 0.7429446340270525
2.994111303283725 6.330174098916475 8.147500293461391 1.001739972017604
2.46623193731765 7.379695171194377 3.372697228727001 0.9950715908661087
3.315663638286782 9.419455110925083 7.269588214628958 1.561660937721043
1.883840421579642 9.62172937276933 8.771124222610284 0.7711044000953564
3.81602174361252 0.8857104855019826 2.233061672963458 1.216517240296696
9.306211867017561 4.141307895197491 7.676099483765769 0.9885043069416271
2.601773636712813 3.024470172350069 2.197288689904273 0.7955820364789196
5.601041295974258 0.6174324209430937 0.2397320226353139 0.7333369157295474
7.327532787724717 6.45783260453545 7.285532942024424 0.9777939751960043
2.915120514049231 1.273437866914172 5.118066811723827 1.015891567601833
2.801437384068908 8.427279914563391 8.351725307793108 1.481890852538465
3.41551071116589 4.199643588802682 7.204791537151625 1.293343131453915
8.184902043647218 0.3377125500771572 2.144424662226544 0.7774899905057397
5.40531492059138 6.101277833193969 0.1778146253828095 1.055328877129591
0.7353936427102925 0.9367041172011792 2.764323820971862 0.7711114004161334
5.734882533135264 9.108081810859954 2.642448712002086 1.203852109015247
4.753456047154748 7.775781825032388 5.665103532082477 0.850740643460379
7.095691325247302 1.728424202436957 2.319802364291482 1.294556425542292
7.573583304500737 5.153546244582378 1.463917019241866 1.398108786006124
4.846211942420541 4.108050529959696 2.264792805743937 0.9691231912419145
8.991717543945372 6.396804707667842 8.327398703489141 0.7797358777175322
2.595806121646904 4.820200655834021 3.166604102743572 0.9056519543656
4.189476668504115 8.610447643442418 1.122926343883037 0.8225835902103174
6.321886858631883 5.486451636853834 0.7016681048366058 1.32719974052575
3.072739128515892 6.862532805727933 1.353715765290912 1.329009964383789
9.651723492660564 7.746664667730016 7.537035121414861 1.227079620524018
4.16025774899254 7.154065118489964 1.371450337743901 0.811514051198064
6.096802870619507 8.800359620985372 4.984272025057169 1.479993593137767
9.724690693992121 6.925672082655628 4.639517179233414 1.354694326820001
8.839188113049239 3.341076085002483 2.454913952650896 0.9497631035564336
9.472637954714976 8.982462319452839 5.551836579500049 1.303643271080933
4.805295746545977 0.6375748873915044 1.176521066016183 1.578803930508875
1.326646477320377 7.012940448114994 6.376333293268138 1.164517760251977
1.704811977211832 5.42129345679747 5.854330792216336 0.8713432073705576
2.832949704863328 8.335366185332331 0.06273681056452651 0.7553021997530651
2.068524674637295 1.790623608846015 2.505088923829388 0.7251960116938059
1.955584481081667 9.345410081620729 7.787759767296497 1.212632509404698
6.356677540991025 9.391853393977728 1.686593090526657 0.9676152887329921
8.147546769498009 2.022099107082118 2.129579438037834 0.7708031689289654
9.192022466047819 1.460418527032221 8.101186771222816 1.004107435300339
7.573775259283495 6.408377096524394 1.787420283361318 1.154287162726192
8.963072466566873 3.79956051576266 9.640050610537463 0.7356882152672513
2.81100290856201 8.233265089608848 7.225626794662817 0.7683492460672948
9.822794205761571 8.421998712423783 0.09996176576843485 0.7628680545068054
4.837299791347467 3.016406807504424 3.916911945538085 1.223132074808833
2.417308705869277 8.313389058203519 2.692459907041898 1.216850047274107
4.048988825779279 0.6387117357257388 5.043241421159258 0.7996584886491326
6.212004000409238 8.111774556797135 2.941770772274741 0.9516157918381818
0.3958217111873097 1.731321254263147 2.891786122910708 0.8865383224832065
8.341494706378903 0.2377742442088726 3.704413820146522 0.9671757262347115
1.124019077187172 6.345586563992075 7.441504616369397 1.274581366552942
7.280030853160087 3.672986026122784 3.44834777113812 0.9377222300996276
2.737001863689542 3.256565732972636 1.276673578258716 1.025837754321287
1.402952731701211 2.168746556208399 6.925350012896894 0.8095012586276955
9.935455635918778 9.109231111125785 8.442459905489308 0.7218593866105755
1.671255164520801 5.696175040596069 2.896924895308765 1.54088546454646
0.9624800367396813 8.128372591307764 8.422745841643957 0.7244574145736721
2.779718174683419 4.147459271265798 1.584573894031125 0.8289783846447123
9.54788776661359 3.119673364725786 3.375562004407722 1.266440851136225
0.3239764913396415 5.063609541156522 1.777235448006917 0.8833886655033835
1.309256981897634 1.754000296549393 5.995258299212079 1.084842863725324
2.686327586579028 7.738392644849628 1.836213178510189 0.7616769962042801
0.9325622770224751 5.251073329659016 9.644648784991498 0.72571350961311
3.407942131432959 0.5430888106889431 7.76416829646925 0.7201057588660483
8.158946669543807 3.704585348830454 9.40366743100148 0.7437147506488583
7.22301190498882 5.87786176729691 3.222607890432621 1.111815550040983
7.353840607028701 5.550267912236996 0.3459193404895333 0.7501773760800066
0.2452590369728991 8.528431129084622 7.270195256049522 0.7191011833666334
3.476736129243083 0.09090598704186381 0.2783188928635794 1.543246921450047
1.762638056021046 6.397003141527973 5.539549128627811 0.9223234686836144
6.082202838905442 1.715674320670962 1.998683350388342 0.7873743554801637
8.435774010496589 4.926023735168934 2.394797968440939 1.136590987917822
4.335328721868954 6.517442068076359 5.695608631697243 1.198483973320754
3.6996028272609 3.523652874576526 3.940275610839353 0.7288781423424138
9.568355791402706 6.83263021849618 7.991335224326031 0.7815141241692609
2.841329690410788 5.760189126223297 8.884715269607826 0.806941159606449
0.667766464166748 7.685671741835964 5.73078254231568 0.8123305372887478
0.6573551818792311 8.394275506360062 0.3318351610698977 0.8086270467046567
7.551266440818296 2.664772567398995 2.080201252017599 0.7471373630535488
4.306825299533818 3.865506160590346 3.285180660270948 0.9734155209489808
9.671383162390761 5.018387706527734 4.715923399222937 0.8188668948109842
1.324768082721356 0.7948522098178568 6.280604983464149 0.8421107323868879
4.489999160588787 3.891647096086532 0.5307743378047248 1.055892593052045
7.954312918748516 5.197837582707516 8.741848040604358 1.124565173192855
0.04355190438366963 7.222723710473071 1.310503858383852 0.8312819302440106
0.04731611342049025 3.355118121322623 5.730921491934924 0.7763010097546039
1.614641672076434 1.382840512570228 7.892195874626828 1.167728996541572
2.80849330156031 6.584876471525443 2.55883722089733 0.7755698046617605
7.420727675134127 9.877871564698927 4.140410123133992 1.14123427311907
2.902017545319261 8.758296199977302 1.722833769626751 0.8937511105760148
2.216130756811239 4.119005824660774 9.941298223184534 0.7919622861007056
3.514060908106253 4.977085647187053 8.846519724691827 0.8445189261914693
0.537022735293361 0.61617129105899 6.415330320588489 0.7328731671681666
9.898227806684474 9.64192217052565 6.658402015127763 1.365176296346907
6.820729061591808 5.0923424181827 9.41263055618777 1.414144306521041
7.114413250330958 7.050321355740594 9.265652296380935 1.300940324422816
5.444128661012967 1.668471011986223 7.843770809094097 0.9015976516469395
1.640471420762484 7.915150179797337 3.387499601575142 0.9415965605160646
4.372930821956036 3.904959815711733 4.249783300784713 0.8330297501452962
0.4856312866150492 2.019502735233916 2.097042000519733 0.7733833290884687
2.149381040532787 8.161826267947282 9.497160817559593 1.015707635376243
2.589907883448564 2.567360357279529 0.5998183619904385 0.7727928045926584
6.948651652728821 0.8339439185680619 3.384343602891629 1.330016262839999
3.923518670442764 6.174701314701222 6.641583488650526 0.9253410650367492
2.393666530558487 0.4423585416834774 7.579668174245242 1.134915665712116
7.785229989121458 9.496265137463519 0.4832443954235299 0.8617386679488189
3.34343433156487 2.696992469577123 2.499463578496114 0.7581589572878243
6.152207550460216 4.174096249083116 9.262833739438497 0.7616020397458455
6.576936306627334 4.206571296604893 4.008971643471089 0.8740469411455504
2.012449007108512 8.369000786992748 1.611337162074256 1.01605864076706
9.627177261443844 4.579047983276199 1.617384616890122 0.722131422110213
9.83162337361272 8.451747668603637 2.485596477040759 0.8270562751521904
8.312229835496563 5.133548795562805 5.746232534702798 0.9639676901276805
4.312409444106351 8.803137210166762 6.363639316823964 1.164568096450773
0.9536654726804228 7.667079735396694 7.458677154685925 1.337598457821187
3.827430735308321 9.192093106852052 1.741173231974567 0.945237415518641
4.607558600533904 7.621655832837146 4.328818346786767 1.246357259603047
1.971314781710524 1.452274808467852 3.450809342145049 1.036923498543663
7.648925847911272 2.501295497546289 4.654467587514296 1.130237334701925
0.6387991198497034 4.991774482764079 0.3830430975930343 0.8177990934208453
5.345589372876824 1.686923164066623 1.521660978429545 0.8392744271417039
0.9259283388443473 5.314963669379543 8.19803749895935 0.827874047259361
6.462050203966259 1.97543048663925 3.444871321924991 1.044042121587355
6.539921532922126 8.013296256583299 9.766808725799159 1.105447722002555
7.75035541589888 2.304190177125094 9.359875053865359 1.421788828572196
0.4155336951776034 1.888966910809049 5.034083241214048 1.273276853007645
3.152694825976742 4.093488997671813 9.459673842406644 1.120211037913236
2.159001508970359 7.512439301955722 1.185511957487857 0.8434465375940631
9.93526311663771 3.332392590084664 4.305926365762616 0.7255397061092291
3.293530371411826 0.6774775893975216 6.762999666108037 1.057846857716376
6.338429050297562 0.1233462501802685 9.813800250033893 1.136840932847959
6.893055980567985 8.773649052246988 9.008369293942611 0.7381928592453291
9.634059771489794 1.45659472610966 4.331514268461541 0.8881248935563557
2.132698213658516 8.388503253737637 5.420753362087668 0.7856459200225328
4.603138891383857 7.867724357433358 1.384457704587552 0.7975842617799388
7.702139997660772 2.897291110078656 5.679061093559162 0.9257110648287217
0.7295832696448168 4.78437198719336 8.923696672092488 0.9735973409322709
0.6158026599955813 1.171823908428006 9.347217999321357 0.7892585521156319
2.527460747650621 7.279037056882096 0.1418138072146202 1.250236699625484
5.047698185608825 8.453166920022969 0.5660907014747507 1.166046312665703
9.712575299154803 0.2223881167178177 8.057399416809957 1.577047617430547
1.042689952789747 8.564234309678961 2.481873234946731 1.543882228773885
6.916158448739849 4.49210539862009 5.564309928795666 0.8830936288513481
7.427831740125254 4.985267848848499 2.701017656600653 0.8782516787718586
8.269314061689547 4.242233019044465 1.227787872620908 0.8536451635429178
6.359117143288353 6.860538485087585 6.492037820293295 1.482762933034758
1.012474118487287 7.940352876326717 6.408406770531632 0.7454149164516358
3.013452552724722 2.225052510584081 4.677944574158555 1.003271429265859
5.381276305638048 4.028837215288448 1.342508508281824 1.072985190335473
5.377380750668506 6.947360434465897 8.456716949444838 0.8445894858284195
2.769844870413671 9.120709406642383 3.302570957892407 0.8657808751321342
0.539885104006006 5.370947865116031 7.405572136222616 0.8926979943337603
6.787342742131008 3.038656717890823 5.206735616795648 0.8644305086101154
5.432413374760526 9.632520526498398 4.259218578730938 1.03260561756182
4.957745478468595 3.057663279341287 0.9607629252313943 0.8470111219907386
4.944438006380963 5.195784355655144 1.970203301083295 1.194748626606857
2.444442772382769 4.80292617018419 5.664009972457618 1.028973224981416
2.356500591137384 6.142672113172805 1.962198475707074 0.8461099438808161
5.133133058681638 4.159915112307291 9.55636258040043 1.266525855937475
8.875979086335668 8.51932823888346 3.284836030738541 1.510034298939901
8.708357625592091 9.903579348481077 0.1572904605216019 0.8076086395547158
5.721064356230707 7.445411606339158 2.686807807222459 0.7364285419094656
7.77345079592162 3.144644679853345 3.940067081816797 0.7271132557522236
6.045769792293505 0.02149462592373363 0.950843882987894 0.9969000236248804
7.793096152021305 8.949669935380653 2.337349558963884 1.415880003701375
8.71277338475935 4.255152819954828 8.708051694690273 1.257100325424725
8.850979193180487 1.562530650302615 0.5652465224385472 0.7978199161324925
7.842139635658756 7.138170666859541 0.9355717119635687 0.9453626183188805
5.746820793084903 4.983528409875406 1.420776784277101 0.7365324058532849
0.4610883459783621 8.608550917502967 9.218157980190187 1.342166801611812
0.2774417284398045 0.04595845154482636 2.295600028833457 0.8358836472720675
6.532794731681284 2.411714431336542 4.431210735305674 1.059227919293469
6.657009355759456 0.4831501832984586 7.717855932737606 1.02595535026446
5.866583557395839 3.752949603684657 7.868446281351673 0.9162585824540518
2.376797887129741 0.5702930167825648 0.3370064088900726 0.7905559177639402
4.737148770792551 0.852353903695201 2.752587505093982 0.7667390418812213
2.004068055034122 6.080812823213737 6.516276514271087 1.047487633169181
5.55762757873373 3.953797923151927 2.839094266342418 0.824446516580845
5.07363501167855 8.228551622997829 7.698674646947438 0.7223330709506007
1.462225807316996 8.807787713157801 4.945147033790439 0.9103946374541971
3.296730606701312 3.094950362535367 9.614219017980005 0.7653735519119559
8.135228459814627 8.475369721944931 5.386676861143398 0.9208403919630175
1.971455232246413 8.31695997740229 7.49561273082666 0.870781457410578
7.975182015408322 6.481507265248737 3.834646525660406 0.9919942588847437
7.956116662433361 7.667972072857274 8.653831723811404 1.080267225883441
1.880405968246688 3.841312931231424 0.7637300826376381 1.017205685536437
6.529316457384358 0.3307160295794975 1.615110811296796 0.7316069532665215
8.716074626756708 9.631201062901241 1.344840649635336 1.530612266666713
3.355669908203872 0.1498582666180459 3.341743397093216 1.444540044729992
7.282616328385457 9.384359143559276 3.308290147801175 0.7565153456334933
9.462167472025715 8.891036353399118 7.611132959153397 1.049561958325479
2.307012192635579 1.908629966336144 5.809463759157176 0.8757334811955541
0.8237645631305224 5.65328294547012 1.096467178214752 1.123467927201016
6.55041096350014 1.457083569821465 7.776168126712879 0.8263566977568494
5.879786579147228 1.265720243840922 3.690721193249989 0.7801975123077974
2.719318833973055 3.220971540624028 3.402220175990694 0.8209805364669162
1.038855248759618 1.07104562548916 3.531640039828539 0.7840677110506636
7.431713632404819 6.923585113451121 3.068576400590477 0.9279475075183468
3.423639756964744 7.424374889393917 2.640049742710331 1.280028821440885
4.798433573827464 1.352954468022972 8.751968009886221 0.7288228432048091
5.892360054241008 9.980871729595036 5.134544523701331 0.80083218727105
8.869797490237676 5.364734764300264 4.992806939692226 0.9033969166695005
6.460087960110138 9.104070362844132 9.625680681919567 0.8616264935395738
2.39134034841523 7.009967240095855 6.018197614549882 1.035109557540939
9.701298953544681 5.120838139319624 8.354623669108008 1.415811913232623
3.836279673973996 4.698432209614954 0.7204791878694317 0.9707285092310888
4.60525856915472 5.444561054039536 7.033807467684714 0.7387487934171718
1.073195465364033 0.276933633065527 7.3306070983746 1.38809027869996
6.655733427924491 1.969674984682971 1.113702619834867 1.231801690712206
9.532028449717748 8.419908169782133 8.599714573539899 0.8605059945773826
4.055000628026108 4.55807938705032 9.886470430303259 0.7228509216207565
5.99160330472891 1.34523172056788 2.903325491623064 0.777996275340871
1.022073052912279 0.02807491934660455 6.242762101510501 0.7820583295148309
5.617733052221657 5.825810479960928 3.103974557075755 0.7630376215101855
3.148722220478296 1.614369264454896 6.328561091873411 0.87045770992828
0.4681126212883679 8.378793134393439 4.913542391102824 1.214939589644607
7.530263265920698 4.138130511281387 4.176555142944876 0.8019715422972276
7.375438030793577 1.873439136967729 3.388769955028636 0.7687506211441636
4.689881687587915 7.369321978568989 2.305283620478396 1.263145242750447
1.837778096413599 2.686103033274752 1.18657067578033 1.06336661213083
8.952238062461694 9.205250596346001 8.529900917338047 1.061790413620291
4.553764618003743 3.248567637444724 8.803972598475751 1.066808247081941
8.646936789420954 9.466847320218015 9.472004056882655 0.7676372908938591
9.675452018442373 9.567296801365483 9.143341803447045 0.8167444606610761
6.791910115976229 8.026952178667074 4.029004712269072 1.204475962057374
9.477593577340564 6.812284240498559 7.205898970862508 0.7536093833274941
4.599647983156715 0.6599762432337675 5.755096603923562 0.9602717485132526
6.046420661521313 1.033614196196445 1.421057470267991 0.9602227518808237
3.670512806351349 4.600425746914549 2.42720582485429 1.546013526262078
4.314223768308306 9.718410936036216 9.31631733792006 1.066550516413293
1.321703877867596 2.865477388229059 7.314937331814224 0.7549927929016479
7.575674458785727 3.836372005034883 2.174569677522158 1.548405536401867
0.3185363695611276 2.614936627596417 2.85345771438497 0.8153898439682306
1.066173285634603 6.052407876767649 5.968533466270872 0.8064402701985671
1.811416061808034 2.99496706733977 6.42341721768156 1.225482169064313
0.8769158210768679 4.35335721809362 5.43336766863102 0.7315948538592443
8.48865906207773 5.775283404264187 4.277026132582455 0.7893275242710226
9.357740153956815 1.306688573028766 9.821778666708004 0.7317917164057507
1.227033272596346 6.614827980103377 4.710221255284967 1.033460525705747
2.93586833749212 6.311196477053191 0.420516104927916 0.8096208450860443
6.216187754190942 4.680355932261438 6.203937780765538 0.871300992802762
2.172414226350981 9.663498624035576 2.234528025529221 1.590227803262059
7.179118634432992 6.123849068476024 0.8742623115632298 0.8009109709864433
4.166360918480367 1.492964625808365 6.642041108470067 1.204283015928426
0.8741395084992964 0.7571686724576654 8.489979373839661 1.004045718815964
6.246382676314131 2.18010318510952 8.434071876977539 1.037079167303058
9.109013300547753 6.310461607490014 3.573972424092081 1.244715331347473
5.307184476436191 8.481735799230943 5.901279391454171 0.9438128419192585
8.014057999544216 4.944638440623183 4.457952167200996 1.102053996476495
9.648697690539125 0.7616458544855698 3.236089420337001 1.584544345533376
3.167805947811727 3.196815718826252 7.832925118924585 0.9653247187161211
1.774000442493994 2.961920591380993 0.1035731987985999 1.130487103125242
9.624082628723523 4.138688791002662 2.564118888515865 1.238839455084832
2.116467301783892 5.982456223305547 7.413171981562832 0.7257021305871019
6.356263036764199 9.704065212778621 8.551803900613736 1.253594240316903
7.532803432379849 4.461981730789602 8.041428751266793 0.9054719441847531
4.632092085944825 9.500982873879247 3.557157546337801 0.7546542324157095
3.26578731533875 8.856271763448998 0.7744519014084883 1.096586346727972
8.994707796540936 3.272682441606143 8.123634403726133 1.013703764744898
5.644836853808687 8.73463549846498 9.831115532973026 0.7741493135504003
5.98284820659313 1.005399129726915 7.07596287205124 1.021650123873302
0.5788593968907541 6.541844712155666 9.466033097031323 0.9655162730331097
2.654239691055014 7.738369426500822 5.400176887389228 0.8411426736914962
2.329641208017693 3.188219489515414 8.906207727463711 1.478672106327973
3.058411537328162 5.428974707358504 1.312283675299938 1.41507876788061
6.740328764464032 6.641620460317177 4.277796506408907 1.444386938078812
2.95830574108578 6.019118807575626 7.093091960627344 1.03898288762349
4.926272621407963 1.094631977979726 7.340931785099889 0.883762446245092
8.69280894765804 9.590582289729445 7.522250233607811 0.844596675779013
9.658317560433199 6.912984673740299 9.397301332319884 0.8851445850606983
5.007087534435559 8.86974282274347 4.627744519233422 0.7831290526724903
3.893735953717361 2.192691912773627 9.224048072941731 1.487354182449899
9.321205705055156 0.3634920741230374 9.513563344725315 0.9128181580819729
1.821892431253865 6.435188161119264 0.9317840395232713 1.384729410850717
2.272253079156556 9.480216571579893 5.087066983619134 1.156108583437588
4.569532344964808 0.4211135590535231 3.549657570217875 0.9342203567132726
0.1821900450867053 1.117647942712932 1.952997624988876 1.122750747846965
1.352498328698013 8.665327353180507 9.850655284467239 0.7624727826654825
5.278719538825547 9.297106906939772 1.413345143322196 1.192731757207037
1.793402676358344 0.4366254514778878 8.417051090783968 0.8800178584648394
5.322460123489195 6.368117918785675 5.490734515679911 0.7664432098328219
6.799838924448927 3.089782191347392 6.208775100843209 1.070621197740177
7.977898636620287 7.96795078748566 6.514187495054456 1.268241516285713
4.690773174711058 2.476038331226003 1.679277587705956 0.9875914235696258
6.200835677585756 3.470073993836935 2.185968115900642 1.1906153135263
8.252139896199557 5.949013813510192 6.115225409316839 0.7934838311440388
1.273552575175587 7.664046765789963 9.186240180095115 1.054009716550674
1.211628748648174 5.775055962870132 5.179981965495019 0.8582300880146286
1.051883987269201 5.981838392655841 0.1062686262942802 0.9308638797971587
5.779569057833642 1.442083517884972 8.942177365012492 0.7785583863883725
6.219232371707065 2.368851883390219 2.428637148135908 0.765524217932994
0.3243943601799071 1.568590651317131 7.774442308008883 1.312230582746282
1.153116063526826 4.580953789204329 7.166441333064573 0.7682612032912918
5.680849922187116 1.599259621799503 0.7133329338995531 0.8556250706121448
9.009418671148502 5.881142804240792 9.430900942597725 1.433420799102152
0.2717825275974162 8.449197403454939 6.089855400863393 0.8436338956340762
7.626579431346793 4.478763474574845 6.980102650779578 1.001424765035938
0.5413922564436703 4.222235638551243 2.09836590423726 0.7884613794313754
0.5847072722164726 4.883121355237167 4.797688865591393 0.9593852898145829
2.793063898571191 0.8774112014379787 5.955461667506388 0.7735977161115706
5.070066063285746 5.360469180409329 3.529500866352858 0.820965554552283
8.706873201036018 4.387413858183056 6.642877344371509 1.092047594783836
8.346258293067885 3.196885606026372 0.437421786708927 1.511910822487593
9.543106508634585 4.93027952114546 5.825013724000852 1.356339786210976
7.142545563578798 2.660102189383121 3.665278748730088 0.8431253040585522
3.359849355236345 1.258748272369234 8.510644693386729 0.9539393783765768
5.206146358416803 9.395534967123874 6.649860969137666 0.8683735400954737
3.43419518810504 8.869356971262235 9.47277252272637 1.183323236585264
8.185644071028275 4.734964706057132 0.04434173327529156 1.596174927229137
8.075248219723164 9.370571889742351 3.44618477512137 0.7875419328778482
4.136644735833602 4.238571185242453 8.983433895447432 0.9886440129395981
2.542159783971875 6.805445401402122 4.558942219173819 1.52477756813536
0.2653468509063339 0.2127838030654583 5.657811918382243 0.8612874329472583
3.097742324335606 7.870556299428444 9.369616972423946 0.7990438955158888
3.15138079380557 1.513610955325868 7.502053443885283 1.114309999264939
5.920438807360295 7.520563935245153 3.528503386830231 0.7664258312341193
8.933231287704265 8.372930130935005 1.903106806933517 1.097369707309095
0.7371311556059579 7.368461480380536 4.939884899134774 0.7231064214974123
4.719236836821933 4.635705175865194 2.961886054712752 0.7662255124891497
4.222298199090935 8.932263331892528 0.194972349608219 0.8508175732750378
5.755159578786849 4.476536134957724 2.146745858000199 0.8817936197710076
2.990292355496037 1.109331589227762 0.7035950838802019 0.8089639752718184
2.051378824265163 4.765624351898965 8.891411696372812 1.591890647970634
9.722125647614988 0.6402831064580305 6.23891817820577 0.7587987069633303
4.917682757715545 2.271913993556538 4.876038299620637 1.171670748642423
8.269336259082943 2.81473674506605 7.434106169291067 1.058395613893255
0.7342828276670987 5.176896590478584 5.791892101617735 1.009674625145897
9.824347942180335 3.17240043766916 0.01108541971809651 1.481482011275593
0.09306658198824702 8.34904182859353 3.301725309321325 0.8611857712823383
5.320485417894803 0.4653218882936527 9.101571564720887 1.366774737505695
9.532222266013148 2.459155037793616 4.448605654315116 1.090680217007212
7.896953613397061 7.115343411822383 4.552967555144869 0.8023433803676521
8.764671624941826 0.1098302203591994 8.836419907040229 0.8348163633420118
7.691666146388399 2.111720265591062 1.474945602675547 0.8061812200128946
2.877914969180984 5.596158628321897 2.495585767936861 0.9151297668846631
1.65832803389042 7.515294579687694 5.346969689191777 1.141889289879238
9.967724776120969 1.759502037258549 6.403260706995801 1.478718909430035
5.707345065342855 5.18377929675334 9.790569810527 0.8957195307068058
9.007251912121463 2.035128174022407 3.635888528259061 0.9827927319341545
7.489203375762132 7.87129582475788 0.02880966633365567 0.8314334311792535
0.6813923960481061 1.547652495337868 0.4657219192981177 0.8733739012514036
6.683473556647503 7.28152687259277 3.36110722125957 0.7516383377586899
9.939028196725097 8.127965396446175 1.643752253334183 0.9462229182447239
0.4808752152264106 2.999318334474229 5.024070487000135 0.8863690830632407
1.7260667750319 7.86252906400937 8.263413135610939 0.859719292255004
2.615777440158043 1.93193328111697 8.678483449242821 1.043043861866045
0.9569094157225844 2.154299149659098 1.119260482993638 0.9614001037631807
5.494823292977904 7.871306205840657 9.774643331907001 0.9487049279649987
0.8800714706127732 3.485100452614238 7.81776103539108 0.8502675764946589
5.692378208864789 0.2894572527463934 3.220447643704333 1.380920788473474
4.559984754810757 5.468434674121453 9.333340997067996 1.56521159833038
5.204088849286622 8.083133102092219 5.021105038308911 0.7242843429400833
3.54160524624188 3.303520338764576 8.796595197570337 0.9221635016900774
0.5788797063917583 5.76480934852659 2.242158717330103 0.7437636616887754
0.5323722597010005 2.565564135993894 7.128321104048088 0.929310043501769
3.47394511389977 7.37252235153316 3.897773593277234 0.910703761782619
7.685084532934847 9.977167743146422 7.191164786166588 1.351363258147493
6.993060070418904 8.513246235490925 7.30959340612336 0.9393763784683337
2.571384970532039 2.368884944143469 2.931581618596371 1.00075335288562
7.161264954751525 6.04163262232723 8.45337199835542 1.204193361863586
7.511304843813593 2.376351301822125 6.735170489096781 1.12298356691626
3.55823643930656 9.79668478730914 5.75490659952417 1.5445456899643
6.849712820503472 2.976054394436237 8.627686439841845 0.9601507290781988
4.047461601910326 4.903086721073304 3.840329449451383 1.363869831995087
4.749034196967444 8.43836931283184 8.393812312645098 0.7801482221656901
7.884915404978812 3.268998864851739 8.44133102891073 1.184980797752796
0.9867783651735251 4.433316298054827 1.181746339845333 1.180698773607793
0.4251567678651991 0.2290123625549823 9.269904907167186 1.035296492912155
5.822479614156192 1.852190616609189 4.93431052554624 0.796815365386209
1.538062667450845 4.418950330230821 6.260232475480472 1.188648574665474
6.892824344654001 5.035038061950703 8.255280371751528 0.8253816000181458
4.769531161853559 2.01089835922457 0.795455567127904 0.9127748885882854
6.528834779646182 4.372540614140361 1.455212155409762 1.152834627956196
3.071884551264198 5.925973642152369 5.792994742531383 1.489250667710496
5.69265945056048 4.883573014509285 8.492074032876644 1.430675671657599
4.367301745010221 4.924675536864119 7.967119807599863 1.347145218879549
3.89741902867015 1.695969314205095 4.565736397697709 1.003761020759969
0.6416655093563506 2.622096705634156 3.980955995995502 1.266291919477415
9.417204839661487 9.97516331175108 2.232649640791276 0.7381056713411581
6.913224488175972 3.946250452974716 4.923564532406794 0.7427268593655649
4.014171261399246 7.815874681537881 6.153631548658528 0.8856656793133396
2.211391798626685 5.513416890269931 4.861167500930083 1.11392348979573
4.511160213842527 2.501736531453461 5.999452099962374 1.147701771448494
8.818984725466528 5.05252277459407 1.341029396587808 1.066889691497495
6.808360338884941 8.007109493832308 8.314240658223033 1.284917669733474
0.6721698010304367 9.289010126852576 5.659676276148913 1.110423275756146
5.066442583228262 2.921248135374002 7.717293665082035 1.375866682525692
9.970133507091854 7.893733683786476 0.7522339410833079 0.8663892303598584
2.069014367378315 4.552159944720031 1.350772631259164 0.7848040447804377
5.34705284616467 3.905340051396865 5.680189391885813 0.7584143139166385
1.48859375131837 0.2591056663376534 1.446137552399749 0.7504655431641963
0.5103522115990111 2.665269875364547 8.108718646791075 0.8973524008974958
8.075367144810173 8.083527430605315 4.348686412162967 1.176642385408229
4.976688520026452 9.566733807516574 5.519896424363933 1.310824496829808
9.313064006236834 2.379118781150018 0.9617877246777262 1.084612287800454
4.272219944952482 7.060989169543559 6.613562990663158 0.8861296584587499
3.23500408897642 9.223996855741037 4.711993629171641 0.8484719307147232
4.772632093469646 6.064740492647253 3.067892917570703 0.8523368813283121
2.363297750912733 8.999407834654949 0.9977268230026382 0.7303198088730499
7.969069848594342 0.8972972154641334 5.510593028384783 0.9513697728786544
5.560264416445282 4.93083276047556 2.902952432205685 0.872424312439347
3.987060506842928 0.9099776329355691 7.416760247104334 0.7292616699023068
5.779453393637701 3.655377899566568 6.71902133007596 1.346346594436635
7.947179283054785 8.363149095246776 1.001812035903227 1.466481299429859
2.386372820682671 0.4886170002218237 5.306969417528508 0.8594429622421681
1.665327799820466 9.061465565654943 5.804537015336222 0.8709150448540873
0.7582680462712577 6.204352475897666 8.488008112395908 0.924689187738021
5.195253296960117 7.199315801431749 0.723710167065188 1.27088120841626
8.696577154311042 1.173096390435835 4.044709829640992 0.9092183361130503
2.456755473702529 6.469296046974159 3.304765525500459 0.7561829492348888
9.990370348190408 9.757522406200367 4.919911472595802 0.8616988761853553
2.583302508649684 2.301066474858992 6.537054413291223 0.7894935413278977
3.690517821998039 5.868744384545961 8.472377650407831 0.7625406133084149
0.6803859178659355 1.015504114951622 5.703255212644502 0.8924826180439993
2.493089362281626 4.994691680759719 6.827340604932629 1.200418125433405
3.409427037074286 2.455967098070699 7.338776925453062 0.7868082517122938
2.47234264075545 2.269964748908386 3.882962861690847 0.8644799756332016
0.4571003047961464 5.062761187555294 2.819215443934172 1.047263602179226
9.389904798675426 5.875376484678053 4.514928966575118 0.8053388448333754
6.019270450327912 7.378812203239747 8.985458040322191 0.9800548173781831
9.523562069092574 3.329566304230793 5.023738181981948 0.877261800216258
7.46569771514722 5.051857010289366 5.261633465240685 0.7218220673623615
2.086585760713481 0.7867302059760206 1.078049366782341 0.7722079727545581
1.371541944380503 5.166854824514699 4.412137775697361 0.7803060280950853
7.831503713512252 8.894343914193977 7.160063808742547 0.7734454829647045
1.154715539123862 2.211638055700137 7.737231474154851 0.7236478745890298
5.045074968242368 5.395953106246608 4.48742108420669 0.9938887027809274
5.695523862586787 2.818620234949865 4.5387421763879 0.748795021670314
1.630220887195351 2.59008742019866 5.027634187959565 1.486748059162649
8.137644537506675 6.582552000063285 8.695820349860421 1.038405789000853
2.883545781677366 1.946679769887367 1.634767222380554 1.593110066972017
6.036930043873117 7.764016033506048 0.5513387329814212 0.7427937069583886
0.4711759563007312 4.663001177099676 6.60277948161762 0.9267830815560303
7.335331934942617 0.09306885182002622 8.241268928724841 0.7883294635191218
7.386818139478049 7.037764193802687 8.144366779446356 0.8003238876200552
3.76276753992403 8.491408444740753 2.491385469261935 0.7194524232804206
8.560585004432417 1.868884520337111 1.390099586217058 0.8459971794950844
0.9155147909023664 9.587352664828821 8.467319073465907 1.1972818140488
9.720270060461125 4.005933484623356 6.707018460610494 0.9365970361536246
8.340866046414556 0.4707847566801948 4.614029060557644 0.8335420577905066
2.155801796220099 9.970207255022313 6.368380938108018 1.429768609859931
9.816496812665303 6.372222854255634 8.662298739566113 0.8776618129939956
5.206540441557483 6.027961420995116 8.067214839436039 1.130652539289038
4.791280572672144 8.690020281828335 9.379589749770656 1.102291845830418
6.30548881157412 6.814595696073154 7.902973763336695 1.250605448027589
6.7117969135952 5.553796067433971 5.005716308112361 1.001326285869325
8.574225138330194 9.200081627461858 6.488944313078352 1.283528516214046
2.235228133334668 9.311239278770538 9.900189903381387 1.385382366139103
9.773418385405785 1.275805905410178 8.941996614756881 0.9749198793363102
1.230856666377556 1.485253168992597 2.337072458174023 0.8081943767900881
7.801415873513807 0.8566182998448124 4.02216456703291 0.7305214029770637
7.808910447965571 5.654503862883059 2.416641481160672 0.7336487948113631
8.189665965930775 3.692598459624469 5.571187047426848 0.7677731355322039
2.179126778413011 0.4053899356302726 9.562222276787239 0.8158049475364441
8.976608670544504 2.192486561002232 9.840019312043006 1.036988042415082
5.780649592490151 2.84240449122351 5.565445795644336 1.259549668019822
9.050311992903879 6.028152731817976 5.647620593053455 0.8948436685832267
3.101775919987549 1.517644347553428 2.886969002546385 0.9227225012926915
1.521502034659382 0.8829143656987126 2.859506949984701 0.7610364836873669
2.199740822397386 9.799451252702854 3.474884937634424 0.7367613674095852
3.385246312378796 9.915930726725241 2.127581073566028 0.838556926599315
3.436814656442266 3.406742206498909 1.983853724664583 0.9105171934725645
8.194002424661214 1.371947224981589 8.489034033125588 1.002859441762375
7.03641678319376 8.129572121890801 2.051583319136237 0.7431329270823187
3.74509536532281 8.209378071871622 4.123006297138982 0.8401829482294745
3.550680099610266 2.376178316396795 6.431107488820964 0.80906948526205
6.333402084502069 0.2932398355357524 4.304342989727186 1.076997270761553
8.420179964305323 2.818345109434321 1.703833905940455 1.032900515787661
8.705283786070982 2.468314584830434 6.357512250660737 1.329070083444409
0.4099092218807554 9.31402570094955 7.638749222462766 0.7699161192086051
4.797474505398294 7.645039225634103 8.225782911762401 0.7689350627337255
4.604125594736342 8.567010387586143 2.066410852709917 1.114762528318872
7.68392786808037 4.246720293638756 5.140433152470704 0.9016696917181584
4.472818241061281 0.2085260201550687 6.811153122182287 1.305064355324919
8.521528191581925 4.974738909356229 7.694048619838522 1.182691310788476
5.014117338832542 2.002110517235104 7.022831392740723 0.8655078481461211
7.796303389132229 6.117100945251408 5.113561538401823 1.392807168794962
9.125207099709211 3.604639937370076 5.93588468751352 1.13217629076023
2.435501370113999 1.057809706859297 8.445292077963952 0.7720174180386314
7.165401557468314 5.484614593782909 6.279954815308611 1.488361934587681
0.09858772838318597 6.116681955515658 7.82804612570783 0.9112010279787436
4.635103858148684 1.834539567128471 3.887241861067701 0.9284368359604868
3.585353416139021 8.030818180524168 1.607678951599391 1.08243951701042
0.982797128039814 9.677724428604808 2.112211615263507 0.7548668546148517
9.386278537041429 2.432392882070554 7.458205850878061 1.209728669097229
5.391491403387452 6.580657257276667 3.831460447286898 1.30335735715993
0.8669159655993131 1.809745651596563 8.722010955959959 0.8217592156702417
9.685678550794657 0.9298803267099709 5.381354683115776 1.025406091868105
2.019118558073099 3.860003357183064 7.546316224244968 1.558288810661993
0.2616398216962712 5.672476462982075 9.260384990260414 0.8925771236931781
3.607045899107902 5.262857804767901 6.869843586772792 0.9120255059861704
1.691020412338879 1.271540788118354 9.128911039679805 1.263141359160801
5.422074574866052 4.380444329144157 7.452847673814233 0.7861569222686592
9.311067985447863 2.087218745645296 2.383639755914345 1.545434977303337
6.252486183071345 0.04292284475033492 5.855916405295848 0.7669094207536433
8.397167418102232 7.10949883341301 7.537841052753032 1.475659456746464
5.741679029600937 7.616901222246866 5.622998104508305 1.008203902614272
4.034194632697843 3.553639410605489 9.684240182990992 0.9273320025107561
3.877001460732321 3.516728909585566 6.204497372432614 1.199598202667823
0.4330984553840156 5.852753768120936 3.896197996703177 1.571475825304894
1.217071109577135 4.766096892724542 2.186971811201432 0.8789551567765218
5.96511869207458 6.168372249131232 9.083038908354798 1.36267579224468
5.287780773631176 8.506535152387016 6.876822296080881 0.8929967772571853
4.089678180370361 0.8367589422446631 9.201027477384386 1.172872076980478
3.155590534696557 5.322609717506896 9.866620165183708 1.386879877446066
7.922602581684195 1.239972023432158 1.695828208730122 0.9521620226692301
2.25160920501961 0.5638298872783987 3.150668087682563 0.8813562390649636
8.065099406025244 8.695489686485947 8.718516168097764 0.9386679838064186
4.763633443035186 3.345135355191366 5.554821630109958 0.7758133279189638
5.159115199827752 6.093918246009593 6.465597054473479 1.163230590885759
1.966814078933335 3.141034868360414 2.938742599159281 0.899445547411703
9.17674371804253 9.167456122953928 2.315828179243697 0.7214253263148707
8.34211728385541 8.955847355823559 7.869973383753925 0.7296472634494804
4.33602481523541 3.411806718672742 1.587639947038733 0.9666749264185365
7.778960926353784 0.4040875545907896 1.456452409601365 0.7376940460685888
4.030802190019447 5.807716707694266 3.276685626942299 0.7268394864046014
1.751278432739554 5.415233019227203 1.603020570802145 0.9538384598370889
3.313474383521301 6.49472161918512 3.275952513302981 0.9272499490916114
1.119186228297206 8.960324950941393 6.817204311511822 1.394459587173801
1.22400814941736 0.4924796913767571 0.250623326502275 1.467338087557708
3.984791599664205 9.054683484330809 8.453018101752287 1.124019897686375
0.5151403288141942 6.647247699167702 0.6838732299647032 1.078795664259388
4.967321081548535 2.904253064164653 9.865615179148181 1.266288584202583
1.37569524702395 7.022799171158773 0.00573383741338529 0.9344162800321586
4.388208977259369 4.346494979891268 1.416641293276939 0.8699081918503969
7.242140617704024 8.724903316391577 0.1069505694382333 0.8438770427656627
0.5811063027074626 0.6961924547434029 4.48235749980259 1.309025283414391
9.465727540045886 6.586072075580852 0.3532199974165484 0.9721793173059433
8.778145050694812 1.112606375081242 5.029977742983649 0.8645017074484086
2.019298352189095 3.836580270842781 5.373968735160931 1.080534555603772
7.036771423379911 4.706832065551858 4.594281938275465 0.863606720861804
6.756511676133921 6.156076938983412 9.908603057462351 0.858397856233774
9.03689913807472 7.245949235224435 8.670940384316143 1.026873160311598
9.311984631629359 0.3769210250318766 4.513653951602761 1.076206888392886
7.104949001982141 0.455173776319443 5.878400280873217 1.066443309984577
2.786972124033706 0.7296733941311995 2.475135892590963 0.8400602751511428
8.363497341562136 1.590749668141896 7.292977323678955 1.280769537344303
9.760760301744709 2.615971859423202 5.602132666426289 0.782433305439195
2.294122182054545 2.419190827634491 7.566584345613638 1.324311901024412
3.421602355614035 7.678931374427426 4.798555219394209 0.9582616930540497
5.149934893070115 9.349065653461723 8.531137838913702 1.125801802425991
4.997251704278711 5.527457866180393 5.48081623813294 0.9697512001563517
4.274089224819806 8.047677878389157 3.266823436906064 1.065238377648821
4.35835085819958 1.818319699269654 7.913834725751334 1.194011189092634
3.877293609597098 7.736814925714496 0.3159808075344606 1.572776498243875
6.066375415392152 6.79848559499265 5.254051805383183 0.8710855977929016
3.787839729447221 2.792123907457071 0.6342996302471959 1.510296305466063
8.967149517420285 7.385801053259042 1.104638837990594 1.300429325819363
8.453144020305038 0.8314403517001578 1.065569088662592 0.8267220402394334
5.508723280552667 0.04538989809154903 7.59835979085963 1.266962758931897
3.445942129108432 9.039772988966355 3.887552546119959 0.8619919731906898
1.710962981194434 5.218736267695904 7.650994384304274 1.02850015469636
4.78683283917673 6.688849584258334 1.532788655753476 0.7273983519204873
5.295269379953547 4.333081572395507 3.837629742723437 1.312694135278511
1.799855857219572 3.707420828566482 1.952085400824525 1.275789553781408
4.251521696746785 9.446468578604268 0.967308782210945 0.7694840400999682
5.464406732691401 1.099541557658423 2.234724200474616 0.9645206795663073
6.513210258472052 4.422465694520488 2.943564579677709 1.251716063188013
6.237903527038014 2.244120006197591 7.002227731083401 1.423514391063967
9.388916618800646 5.116892158813378 2.236209207224281 0.798485726567382
2.893008315282557 1.195368980966156 9.60897360516509 1.248256027528515
1.13456509744657 9.472953460511796 9.586825699744448 0.8618738379097672
0.1822735084551574 4.10219584550865 0.5996203032027747 0.7427688344276306
1.567760101474961 4.732956551666531 5.179696786484775 0.8948852335259526
6.294587449007252 6.473330309891829 3.143321189964112 0.9427044548849212
5.254895122260418 8.171907379822329 2.736527202228376 0.8291159840798342
8.519903454246526 4.085707762759057 3.490244054045111 1.513291533182447
8.862277848377246 8.271024986193973 6.072249925705481 0.7380635618439439
4.37806837608237 4.432090432988932 5.330514341073506 1.477684306543264
2.824608318408992 2.906911473183471 5.662796772899166 1.25046733590093
0.6904538592326526 7.457475207024607 3.110518948458869 1.017112482537665
3.814130520432163 2.644340281601004 1.825255746414468 0.7262391053968131
8.135375189716846 8.496521562124078 9.720596383339849 1.017819343505189
0.2681916348304114 7.860430465750146 4.010630132655147 0.8619146879698196
5.725581522598731 9.436384036427963 9.353872009404213 0.8125166713417328
5.731841159520553 0.1539385695176265 1.989269768935465 1.004357984169544
9.70872259935715 1.562661908517202 0.5588590189927367 0.8388851351076906
0.247795254383627 6.872529848404959 7.347533561992598 0.7479423430184091
3.855472793871005 5.91745571369162 7.588278344003606 0.9467102435672448
6.26705406123462 2.263471464457495 9.78979371226368 1.544363773833522
7.680144314243442 0.06287580932881176 2.963972326078107 0.9171466565633621
6.132127671029804 3.58087119478266 4.688889303745341 0.9706865694942889
0.3276886744035512 4.042752283022175 5.999299796521279 0.7714668739985366
8.014963027939219 0.7283916922245182 6.458111695083383 0.8074338867564477
1.987659646637854 0.9880914934715335 1.981010226383095 1.05616243930907
1.741204342790739 7.140973549861327 2.316721064568414 1.525685149050647
8.288198860114948 5.498495299970397 3.358851401223714 1.061317485354985
9.897992939940059 9.133688213792237 4.036258358903146 1.250408088709824
0.06290170769667425 5.760112129574001 0.2461259833034513 1.039922571072101
7.668792771729509 4.232965816666286 8.90795832934656 0.794570095872791
1.222214453228121 1.672756448820523 4.135205611298773 0.9278613897768918
7.709331640170662 4.430260672500475 6.015831176160194 0.8563946391841322
7.377127404228871 8.164642228402753 9.252263620426469 0.8141813562764256
2.171655072680894 6.163847439866278 9.657678469452222 1.194694163853479
3.092951010815284 0.3589452792405634 4.56416970099603 1.046820262583096
6.977104705373334 8.611447568970911 3.165351371048065 0.8706026137671901
1.396218990444614 1.330551190970959 5.055126946440874 0.8834761371967375
4.173759915103766 9.738537120353413 4.448836774904942 1.271688953845682
3.041900111765043 5.210783071972354 7.938453529129205 1.215979731086198
5.985818131109363 1.113946707268035 9.686630351268519 0.7313449573917746
1.035177191861951 3.991163004179219 9.854542911972901 1.413644811475392
9.197687416770124 8.776745396145303 9.51663599849449 0.9651798368822745
9.370310456503894 7.515620253970843 3.740855152079476 0.842621143928016
8.057486928064208 1.928137781322361 0.5907917428326959 0.9164956868206239
2.160844440804961 1.591846896785065 4.551614698037039 0.8866106822537536
8.99942097595933 0.8794700653179277 8.750563157399652 0.7281551667800688
5.47811454443623 8.440206156984534 3.772774564112265 1.291637251686394
1.030907252993113 1.748223983238198 9.749396583245359 0.7261063673687376
8.936537867092619 5.786998195123418 2.447856963322688 0.7847193643863112
8.399934178546532 6.091318191861681 0.7487553547158776 1.387797748117919
5.152009009101803 2.215308409221624 2.832744785708425 1.50084098385301
3.287763257396452 7.295028523949643 8.29023124986203 0.8945530078268592
9.081634961738352 7.545772624565432 6.550226026020939 0.9875009543742949
1.614749068463377 5.936298864595289 4.120961688713239 0.8006354602848545
5.888688443939935 9.238056057616559 6.063924982452598 0.789434955067026
7.313194049071554 1.657906146584027 0.1709417162519511 0.7540464418932319
8.668876313716762 1.970830760480204 4.517406332603987 0.8589089456342935
2.979698797872523 1.323906269311255 3.950064087421048 1.178603511943234
7.103157510359205 9.106011008464314 6.114713782092272 1.549670767332071
3.913122281107346 3.107121267367402 4.91462572757726 1.373101479380191
7.415051550069252 8.931329777660171 4.802301731983032 1.114928381788615
9.4176286584952 1.513992863696838 1.349470914438455 0.7802191563496716
1.715008827329865 3.060643994221817 3.860830913138345 0.9820560755512918
0.1420166940230838 2.635124039963776 1.561288712567699 0.9561311079413443
3.203320579380843 3.984997396032482 5.37026012305862 0.9866232108979923
8.139804616508775 5.96606637931771 7.942821436684344 0.8207663032622615
7.506575135540339 8.831612111840837 3.834865444613698 0.771469577494186
9.999345228936161 9.211386097854811 1.747081153497317 1.173367280078058
3.36826431185977 8.010780895603812 5.648217053852409 0.7328315069525438
1.905018314888752 1.047458205988532 5.736220678870705 0.7687046181940502
7.562949408854835 3.403780494772621 4.99789303075941 0.7468629049545649
8.229716956161882 1.861075794519607 5.394289520900903 0.999247066388231
4.699224401920286 1.49982666605008 2.02994212932208 0.7684292344835154
4.815653147653535 6.935591248971194 9.455720625514479 1.364448170067428
9.642051209086372 6.089518177017568 1.511816120304269 1.477859475865865
0.1128475831162179 3.993303807801674 1.394119525271477 0.7486531442078579
0.7949270022992672 3.596351394804715 6.789750848246729 1.172127767741667
8.795210021711322 4.11421202674009 1.917520934311326 0.8121323709218345
2.989746945191643 3.075409204380686 6.799372612663098 1.005234421052729
7.355181891744901 9.091872324712806 8.079257074210025 1.061101064293493
1.05769887019084 3.522065014880629 5.702054672952726 1.011272350109719
4.669171026774261 3.123422981656474 6.727176007198358 0.7630312500380818
3.866468196525673 6.746656166518516 4.639527541764568 1.079699260026003
9.480022083540314 7.266988140401895 2.542940918979057 1.542785443225382
6.489683819318194 1.004487202198667 0.5052589256296813 1.027004157158035
7.582254537646576 0.9373416027834125 7.900891530370825 0.8240406607770877
6.774474690467438 6.387007091336875 5.511259734234632 0.8004150689037617
6.373738251592427 0.9246349951776756 6.263012601237317 0.7271918738347491
6.627603562679624 8.749499145774159 2.316308204844925 0.7786378048722375
5.921028239414152 3.41106688757399 9.894077184729614 0.8255000782925987
7.808136251651436 8.180342029332907 7.733018979943109 0.9131281712481126
1.107384869034345 4.720646350810421 3.600473892723813 1.041934177989705
3.599096986150475 4.086272254828386 4.508635463292052 0.8045916257512422
5.10160264246192 9.654523393134946 0.2053214017341465 1.186197281588332
3.08535515668017 7.77755879948375 6.465324350927881 1.024543150363316
5.977741331689885 5.768923171404551 5.754475528461486 1.050678635947734
8.944725379664984 5.154790684913499 4.054148005601983 0.7344322436116435
6.901846719173654 1.859824308090227 5.614401862311763 1.567052501174275
5.017781160846527 3.34546041713106 2.928198282676773 0.7429972599210208
7.016296672143896 3.381392547682089 7.411819417320477 1.389228866765629
6.280424622261367 0.7922440965548994 5.261981713428788 0.951438847921169
5.707380277491153 2.536162276279283 1.686279715711626 0.9799949014335917
7.039287883594167 4.640008172249844 0.4674022059673733 0.800295964874864
5.552027515627912 6.859276148478046 1.903709231817687 0.8478559453025518
3.67632513470702 1.081325107476385 5.75172280753838 0.9466438041368261
2.902868389284246 0.5909387732183602 1.525945623278104 1.049174079657669
7.717716460149874 5.960752918838696 9.511049542561677 1.039845051418703
5.038516762014631 1.552455368905435 9.823006347441156 1.242991865150986
5.172514826176853 6.166196692811197 2.214924679511256 0.8251837416975285
0.8939185239084046 9.537972145950148 4.536779735481548 1.048078243628765
4.121011051240786 1.706049707232574 1.430021582462165 0.9162312572197852
3.318611921600402 2.187986776486164 8.151427426068503 0.7190533439697786
6.141252634440786 7.006954053065341 0.01188688820009776 1.018560421638072
6.694159767670642 7.072256897837037 2.299469537599588 1.129758467216682
7.073490882759391 3.59802971060456 9.702869835432434 1.482973207912862
9.882269390936779 2.108508412706381 3.458882556079644 0.7681450330259092
4.283228479095347 6.932669028707672 3.389330352992299 1.127840206554733
3.568439167734807 3.876928843548171 1.181069279464199 0.8952230498841778
8.350503605742343 5.804168136980175 1.909000283880928 0.7328303458954991
8.803584350143353 6.375830767729907 4.726352554843332 0.7204473569103228
0.9826371793844557 2.776351146164554 9.170341458244421 1.280298228353828
7.448432395376469 5.344694058313949 7.530648757288006 1.042549401758704
8.54151366958563 2.327430675361751 8.341740210234153 1.013708257943334
6.042923196772761 4.343596462771693 0.3115244879280821 1.070694152943333
6.04531149016934 5.596976624450683 6.747546370009641 0.8566138645192417
7.538823859276623 1.054561125884262 0.7637939713222097 0.9066462154108069
5.05249092264394 0.9583432003736547 8.170841244374152 0.7316977114116122
5.615499452757835 2.053347037869508 4.051423602107001 0.9984520173846396
5.815246653227986 6.01381197692063 4.775582680705115 0.9274553576705957
2.686558229332283 3.984481622316166 6.29579698647657 1.036401804298514
3.096694898499301 9.623936267635811 1.374635477942605 0.847214267825725
7.964156318797562 0.4988890117852551 8.690041531915371 0.7632420956395739
4.386150347892757 6.083898310269849 3.995008214957724 0.8931256775137941
9.360435865742733 5.204756355818379 3.176651218278224 1.057495535248927
7.916316237725405 9.989858101569919 6.105871171952796 0.7841324425652619
7.373130270584372 2.167125111999966 7.973320224260513 1.325837740351914
9.141550540250822 9.720670021071269 3.613738865607907 0.8115151165699077
6.913558531924 8.572978804322657 1.429997924580285 0.7270891336528308
1.218636347205505 8.630995388717551 7.865504158178722 0.7793881805133641
8.615548439745808 9.310945097027503 4.505021498212313 1.366038105230145
7.732232681107649 8.04333079561256 3.265737770457351 0.9227662298462848
