6.785298550580088 0.5715285128436243 8.743431672918819 1.008541401707071
1.454831994848225 3.068376360653794 9.454333368805028 1.006041232356851
2.613949831363989 1.739166118065737 7.020545890714187 0.8776407575035344
0.8347694438502495 2.311947962337404 8.241388905386996 0.7903767947859078
9.974433908526111 0.3353217715428447 6.98848495104995 0.8920660673012056
1.131213847189535 9.516029025124061 0.9505549995329976 0.7825406343323238
6.804277886100611 4.987839673045213 1.477840273567068 0.8958966100929315
0.3247599148036673 7.854947883915065 6.42025143712255 0.7269207359598711
2.181258915858775 1.142276636882553 3.997044512038821 0.9607412983201891
6.25343244815744 4.168963990469401 3.86682365472255 1.357337379249129
8.08264121717461 1.228221426830765 3.069836022946877 1.017437143152585
6.747548474791669 6.43767399765702 0.7816796610756616 0.9817374717016158
7.593560866881336 5.752717410110081 9.319095124501832 0.8641743851190975
6.815662705179393 7.791137571632579 0.6102375676194005 1.118998088919165
8.790190446583797 4.437602386170024 9.351725067450898 1.121740782513107
6.962276728718921 5.299440363285169 9.924698116287296 0.8194815913993575
5.607693184866461 1.907067221217204 2.709644477421903 0.8493586885659594
7.062561837406642 8.472977038868535 9.767818600652092 0.9616510011162828
4.036002855244506 1.937992223710122 1.715828495668957 1.492050383725243
3.586505132223043 2.42758462179473 6.672336554247379 0.9862046034236821
5.522284416407239 7.377659574611342 8.905479188157967 0.9463865335743173
9.590590087774633 6.354107172759043 5.940389185023521 0.7294750723770828
5.678468518321118 1.540525186768571 9.094955903108991 0.7815199551315921
3.236784957364747 3.815671665815357 5.221791234374692 1.331833584672021
9.90653516563574 5.530436524567431 8.566331437782416 0.7457040730532225
4.766266085230801 6.05145764560588 5.547474702220655 0.7228002021991002
3.682519038600462 4.32703552942353 2.544453400189752 0.7678993209381315
1.513935013284536 8.433772306371278 3.158312558993308 0.7415749726865152
8.087129224346622 9.037197770785006 8.938101131069647 0.8011353713557506
9.485229362469275 5.860495980559891 6.631147259632383 0.8306670082462726
2.842365780865569 8.681724922365747 5.277555597133712 1.034621821258415
0.6055147345181722 5.991549999211892 6.834595295756198 1.108056480504326
3.82577093267677 6.890355661513604 6.571007733009316 1.221323227745038
3.292093259022368 8.285522024521587 2.68671571776159 1.411353605239768
8.068311101655716 9.380180371710845 7.960497578572314 0.9102362614783057
5.30892357586072 4.615166502342267 8.984427217777952 0.8935176248558093
1.931208615827094 6.038705673730015 9.614294828012248 1.195815000099614
5.354578002201413 5.061931494796235 7.760910533946705 0.7772142267260693
6.294860219753962 5.809449276103274 3.596678455855204 0.7417091917036993
4.794392336982944 9.04426742319983 6.484073123737497 0.7405386776176243
5.621286202232813 2.073402800787625 8.223496712041699 1.112303474878861
8.170589114854552 6.106757756101943 8.188810124782234 1.599090602157689
8.573064830340835 4.526561919915952 8.081372134367241 1.320081038769167
8.815963011356917 5.505913690279092 7.302865623080735 0.8014753603753657
1.445627973778648 2.214404804527973 2.916550348498811 0.8190466178166267
9.03347485801633 9.818467662343011 5.501494810707749 1.47349401983001
1.716963213655794 0.1447390709564767 2.655134456234213 0.8962050946526983
6.103284950070396 2.799147447452273 7.747567541978616 0.7750472964324185
4.806789945763068 4.92391016284449 4.547610296160813 0.8306456897161294
8.548946430436278 1.649735671439475 2.220119929857826 1.042030914810797
9.029841284254044 0.0960813711240216 3.518482821382208 1.251693815464838
8.827452179422316 8.841057843226652 4.929470404078784 0.779294067229137
1.302136041661861 2.385909149427339 6.511836560169094 0.8853522844748234
7.81353936065058 0.8700697883065955 8.852598462024089 0.8658700245258437
2.031537716189392 4.654200691683781 7.68408220448371 1.002924132321633
2.892248866528103 0.229632577724419 4.038463103634761 1.28042490095591
0.9118216485863573 8.197726022768412 5.584081749758879 0.9847952767337408
7.152900546240955 9.642600983734797 0.9199992046567907 0.9742122033868207
7.889915661346292 1.46673213960556 4.48986300406052 0.7380070330523512
6.605608609575686 1.526056523830639 8.264543195360119 1.064423425830902
5.173941340259761 4.134660017935352 2.633420923645396 0.802504053404146
9.939488315049468 6.735290886327273 0.9309735318431668 0.7983489945422165
7.582530536594664 2.726202843650405 9.163980017936135 1.230709423521367
0.1370752164734035 8.922031796716723 2.016378177049688 0.7733088352881938
9.944904781949397 9.315329015994934 6.999201155174872 0.9477389823918732
5.31283369046089 1.133053988391889 7.379936903717955 1.378153267744824
1.472654022482962 5.367356785402038 2.565036812553597 0.9062442395162211
4.640216783128849 1.314563969103639 8.655336768534935 1.427091862179172
2.662921846565227 7.480475914441781 3.250544034790266 0.8124765933789613
8.159405904885348 3.927634153727495 7.094761606071212 0.8102519524314766
7.362284032117762 8.902478903858528 8.337298457695315 0.7474015604808145
3.331157527056371 3.571754563229743 6.55353835607434 1.273652383358656
4.562732602329995 7.970436670850651 6.248521095420795 1.322568416176586
9.908922335089922 4.579304983136284 4.483789929430795 1.083267963739212
4.617521401731428 6.11912146888462 4.371037774732017 1.49860849767473
2.406324675571794 3.872799345537861 1.367317936637503 0.7673662030539801
9.670807602166844 9.357332412992417 2.765989358611657 0.9113180208287609
1.442937939106275 3.68208410558725 5.282013346474685 1.106204743864173
9.779652168424947 7.692891418422689 3.873160228341786 0.7236978170297427
9.217623107881611 1.452344363493144 1.393199739210613 1.073979048551575
5.488519606785439 5.631360793504166 6.934399499681937 1.173949502778629
3.498654350335118 5.275239172215383 8.963877675392519 1.01428105734888
0.06388070984498451 8.219786651663775 0.3826750743353136 0.7616311508806253
2.32882365393732 3.605947235235855 5.945349905671036 0.9717711565529098
7.897424936006187 3.670506417380726 0.8018280865887417 1.187139658398757
3.442161899324336 9.258061525457734 4.513900815758666 0.9988501249244839
3.332972760281762 6.745310111244883 0.9834653170442964 1.257951869004838
9.051838112549181 1.641793147101465 6.316900285347193 0.7473262266783284
3.874335771669393 2.46274443686343 9.424928403263692 1.44894800068721
6.90048462325393 9.841715104371861 9.353322302652078 0.8339767244468934
7.866616934249302 0.2229413754510245 1.284489533849269 0.8905241806318333
1.863856930895582 2.702025144819153 5.854144683848438 0.891920073896184
5.170261536019527 8.54754504336246 1.632411180435679 1.103882814133362
9.280393715176231 1.016676006279807 5.182323231061619 0.89790034889218
7.078589721269221 9.772564959591254 7.302960768590947 1.518139042570401
6.474307150011374 1.435172647290716 7.283123937614683 0.8000753207506845
4.36115192037385 8.965952661707087 2.370250864432711 1.119154178157701
4.137498431666966 8.31698858003948 1.615892609325006 0.8458227193001016
1.557615120663336 4.259791849506947 4.12848899404795 0.8663075536015991
6.903095975756878 3.083734538014374 5.347922109037679 0.7622389405479897
5.827601847042216 4.380694370173822 6.996972467490941 1.312541240011947
2.928126839327332 7.171380212489378 7.144569828785611 0.7267825248904117
6.016695068789835 1.758638404396246 0.1355248355688188 1.300082320927036
0.9328436521844474 9.196157852678047 0.1036947586270665 1.026326648668912
7.931630118891457 7.698414695202775 7.848679455072701 0.7590050915575104
9.441071646517818 8.611762648498866 7.205454359448953 0.7253414939019117
4.080946980815308 5.089332391318514 4.027659044631204 0.807795570003113
2.051804476324298 1.759802477491142 6.252049744154708 0.9362263487850662
1.541406142535198 9.056024932705554 7.69384387205393 0.7288286248336616
9.417617017777596 9.05175166066328 3.543557981533973 0.771750604554685
3.580699560116908 7.585476496691095 1.775170496522949 0.8516609977721527
4.178899511695588 4.158501963232657 4.144464126623173 1.006749545326149
2.872487729609444 1.358843847886113 2.30647757495221 1.23438412593552
0.6793480296434329 1.772194711062478 0.8428925638601104 0.8226237178967479
0.2789047785103405 1.196043445220242 9.937523418602503 0.7687259496284176
2.502490399408992 6.541781744534512 3.27550549890657 0.8917006406211435
1.082849882819454 6.010564253792153 5.925642869977652 0.7648788409402661
7.552719708625246 1.287419041287599 8.096288638051414 0.7673080098624293
9.229755598240065 8.973252179667133 1.837294637190191 1.008487805340696
7.8892711364056 7.58857595295822 9.966848819686488 1.344417287957461
2.275912925706489 4.018830920213357 6.889434023340257 1.009104973809218
8.04453167906194 7.002058331578585 2.111539303605034 1.080293594582274
5.323996909662191 0.6029493850831003 6.359781332746618 0.8635526711840551
0.9531053935444367 3.877078156671743 9.391379562198532 0.7697379996386418
8.523683806980893 6.559195767025261 9.549596157814317 1.156375783253742
2.91157976203993 4.124834882564707 3.57596632950534 0.7698041874996272
0.110981126277655 5.254110455775734 3.521884510052971 0.8966123138769535
4.428765555454672 9.537087302601098 7.853141165033817 0.7239077417858316
9.073466249546648 2.361858871264109 9.153317321063723 1.46192205479209
7.694459805963279 5.316324081290488 1.864349119057086 0.9949049369701461
0.65834082334841 5.698188176934165 9.288705297920655 1.26942012667393
9.827517799123971 0.4250689930871743 1.26355244272164 1.097966368598781
1.456119135603486 2.214279745379045 0.7769161813188331 0.8058154497392249
1.700645568458417 6.860076204386009 8.422646660483814 1.526149545854781
9.047397277649868 5.762289748540494 0.333515405631869 0.9553404866499876
0.2475242680650835 2.190858815157945 6.575940393073277 0.9067971709127375
6.344392690536124 9.218009777757754 3.898703627540547 1.28205295439344
6.208731094360827 4.413370231609536 0.3168426937287716 0.8632836589290449
1.290722741414372 0.8574473890915969 5.050287317008411 0.7499052181257931
1.076081563026173 4.444306145259169 5.801915317770761 0.7714191137590669
7.840371243657211 5.494878320503135 3.658528675157414 0.8377139691552044
6.195410424321498 6.451725524938908 2.715272392188751 1.372749106300409
3.355563560206122 2.569814743832874 4.590592983047734 1.372166560546316
2.522062676669738 5.858978393447582 5.420489270332864 0.7464107128261004
0.6940705511238443 7.391198389270509 0.4530173778436664 1.142656874087875
6.599653051167045 6.142561865399331 9.747208973099127 0.9914504054619554
6.543353474285836 1.321781420520017 9.26866695447057 0.817041613240144
5.983017606383124 6.781978177668176 8.306086521515642 0.9176017441546074
2.621728968851288 0.2475524708108756 2.084610292648821 1.036054927708348
9.750271281168512 1.933716489194156 2.31998252377844 1.159612943021332
6.696754093043744 3.467495803918122 9.36959610419283 1.065665288929577
7.207008754738014 7.371183955312204 4.758775282149361 0.7561764323835509
6.39524141585363 2.375031230915237 9.073732527290913 1.178016469813021
2.33575047042125 1.420903525636259 7.802236069595289 0.7438077873915754
0.8765715291282672 2.455355656552167 0.1194150756137202 0.9021086963435152
7.075778826655157 3.078267403761462 1.466391736872239 1.098878516661493
6.418751835105143 6.848142835470442 5.061831307730273 1.130961141979754
6.17456393095439 2.458432704072437 5.946418123593176 1.317174276902471
2.972347434759084 1.175573451590283 3.423492274148832 0.7781151158265631
1.742965655167464 0.2765635433760461 0.1944614938169631 1.606133113292147
7.259399986318753 9.354856265607134 9.946704683676087 0.7342978193369656
4.254003805087057 4.148426360290729 0.1909578099863773 0.8024192110197272
0.3320313103844941 9.543122316116156 8.546780764064039 0.7380907873860508
2.104128011792306 2.208761897768523 2.288431687433883 0.9624464807653995
4.443159270035125 8.695819008872416 0.4776670083939805 1.419519673721293
4.565783339373755 7.370946845000284 7.362385089331859 1.063069590436377
4.34190661032935 8.321886265473937 3.43607253404715 1.10962606285289
1.856791931458478 4.975751997740836 1.396634320326919 1.589456170294741
0.2992604229046825 5.884497594961196 2.637642531684291 1.189520559811576
5.915972168193123 3.118271808119895 4.063800311842767 0.8207933745602498
9.218863777921902 1.131873301563417 2.932621539110864 1.057587906480016
1.634313855427609 3.85331498013833 0.8414296449301384 0.8826375237914049
1.544858148051799 7.941155391087345 9.486079885124118 0.7517399508347377
9.43266415088056 5.50868239126763 9.455795159563051 0.9481907860874215
0.4542008997110525 4.744065521384982 0.8228703661814918 1.206962517093698
1.745327311551792 3.416298616481181 4.305376674381642 0.8434683814673115
9.684934946746946 0.7346415040550447 6.143819153993445 0.9610805415687337
0.8377331271424737 8.378762218691664 0.6892834837077467 0.8664802894503799
5.599461541489279 9.491540018833284 0.6820443038301238 1.343381425996768
3.080725060522422 6.355596543660855 7.076315160065615 0.8270751485772193
3.110722622522582 5.529048210139356 0.9968535567032123 1.038261282729458
9.645233004507006 5.697454646093583 1.437251939789486 1.495684579701251
5.339592016547481 4.188580033120704 4.555756014088097 0.7243863954770353
9.744021158482324 7.808026993154302 4.608517659297723 0.7257273319726955
6.533319458491881 6.19776927236036 4.349249962765238 0.7538601764115953
5.958668708784441 5.169785371330649 6.224593404138848 0.7234055740445048
3.158789043788608 1.521341992097374 8.582521881464688 1.383683067188447
8.099587166795645 1.775393889432381 7.649927577763904 0.886095906192678
9.025509902251518 5.08011396854968 6.409076547070714 0.9649085075251802
0.8009689248518448 1.548004396001041 5.039194467869089 0.9103964996312401
4.141629806639811 9.639690544639587 3.513126514344122 1.507906492125806
1.825676490042759 8.682144463287159 9.652212137284158 0.8171967955580494
8.747874402365161 4.776531663648488 2.135852987178617 1.231731404833633
7.779360799621405 4.790786918788149 1.029501465527822 0.9016443409311766
7.436429965783083 7.045135298080944 0.80914303317715 0.8084557584002845
8.29277401165991 3.059508627545368 7.953006454672371 1.58316860780067
2.369798417838232 7.818317437443826 6.766462338053503 1.089654754295468
7.85615763145879 9.745450083059591 9.420537068428423 0.9066391321592254
1.798109186959637 9.997714189405254 6.336215798674783 1.150872957831815
0.4816535236373221 4.183889581351711 6.453065957458057 1.03068426967754
6.717936468927027 5.841670500761659 8.569677649201479 1.365470806911568
2.030894663396265 8.864883206434717 0.7651696772318817 1.4036828375502
5.855116507644372 3.034727920474676 9.976308975062384 1.103676355124573
9.789011077320541 6.573413493526002 9.84226836377989 1.353750173145239
2.893017863722396 0.9466068475100897 0.4093265782805067 0.8829254681697808
3.750785420928159 7.473436868669198 9.844003609579048 1.467505777089841
2.531010782195212 7.978317184731798 9.354662184437023 1.127744126961217
9.441014367386291 3.612671460582772 8.700856464977056 1.22378864841966
8.865164807456653 8.483762723612937 0.6051882384306195 1.504179783884193
0.5167339241649005 8.726412428689654 3.354241213042974 0.7782251864994991
1.985858184855187 0.9496559662954641 5.685934201036271 0.9220464709444324
5.475712314794107 0.1833080661281172 3.602573556300321 1.222515649448918
9.972271865306871 9.756683971290956 2.011292366134383 0.8175928302115343
7.394846878308673 8.157113753883641 5.005585335037601 0.8254468857370579
7.563066924167403 6.604648874651367 5.650849224260432 1.397619599975757
6.11957196155842 8.099625345971313 3.681964181676861 0.8017712780750668
9.805823827085653 4.270975811992193 1.70780825605045 1.123106480177977
0.7450806651238306 4.915359544693395 2.922370944893638 0.8644895142135932
3.89340695081713 9.125218066417595 7.545907233930891 0.7285055159114641
0.888190195408276 9.993782752344565 4.76090681397283 1.013047034756641
5.705401658577741 4.4300405061631 2.093628962809526 0.7822477340098599
8.41390891770213 3.553668827127512 6.418168649164155 0.780026356719693
9.780473549790651 1.696236900847566 0.5396944436121132 0.9286035757728783
7.227314596374155 7.673289005365767 7.366569798387018 0.9036257604121746
4.976157664105251 8.030925723914828 5.050582312004293 0.9448814534238283
1.657174212425567 0.1045704724352847 1.573007472777177 1.078198187924018
9.364489295879542 3.97572058635257 4.987072788780693 0.756468893305339
4.302155923742141 4.469733644238496 3.109276483346636 0.7337861006498745
7.631805730682298 6.374793054430695 0.1579710103410326 0.9894908957203806
5.500081329700456 6.471895730733364 5.462767546147996 0.9394021029706663
6.246743501488862 1.365498332747839 6.396910217202989 0.8976237964499951
7.439748717539617 2.097602969739055 2.402164090159484 1.295957646583556
2.383529169222538 8.94713823453411 9.070702068869176 0.8227465977645791
8.207444556562566 7.148811356030522 6.513836466363117 0.8429525738162604
7.639092676404021 8.050726986675985 2.369292197236767 1.143812606388765
5.70070727578114 5.345922476638833 8.68179043278378 0.8160939661626653
0.2393757831902022 3.133569477072277 9.564053338356336 1.206130516368307
6.006663553028936 4.005225131414918 2.768078920894419 0.849356562799331
6.894660008541019 3.173680815660946 8.203594638714957 1.153743931767571
7.436275317957324 9.815533425718701 8.54432227476512 0.9581747524187741
4.868896466316738 1.559465384932298 2.497165063718402 0.8025819707484608
0.290678383010966 8.576950309257361 6.218478473603649 0.7443084085531455
0.6658130243922668 6.941726750063495 7.500748676736181 1.046594326810761
2.147217114956439 5.482817224901668 4.781790325869046 0.8570137329515959
0.7771396800926423 9.501443368434964 2.687233018886276 1.204922176356189
2.355941474615074 0.6454951743666071 2.97779942518119 0.7905760006623402
2.251492608801076 6.127069026347765 0.70988944903842 0.946463160948962
4.051239919404393 5.024526627834064 2.629944254054132 0.7714049953491198
6.205974333400759 0.6217976978315842 0.7415759268136801 1.151024875743748
8.726483609603985 3.009231357525207 4.471289328995981 0.7613014884762055
6.460407523728285 1.421645101847701 2.385624849915253 1.010535209741037
9.201777368716312 2.272671967776013 0.8380633739874332 0.7652868816581473
6.88953087848494 7.050446856762501 9.921761412134469 0.8657352294325485
9.672171642079492 0.2358394642917405 9.156930157975095 1.309833848583435
9.876320396948149 9.033995451787312 9.650516086076211 1.249500144537469
0.9254486308906862 3.920799705249117 1.566439355194389 1.099313597538421
0.7765828230182492 6.404413028200195 5.173038398521732 1.005005626110574
2.949889195365569 3.36752280615767 9.046049240318284 0.9539158957249928
7.110059748349658 9.81375390877538 4.405717746725874 0.801995721061338
9.422918551221743 7.533815837414256 9.120848098662314 0.859202784115685
5.161760122253568 9.430888988820923 8.216769230263601 0.8569376742222883
2.580297883267704 3.894324495569887 4.315429133875189 0.8288265376398991
0.05105318077734511 3.116171742038167 2.001462202298341 1.26164633402398
5.674570023335843 6.350583443377604 3.786464610824507 0.9020318096426391
8.856701967244767 6.925032184411632 5.571697805302041 1.145120049249856
1.014412403731888 8.782670526566781 1.509534174061934 0.9347609294617031
7.696221760910631 0.4831601725335488 8.015000232044926 0.772063319806839
0.7026864160518642 2.939547344243139 0.9779045710536749 1.049606697234505
4.234329469496418 5.022987898443772 0.7742035609188758 0.903858946584462
4.775998738702822 9.856474721246173 0.01515225841617674 0.7361644119632901
9.470278761576569 3.535625670565039 3.988191556372354 1.224096661134866
9.757174903923984 2.673669155520203 7.576416654790948 1.430963982936141
7.248915062541063 5.603989004699505 0.8126985837522505 0.92412313936572
2.511185578245553 9.347009554213127 9.789250122870216 0.7431911629810064
0.9647449708531332 2.98786623630982 5.76580751459568 0.7896493552225935
8.333433030536799 1.030563238389146 8.110279578398801 0.7960608261883835
6.728082587896129 5.962667455855053 1.711069777615483 1.000568497626171
5.591310317141021 5.923886658944199 7.988693139371666 0.9289437620869418
2.964498134393311 0.08271241843475498 5.521860296195826 1.604247342025657
2.377273244081777 0.9016567324235558 1.284952863159662 0.9835472684537938
8.255817231531056 9.306983531059704 4.228633744698254 1.210522075138615
9.947900417338531 2.797629139130855 5.060377451342128 1.363905670236337
0.7871229807618553 7.734336877258832 8.110440289281609 0.8461246755754811
0.9338945534472975 8.438083230327255 3.99727472142503 0.8205546157000014
1.936549470148466 1.331470995596749 9.150312817902156 1.27269533241102
6.038700017930278 2.682722324347865 1.003945733080013 1.024311942371641
3.16801828842174 2.383871768530415 7.598975216211591 0.9993208404686433
1.380866806496096 8.679794927567098 6.64176528284096 1.467713711336202
2.944955027487052 0.5231163377219196 9.436112018440898 1.197644397692874
5.035119160561089 7.758172508743331 9.777798575112881 1.085839101929303
1.81480245088476 2.961514995378124 1.418206309701044 1.182596302804705
7.892173339229345 4.996859768361666 7.032074131359067 1.281207962516217
3.701126148714378 0.6344263710218645 0.2535314680883316 0.7956766642774838
7.940100351440712 5.082905708218625 8.841799195101412 0.795474833954546
0.5230440084138001 5.60273551790845 4.418113196089985 1.147906630705605
6.570356962191135 8.638922612831445 1.669219179489024 1.574988989578818
5.01260250091325 6.738593532751469 6.382496207131234 1.129730897323162
8.672890831925747 1.508127044795596 0.3080084241715353 1.294534480308257
3.354657415106689 2.778984306082893 8.410249001083926 0.7966386665720311
9.876772885172073 1.787533658519929 3.458219699910681 0.95600225167138
1.741497150776732 0.09862313260144974 8.019055212002803 0.7935635303511644
0.137053318166156 5.277181003778946 5.763103020103606 1.561095541266554
5.139138712199055 4.802326823981037 0.100071045933291 1.238881097582792
7.419673112801966 4.03885676735962 7.770226780908607 0.9435216397722758
5.266162205476802 8.262802502464311 4.077599609154754 1.033617594925555
2.368907215656986 0.9734277436298244 4.855514273849815 0.7666549524462486
9.484494525182662 5.486994387845413 4.501605257914653 0.8419754801320014
7.19726723518728 3.901417036399055 6.824027923564771 0.9778121200614001
5.192663505561642 9.187633130684089 3.859755381742694 0.8156322690769334
0.70694875680836 5.949552649383931 8.081541111096222 1.10902126256287
0.8657604635106275 0.84993163395361 9.350672131431532 0.9419754375210155
1.003733734215838 5.632864878339625 3.44352883611868 0.9265788916033012
0.8436167725164934 8.970169659538566 9.129187745372322 0.8336828045002378
0.1124917769197997 2.493910899307322 0.4512088070308462 0.7295204015021188
5.16187185377838 3.681669167342029 0.7710058303158585 1.312234138962755
4.810744904872976 2.295196224348768 0.5321211436407336 1.362014714909131
1.345392775213159 4.379591181738332 2.467295198054359 0.9355159682486779
1.48656927677701 5.224950625706276 4.178517866881282 0.8683522794279448
5.450862672279271 0.2734416467711842 8.241260840599063 0.8509628012841617
2.066826422719578 5.055006928765996 6.783152962864558 0.9143516616695054
6.637103249024078 0.302082113815555 3.819869847058878 0.9139422984671126
1.698128713371984 8.231104517643953 3.925387805391617 0.728340887444893
6.422143257949918 6.360390688035918 7.565965737890911 0.8719857343030738
4.447670655921562 4.353347506170802 2.32868774764164 0.7308573372917997
9.265496934161179 2.362313127480561 4.065345787706135 1.056272199521322
2.035975185885615 7.806274751276017 2.780866373018605 0.771673096160756
5.555350380986591 0.8256771381131511 2.558251666062145 1.010155328511125
0.9250672423433437 1.108985280423177 6.409427030903299 1.605173803534471
1.238358667876346 7.157471098516588 6.328580365766694 1.470110622185119
5.705655656938512 5.296047678029344 4.209965298846624 1.187196020100751
8.479193242294667 8.969614111170918 2.899548358781726 1.459568414622014
3.166873480366434 8.66649309226189 0.1003066877342673 1.174857145428315
3.120726907352881 2.439093860355072 2.399155384914283 0.8769168286771016
7.378291411481666 2.188151986803668 8.143254171491924 0.9133876571468535
4.042846848161531 9.873767307591633 0.4433655562406835 0.8334645543063129
1.263933622161334 2.597764783966405 4.799137194518169 1.227605253459404
3.079594730859256 3.021080796540773 3.380371460102845 1.143331657496728
5.553073590329858 8.6900904923433 2.872385440579655 1.434248299084013
7.7307366828767 1.331708493928307 5.403883830500452 0.7540597831895276
1.718214844261357 0.6085173930992338 3.460745377216765 0.7516125427698626
1.588045657186664 7.887950879607765 0.3221499802771244 0.8627290866527334
0.6506954032016522 9.04078746161494 4.659590719108547 0.8996969532847644
8.981518561493221 5.830983984274996 5.588568531246972 0.9496688190684175
3.761014866968202 9.749260108739227 8.325396477083277 0.9092984004853553
2.897023947261377 1.799349108695422 3.914621693300827 0.7666406306743334
9.091439014696586 6.827852608283899 6.608055853740315 0.792076459871432
6.301816180287401 9.02883014599011 6.504140474384374 0.9002537542219553
2.317567647042138 2.813718268214312 6.899502823345801 1.296650819040554
2.122134427285421 2.732473238683193 3.248589235296631 0.8030120205179017
2.632350724386413 4.544534719535984 6.113254760444104 0.9184716080604207
7.378316644982407 9.008678669559146 2.47869993279014 0.7731295767251125
2.039313744116376 9.517836706869639 7.229095535062464 0.8496357782745495
9.200616108163569 5.486536064030897 8.166536149072304 0.7238440380845298
5.891479099434831 2.141717361114882 7.076543727648211 0.976044293923695
2.236293889651269 2.188841932328268 5.214635145082498 0.8351814850965279
4.520454285277472 1.160277259953328 6.402218938575575 1.001029273792777
8.076612420641037 1.718582851554189 8.62201675957844 0.8784064463834982
9.26891764646998 9.099624585413538 8.25952547988226 1.532049786366807
3.785602434970432 0.6439223580655286 8.08367096841047 0.844266247464533
7.294581247917691 8.068510930791636 8.293711505351157 0.8938524812955111
6.37493636877865 7.642027290835053 8.490583038898205 0.9076322549205592
7.776775930169785 7.881564915881973 1.234542182409439 1.119587506732162
9.335084305630556 2.757267602185049 0.2078361712871668 0.7948626631091735
2.508053322854709 9.933260859218194 1.116623300753162 0.8004582523098225
0.3765559587447243 6.475340462186135 6.039768946223135 0.7474330387293594
7.784062462202921 8.274471211540357 9.079740431081307 0.8058065043635183
8.798388213944328 9.442775871016218 9.449890517146645 0.9937281414867184
5.696819528523752 6.416782201304832 1.444609253860899 1.174370051657694
6.432984396223203 9.881918088298258 2.65659476550131 1.471741461174533
7.462218283273984 0.7856943673614892 2.172229388272935 1.285831348891146
7.532452300751006 2.413228138886469 7.266922117697796 0.7727174278594113
9.003359137319983 7.912180903430095 8.433486852111296 0.7353543736458267
9.815783026943755 4.862725592840391 2.6653138653488 1.003635035439521
7.084643189722803 9.771708013897261 5.291130888758359 0.9042886721925201
4.562033741233763 0.5230804605405803 7.885941921995971 0.7281444329913401
6.298246236942227 1.1697236255675 4.226991152782074 1.062897513522705
1.934399550062383 3.811390841265619 0.06605325664234997 0.7460691623488944
1.062884760670448 5.860774456062304 1.872061418494677 0.8558176901269794
1.338150337761896 0.2414678937643788 5.51481891594522 0.7458353443062739
0.5259345638979307 7.979450885928462 4.737673841003391 0.8477239805425733
7.58712650751243 4.290301701645799 3.844528676864896 1.101768811974723
0.01784737714936591 9.960879584059469 7.890649157659539 0.8051384584110876
1.965783434131767 7.131444493724595 9.611085449371659 0.9160474880080319
7.838140837348745 3.07953052729333 4.96532177660736 1.105793334541399
0.2302902051680356 1.315490897842096 1.477376599957533 0.8133183310194854
0.7485804868252277 8.247653715950257 9.741680887471567 0.9935948207308775
4.448546512892169 7.582247241798846 4.245847630066923 1.04830744135534
7.910277377634554 5.258175338396237 5.71561736114111 1.245177623550547
7.117094563285376 5.687205970580337 7.47236099151838 0.8314713698344625
6.273944757987807 9.18797313817587 5.446508751427344 1.04102420942473
0.5623732967391359 7.888175131032912 3.479361218053285 0.8053768613413407
4.810195578564714 6.798643056315087 2.301890316338461 0.9975707326668657
3.383711760987877 3.613599977374173 4.142625687485492 0.7341348087443271
6.224864624107114 2.60149985608805 2.156056023936093 1.2226358541904
6.789940675965696 5.034445165350099 2.772375616415739 1.562089669752359
8.32037958460478 4.128931837719584 5.567829571703635 0.8732945243277855
8.964024452058297 7.944078818510794 5.286895592294648 0.9360813510387936
3.809176922815209 6.924173571910892 3.253022062311097 1.601003441085404
1.866159477286895 5.233360049013442 5.749783505103914 1.141135778190776
0.01344525301419042 8.559821455622679 4.088513599258648 0.9948899330442963
0.1368032091105431 2.006894660128155 9.691597034070881 0.908549162403995
9.985241182880086 3.768991263423547 7.837807890671987 0.7412700196024418
0.48432662550982 6.687954119293612 1.72903420766675 1.071421277756997
0.1125169124959946 1.458799960508491 8.625527446162861 1.422263247545732
6.521142853420066 3.698163486982755 7.482682280290827 0.7400254270884542
6.211467803119637 9.146840620378804 9.587014898729354 1.093564125574817
8.559992928561632 2.747771725687318 2.531876392914937 1.195312486076133
8.912092015411606 4.865372331641473 3.602354247247642 1.546743142840297
3.863971438409 4.068434404347032 7.40665581912652 0.7885502204887499
8.449442208213711 3.404569956468803 9.155418121189957 0.8515748969474511
6.241378381628929 7.196368172009535 7.55801230958871 0.7530080643439154
8.825240941790019 5.286764079771241 8.807730177661643 0.7732727098729206
6.974210254768518 3.870324253301459 0.2319169789559439 0.8388090231844484
0.9775101263543695 2.046430952825561 1.902925043329143 1.383360893704986
8.698513098081431 1.191394804510368 7.305011117023064 0.7615579566604629
3.253784110238905 0.3695004708075167 2.930997387477425 0.9842766760507019
9.568881800263755 6.258644163025269 3.646452017432467 1.304308160787607
4.340332933147303 8.972419483102215 8.52664169386092 0.9925063079558382
4.579019597880073 0.7665322832342271 3.017661373770423 1.003068196405092
7.660616637636749 1.933633839616616 0.3061983171009198 0.7875768045974398
0.1615784736008841 8.452447498927585 6.983673743554172 0.770751693349474
7.614704439186811 9.759434693749013 2.539274135666199 0.7526792377240342
5.389320687194444 4.896217801202255 5.224111889895289 0.8044721625129563
4.149615036080265 5.923832975236359 2.417826753626975 1.037540446994481
0.6846614000857798 0.352134211233317 8.468351437720944 0.9785368839002689
4.267265709940088 4.558913982856641 9.226303463880749 1.103749523554519
1.555524042036142 7.730751648643611 7.46876158662005 1.01780898481608
5.865418274350617 3.540534804716379 1.678424710357999 0.9208920860386061
4.71806485613853 1.446279247766111 5.259109429982853 1.012577910346785
3.290619899916093 5.007141375163519 1.989313841648657 1.019065329110112
8.711040270976923 1.008367729384461 5.904091660851143 0.8717563238524959
2.314956047063856 3.065575310445551 9.778286661732544 0.7802221847515014
7.256346665335128 8.503789719839649 6.608929368965266 1.155448873519572
2.346328944074795 8.338856240104258 3.416176780637841 0.8888692647077254
4.313846753248821 5.609556875628212 9.698876654197999 1.118958883467032
2.340168516430458 6.957321628345088 1.179289655323752 0.7231077858755283
2.785101565222396 6.895396676731787 9.285274284613527 0.7948068682336996
4.962219750464722 3.860540227980541 1.863243159741482 0.840576911260428
2.98318994980183 1.525044583594534 1.034057246947716 0.7613080156564812
6.310305441748164 8.465858401875613 7.579969989865487 1.480016883886306
2.717738867594447 6.008673350920901 8.715096175669562 1.121890025702672
2.897883823771883 2.700914961699242 5.800893494774633 1.118682117712071
6.318158042090372 6.591904743964432 6.386294736276852 1.429485801975761
9.339405534107758 6.847744291569441 2.355346616058651 1.441162021604189
1.775065677285017 1.002690244807456 2.184711224533976 1.010487673486542
3.545632305657255 8.023755447233182 0.9597945015449016 0.9285321163068936
6.009921174587846 7.450523345603294 1.157993900810901 0.7330276195124095
6.459183339777838 2.203223937910643 3.470081510396852 1.44993096883966
9.6854056972871 8.19450305833085 2.840815878707816 1.337124284303907
3.590668417676597 1.233496048132259 4.535007880135243 1.284427654132067
8.850131642140626 3.283805066395862 5.289456559449836 0.9423442200174422
5.00955630548285 4.791854890132268 6.260923364796372 0.9763155644141698
1.047543056077818 4.455724067376059 8.029636644313539 1.069360061420245
5.612110411349649 9.352830299574961 1.908923390521283 0.7586713699194511
5.19956385423852 2.811054366285315 1.534335834136632 0.9246682681974544
8.639284877036243 0.4207708878288885 9.760010406609419 1.032385804366323
0.04221345008262323 4.302322152817417 3.45211698649013 0.9207845099215378
8.348011823265248 0.1658120734934398 7.574295926071913 0.8626126688749478
0.2638916632374488 2.64837575770704 3.907417357382055 0.9693417771668483
7.26300838825904 9.114959185450637 9.103177365003408 0.7985507224486467
1.646075673324836 6.456250627316886 4.204460231027804 1.499423152957154
5.064987480755281 4.807334287824582 1.318018109084254 1.083288923548303
2.4033978378676 3.011394484802798 4.083068555926475 0.728054231126501
6.843214684146632 4.79753666097985 6.324428679399963 1.119385224701672
6.07787200221602 8.174269755346337 6.228141083699185 0.8602877333699186
1.341014954888295 5.539657435545871 4.988752327313365 0.7622844450895074
2.144059864870683 7.62523064293759 4.454391690044564 1.016635154806605
2.993452854578382 0.8584925813643596 7.518172230819967 1.010467309097995
8.029517539738537 4.98886910367701 4.534023508013401 0.9803008766199592
1.364157805412507 1.080578996602938 1.189400295888525 1.00884257137946
9.55814786830234 0.3823201996335968 4.50166807269704 0.9996146863970379
6.938424534826018 4.056641953313663 1.07593871023075 0.8568034418239514
3.951098360591025 1.919269583290802 3.278531067048767 1.547036751925085
2.928766361820113 9.141865501548715 3.53214787126418 1.017789629591858
0.02722935013780736 7.415784066142912 5.539643999980332 1.286347514185611
7.404575903474823 5.006690178227311 8.051804505851857 0.9271522823802367
6.262775731567282 9.560732323972244 8.442810944375589 1.251713788671718
8.170854420141145 9.622643584060556 0.4162099962853427 1.119854165573403
3.020088080318516 2.854690605057149 0.05352120978785679 0.7554735826557933
8.411654136170318 3.619922863115016 3.488406868750303 1.056245902292348
7.25444658407213 1.774504252676886 8.912902218991528 0.7763720380033138
7.405482783971555 8.215647191364065 3.755040839807004 1.564002844620528
3.490790114471967 8.084468343826662 7.444905709942746 1.457377869142247
1.443490470779646 1.866355025492905 5.624319376053927 0.7614589319778419
5.682071345298387 6.194019204677644 8.916324245422835 0.8459074568150838
7.663758164361473 6.292170245658928 1.383856569187029 0.9772312065061277
4.964995181679938 9.347818093853393 9.301734528643326 0.9279681422073421
4.675737841816156 2.826876391547177 8.543099944918916 0.9897202489137487
7.986038708778254 7.896902894447925 5.839927404589908 1.154779991921874
4.573835082129921 1.658232995133178 4.311835336286815 0.8150135590855156
3.45518934523223 4.846460740018045 3.334665525230729 1.059092135283956
8.7329886566538 6.870063543752181 0.9563336849964033 1.548285128820959
4.570250980722722 9.702705712791913 1.43384878358452 1.179552665873125
0.8693632868165735 8.372250588920235 2.432162950950905 1.036580093628493
2.543975636066722 9.327704811600949 4.647425947769732 0.7629951159901019
8.411512996939887 6.054698349229828 6.536877200327351 1.202545856453156
7.965524509496658 2.385656911706989 3.754711800370767 1.563163051034654
3.817510569772231 0.9589579171433184 2.495662685755827 0.7980518893526374
0.2082858682192879 7.528889928050403 9.523068580028584 0.7449209661361251
0.9945929931342612 4.639460418964423 8.939717985833974 0.7427352850874451
0.3611986555456281 3.852668998522126 5.441601099870519 0.9604452296717357
7.36147229680041 2.541678190985754 5.765755906094388 0.8095659664111302
2.504144519623172 9.816372230304445 3.018253185653247 0.8406647513400014
9.563995334946348 4.797575025943818 8.621884835175459 0.8232095227360396
4.159807555582879 6.155463715066759 1.395483269121035 0.8535954168885772
3.023267890078094 9.528799515494111 8.806058887571561 0.7883885036680885
6.494498981974293 7.770089107301694 2.808429478019889 1.129348387287677
1.638246814472939 9.44110602950153 3.8177683682839 1.572963594075977
1.965115915592298 4.023144304783399 8.871321297614779 1.38459187962178
2.305053317678489 4.360916719496127 0.4770971516348776 0.7401198137215819
8.02879013633197 0.267465002730899 3.038552010189434 0.847864017902505
6.078364060432374 4.667903493099719 4.861021971871677 0.726811658157036
7.215285498432022 9.796054872317001 1.828786100130664 0.7642150491330215
7.027696459333222 1.867270666505116 9.717991402076175 0.8522158665513568
8.834796654089642 2.077155406554848 7.148714611276284 0.8084760366935697
2.917163898479985 1.71837679769664 9.814733424936001 1.021045542552332
7.136174884436451 1.28605090005827 3.121236366543743 0.8234279687168941
5.667622958016626 5.512903756942636 3.110220731608599 0.8586442118677415
4.643587376928071 4.061118549550309 5.383300046874202 1.332285976289638
2.459966151653962 7.579281862368591 7.782334906506705 0.8628534950159512
0.9325690082718707 4.644724065291404 4.873389056721939 1.024885651648433
0.7738666986896714 4.711652177171982 3.901402600905412 0.8947617779708676
7.086085041099786 7.745584944539122 9.146814673880717 0.8862052109907694
2.359311260308411 4.80981505979905 3.965669457617098 0.9716814990968028
3.892651900624982 0.9840431943912442 5.619213067586683 0.8903400988699518
0.2322875962221616 1.17181893333026 2.823040580380993 0.8403890785003281
3.217590791203921 4.309533436401177 9.059575611931985 0.9636085491813124
9.925485830987531 4.93473765842352 7.421284411907774 1.582360927315043
2.891773874643374 2.162326138893899 1.597612909957878 0.7571474040523865
4.935236573766898 5.771451517530268 1.586164486179272 0.7949040155936068
8.800702065412921 1.281465031058519 4.038587792926232 1.208589600265145
0.9910029184828895 3.963612600498505 3.329979449888092 0.9038786944443774
6.660447316952827 8.785935810184094 2.907991182438937 0.7348771054929401
6.251828722770686 8.080488920051184 4.777456174668091 1.34488645553049
2.711935638090306 2.517998094123778 9.370254138100709 0.7629476376738842
7.382492530687599 0.7291927681688615 0.03078117488276466 1.543910443044832
1.591799493292298 0.2644481377172148 8.892960132924879 0.9614277004832795
0.5214522768837361 2.381482159570916 2.979221738333662 0.9511360826074693
3.677995305201986 3.898723585706332 3.381824614142 0.7981200871412635
9.993569391144568 9.643817221292895 4.859676926213685 0.8144911500429698
2.983074738002408 4.069627230997361 1.970172133916224 0.9103652138491449
1.572016824654398 9.379668370132137 9.265722817454872 0.8116934407198446
3.814766935058548 6.48545383357217 8.825055602005811 1.208141462015734
0.4213243790128962 0.8272068081963568 7.645880332074845 0.9097305969864196
2.727422536402536 6.998574239932009 4.048518173363741 0.8252223042883747
1.750873417842983 6.366445654544167 1.578245593695418 0.8894316674968203
0.3994730298440597 4.954558845985662 8.582019916243022 0.7377189269921735
2.724169578051735 6.979678205343809 2.189684807107777 1.347951334835102
1.70101084727324 1.878578575564787 7.251822477079786 0.9619178880898408
1.017432514351628 1.616554721020825 3.808034797172815 1.381484004250187
8.80978995543199 3.590514696898952 1.67399339524845 1.169190998451452
7.271541685950064 6.315333847827326 4.560899719245548 0.749776751369359
1.261160322648446 3.229290377907905 2.516193826380781 1.267173983430109
3.495367676996322 8.40967592128046 9.067418892930496 0.9666535801133658
2.026025461519988 1.504469749792812 3.07234615195215 1.001008031387034
4.769113936739286 0.8217788735120024 0.6296671715540536 1.415992786152989
5.747223490688405 3.162508762267066 6.843408436252915 1.059722695815988
6.923288002845658 3.13894597138879 4.246279635775239 1.07407983902024
1.913417260883177 0.2440914537755545 4.778817947911302 0.9231783509240792
2.602396488672808 7.692464495516551 0.5508668844932397 1.180218563492936
3.653734712196877 3.720402616969769 9.668293574662684 0.8696179517575168
4.607033278695193 5.22910342079588 5.493475514384278 0.9111426839215879
8.962448589888723 4.852487344946462 5.143088601359779 1.157330815437109
1.350901029501478 0.6326453689511713 4.215606721476602 0.7967595774003929
1.87945619437061 7.498633162669853 3.55671269597562 0.8250283453224569
2.624937995860313 1.711267233578947 4.654607501014893 0.767577888042777
1.898615317921174 2.266148240536159 9.890948102387368 0.9206423432661793
4.183971780631366 3.315267910863354 4.700304034241505 0.8022848848415944
8.325569849294128 0.9024972137945197 4.916647776432954 0.8439588588683333
5.459318356147954 3.29955204906105 2.508240817488143 0.9196753830385126
0.3883275378853702 6.999217837443553 4.276254892521734 1.142344298545314
0.9789450758145003 6.067931385733848 0.6574408328431725 1.517199404183409
5.736098641198557 1.05305276814575 8.43955285309038 0.8207906324463313
7.681482864478371 4.181335372050364 6.144095792657713 0.746129525031444
3.554644508087331 0.5804490609085211 6.627979332195006 0.9979745156896863
8.329164199472798 3.74174452692872 2.582191092025855 0.7302865005354157
7.206797308558062 4.970915415612504 9.095991864405395 0.7328270031798568
3.601180668286094 7.196338699917328 5.634995932631236 0.7489482851516317
3.897746334303704 9.929502723472014 2.301280355403972 0.9778903801140331
2.035507133688048 2.551131266347425 8.338129321994581 1.607152845896257
4.025486893866971 5.675739986057181 3.359684177222094 0.8740473639595632
2.608603142353869 6.793988560106843 6.112807151550316 1.333300178515428
3.023377634600782 0.3344663048773722 8.406077527734501 0.8570951411894366
4.900713323768222 6.655465062443369 8.246632010346673 1.092027037880229
7.055004213195274 0.9360908326790719 6.733224758046679 0.9414410248532802
3.138159905899093 5.790951634875579 4.168652884838469 1.481073781253905
8.175832482827287 1.146211381745369 1.315547938601778 1.007959341010976
3.817418277321894 1.171837737885436 9.550102760312619 0.9361886428541623
4.78337134678149 8.865587478700089 5.530043923897487 0.9584340916580307
1.735397094418719 4.338874939143586 6.211510408144031 0.7524073856169614
4.697211526595125 7.32133754022728 1.082540791186999 1.550693913997768
1.789927881724096 6.008480500374039 6.550772451303514 1.031295582303812
1.190440439415538 9.467860085941028 8.393755704452284 0.9566909509025078
8.956106535163213 4.542789096176926 0.678429045558413 1.484455057118922
5.318611540680749 1.437642553296079 3.613888205778809 1.188722513648285
3.429552278151916 4.776433091650319 0.07922056232795294 1.230773959158485
2.130026042766857 4.478710166385254 4.939547350358785 1.062827911974778
5.682318972271842 3.245938670280593 8.680623535987497 1.136924458483126
0.3695180478093996 0.1231493182661025 0.2005035384185527 1.022890894122223
9.279707270214859 0.6148699382809097 7.997724201481193 1.134481684489721
4.818168901056976 5.187737904120617 3.471595117234875 0.9637036774580882
6.689141752422144 2.19701571783939 7.5749970734707 0.8182013934057536
5.231825870250073 3.147308311241056 5.90818093629445 0.9564432501905539
8.460490910022433 5.477366436324053 9.595773546784352 0.9696825901150573
8.348710430611442 5.601150688755861 1.017648136539587 0.973405697322144
1.007516650220264 6.793874998113277 9.563451723532824 1.032036318961873
8.780263690254259 0.2210879720449843 2.096936452611198 1.486005884038792
8.437294888824548 3.976202378428282 4.558446722891678 1.137763835312504
1.968864777385739 3.966588197471663 2.035205696250164 0.7482621424299331
4.984306010076396 9.78761158066048 4.546045806042765 0.9903326037958754
7.937193279960673 1.73222998500221 6.428950687487195 1.439425607395178
4.515625190113617 7.817621516372443 2.38312024824753 1.085584482543392
2.330905614228076 9.26487470594911 8.209690302117963 0.9463154551732623
3.549972821606714 5.765516613264677 7.849450024284352 1.212108506897817
8.195351722145727 2.410719315023893 1.272540775704176 1.388560433834116
2.336116677353177 8.558070390577683 4.464861332452443 0.8241342682609639
4.415544294840345 0.008404683074751951 6.002760461376919 1.366683624160949
8.371059864186323 2.770626080113811 6.784185224813853 0.741950537653884
9.968725783846567 2.21320447381679 1.311478145116319 0.8857497588289053
6.259796119032022 0.6911516691103703 7.047741235112795 0.7362858949700424
7.763387268738258 4.60124771559561 9.94360944485825 1.185101082292568
7.713547658925333 6.953431300115062 3.966710387178092 0.9771791622602737
9.867493272858585 0.3144656254523781 2.74080295600946 0.9767566897897648
3.745290000595732 4.769550536047984 6.049372988458321 1.260937637641643
0.07411691851628155 4.501634766608737 9.582500878872898 1.3747500314263
1.060600947462528 1.285538221275081 2.705702856777721 0.7857339917510363
1.818017352385651 6.294748732391289 5.411900238085067 0.8726795444960767
0.1609451051292776 8.224575847277434 8.790201322371368 1.124945386390733
2.470457671208941 3.214331510777609 2.414394328909366 1.091674236547751
7.034121112796763 8.989029759462758 4.740061402639251 0.8849716374153969
6.792878893160004 2.966983740240056 7.012336951080713 1.038305467545599
2.31257084297684 3.076814707122624 4.972113490011181 0.9751044303016854
3.896931623844241 4.853570123081761 4.913221017585304 0.9879357940354846
6.865884627654546 7.181046061321473 1.748039406989265 1.338641190972036
2.457737244533859 5.241138646717561 0.3005752675279716 0.9007742153127597
5.484244252139061 7.55145123060068 7.913692481528728 0.9893394925691534
5.807536831069329 3.575537538654129 7.766902868017615 0.7746635345863606
3.583588183735978 6.954359865170868 4.648689201139278 1.123087933457534
4.145631161003146 3.26154602167143 2.501433267960288 1.503105082100137
3.222424340352088 4.517940880094967 4.291261983676864 0.9186517390407221
1.302688805546637 1.271391665872532 8.062453811650292 1.129155509248183
0.7393434128660525 0.66737295733719 2.024096932591259 1.114901516132741
4.477214044412793 0.5684994473437266 5.042212829059292 0.795606413305182
0.51345697146988 0.7339657513720843 4.364477476456618 0.7853985141836568
4.856153281457151 2.344237302866697 5.648812301535994 0.8158971588963766
4.467217810926045 0.4945756054209316 9.5275109705719 0.7876768372599759
2.747847280253242 8.964723613683891 6.446670103866267 1.225988799562036
0.2247485907980318 0.7168853990529134 5.313345896852203 0.9691169886739101
7.432861946439805 6.140173054262624 2.455312790115529 0.9951520995811104
1.022623392169487 2.790586549869397 7.377081351889271 1.06488174215369
0.5869662254299601 8.765999771659185 7.809003824128151 1.144045242964881
8.835023291518441 1.103530356491339 8.955962360104033 1.061082259154096
1.593019181836862 8.382901967473062 8.526717508064751 1.308225653064873
1.347662413552332 3.488149717039913 6.532023717479913 1.114314693713058
7.165110533702424 3.448235322041961 2.857732752301195 1.550808428165184
5.714762241579499 5.968755897038687 9.877569594493563 0.7502964457582333
8.476265643117149 9.193087507355834 6.797513589057453 1.529808832249264
5.379790133328172 9.669789162527712 5.361614269688758 0.7917052345168039
9.598151332060846 6.380737097869107 7.630945763798034 1.310045957523109
7.413816529832774 7.459494743661483 6.531399130904947 0.7948179164699561
8.497949447547741 6.163192915299833 4.534404917038692 1.415907183352834
9.760330064285304 0.9680970901680286 2.060576849613105 0.7852851441897281
8.331166093476819 6.326404423028229 3.161481943974909 1.271190926417171
3.971269326530774 1.525772385637045 7.403014185417437 1.318569446763555
5.346084465228465 5.677208855647447 5.13704634679732 0.737010351772882
9.093009456828318 5.666910322658566 2.645658119531391 0.8906642748906435
4.634910394708126 0.766846598994656 1.96554536420581 1.049343849978635
7.882251064113444 0.04244360073960785 4.933028449218109 0.7278346753023396
3.295720386917606 7.944332458213272 6.146449011396617 1.088048474272213
2.071433264731152 1.500193632985104 0.5204129638453336 0.9403037767784285
4.173873138492736 9.520917902364568 5.068295553534959 0.7454044188702604
8.589595668698678 7.125634982557452 3.870005801130579 0.7560360668955062
1.173970380234082 5.063132238668059 6.480857379551249 0.8238285220521362
0.07359204193610025 9.202861699461787 0.9551562425084947 1.337525725481909
4.37333325483722 7.768597430621116 8.570279205449459 1.355516101166971
5.013138371680425 2.42067154390168 2.330676763403334 0.8364041611512743
9.57158577116186 2.75701602345559 3.094897106034106 1.03711117366601
4.990976258946912 3.429174097434801 4.210129107843032 0.9822059199712917
4.84819335811402 8.582540475636529 7.482638957186502 1.355139108193337
5.255285596680038 6.023045364575098 2.258765251438558 0.7297317973340277
2.022787399830571 3.728487312690211 3.366069311152238 1.168653314099892
4.003151787992226 2.257515856154025 8.25678556250714 0.7977723135391548
3.111884449419304 5.779451094517867 2.824547329858356 1.126258941246531
6.143470664085154 5.436061955150312 0.6741916301312156 1.247670591053182
2.110649137239062 6.883328850517755 7.215626124929384 0.9339667641441398
0.6929244751802233 3.667018919374829 4.329366003568113 1.203236695192814
9.818729142108726 3.778743983324206 7.029688145265304 0.8154515786805363
2.312232127073244 9.770949139478248 9.160147298755634 0.7924707144443011
4.774989540536968 2.401164806180747 6.756052276606786 1.309948009909602
4.799707402300919 3.486932520770607 9.518935703285871 1.261458013190579
5.580541674665879 4.682632621742406 3.179923734705343 0.7804132332830245
9.899088203747711 1.519237464856678 4.496757123400117 1.121363596666835
4.422370133204749 9.531782736080377 7.040528859986923 0.851957321378381
0.4827026546767189 0.9613195782010043 0.6904216519211925 0.8244631070252905
3.711025838415979 6.873112205490142 7.758766997495719 0.9692344517045093
9.443260015909528 9.846560489487455 6.549026734235148 0.7301499555608979
8.947192704403998 2.038277880991866 3.176430551173521 0.7654583832069995
5.37423689394978 8.664239993228074 9.724170682550909 0.7932058561487824
6.981935195260874 8.577471920803452 5.647689760376487 0.7846970699336929
8.82620040951382 8.684136038531244 5.772158889943976 0.7896704255944652
1.900188895702983 0.6974733738255579 7.273322912944778 1.060673013237975
5.179042381772854 2.647617788315795 3.426659637956325 1.208761463949697
3.848212445664416 0.4351328606641414 8.868798611250289 0.7526797482354041
6.349011384695948 6.934374876676558 9.187582095343984 0.9312345765108424
0.7879147296330669 3.35015507474465 8.447358759264189 1.265362857349115
5.803514369779266 6.191804891917001 4.665079854482373 0.7720098095028762
0.8358546231724863 0.5214092391029401 3.148491206978845 0.9771535297012593
0.4364786824567102 4.063871649119854 2.565946558390212 0.9531143450563487
3.079497513920044 4.809992799776993 7.169458722953643 1.259879505003029
9.30748054851041 9.321029247285008 4.40762282559345 0.8609985678826995
7.806775369833265 0.5710289898992171 4.034239381919961 1.157539762226867
7.092534411807796 6.949517770714368 8.126828573318834 1.084409985470075
7.093888052020027 0.5200675723019876 1.145580065957751 0.745010755047785
5.250153723907826 5.522698171811506 9.355602937436139 0.7906482738383923
2.559449023569486 0.9434484992552861 6.493974316284676 0.9582786906469164
7.193050230786318 0.4959710337998791 3.222843394073693 0.7284988610933216
0.9264909336738381 3.815557853602368 0.2573731671898372 0.8560245624684337
4.879781890750258 6.639877499939926 9.435664682184962 1.215079124830335
5.335984282400337 1.659220761297952 6.036865011818533 0.9568010612590727
2.675950086639852 8.061707333389114 1.613459582387982 1.029506439158058
4.648705277542321 5.468910771703372 8.459575253021553 1.305051757524225
0.7598797372458643 9.845295455451078 9.298601897500864 0.9217177889090417
3.926651060641194 5.845011833282951 0.6388052644035824 0.8074169475421283
7.104586185743934 0.7444374787579233 4.917068653187195 1.064773269097516
5.917167173798383 5.303312495581369 1.804780045735127 1.021028396702353
9.037816210480596 3.419805670882753 6.962899249241056 0.7897611994780657
8.277773038695424 8.329758321778762 8.334678091839381 0.8930315480741811
5.905526290598373 3.490924563673266 5.061455771387183 1.259504307373586
0.7523761180959965 0.2908584677169179 1.065440892664939 0.7552147718777069
3.778298308080221 8.926619608228641 5.844562888263836 1.110236137086471
9.989027600089749 7.891437481998442 1.478778583864928 1.428288539423323
3.192634216256713 3.127809926494764 1.493271942838158 1.199881807982146
2.019388650322165 9.00057416253202 2.283562700215771 1.511812410496602
9.662627214706273 1.379755040941181 7.075737131093944 1.19223882294328
3.336004060206261 9.157367315098083 1.410694623080241 1.44625574982873
9.249758558589338 3.523270996215142 9.77381254274259 0.8900048356969263
5.557846777997742 1.595827275550863 1.55289908601317 1.403694335319096
6.261183283667527 0.5314084170149447 7.888649107917601 0.9187452909368604
5.051246725258324 9.881512194398919 2.554591999951577 1.065702205448029
2.747736923236876 2.08634605863933 3.098140676652486 0.7976553208713955
7.237199259393274 5.785113824719162 6.437090373867206 0.8641261462046576
6.082135025375932 1.253925187679039 5.338040966709413 1.120629513068147
9.294612250737778 7.274970435719711 3.425592569629176 0.7551628123026706
6.858265800154626 4.632005850332193 7.319442764084929 0.8485057004293389
7.646826564436013 8.55978290344442 7.584329446925773 0.9006310582767241
7.247500672610331 1.450067870475218 3.938823178788519 0.7654189281753124
3.114124236709307 7.417670636817054 8.533794250526915 1.105345557681536
6.242335646476675 0.9636946997499086 3.247950465507791 0.8956251324833279
1.586088409777757 3.107876100452134 0.3997404489585543 0.8084406976930365
4.649973247587983 2.254976826621158 7.820587544059495 0.7276145834559496
6.982607544875362 2.760268514004338 0.3048994935354044 1.228869375213568
2.536401339149432 6.037821605989329 1.663851314793504 0.738611645651607
7.965968462143507 5.398474689581385 2.762851653234485 0.8295909699384852
1.187523800455266 7.616056209798354 4.149704001414101 0.7987157107782262
3.227011588473361 8.018926101551514 4.077583020631399 1.296973055164494
5.827243468934054 6.937532260418181 0.2689895387628183 1.260619305446327
9.226820522280715 2.461101842552148 1.684472128690985 0.7555107185730532
3.303566851991164 1.559059474863501 6.580611581452299 0.7537953579944118
2.221273584446707 0.7689512809869359 8.287354281485472 0.8114687477899455
4.113200811630241 3.119698021100749 3.802531306751091 0.9774984896084356
8.648594101440198 2.060363051443322 5.156613049752763 1.444672845857768
0.2105840516927238 9.686006725552353 3.791925156551094 1.243591962864419
8.799742647606715 0.4462466679640476 6.724978786635972 1.00383046498287
8.153677921290305 7.415094369243421 4.801606685268649 1.081522213564541
5.407107974855451 5.709369064204624 5.958140821921181 0.7500142319649137
3.826484381143489 9.501251518752046 9.466321687082367 1.240885077998278
3.903613949110566 0.1893028788161499 4.565410332059556 0.8122494815873403
6.073737369800734 4.449302652885727 1.241444749963497 0.9080111519111381
4.456860680078408 2.478073977766824 4.38574068024792 0.801702626160532
8.847997489349765 8.139009806823291 4.068581969183595 1.331416484999367
8.005762394806474 9.136078438688138 1.565723420473913 1.318938619462442
9.357383777266227 6.188149374200759 8.741115354605377 0.9482184430799869
6.781872290952163 7.627325840562651 5.813575043770371 1.057737752595591
6.100463655418127 4.423345916797215 5.681831409830149 0.8629714049413657
1.31365261415354 5.322891459838059 7.378193947658956 0.9953326948343295
2.921827943522814 3.733523000552133 7.911632253061344 1.31754288877762
6.986518435850834 2.043436264520724 4.840835087109699 1.36800117865596
3.925327397353603 8.007420169476612 5.169645933048355 1.10012717773176
6.568296845702171 4.121726337136083 1.939967588357572 0.8880641408102451
0.6763035524088101 2.143281524480319 5.682581130622707 0.8226404893884902
4.36917668912305 5.030107232654426 7.211814433210083 1.258173629572647
0.06263258929153359 2.595286948572838 8.695310372171427 0.7240533431241083
0.6055183987393176 7.383585252973946 2.474299138300083 0.9309171929336544
5.546925826149161 0.3148286083105911 1.611333144797385 1.06320569056172
1.412613404220724 8.23628741682063 4.77621945952806 0.804161540254129
1.406400858361414 6.302661801253431 7.356965640699629 0.810871741230196
0.6352437070570427 3.781991807374571 7.342740024520166 0.8557400557039878
4.066151005186239 8.832360865135076 6.75770885819151 0.7720417068750846
8.731790285172304 7.975936530090054 1.914917966327711 1.18160999013408
2.484494689437597 5.098291814707302 9.316974226576313 1.016085224183805
2.732217969807695 9.992733869253344 6.802597119448563 0.8676765837672429
2.05385335361289 8.038334580979924 5.702734471969053 1.092108230631724
6.546965636325548 8.939049610833109 0.4837155582999664 0.8023885247870364
6.423162318348365 0.8056882379952103 1.696737624730487 0.7942277671815311
5.074904358932423 1.435205301867286 9.702431851617472 0.7853269093713841
7.018375297821123 0.8818367066181199 7.683973641604189 0.7544511607464659
0.9337536010329195 7.662059837649908 9.086798815696667 0.7328701760739432
1.65536109805943 5.326368505689554 8.545464103792915 1.245377319254088
7.887862503079193 9.084256913420907 5.48301443891769 1.192756079520439
0.2966388112044849 3.160635509765539 6.488130286657351 0.9728759108220326
4.625148324216196 3.810582229611204 3.422350799243262 0.756231496288389
7.731814928571701 4.215524912240393 1.853874460097632 1.068795594786904
4.661507664407437 0.08336738369513985 8.694834514818043 0.9612819544359972
8.798692372630281 0.4692181050373145 0.8058726277007046 0.9542339087671174
1.510388615469158 4.769063386895644 3.418994524921198 0.8202630278942509
6.969284276425662 1.656578759389017 1.156184526722087 1.422638219683965
1.433416795997334 4.790246214153843 9.931447255884656 1.382425117307185
4.904510770841755 4.093938339363236 8.050267990039863 1.324787285416624
9.587174938591255 9.030595045573662 6.222599290705615 0.779518671268666
4.997227319414097 5.120620910785717 2.410533808432998 1.123726743247251
8.938364318020248 9.644479677437268 1.088453352883234 0.7477281331232397
4.582304046940092 7.068171637573489 5.342548132662086 1.158987786976488
1.62908150568369 3.647233504847436 7.615055149710265 1.020959329108407
7.00419866078524 1.232132001121936 5.832028219964167 0.9098127338422215
0.9476305793463047 9.864186457307918 7.312499400233935 1.316543699985687
6.501842700395193 5.56841496426282 6.854077517432232 0.802740933603648
4.496508461174685 6.219327066601723 7.273136811290056 1.064031046809214
4.767362439629827 2.9226256974459 5.083073124910617 0.7668733402245225
7.341943289889792 7.062218436088149 2.984609720729034 1.062141041052136
3.465295780206187 8.942237821972972 8.348768418559734 0.7255001174319453
3.732008353055718 1.57382157677978 0.486039583922192 1.054243388266833
9.936788664714157 0.7897457708804623 3.63531615809325 0.9733938082786232
3.888913596802342 3.575621794561238 8.665620209365082 1.045871530783953
0.6216478669189719 6.450745861581977 3.452820921946199 0.7573646503915088
1.435130386368247 6.564055358740253 2.705243436279561 1.371552508692882
7.900178698793297 5.542475348339895 0.2716995647365517 0.7355402793127575
3.564699997608385 0.5846894438145313 1.358936886895094 1.364072642530995
5.397156736072728 3.743650885921355 3.357429739795245 0.7558017548159732
7.461821831984111 6.629614656656573 7.093976833833278 1.151829937519208
3.661892417137138 5.765747525470474 6.736871976273298 0.8880873815990505
9.617466372535359 8.018469688614198 9.757160528523828 0.7466654168955958
6.232543321877306 5.294067325258006 7.65250863387218 0.9209920438500747
4.264520056193699 6.493039744119112 0.2566693299791767 0.7982479924233834
7.780233828494008 0.3298431029480997 6.031641948743637 1.365373697953531
5.281331625384951 0.5650194751219739 5.433023103406413 0.9296216328526532
6.076017791585982 0.1367249829720196 4.753336439681205 1.213558769446485
6.911280825466675 4.757442754327329 0.6281358842931007 0.7526383073738454
7.899193208106006 3.226159548243253 1.967028308174922 0.7465290232005876
5.540113461552325 9.205733301430172 6.083173498949174 0.8187763735773604
9.351945165024322 9.841754744819605 0.2457866042233314 0.9521515026503017
6.474612037286062 9.957612580570803 1.454379273691452 0.8226081981218046
5.23329704474499 2.359065531852305 9.310710423994099 1.055177087335562
5.661780911710102 7.452312504905836 2.061591738592058 1.150214824931624
3.363585033710033 5.965896909433802 1.829766497862546 0.8282943704307412
3.048287172605291 3.887886723568617 2.838206094983515 0.7535165319876789
1.753970358328114 7.027383756347553 0.5119651008004744 0.883540400069481
4.480622438112581 8.542291201358701 9.338122536058258 0.7926856511310196
2.943466184156516 1.523510560002699 5.619127819566304 1.216579144939858
8.729550195108306 8.259273322523452 7.548566287993006 0.8595527961171116
6.088533003344304 5.150081436104572 9.505602232764701 1.009407008023859
8.43150753830918 4.417658779845275 6.346091226334964 0.7310368453313452
6.618341984029523 8.5088314515167 8.821161190490878 0.9335133321620001
3.803300277231686 6.746639001047987 1.986206643846179 0.835229095511367
0.2383151365535929 4.234775385293924 8.40122438154356 0.7275487630065968
8.166767404187729 7.418187977509931 8.764837459238182 1.086462633579899
6.578550473098961 7.701009264562251 6.740870636247803 0.8067511639466309
7.748532763083442 3.221390744177153 6.895681790270281 0.732501656564635
4.4701761008784 0.4280005570367929 7.055970250658397 0.8587773977507962
9.023699918143942 7.037186210941363 8.391884775681653 0.8848269905706856
9.439637459646042 3.018389244517138 1.104174882950395 0.822831600824111
8.659460833207206 7.185335845080379 7.42158720951277 1.144756176606164
7.407825432515553 8.695849079140313 0.6549305090919056 0.95220908070124
1.150923427463212 1.502827174658451 0.06768067428276292 1.019997307674993
8.423328173924855 7.534179663629176 3.03140797444614 1.080213651241209
2.035735887099578 2.225488847491295 4.017728966585017 0.9596405897486531
6.963283527949176 5.246739084122185 4.16537431675513 1.182083407105544
0.2783260933027576 3.406920003730248 3.247554620247612 0.8671635541387712
3.146013296180791 9.400526258580008 2.549118284665445 0.8103710303696939
2.787999929166659 5.540221135321728 6.295864369438539 1.022788737897896
4.131425744115963 3.285608140613541 0.4099825011474167 0.9449328882235611
4.318954274574239 3.084802789929089 1.295611332504033 0.865383586040298
5.473408747159607 3.984496230163082 6.068056183060554 0.775888551048557
5.6152017750197 7.47107287093812 5.707448221488968 1.056857517923059
2.355833213336746 8.585370191559729 7.494502960214662 0.9728957137398351
2.433006211676281 4.706328323832397 2.714288128901336 1.257565335506945
2.791310671844769 5.012517899077963 8.285240230050226 0.9707281620847633
7.239210970167032 1.641879921042166 7.400166494598171 0.7294809653206349
2.077443832885105 1.808920969367884 1.415357925247773 0.9055471106621604
0.01158577914920689 7.009804756586862 6.684309046267418 1.008028295103522
1.271857474190587 7.689060147968477 2.961498795070035 0.765238270566975
0.2475394066704639 6.933273535894614 8.628963578808825 1.244517114703004
4.588036082207637 0.7117847496336227 4.124465138369361 1.009492419178069
9.523003641001999 1.349872815866164 9.62888576463993 0.8479746454855812
7.166668053652117 4.225932658708561 5.107686901583556 1.512152444272479
7.938739971456272 4.492563395618903 2.899707236461372 0.9066538554319908
2.769767579038404 3.916014762821501 9.852492817323057 0.9157839127901631
5.116319427465498 3.045747709020787 7.646911865694715 0.9158401222444629
7.929309172655342 1.770843009407848 9.52841298861823 0.852851809644778
4.063405632840531 2.928408398448288 5.783231303041013 1.130071463380343
2.772363090014346 6.739234258756365 7.834235954525037 0.845363657139484
3.595351975623637 9.592360185465807 6.697216734925147 0.8702374262626092
0.5688613267960396 5.001188050187225 1.985129345400676 0.9871234716647939
5.026952420886685 5.933211902502753 0.5810857270076432 1.155887530699435
5.723126327187077 8.202996076914086 0.6545840443466933 1.126948001884279
7.070001891973567 9.398529639116108 6.136856058017901 0.7778303643809549
9.272548262236176 2.667890793501288 6.257105509762916 1.262712687177961
9.122283174993825 7.904047673411259 6.492516509075993 1.318318486479639
7.532966392640093 5.637924435109345 4.853301765005432 0.7238302559793081
9.014184015106903 7.396087003640805 9.875598345313588 0.8408127899233478
9.976142951346551 3.685658721887014 0.5782350686050286 1.114232607703598
1.682463043173197 9.17939140376367 5.303684919164463 1.379771313811164
1.31383642666825 4.40230520541327 7.052980256734548 0.9091387552564141
7.567902296539956 3.504026647384958 9.806265183484092 0.7424139333030704
0.9585571201941445 7.19097874972242 3.513634566328656 0.7448866625372187
0.9647249565895299 2.193084374705995 9.140999762466677 1.001917381585336
3.668654303678739 0.06726386823756036 7.405653803791056 0.8007077835475728
2.645233387715625 6.654942369783748 4.913881721255028 0.8614184650230324
9.314522100556562 9.856263681414108 7.296201786403776 0.7550878486966526
5.813965522843168 4.001647324692902 9.510977648312348 0.9597754119898546
6.783708021299772 4.475624410091901 9.592630530915905 0.8619599231326762
3.192482156368342 6.069162558944248 9.879778042270729 1.283452470633656
8.763140436737554 8.312584318121225 9.258094701607238 1.121088879560368
8.075619788681012 7.949654164249967 6.99787885100924 0.906562024230223
1.156919082850527 7.344806362109852 5.060203204113639 0.9881041976053579
5.608425551696365 8.493937141951262 5.603245225368551 0.7937593157133048
5.522750943701594 8.977782383633231 4.741153300265975 0.911918011648624
1.269123329761164 2.874422201888999 3.653709897308579 1.055010301793926
9.006171555947368 1.732278531687923 8.038560213006457 1.050167302092875
0.490821848573807 9.669704831354609 5.973657379009256 1.433789734023355
4.638048983235218 3.767133445950971 6.709099950074145 1.31477553752657
6.462840574967153 5.587353597030364 5.348465830432779 1.404778463333761
3.027553697054977 4.450843644278994 1.064381877197098 0.9476384663152365
7.646682796866042 4.017455775842591 8.85731777347066 1.213159972554722
4.941808718970655 6.140763012093632 3.074784455438466 0.9965358036213922
4.529743559754354 5.740574844080292 6.360969861008596 0.9381854222223843
9.814120392819865 8.655107491035592 5.264152336230714 1.231510190266084
9.973740188372627 5.472380172337584 0.1987706027918468 0.8492815498460071
5.267073054574482 7.326186776042781 3.285147373339425 1.356292245735127
2.970025968169915 5.104228964619594 5.225486343229916 0.9921205575744521
4.241321686652174 2.192928318011186 5.145745216521997 0.7326327733059808
2.769411579964775 8.4457948665506 8.43773474328693 0.9053305786168931
2.246483517433004 5.719116288507363 2.403038277666409 0.7635687317054977
8.48990042738162 6.019026177497919 1.958780059163335 1.011768995873696
5.680501121874437 0.393779091560138 9.470557145996077 1.572258936473566
0.1387690520347074 7.152664909385066 3.27480396469583 0.887723371436157
8.64975150604246 0.2785737379046505 4.49160886397416 0.763354329411511
0.7949701944614529 9.690715685160601 1.665757210753626 0.7934037007245833
7.432974985101136 6.72564947352667 9.139276451941461 1.009499108017315
6.396054527227983 4.39647173667998 8.46354596962712 1.450797384529245
5.438479759531565 7.149174235632977 4.510378734237252 1.072378972396544
4.022925480938107 3.091532056094866 7.606641419234053 1.17486917683503
5.09391310394378 4.389175129497284 3.815818940922392 0.8238695016911568
2.486936879289318 3.426133509842154 0.6020095466407205 0.9176224788529306
2.550558897712357 2.396998751886369 0.7341346547580797 1.054012585686059
2.116854194645998 5.602333583040595 3.36528506124653 0.9831060194426636
7.966995805778903 8.81487154266404 9.788825785087298 0.9051277561078938
4.44091478497914 8.809034054877429 4.523547108587698 1.081423827614099
9.831230605349811 1.687891328465546 5.743778620670687 1.060901007524634
8.179019410466093 8.369052383717008 4.87033022287682 0.7328476474374183
2.507208488765077 0.06792408438444864 7.712797159862361 0.7897634671763171
3.665709369747269 2.528544478879203 0.6592363024329106 0.8503443255460654
7.414090264636155 9.645645665985123 3.492616411296903 1.073477345656227
9.322373322218059 3.844854670040573 2.736595926101949 1.185436913401721
3.979226181029886 1.873845242389102 5.905336481151207 0.9368249485304834
6.269144070848855 3.588800595631847 0.7954607668866298 0.8098619477246547
2.902337356718489 7.653505875999718 5.153460218192865 0.9977534550408373
5.483232764490505 8.512369494464071 8.699097467891928 1.23919744940283
9.361743829540298 3.987439014302638 6.053320596000242 1.315530976363015
8.320318826122776 2.844018858465992 0.09998504259724483 1.043584935445111
5.417561148788265 8.549467245239354 6.552386129324247 0.7567296917616648
8.192026287112052 2.809929174279557 5.918968781874413 0.8161231804446897
3.776202992870094 4.563910093118831 8.214547767177072 1.076316899919692
6.454003655916742 3.623979388554405 6.152324279013003 1.060673784002911
3.679755881465852 6.039267643586722 5.55142192340049 1.394965950906174
4.038073254102329 4.119473638024612 1.374903912346664 1.211407064462305
6.461971702406671 7.112712098785015 3.868441344328672 1.244733107382382
6.018816015323468 3.259083663307133 3.188480919381878 0.7923378614346297
1.456985092991849 7.589706084606254 1.562613331749806 1.514106383474181
7.868604245605026 0.8647662558800763 7.244520125070189 0.8989468183343736
6.53862406219671 9.849769402237357 0.1926690370784223 0.8134690675254761
3.050861944924681 9.388249926764008 7.584641310072937 0.9302504602748987
9.761654944111843 7.729401283653126 7.725605536664787 1.301101466254454
9.699041723267884 6.371528957919343 5.00154812787819 1.098772058167124
5.529438743410822 2.222657057267527 4.659757885998319 1.404457528049038
5.576572576165586 7.595892302875971 6.86426625009213 1.055475387558545
1.765087205087429 1.525022619219514 4.824552391906844 0.8283591616069
4.221547653036141 5.195522826161328 1.728898513824871 0.9058797859789388
5.530628186399696 6.687508599910029 7.378330280842073 0.9469614364117824
6.859147684825014 1.997676366569032 6.774067118607428 0.8203639308134736
2.33098794933707 5.784303733467748 7.575976727560449 1.226724335748852
8.465410631582301 0.09112408419925999 8.666668305344036 1.090825829589176
5.585187334581574 9.748369225023097 7.144303808900592 1.427649609368189
3.100533095790408 9.850111288294949 0.3753184890217642 1.016811323968919
9.238061365938904 3.829100836088247 7.6188208659323 0.7737956118582919
9.254968957742838 7.104170670736623 4.424113680295901 0.893655524081412
3.800770519908143 0.7416076591308252 3.61334003398318 0.7622506167953751
0.5932613598746272 1.802623592250243 7.471302206774517 0.9363814264189526
7.142715722175647 6.174776589575458 3.493736915677879 0.9817879039577478
8.908960500010815 4.355079374850878 7.003750316761083 0.8494036378613891
3.344211153741233 3.734736754261927 0.5353313240793423 0.8489127345878087
2.019732810898756 7.168192103006242 5.276129080103095 0.7718224911476694
0.6830616055043193 7.818306924718438 7.131278774063665 0.8037326114454802
5.361781754998598 1.04313716028212 4.617335932954058 0.9023100148069338
7.541056221225921 3.371958181191558 6.001312933966879 0.8735633420619888
6.363138557532093 0.253588243893581 6.05480557757818 1.34486202892485
9.664337155224366 7.503340098777539 0.3720851168229988 0.7282481673198156
8.446792988797704 3.763025722480602 9.933056970903744 0.7366855923784978
6.169563444194258 7.904060919175073 9.605810117773377 1.129033180167124
9.640306840950991 0.8049623938070516 0.3193996397644472 0.8776891695772877
8.888572755776799 3.386524878026822 0.5958899519711847 0.7480418793064605
