6.366749705427592 3.692561395936515 8.642083410024055 1.050282144560738
2.945851671058378 7.08738315950636 4.271570064907025 0.8170721786614125
5.43985420893349 3.997231530675049 3.25001201786978 1.154599749669291
9.374426579212317 0.4245348969721929 1.946832098246521 1.361116814876582
2.578655851869027 6.43897599632587 9.880049659598978 0.8434844519113495
0.6703782897556211 6.500699486840086 9.01718062625557 0.9532925608407822
5.159320760628654 9.179093995677281 3.402576050014804 0.9837962960765253
1.299107601982533 0.8326602447307708 8.222763325413576 1.553823318654592
0.5906613454618459 1.464849889341228 2.183423487917608 0.7925321953465883
1.885629400775349 8.208605617266267 0.1713036413931402 1.490912358276163
3.325094303705432 5.168467914591193 9.931050240372334 0.7941077164207961
6.024020450625271 0.9992324129123764 6.232651587733121 1.307356387709891
5.890221509934237 6.468360463820487 1.91215524402395 0.9473027587882625
4.307728468396799 9.405706138845513 3.444136885091603 0.7447985220851363
8.934853881971291 1.991828519023219 2.006464894491876 0.7856969617019106
7.516415364787459 1.352504304436943 1.606618674454608 0.8785456267958888
8.566257355438335 8.062924508438572 0.4256472031303372 0.9029434706424022
5.819064694595612 4.054173481732088 7.819473338007779 1.017229460654092
9.060616892546953 9.987708208456583 8.356103765625669 0.8111849698684407
7.014694672839982 6.419547574677913 9.025331463184719 0.7600226644091403
2.090370375932254 3.54546122064701 0.5753627282698537 1.468085367456916
4.384310447121875 1.00978215953155 1.575743835383386 1.067237262830725
7.267957316951506 7.46954570066148 3.296632802897151 0.8491439948139884
6.826321278624357 2.678404539730416 1.453500079439979 0.9859983075330219
0.8491112360211717 9.680233796299676 7.874100498267514 0.7276395843252904
1.107042558452219 9.965101568080833 5.330320577447983 0.937431127224454
7.134600115895219 2.421899008319177 7.602528206925244 1.129749934807587
2.200019334023572 9.637444694691698 0.3774408084621417 1.332774289810427
1.080089933858697 9.181221792523795 9.637938758982129 1.103154065401914
5.700838534826646 4.057549643407266 1.590536085701986 0.8936806579206409
6.029116564564325 3.969379658223701 2.382151256339704 0.7813517383770637
3.538744896920974 0.7258064033749534 0.9700077309558386 1.051855135966721
4.691882162793836 1.833870633311531 1.813467186857265 0.727025183666074
6.779953588973418 4.129338082998188 4.613159957290957 1.368872617167757
5.264856953873279 1.748019357709961 5.618351967160244 0.7608006197361268
5.216989289807631 8.690471155483074 8.35545222387514 0.7418449839206008
2.740540991699377 9.362902798929312 7.554827482430911 1.134411286133688
8.747551634423111 6.427651491119565 4.111861294955529 0.9293512176612813
9.442719296850045 7.207471594121706 5.619421361928079 0.7814316543866276
7.63887656294856 1.731595367057789 6.971067742268882 0.800395015340676
8.67180616073764 7.627529106826579 5.544942612366926 0.9489628659481872
9.090730229552928 9.43408084154151 0.07348699410518635 1.003967935181233
0.1501117620930126 7.115668632076717 0.07585307303608735 0.8233020906872185
3.07294271470601 9.274019879706463 5.845051339327235 0.9883774966344628
5.003591090085636 8.10940123345145 3.132738823931039 1.151885154396297
1.83294650496553 2.947627248837174 2.352693871834942 0.7975902398449083
4.119110266796313 2.127009545398384 3.575950622877025 0.7473768903380994
7.6930892433809 3.687628488909869 6.260913272770749 0.9192100085986133
2.266376763224449 7.229603381709027 9.070792184791577 1.44873404880606
8.915751047077565 8.448672357257148 3.735422686623306 1.232931488506064
6.4532192863253 2.613785103885337 4.301198541730637 1.441046272797534
5.691547727993262 6.566884202191385 2.789626969347401 0.8210217297121933
8.858902590953493 7.282634450271301 3.266157461024974 1.099184649250911
9.59840050194965 3.51213912538592 6.602438386724288 0.9232407302255008
0.6075580902495582 2.643247815824148 8.451555675283265 0.8021265291197407
1.159388437392443 4.257350188473509 0.3664677196875854 0.824009149235844
4.696122029973486 2.347847484441683 2.52728793742555 0.9893031993522524
2.025166739724302 1.702147407207219 1.686871775063875 0.8240282417247481
9.331319805671351 1.087994651925085 5.627943836794594 0.9552400992650419
1.346631091302639 7.026846389825499 6.434463539834266 0.8747250664385157
4.80907777946855 1.606559212864692 6.420394121107161 0.9979582371573302
1.189799861489665 2.229547552562693 2.008394592426933 1.133560464446677
6.803206220220936 6.004887408788323 7.497181929644901 0.8048406391935354
2.594846289185805 8.391556637476983 3.216776058210581 0.9800297655665479
0.2491776690696357 6.989095352947519 5.211800002395838 0.8788207570119208
3.202282687768871 8.77896662406464 6.704030514510782 0.9275053162630048
7.970481904832146 1.058948358599319 3.014485565325514 0.7904184678431977
0.3483554335494266 3.115017662533172 6.142303445854758 0.7656880104877479
4.453558992811036 6.148544445694322 7.822092305251454 0.7376704778900507
2.299040250620554 2.811713337211621 4.098072939147598 1.085284882376913
2.307205351820767 0.2762483078371203 4.184546519088014 0.7342066604853663
9.269705221987811 8.939644470849171 4.776731323941551 0.9144603178730178
4.991134738433403 8.905179086115353 5.488587401593654 1.483790379118841
8.520813336604268 1.269398454991215 4.804463982593799 1.222733731801993
0.7470973646879908 9.223307140015729 7.013537262054101 0.948769291358921
9.775946444549739 7.158681983228801 0.9876957049215396 1.022408533638162
4.571827362678019 3.421965231450237 5.383999584433559 0.8156814222179398
2.849406819923256 7.266570902941472 6.136210300009856 0.8117255250123487
9.150339113703875 3.617192437474206 5.11778810207216 0.9576120109950348
5.533834396905003 9.545889471391042 1.202370354426961 1.021558011732051
4.663358920894208 2.781754656982336 8.7896706516983 1.250802022047905
7.067816955840527 8.218062693701745 4.754750172041268 1.029395135640164
9.820937608585751 4.433772405728268 4.817899569701022 0.8521481191474344
8.588422342968849 6.722933387992534 5.046957552676767 1.011990073904471
4.257540609992049 7.707277180638502 9.92585515794673 0.760568269630692
4.706690042273171 0.4798119649094735 0.5969261562827943 1.162923072702614
6.972674899364455 7.101063051893724 1.859912205573947 1.124457351862671
9.777458110003872 8.918346874494148 7.359455642004939 0.7855893190577217
7.164246815552187 2.912958517889336 2.283135065286023 0.7999350321925375
5.54021865661104 3.082195570122229 3.602685283084202 0.7631067010037538
5.453173918816535 4.096043757822529 9.313373781719513 1.235618713525126
1.830695231745527 1.934737171477654 4.386429673955301 0.9146609740778419
5.460865768138538 7.324586723980659 8.132027917890435 0.7241109723079953
5.21672678568124 3.378189834140871 2.455846542730566 0.7993158515526385
0.5811613672747939 2.680584400319391 6.823194008280251 0.8148727147134105
7.786676167854597 3.382245378735703 2.63470471323294 0.7706392644258226
8.09101759507428 4.918191775148602 7.322007848793557 0.8034871221923749
6.031221075404432 2.203404832577271 1.627303239993544 0.7348801203968547
9.650263904218843 0.3194880663917665 0.1641037551072266 0.9511663978979062
3.76258827752247 7.693491204667122 8.851787853592292 1.549619658517433
8.278665830184622 2.696271266606764 2.253480626365376 0.938440183555504
1.08543862083029 4.086705599424054 4.659113427676953 1.275534651813753
3.158071213456862 9.879219280637676 1.177105529945832 0.7578395653179902
7.259515131999224 5.251399199331241 6.047577184837296 0.9528497427964822
6.231352005499562 4.804054886431378 1.654272206919984 0.7387172213063591
4.085907119128389 2.476782319521484 1.822218580811107 0.7786327540991093
7.944889309603348 9.06285782185803 0.3205861647950825 1.297867848097853
5.712333714928957 9.662783382551009 9.393844441528078 0.876485476427472
5.054481293186953 9.171463979397524 7.608634228810523 1.033485213886994
6.768961132959837 0.9724528186824388 9.29316029047752 1.324214912438393
9.797647016688005 1.221126120212253 3.781210651487795 0.8648937385513505
1.515906683286325 1.410235603658681 9.292255179183723 0.7915644324239787
5.124637884842294 6.646228532011393 7.721966362520821 0.9161674674160452
6.999800174453243 9.141341063413547 6.491685538382623 1.21969869037005
8.961161887490602 0.5150834419450345 9.439952139914807 0.8734984266202627
6.813330031077446 5.140087192074231 0.8916474658729768 1.149171456293362
1.566261432508978 6.371081323945276 8.651492368382657 0.8527205240454385
0.4478441418304391 7.71572977153165 8.792096064322823 0.8325020304571541
8.010343624741735 7.522066042857871 4.247247821939187 1.463980868170984
1.620722072415848 8.368422044624598 3.744343785366825 1.035926556632197
7.821984961922706 4.933653056254336 2.068828967299834 0.7944535560121242
7.731643970222541 2.965593968383454 1.603632700902896 0.7422923179256886
2.322306330086899 4.297946596083768 7.259721215370138 1.012174845150274
4.39048327593938 4.007620759597699 6.365821670363616 1.227053950122565
1.412283383395194 2.449800022159987 3.24608817431169 1.367872140173442
8.017657548275617 0.4386227020328282 2.168353156919382 1.208131163272647
4.351884901809971 3.233692016384292 2.288626275088777 0.7851863021169139
9.157687552761772 9.168173346587928 1.761219213873247 0.923640717764705
3.481492689863587 3.456260764540672 9.548498801030137 0.8317303506203839
1.475007652898538 3.400726642972085 3.918562836857566 0.7921916484871372
1.737321305342958 6.280378218837767 1.307863572415439 0.8227915183935973
3.415904929194234 0.7091232825993377 8.915938616421712 1.296209046686185
5.447743156236676 1.39886752438666 7.431338688289943 1.384630329646232
7.085243651089477 0.4290542233842964 7.769310477930685 0.8875095249404483
7.866882790466544 1.424955019168388 4.031400056226138 0.7432104073815072
1.544786879774841 0.7493513328402779 3.937505238301143 0.936437653056589
8.033511941934172 5.629846730458595 6.53463592069575 0.9474315478434963
0.5254829255004957 1.822452177128968 7.930210883186715 0.9589115501741364
8.038524351641819 2.653033764534104 6.950164031265436 1.081217893743889
4.906736343689267 0.387169752019777 3.592014115721811 1.455701988960291
0.8271154309018758 0.1488273586519218 0.1037958966498054 0.9956466294754199
1.156780380306169 1.179590957747214 1.336079189985587 1.157214805881851
2.505039024747128 3.411251314338293 6.646317701700844 1.135115402609988
5.325449783168703 7.389532170327469 7.333797081842916 0.7682703295302532
4.099237309941071 7.687850023600308 3.459435543996627 0.8508514457607451
0.1904527018332358 2.7321232845485 2.717945982117663 1.081464261195684
9.3497913378965 6.903456252262784 7.558539713398239 1.358946128414369
1.713705452302504 9.663100709570109 7.662374404425275 0.9557534202782113
5.263668145777318 1.914665343905541 3.621583296465072 1.546268920393332
9.681580272309946 6.353819174080872 3.352850871630773 1.350254516815439
0.8741007827850056 3.083560923503458 7.785832199102252 0.7768426243570458
8.316749332539549 9.886646836984536 9.710686799549762 0.8490937959254822
9.432476057774421 9.327490421660244 2.837579776384605 1.245329581107051
0.3395005556567777 7.049742795465196 8.222798084016373 0.8471701714507428
0.7595905591916585 2.927615938464851 9.367427285790365 0.9601446240519232
9.022121893336307 9.687588390270939 3.916380670963575 1.097606263102945
4.350978399692499 8.340934526679858 1.442715439630635 0.8568425450170333
3.409687637915867 8.432707457173585 3.747638747143364 0.7394524709575435
8.541774053585581 3.263671789263589 3.013878070936374 0.8928925834677196
7.07256575565559 9.568963286991636 5.441584009138129 0.9758446336743536
6.268708516716669 1.772019999183332 0.03990479972210248 1.044783322828767
0.3232627712860014 4.488140908708917 0.4659169054784507 0.8717651532035566
7.42515060775205 7.605095461909755 7.659299807247719 1.20628354033329
0.6292033561947419 4.287162191872937 2.857529258407577 0.81792889480246
5.125141156294708 3.833463275372369 4.95666797489894 0.7351220044188246
3.137814977166854 7.65093478985041 3.660093354417603 0.8305657475762018
6.638373124151068 7.882145860035004 9.750183487343644 1.189002194486337
0.501453487546375 0.5632045376163131 2.098121922508354 0.8781884476669934
6.210048821950283 1.372360780908359 4.385252549783881 1.034903232169186
2.229511914747822 7.312572277740827 1.314134340960151 1.417262383995846
7.874506258088674 8.140946088002419 6.460966230991509 1.380600061638347
7.948679354804937 2.84630608073777 5.925413249119305 0.9136791499504738
8.57752138667958 6.348510125158596 2.655036119346983 1.132295466518261
0.4014089747438954 5.95936633847081 7.412461346252248 0.9794993628677615
5.738334300074564 1.12838294941373 5.196317407163176 0.7984982420735597
2.284862591030159 1.111412195246158 4.335461747576187 0.85892535672357
5.862787849949934 5.91735898749646 1.026542977755539 0.7323035993925302
7.843077637244156 4.183819173823836 7.901492684245058 0.8747186185828273
2.675479601735081 7.508069560333608 3.001458531265684 0.7356293131177682
6.667855594682957 7.528271927759014 8.654685591939394 1.055909196132519
3.500944558310561 5.857272415785464 1.501465173774353 0.8965313471082881
0.1560315033517301 1.526701400952635 5.325211519695612 0.8978042108214648
8.717194095740812 4.728558029124657 4.982490820058482 1.132412325963445
4.210611421950937 3.369266845149074 4.398505047704373 0.7962661830512907
9.23460390534696 4.440424103349381 0.1593000960684565 1.180311619269571
1.357343444707981 7.902509319668326 7.284038731669304 0.8527005117066244
6.790939422990161 3.358659379203938 7.863991968068314 0.7519766840278992
8.771093352354194 1.410837714600311 9.22204138736136 0.8978613590652731
0.5442212687368608 7.23012176809087 1.708914691182837 0.7354326234376243
3.904426175185614 0.6757130609215689 4.937267434027566 1.237322558582804
1.64686005686298 0.1153608932350336 9.419519698223022 1.029441287527185
3.021251468577764 5.27302829687845 1.008788054217211 0.8372268353806787
4.192913228471452 8.824754080938639 0.6327913776862693 0.8511564950832045
5.077079273619296 5.799206773906435 7.266566859533539 0.8305464897630809
1.331736812987558 9.06611625400417 5.2271855051553 0.8266180504342663
0.6167280044275336 2.1850861216303 1.128638161005017 0.8507497422413465
2.709483979790217 1.59112136477291 6.6992039815224 1.106002497163072
9.315126338164628 6.5627913969647 0.1869022812729371 0.890996836829132
0.492045726107021 5.26690013255969 4.157774481791487 1.409013464014207
5.756000363652054 2.955715414699156 9.050116629494237 0.8048203207220659
7.265006491661491 4.106497129499775 0.2437689912385533 1.158830401115475
2.911832972716795 1.532389871341959 2.535729845460477 1.139866208668521
4.883093427741913 3.802640987357414 1.840340080378906 0.7393263425918495
8.788550774183907 8.155686889367351 4.778061833180147 0.7687129196538995
3.155020397575853 7.41337768834391 0.2270161748492472 1.374538719387643
0.02609403382072384 5.247157348933643 0.08134888324959567 0.835045662838052
0.1600265972710446 2.034115741324759 1.822011479054213 0.7555360369504784
4.716674602893395 4.059215022191238 7.481614382938103 0.9905594544122268
7.99898949837751 6.309770024789025 7.558267827419519 1.434791955649378
4.169978967819556 1.351697100838408 2.773154568011479 1.269164838352052
4.950366367262606 2.334492433290308 7.144249719283395 0.7557211616013116
7.189668637036794 5.719382337633647 8.383955494107068 1.109672327013914
7.514148652846574 8.404380959694514 8.714836509655091 1.196220812238417
9.153463590411597 8.05231564506966 1.303081514226907 1.171846071754641
3.590491683119911 2.820501219859073 8.936807903843402 0.8828410785194565
5.578123051547 2.76458505667451 2.908249049818905 0.7212892597186299
9.439372228648775 3.046861791452497 5.798817069556977 0.827004166097105
5.717480139686672 0.4613076129088656 4.542055864195893 1.005216278615245
7.415714632424112 9.927608971886741 1.400503884568375 0.8885329720665259
5.857433204648079 7.611571660597338 2.280274031726899 1.411912959458965
6.283629113311267 2.447046251082865 3.160455714734106 0.8323549816843133
1.474429323881107 1.363815798905157 6.765359086572456 1.337047116913396
4.020898866154464 3.124821188346309 1.300211950635712 0.8269904081839836
2.830336729241395 6.997544499220161 2.415646824397327 0.8207297015908903
2.856346969401999 2.900062483257992 8.314495901673272 0.8806438628971418
5.404820917684251 9.677866836067992 8.485506911083384 0.9672303994372476
3.264284412749813 4.001014474178695 1.334825509058217 1.217917220986222
5.02847324436912 5.124711259533977 4.292359920934754 1.264077869547119
1.627276144303848 6.926796137148706 3.495528096059405 0.7955771359062354
8.051917007191916 9.457517677320821 5.924519473046337 1.179754445573596
6.664785113938935 6.176571651397524 1.372718961977444 0.9781212988733117
3.11105557491129 6.67380836906403 8.458831411429729 0.8000407884207839
9.720414010041491 9.271652432271301 6.617588481890739 0.7872880098756576
7.921638556444886 0.3528355602583 3.981227705178024 1.298267208030116
3.329909994498642 3.769532270358975 2.722703642075303 1.537718870490483
1.57211373024674 2.3298072329754 9.168607323687741 0.8834328912118775
4.108014771398604 6.795815645100221 9.800355653392819 0.965240009460654
3.739557781711734 0.07400717879481822 2.861527001317322 1.247636163768946
8.080549118644175 6.018116321334364 5.498341168784477 0.9159301109108516
6.911212146959191 6.798536192308893 7.319955397995728 0.764061562608178
1.19491784900159 2.468344013923974 6.282852182394739 0.7666218007419024
0.4170973788652144 3.756157824952916 7.267253194651887 1.086811998027475
2.724692779328605 0.1204721045587176 5.975048324525814 0.8023904040157973
0.724219246353568 3.086204101885766 0.5304747286374412 1.264916997168597
4.865474137963583 1.339096852162501 9.983648732876913 0.9202868077156202
7.262609468628162 9.01300825418668 1.283923087374967 0.8990275243119422
5.152947189705715 4.447192046411176 8.329824808116756 0.8013629039381048
3.300106848580135 4.398009644926714 5.947781492237549 0.9517349686292622
3.929180045882142 9.370006574477763 7.464209633920579 1.17346745362353
2.193802290747414 6.297924034800475 7.057769497745177 0.7457158972134376
2.9240709858223 4.99166522661987 2.065161102082332 1.246059676298648
4.593848509131937 3.989926686452472 2.637903373803802 0.8815190772287195
8.029674249406208 9.371859164766921 7.04531828467095 0.8769765020177454
6.875962469402113 2.419563399406245 8.985373404486204 1.57280537954274
2.540416256465957 6.693027795437469 5.28212230668365 1.20232024399855
8.169100596617376 4.632125839495425 6.022523971885308 1.187646210022201
4.337842004727436 5.796153218590883 8.528182354900029 0.746603717078471
0.6353414087984988 8.712086784213001 3.024837761436954 1.363215011987267
5.143505910338738 3.343685577482211 6.922114971651617 0.9768109130857543
4.685338109195579 0.3784545085893087 2.301022313777389 0.908897127293725
3.201938187838448 3.570462112518517 8.725024128312432 0.7880447502120096
0.2230832984775178 4.192324614197427 3.791597418106525 0.8780000521604671
6.271012475787762 9.794490199828003 0.184054375703816 1.019624979891599
7.208186330554769 6.01637641762252 5.451922055514425 0.7342723336216384
8.124125247550118 6.646264305832492 3.522970783784027 0.7550132882892748
2.210117010845446 6.590947590285265 7.955884205053632 1.057544881195324
1.060580088544566 9.133565439872445 0.986462807435452 1.354110390532976
2.06983215213531 3.018583679080966 7.646253572770846 1.132340949026559
2.673429308453939 2.548214985778364 0.3305886690626569 0.8426296275622466
2.514184886433766 0.9389762650496003 8.30802949074854 0.8390314846640005
9.81683628878894 4.402751172914939 6.84194670292089 0.7769147455657486
9.536524889805374 7.144722486409165 2.215899394668349 1.377339639100361
4.113999290867717 0.15817534971173 8.209496480828431 0.809793876378183
9.568168145785901 7.063230839607429 9.084422309494753 1.385455413626892
5.048027787199675 4.815192114538775 0.03807172368515466 0.8658139000688633
7.298292753121144 6.842762839187377 9.916573270589067 1.193079029171526
5.612260321930591 5.300019720447851 6.716811314657622 0.9122482957430206
9.142972453113535 4.073433104548506 9.015631537124921 1.049244051288649
7.251335919193742 1.236777793377261 3.566576076307749 0.8109337090639412
7.612076672837884 6.164013598228671 4.455901139925342 1.330034770927984
5.404833343915406 1.226611409102462 2.342377338694535 1.24076425334683
7.298080900988446 4.528370303423667 6.84407816612876 1.153528374173695
3.37817895737921 0.7519390744062794 2.040304689887594 0.8866821019949255
6.202153414503552 5.77721561409663 9.517686711861655 0.7989801106926331
4.970218062158803 7.948501049970869 8.632818765050891 0.7903220371263968
1.515760837287196 8.330441537495252 5.570155206239007 0.7546620908863078
5.790807639281648 2.758969136305975 7.878631621224124 1.507565413229425
2.161342510863881 3.928626038523625 1.93157560024329 1.247541591692513
3.325201461900772 4.93443628079324 3.086685886251002 0.8074102295733786
2.365696097899453 5.747195131741673 2.693597777025866 0.7544513796785133
3.974449996425511 9.615859540939445 5.352726361554537 0.8606429138398908
8.696597473311044 8.337960947171286 2.45813187502253 1.283135564319499
0.7249481303612715 8.139773640754727 4.691693270185962 1.546524171471803
4.101638591912649 7.346176333970774 6.004711912646012 0.7911752813257612
1.418776314006366 3.108469578785864 8.527405088786761 1.011654022095789
1.123507450559116 7.879289911456544 1.347026367526747 0.8740420498470618
5.129870878797274 2.806633891690654 1.452470762653697 1.419429138495184
4.06842194693523 4.929304691486077 2.442311826398361 1.103686423542056
9.684906523118688 0.2468717271905941 3.393511898568954 0.8487033682945937
9.540096590146435 1.963655073060403 9.743468321216728 0.917117596159375
1.543952211573792 6.299386968385078 9.669265543684197 1.135852328589394
0.9902818753060127 5.879410762350287 5.909247763853185 0.8030551883171237
8.62443620319932 8.937901717870618 6.631407683494023 0.7810707381767195
5.457878518675511 1.466672560734495 1.023653965737905 1.36433156732411
2.259895509097511 1.915014349656948 9.773962311472108 0.9524800397500138
7.277929790145794 8.329592206330878 2.319987709914997 1.509309000194238
6.262601536650767 0.8295417605988475 8.183405775052199 1.0414640442681
1.218419112127419 4.400954734680254 6.948319794448005 0.7807743605490377
7.319535485298695 5.343508080322906 9.646201117320478 1.48391186070186
0.5665625364493543 4.976660957143581 2.248876480187498 0.8160730589497259
1.168205560563848 9.525766279437443 4.131031271964511 1.508111948357513
7.554132317134651 1.296583473414868 5.589679584261108 1.004891174709537
5.452070918388798 3.554014984218603 5.886813133449531 1.157157959108987
3.916680861558456 6.738046739304071 8.039843984214746 0.8869295532995204
3.341896866938752 2.822497778313163 3.633669431691962 1.020430276253823
1.000560545233736 1.58625086502933 3.974918434250358 0.8712533570988034
5.766417577486979 0.4044674336568344 0.8832370513846632 0.8307067177742337
9.326254824806812 1.02781255820541 3.136667765306814 0.7461657047092954
7.44407384806975 4.99639702323958 7.854246929482905 0.7231192603377269
7.750507108992736 1.482892132343202 9.140036336546588 0.827789860822531
5.417157301443644 9.787185794461349 6.18945976048688 0.8684522778742988
4.703723990263661 9.46591705504003 6.724644369211584 0.8568691894462348
8.724339591336452 7.248732932611743 0.7897827237486732 0.8317235604728335
0.0518970097616045 0.8603016105865758 2.735874444629887 0.7582030020999833
5.6437415880915 0.334535369994915 5.472624229726655 0.7859458276068169
1.023562758857547 0.8874260482791309 5.491955632599928 0.8710065043958103
8.723030930829255 3.62172196359701 6.079589673337325 1.057546835949356
8.824763279211211 3.454307938992391 7.03077747604832 0.7632509063448309
5.761104033060429 7.297582160608787 8.919822712242114 0.7457430691315322
6.78825601947232 3.130308796940936 5.618085873048253 1.383775122771973
1.848062940221519 4.398951699251727 5.892376355689851 1.590740303777441
1.259390073337954 6.857421181492856 5.313319944170939 1.008548682592609
6.496480224739741 4.87513216292712 2.714443057342956 1.268810403902699
1.056323067212952 7.663986277623784 5.776643229695983 0.8507417603945023
5.776402872611495 9.924351571810819 2.449974749759168 1.417755090353997
2.759986572591389 9.387795550981023 3.025135680111453 1.000820489275335
4.644837076579597 6.938122008973336 2.781422191604565 1.353912650509281
9.030380270926379 0.6847143962241808 4.017864992460177 0.8713283253194479
6.280278316064591 3.409912023730934 9.997761724671578 1.25079628786729
4.367196099595604 8.588045773594622 8.112849927962428 0.9909160702858066
1.011603645931951 3.459569180795852 2.471579891807941 1.112842581026367
8.758643760886345 8.644378579156733 5.58199383742312 1.047000340142919
0.3794103301856256 1.712273205518842 3.129547321292736 1.107339966417899
3.40728321828013 1.899094906497526 3.415407173919309 0.7429918794963102
2.013753605902201 0.104721387590101 3.385566787342995 0.8495121703709497
5.775228123164243 2.376727348272997 6.384015489587687 1.42925786249468
1.186392977212003 6.125745664562579 6.769870570618968 0.7370964891692362
3.439517977865516 0.7961060044898172 6.790481272438825 0.8553087640593874
4.738583575833314 5.877026016227238 1.72903613029595 1.546666385776834
1.246676593317596 0.109811220717776 1.689208449551323 1.003599250682667
7.032022863637708 9.658292110061717 0.6988287571251839 0.7638890232677862
4.200028793641001 9.613134952021284 1.494766807648062 1.437795729993587
6.073705857822924 9.543517324949587 5.024830434318037 1.13539257519816
9.893285639128164 5.510887388697078 5.987717460199794 0.8291056116546659
3.089006365397452 0.8099786550682875 4.226899239821502 0.7556100136105699
9.641762148618316 2.692804844530792 4.833026483631736 0.9936303843689174
7.588274425180998 2.414158224720524 3.287460531813823 1.560890251986256
5.64321948874785 7.107916730411707 4.652892054687924 1.049054209241319
4.44309070137321 1.110658883984834 8.227329456857287 1.165264332227993
6.691462905863324 3.630675779360464 3.2474694353636 1.406273946838529
7.991856880174926 8.147673857251208 5.279915150679867 0.7684640770587353
5.639131476393725 2.244077949199374 2.325374029730542 0.8054300879494353
5.518098047187408 6.94093283609212 5.628634570441722 0.9105574323484914
2.195570814344954 8.376817123095753 7.396468902764843 1.050775548846756
7.553701407845028 7.404300967044589 9.029596507930378 0.850236399089254
6.567167788990603 6.958995246793267 2.979865817403595 0.9343154677326652
0.7828264960339915 7.830956143555414 7.950824481519443 0.8763542918255719
5.828233311653362 0.4321860180110315 8.996989673523887 0.8245041059547924
7.115205643564837 3.195477635778313 0.7303071439499398 0.8516914491348272
2.736813086295975 4.339016004914861 9.455478944103865 1.4029113128251
6.837201534708209 2.128091106322391 6.721939439325304 0.7257415329040504
6.671615849472178 0.582816528159429 5.202040781919014 1.212447117858106
9.674556795432938 8.979099876572375 5.845950787549365 0.7375647877492185
0.3416799409210824 9.472205939116686 2.023148991214423 1.156097254877261
0.3192171409595768 0.2234873120657588 1.083142443228833 1.176398907248316
3.269769255190172 1.221120066456199 5.821924250805571 1.04111864217442
2.668893514573496 0.7177815718543534 5.120937701764615 1.02161687015633
5.283486684083126 4.837618556839029 5.626613263670579 1.44014702458003
8.535347150836484 5.236654757777385 9.721974915448023 0.8426387835434219
5.162463887594421 5.740688499723706 8.183632063274933 0.9836651451138676
6.569220705950477 1.7210852318379 3.55521823325484 0.7942623720454116
6.292822620586781 1.660868304895884 2.729358797689745 0.7634280314574835
2.814628583205127 8.91524363927201 9.901027625582971 0.7423165721948304
9.549941438161351 8.103851155956201 5.26712563550537 0.8714469526777111
5.671060070949757 8.292383273197659 0.1120011189701109 0.867679589591576
9.962421021163941 6.131553253892918 0.7159397421087567 0.914564508046145
4.122804027471687 0.265612221686039 6.692438023867568 0.766898233020756
9.891543181547537 6.026014814196901 9.599320264431878 0.9422972671224139
1.545790148339938 4.868423861917868 4.064878281369646 0.8154393137273747
9.224335749132614 3.129049708430043 2.412810864522771 0.7717932607507427
2.105987827194431 2.14448384708111 2.420421432597263 0.7459555486615955
4.686915632400033 3.480986675513193 9.695032284031614 0.8364236490711873
3.002551867925464 9.647750605013931 2.047792951789822 0.9935471421206573
3.460285122950882 3.40049931304443 6.329588833837927 0.8400554064693362
3.743001745535456 5.383418539989115 0.577161318874997 0.77041701111706
6.588204829604392 4.851763447923799 5.428937918234233 0.7468103052781104
4.176133626032009 1.937891141120429 7.451780300003027 0.8243983581200872
4.227873926612412 1.734756049079019 5.542984449139748 1.087090929734289
8.030594638874971 7.517546717456979 2.858587993257983 0.7328967889707523
0.832298001260523 6.127315796950328 8.150669319088985 0.7212051541847676
7.324011442446601 5.490497177398747 7.104535315370264 0.8087701168985288
4.486565542179405 1.976627117731552 4.569633865028241 0.849684899554064
0.5840697501519766 6.446427604329014 9.90442583274228 0.7588069450996651
0.2417997265856431 7.69195930719616 5.687903726233912 0.758185301676498
1.680711298589088 6.382829746669219 6.02645744018238 0.7565126720437937
7.701048967085996 2.360988348667821 4.912605100128784 1.332211892773533
6.124592691830919 5.040387652928003 8.606249791758884 1.410515698142886
8.262092249113305 1.787422386342816 2.362765824560441 0.7668554928849434
9.426588073844592 8.00171278217767 6.530861268920257 1.565559828554232
3.751312089174506 7.247373928808603 1.605277520854321 1.600508323000307
5.370632953753728 8.954900189660759 6.694687443360017 0.7780580267169919
0.2946844740962895 3.747873333326689 8.57574547134149 1.458907469503373
6.08380897805313 4.89397580229204 9.936924361036796 1.083328788871276
5.576737653472627 2.01180732155727 4.860476707362412 0.8844383014947884
6.034131853970311 0.7174412735194402 1.634790254773703 0.8342529969370707
6.207194142598847 8.717683843148286 7.10950393593532 0.83512934051287
7.733335903359158 5.991769348147345 1.812559871189948 1.29506091782442
3.594899464773655 3.694699420744168 3.871590271182405 0.725597343337151
6.204774892205254 5.949585557296896 3.766769825180864 1.601932458851633
7.478000759354283 1.059622835820188 4.683735142071325 0.8371815855435247
3.195010458192855 9.88153742443113 6.7264499420805 0.9521316732564212
1.094580727657518 5.452308933747865 0.6506149542016394 1.559217561483859
6.149409721903007 9.69305671420674 3.750873878986556 1.271765218224365
9.827947834709169 2.548573643706566 8.893037266417403 0.8593506401160884
6.667084954694709 7.276794389806812 4.126569114394149 1.188659009435638
9.180718055264302 0.8825655659454623 8.512988802985285 0.9802001915069818
2.42713112090599 0.5362121920081176 7.285593328432562 1.315808074394727
2.292861884608593 5.666515019817517 1.093216515388308 0.747498188979633
6.122793757858812 3.376874487110152 1.093367206633962 0.9083412530595972
1.884340324390271 0.3643884135113618 5.724052146858801 0.7698589135030346
7.597190684425244 5.029410392637097 5.031845743831996 1.134751656133222
4.739979315111054 8.82909273295871 9.463210567845961 1.594111428649197
3.278608553183313 6.623028886415252 9.400832640407847 0.8520472032474288
2.697651230346622 1.609462117987335 0.6597463047497177 1.073192667914935
1.392493854994892 8.309829567965052 8.778536153063222 1.320294712673325
7.098331383526107 1.532605460336974 6.342438190701103 0.7436167984300556
8.902828595747064 6.252014466643661 1.207794567142299 1.313904781597812
4.078341103905327 4.366789580662976 4.956824711734085 1.418760518298434
0.3084939086990446 0.9264703075924086 6.348931586438979 1.101815927562096
6.891228089090447 4.307789876199529 7.898817630588375 0.995341725704623
8.829933149136268 2.272595506120416 4.875146020991064 0.7487976846380738
1.240219996657267 2.385141481396067 7.379816219760214 0.9689861503366797
1.275676879938352 8.761621354415585 7.661894603004602 0.9225388108877354
4.84558029010778 0.1563437156699732 5.128496116899847 0.9015118326727576
3.086299337211146 2.4860984605715 5.941476828356731 1.244782743455263
8.468537985021685 9.349949137238841 8.462021996656247 0.8223954067957717
8.400836674765515 7.356222776188404 8.376527862553703 1.220845807370202
0.6369685596102281 2.555531574409647 5.320793555303735 1.179630371352406
5.043417475155349 7.066050807748487 1.621710386196665 0.7952350752862926
2.832918157310117 3.585216835649242 3.845285805858304 0.7589339604724439
5.431347288517823 4.34003053070496 6.763829213954789 0.989944119603325
9.462729114670216 6.295907477096061 5.418412976601983 0.9550510910363637
6.260678474720264 7.522951046165356 7.580055590459272 1.077539681808073
3.732558149543747 3.422456413257209 5.518801084454386 0.8291230140983198
4.186595079596056 9.669991272541568 4.413162285978371 1.029774928234371
8.602213325092681 1.328494903021658 3.562745928664402 0.8945723481720671
3.891508339719466 1.737942102217003 1.881288753742376 0.722061907911843
9.704240956372351 5.035489354906518 1.391359493345979 1.568364189904052
4.859946206523481 5.11855111007952 9.069131651555312 1.139820991030254
4.807802791394736 2.125029068335743 7.98455996712969 0.7968045758435512
8.674942021387521 5.373219411911754 2.15449754252904 0.9968838279847434
1.699584980610719 5.545774674018674 6.385533986635177 0.8846195117221122
8.627809734610212 4.071113259184292 2.036326785573104 1.462153247741656
0.567698308644754 1.886885483824098 6.980844666968641 0.7274686972578843
2.283176102693919 5.827917265978411 5.847707290166782 0.7468131863232926
6.575621384866004 4.308915256366041 9.350361774009739 0.8106248944542142
3.066130614586738 4.803284050526059 8.038823778180795 1.330406556233532
2.561500978926798 6.466441646359883 6.320461931292779 0.8828986186529363
8.050911226878402 0.876174402765222 9.963503910872861 1.180087684788612
8.703279825793496 6.665865216393468 6.290396631492309 1.434165872816443
7.533465679471026 7.095506470403782 5.559770858455217 1.409379347647961
2.205898960815934 9.681017897689275 5.043857123579518 1.218196900820941
2.186273372069643 3.586587613168887 4.826460193197503 0.9828916120652752
2.732615985931435 0.4908219582940254 2.648371024783767 0.897378139734258
8.216802746335473 7.256872734162445 1.839221270238452 1.30035293017345
2.00807727028903 7.004443785794035 0.2199990759876991 0.7933054778370683
9.987108589980037 2.593674531925616 3.825630252160767 1.061092868309293
8.870070604180267 1.989633751836066 6.914801392743943 0.8300409283104044
3.049239650550357 8.651126984736546 1.130624253111625 1.598443278802528
9.90748393234637 4.366632679268535 9.450281637549473 0.7447037371462926
4.064370680817487 5.144759003580085 6.120703559887268 1.139019101311354
4.58953927152042 7.494994059442675 7.845457605427252 1.004856045419408
6.373134067533606 0.8609424936423106 2.430548860555799 0.7569286593310063
5.358930846704904 9.752845398748455 0.1503459906068672 0.7684030070988386
8.97666246258312 5.452387006773497 5.84098137337229 0.9771479157166347
5.823264534584392 3.647249070514569 4.104299004811516 0.8009353310373324
8.532510275441735 1.300747477837326 1.795825085890812 0.79135786303863
7.123512436225701 2.860145560342238 6.669141115005783 0.8113393085136207
8.32650825080216 3.984587357117259 8.593846222224895 0.7638387446992267
1.990641545173051 7.497244203415873 5.92015305318672 0.9494498211328863
7.403795927831395 8.717776379223013 5.579803530578299 0.7996681544913125
9.697486555784192 3.661355688509655 1.059633895415905 1.212320911556744
2.827421015485199 8.243120113881366 9.435361458376899 0.8479281712869648
1.236310089079776 0.3719796970979194 6.180245496969688 0.7390884825963767
9.509382625028255 8.613043473141133 0.3236801749918905 0.8279657400780625
3.869698119876726 8.821693122906636 5.751017770893408 0.729955406868988
2.014398208326402 2.438363313381451 6.702591735546537 1.012289602830965
0.3662793434821954 1.299640353882136 0.3215391151570846 1.382900345802958
3.564104194495852 8.536823117250947 9.832050890801909 0.895074189918612
4.714700602416893 4.495885134462297 1.417261413275608 0.8901656117535786
8.0634099311452 9.289707916490341 3.150352298295848 1.332351514397831
7.16758108124171 6.276909063560235 6.510847327509926 1.140014115716368
5.913532375787391 3.465393618125728 4.990647875460489 0.8330773775736752
8.998461347792112 0.0385507212598124 5.132304547773636 1.389004359920223
6.712855386145871 2.226122776927561 2.23584541611881 0.7829538424392568
9.16128894509019 1.198821439267342 0.1987797755839771 0.9661968019569154
6.14568254511452 6.431804717866914 8.299593068847461 1.384746698458116
0.3888288962560005 6.0681448547341 5.174055026600107 0.9432000517548956
5.701631556009825 0.7513139364596755 9.969016658636686 1.070515885910655
3.74811221742925 0.3802339166124391 3.908040620514768 0.8917981211381841
0.617672841375101 5.789258465052328 2.978262719246401 0.8983874744345265
1.778167991999155 6.49511663870191 2.517482663751567 1.026439295353502
9.5093420876008 4.439710561124899 5.877864150235841 1.185804305226312
7.198614420060793 1.373494959217909 2.560612360182174 1.051885052967944
8.969479890919221 6.052245605518104 9.279829036533144 0.9414378161438781
9.942669724446706 9.027129672729927 4.029701247670916 1.042079825554751
8.621859160787306 1.445093768523956 0.9012863544291561 0.7416654161701469
8.251217657591095 2.193540817018636 1.332986604889174 1.090704862105585
4.81579465386747 5.606761498789857 3.121871429567067 1.235121093385001
2.005746142658881 6.297626317201849 0.5439014422944299 0.7319507374219789
6.345439096670836 3.599088843767253 6.868211810839358 1.292938446037052
2.725562260710146 6.062222019226131 4.254796329586737 0.9400459299668463
9.863212856887552 0.1405057402967247 7.439911813143696 1.57914810090454
1.635871835630883 5.821023205803164 3.514506798998601 1.336465870297139
0.8361229914477719 0.8060186564772598 9.351520511685328 0.8250780578578177
3.992734325692283 1.980898794157524 0.700158437495958 1.564705655922917
0.5529135766366556 6.170474292723294 1.860473143263393 1.349077849644188
7.165319584165276 3.639348305805203 9.271143858201823 0.9169252230142592
0.8190225347582913 6.836416732352163 2.923616180830197 1.115892084367428
9.602845072955974 4.896686779205285 2.952784798238202 1.496862733568789
0.7242806905954003 5.725285915454774 9.55748136449081 0.7741957512254074
5.515256586832365 1.610070013602502 8.915455372864994 1.523654401031116
4.745661429717787 5.000701623665289 6.864813573701865 0.8622905820826641
9.297159743182652 1.057118166799429 6.675155439245769 0.9511133744036101
9.476587062741936 7.362113565672113 4.378610399507371 1.409934759545265
1.104556196565739 1.597954323242443 4.909204800629847 0.905252747900553
0.1119321375187243 1.035300293936042 8.461655834560121 0.862368776489807
5.745083111868312 5.688517766264331 2.649507756522288 0.8100083869121814
8.858132978913272 8.442772093044978 9.21209905167456 1.599211447987098
0.4167838632799248 8.345198316854157 7.234266682045321 0.9162520355860344
6.258187212043825 8.568405998135026 5.479752225639269 0.9920073196550927
3.868552631790688 4.962954823422253 1.371490499114125 1.006848683524644
3.191875930312789 1.485878624999052 9.757411512060877 0.8503130297335642
2.562757956487077 8.342265833668163 8.458122394857178 1.010750682150722
1.533033725144589 8.129654905690236 6.435612918108156 0.8573353629081042
4.917073763284606 8.874878930128318 1.005527148727746 0.7538583768664269
0.9469739707284808 4.21433536409494 1.463620005198221 1.35773993691407
6.238406661828631 8.971202765308551 1.721723535416993 1.039949936004671
4.108584167681567 8.090917438711372 5.408786636360936 0.8693077662983639
4.157554270178905 0.8320507287373492 5.998956395122397 0.886337319737036
0.430098184601525 3.888894758828724 9.853035219776265 0.7964450196360868
4.907488451751096 8.020680748338062 0.6213281522716529 0.9851232712464508
5.752160409911858 8.964906477769633 8.868394817796363 0.7273594063263622
6.909369884945667 7.327863708629639 6.620333991454273 0.9125626904072273
0.2721265272920359 8.623582211930417 8.838473888255914 0.9226996013250712
7.597472662808022 5.571690461603137 3.182870009478821 1.435887585602987
2.820315560433913 0.6906925563681832 0.147484824235119 0.9749108629887089
8.929169096696974 2.80444438104086 6.541534996188987 0.8205982690617379
5.397744449969627 8.245626918119413 7.538807045124005 0.8648627499775614
2.12439374018939 2.495234856094894 8.482353200226767 0.7743684126010957
1.092097741488854 5.001670502348732 3.028280554471552 0.8001290756840918
0.4155458360830234 9.81505244936405 6.241730590868086 1.060737688246039
7.210162658528157 9.750991784573296 7.297750080248444 0.7356549891812943
4.782808465191171 7.829671786747294 2.217459671711404 0.7329030549665241
1.382463693570443 4.00500896866848 7.858100254726731 1.126704381434948
3.424542955100428 9.252110898191088 8.706292339636141 1.470114963765465
0.566342864070426 1.800382652373574 9.06231003246913 1.23475679571628
8.376609529500993 2.007847237293271 4.074836113440155 0.7525882187025799
4.002650486661996 4.288785103417715 0.2150602596467755 1.452466470972782
0.2767261929702836 9.70630717062647 3.36810485291134 0.7266631616147338
7.485940127280903 3.304555693399304 4.210793487323839 0.9020001341756322
0.2811141470819234 7.428019428295207 7.355064716798894 0.7713146069085237
2.863533539056359 5.3056237477937 6.665200699309685 1.472868220413035
3.137697602689771 9.877112338917636 4.43036200751957 0.9322747683229967
6.190121762887927 4.115098265723795 5.56462212501227 0.7603354521437141
8.416465522751555 9.731837906316299 1.284483592095667 1.12073304684133
0.6355138052083575 8.645722849048186 6.038901205963327 1.282024097717463
1.990081651541211 7.667444544588589 4.907879221634763 1.063090052060541
8.437059821326141 7.228829841210223 9.785778913171955 1.167873188220602
9.652564964219222 8.052864239772209 2.950385754409444 0.8410967875469201
1.322644604498194 2.174592726345369 8.312331385978142 0.882203449894273
9.542264963792578 3.543858481654412 3.244459308808766 1.157591611893736
3.794402347457166 5.618690773664103 3.974240285503006 1.349911003600615
9.406988921838609 1.834272917985774 5.092787186548954 0.7383652195687663
9.641625524358407 1.511373112332155 2.321389678835675 0.962753121649271
1.472891086394021 2.936466649660914 4.71038449071426 0.9177190634942949
2.712465702140417 0.03900190403300252 9.411604797162402 0.8495807343448532
0.4977752215486375 7.716745694568303 2.447606386828816 0.8719911994315582
6.727737978279492 8.309187638036644 8.009436467486053 0.8585983226575634
7.109948386346125 3.992688051934563 1.687759723658489 1.594845284966052
8.57818908507417 4.143273517327651 3.258578243245378 0.8833780654678809
1.911970524568813 1.739738831017812 8.69783298440751 0.7325802905629764
2.512677451594294 0.855453428778772 3.420481486135859 0.7294086673949428
6.115758784105298 8.696388427550781 2.953134068395288 1.130776505970414
6.469462838444863 8.114873336960198 1.453129599548706 0.7740199776791556
9.709218775590081 1.065664287762867 9.373248646738748 0.9351040402219207
4.794742148220448 0.206535962669121 7.549153957109121 1.041761912561558
8.330128113236889 1.175754335909973 6.781146573899592 0.9645096079047184
3.656984110206067 6.357363382008611 5.990564445971126 1.327204248316865
7.234818385700678 6.64342380022289 3.569084703261052 0.7588816961665649
7.30355475086 0.4618791975637005 6.444731499218504 1.386039126660195
9.933954631112634 0.1383838499751755 4.295808607007999 0.9766034746400533
9.422204143463347 9.135203858695631 8.174315241733725 1.001135365981958
2.333562868139137 9.969876462274614 8.447402947631428 1.063536741847856
1.870381001927432 3.013720514441884 5.703159343620816 1.154750257963294
4.47298077138649 2.945734798301621 7.634362158157298 1.042324898528046
6.199279523373473 3.023792822700286 2.217608655112259 1.076067751341501
0.9125939910012449 2.34542113285358 4.364239204170286 0.8177803927269935
3.298123250758392 2.465880366721665 9.760838756150395 0.8008148270894726
7.389878708968399 8.637441740902998 7.33948614725752 0.8087275651646675
7.980665275622423 0.426314956575482 8.631262810916716 1.519594675784084
1.798179723761449 9.122491314238758 3.100992319836327 0.9259940744224476
9.222406761425066 5.556682552688422 0.3362267785803341 0.9195251177622443
9.741318267760946 8.030897240270424 8.094975366669953 1.218395540422363
6.960964964688592 0.5993737222393637 1.879600589386722 0.8995320932800833
1.635419749550414 5.37725911845286 7.682607534475192 1.602044322296791
5.63987731674009 5.014204764465809 3.247855550412547 0.7289007872389518
7.765663094678453 0.2765525109021216 5.208781809550013 1.021878603494057
2.293364206300756 4.736740168045016 3.138490789859466 1.237963220352649
5.197842331860964 9.538098141595491 4.436963246191326 0.9394104160380872
5.052280142749996 2.519345028683543 5.520825412381177 0.7926755686320122
5.526435904300048 5.873897689846756 9.007750365542089 0.7441296984011708
8.526282587520594 8.479382292161214 7.661870745232007 1.381479561826954
7.821523067328103 9.432683436178374 2.006289969677059 0.8135044235772545
0.08134662553224037 9.455646578853234 0.3580883577552996 0.9351175819685791
2.910698209499245 3.592762420810622 7.561588307646402 0.7849790706508549
0.551290246265841 4.136489469403211 6.247878350539064 1.058203284091501
7.894772277907274 0.2027270053920283 7.470339875027777 0.778199869684275
2.152824760318003 9.459132443625347 1.547995579138327 0.9033151483556512
8.664329013864386 0.1517409570135109 6.700524075225816 1.146499040122397
2.582260592472743 6.142423485178331 1.859855194580008 1.079112901190638
1.425277913327098 9.136926160582027 2.173027390602467 0.994183487897941
4.831770238156551 6.678122523133511 8.823390448348709 1.323425404137951
0.1021158373904596 7.832206466327538 1.510925898342751 0.7289398138881182
9.233569484253724 5.486185442413249 7.106961809264667 1.567865590377265
1.602382905845598 2.76976416813026 9.887679500413181 0.7624577468764492
3.574918387557187 6.542862697359525 4.750224236887763 1.053340832021478
0.3335629392838868 4.97146596556583 8.918590074795478 0.9051932755307726
6.504370086490815 5.456067733093843 6.880960758360362 0.8175352262001394
7.307408939044398 9.991572638983927 9.793590580160906 1.085482816008625
5.309839278957385 4.745263241472244 2.329875541964052 1.186432320002515
7.578141920504928 2.465607028447495 0.682054476738352 0.8191481460202289
1.745299403317861 1.032467174314309 0.2511196298811758 1.24158099016971
7.083303552506371 1.680110297185497 4.331108686560388 0.7660159337730834
7.66207183667784 4.297276687495755 2.861769246934388 1.027009149517802
0.6347819859019033 3.360523614323252 3.470102741209165 0.9868570635089348
1.639674398191727 5.320388317959494 2.029537391454076 1.351728439029114
5.867978141729614 5.601848735134288 7.546086784242088 0.858041809789707
4.577400864291694 9.9197347927365 5.960485129454163 0.829975077771076
7.52306641484011 2.189683675929023 2.070786337292915 0.8333782909681147
4.658872636631362 7.041324009409078 0.6524798978813818 0.917706941777103
0.711374338951949 8.280239228881404 9.619125379453635 0.7263800994503826
2.410097944006272 8.508839218021532 5.446529684520937 1.015224462591735
3.35829873568765 1.31858548345253 7.70504064495372 1.213910206613733
1.442160203750358 4.330431218918775 2.581079734421922 0.7675322679253015
9.846886964015987 5.873877872955322 8.442674992629701 1.318003119966477
5.499203444980995 6.032999593601605 4.98688028011146 1.161676916074309
2.246942373276164 7.518226919092908 3.697483343709052 0.8716241759680823
3.632154067568515 2.410460024083302 2.686982249842126 1.063544316374254
4.010730586758271 7.94778860559761 0.6482532141417718 0.7696780155515687
5.782439546831506 2.737531973500654 5.295337574672814 0.7386573425226762
8.449090494866297 5.168246270387427 8.482942464188039 1.580717497713132
2.852795418184587 2.645588629018686 1.616594261709909 1.57987791408614
7.864582928373788 3.607846296525219 3.470374451094832 0.823177971934301
6.794289843017061 5.599392751619905 4.911325693770948 0.8133883295779446
9.602541379518716 5.401413389709239 5.072379652591445 0.9317108865578074
6.88447015974217 5.376858046245918 1.89696150034914 0.7497876086984422
2.944946376191066 6.320932007730145 0.7983531523180243 1.08699394213117
8.314016247690176 3.265946431447577 7.882177858362616 1.1317846931848
4.764733909279835 7.553603819047718 3.996228058219514 0.8363553103785825
0.978365497958199 3.466598937593831 5.756754205977594 0.7548149335790726
9.118056121480397 9.455135017915747 6.167585489623071 0.7320029457825121
4.953498240520702 0.6138383718159236 6.584259934162752 0.996432383139483
4.778943208126875 7.905379532994659 4.842914338531165 0.885434187880444
9.766586982660789 3.523006951126401 4.282283422435953 0.9242606556149688
2.478339299397688 2.998063563537968 9.348721034268763 1.264473752347816
9.512680353565578 0.839007235367224 0.9374041146958834 0.7582032655789617
9.224359790481719 1.374684657284635 1.408070178104541 0.7384068744939349
5.215795367342103 2.519155828525565 0.02899870481329781 1.360962580530438
9.700733424224147 6.193409211317127 4.501803587629784 0.8353213274004302
9.023640958140428 4.38640128488722 6.721481739173615 0.7313369340557119
2.180113390219517 9.166798479035409 9.219002721356864 1.1012716599632
5.056927550840352 7.873159817486396 1.499230943623746 0.7346468496311567
1.075305709000389 2.143597196839265 9.921014230910183 0.8345219297968606
0.1725865712807007 0.1153236213017384 2.709462482613996 0.7238843389401443
2.408244395305147 8.807625262313337 2.276902468596248 0.9838782790146546
9.047237366739713 9.329312352066056 7.152913378572223 0.7497384063546209
3.221902339146395 1.906463072349007 4.649073871264132 1.503175140687227
9.258913552240296 5.366277258853771 4.124126641264162 0.99340302848103
3.312081200983712 0.994155545016593 3.421007392128365 0.8677858601499906
4.121572264213541 1.737718547892283 9.284913207372314 1.224780596289403
7.734749982773457 7.0645981657062 6.738257383820558 0.7659883609012312
4.962942035202781 6.086740465390018 6.202728414766052 1.266933913302825
6.162412953999109 4.614784051505136 3.803800144454587 0.8508077638909116
0.7370727109951813 8.412724850244679 1.925476677351769 0.8252546228149843
1.842802924443554 8.605572135193311 4.661100356918868 0.8167531298189251
0.08494289145556166 9.894761181409393 9.012694581976932 1.578760813643016
8.175661557349445 4.310289418380322 9.54553154093383 1.13615043809569
0.2080996496764909 6.65895517123331 6.380443249536762 1.476739166618471
3.268151714690758 4.11405494833163 6.929469222333739 0.9535347939572447
3.61360706674005 7.477152451400075 7.462774608674615 0.7567317740925433
6.339240276609195 9.882944372904905 5.988668549400097 0.9217961562317925
1.612404306192974 1.056430176499101 2.699276187590103 1.562817271380342
3.833444965511873 7.632399346860222 4.486550472383685 1.166652070131275
0.1151317742016045 8.799290983814432 9.727549912159906 0.8448716746794779
3.178574040885795 1.455817643934421 1.526607659146805 0.8502127408231072
2.793435351898818 7.935760949941842 2.176075992188995 0.8711092180353432
9.180404412534678 4.147044559397069 7.729895420336668 1.296994231654868
7.093535070001901 0.2888619573342632 3.009699534396678 1.216674657960994
6.949271567426843 9.535994884061852 2.192278336729045 0.9283068334931019
3.423637557594144 9.2676339010189 3.733025633408475 0.8953236065832979
2.056055212654199 4.093138432276432 3.959513667274261 0.8350793704406269
8.203926799602266 8.663596873539413 1.434953865771744 1.041982217648409
6.418325526744016 6.831780218762427 5.988596333108359 0.8854389674416667
7.721150742297973 8.078053736795269 9.731637414752873 0.9237424487871168
4.371756552428954 5.715051733165859 5.167396625963124 1.129875418534901
0.08896678698015138 1.222479747173981 1.488142210895593 0.9160952149772434
7.148181653399913 1.346956141919736 8.26961973070245 0.935686256314476
2.749318598738849 5.801916078749245 7.80328855999781 0.7513631027507225
2.799787259561874 3.51369614500763 5.665875791379778 0.8871200603754655
7.394416978106813 2.164318299496754 5.955934619720888 0.8175263627071231
3.927590421603335 0.8963225951971955 9.94812685824955 0.9184703166997487
7.587390451196718 6.775892427640205 2.70881609352623 0.9921762542269575
3.679911303055031 6.835922944972784 3.696741991606244 1.050944937315382
2.157879317594421 7.300109368655311 7.025513456210764 1.171398015608368
6.779509247819829 8.113768113919633 7.021338106732867 0.805169108658634
3.10967711728409 7.8570309146294 6.922911595214793 0.7992322186004167
1.425558802878568 3.947226781296384 9.363856573001433 1.28059412581491
1.17909686606656 7.160156174340047 8.54157412836399 0.8746235779132321
6.057116616375049 5.082272389707271 4.709555347698758 0.9106558408353888
1.899248282836458 9.333296380579171 6.421300288209311 1.588075919072969
6.466575752427933 6.085620685698159 0.3769356328990514 1.027654333041055
2.950225510539401 7.799379039280044 5.042413363484243 0.8304193386797873
4.419920340207411 8.628526269534927 4.028983470861596 1.180900413321085
4.193271806942551 4.054646724073555 8.80799040523082 1.366101618782754
7.956900318915019 3.693872990143683 5.150249218946735 1.304580612740133
1.681024451420771 7.82055024887131 2.592057943176387 1.469670275889349
3.775972390303054 1.708721611966559 6.645910150272863 0.9657952684845822
6.509441852656725 8.734228910313329 0.5986872788659637 1.137055408431867
7.711846476538734 1.02828420659403 7.456465390126684 0.8275423606777161
9.410024490171658 7.671672556974355 0.14675079983407 0.9994951308818041
6.519204249362487 6.509453114227242 5.044930093645259 1.027798714001277
2.074109965039393 4.717706160009698 8.597274075190532 0.7708220901043954
6.316621331709121 4.65413145522227 6.329886066956705 1.028537549250273
0.9908696461203116 6.913092302975497 0.7777246633461722 1.314579194153795
0.4126730265077305 8.081032863518425 0.5515217118446269 1.225930902066295
4.886272936522049 7.198928606630702 6.256921176002302 0.7418729749493671
5.317905351742587 0.5996421472674641 8.297330905003856 0.8313506998508132
3.229366105353503 0.1059924524499767 7.982663121635515 0.7526475313666505
4.572801524299621 5.209707126246274 0.6216671614115021 0.7954668597257637
5.943501345293457 7.239149648216319 0.7978893264497767 1.580324645723874
5.178048831025971 0.4053500039556046 1.523766514725235 0.8508543548089512
5.121132476522561 2.926857703816797 4.567688174165631 1.165029266305583
6.09785821304304 2.456147691134116 0.7978371195639745 0.9177836265848515
8.595328591127647 9.746797048942689 7.701152248088299 0.787459326509776
1.352086792493528 3.315700094371836 6.753209426450786 1.150697469911259
2.433487349545899 8.17863900824624 6.418111986283087 0.9146813061468776
7.25037396409224 9.504659525633505 3.789429150452416 0.7430947793575081
9.94575588448904 3.851145165245546 2.202047269154011 1.103801794031066
6.838771982041676 0.8021472440360655 0.6972306197993173 1.450025190150997
0.08728805287328445 7.406457884003417 3.318301610409585 0.7904591424120382
1.458914396631764 3.151954688118003 1.583509433334201 0.9158960741021123
6.82404287366716 0.6503491261458538 4.085729919805567 0.9134034363587329
6.201315390200936 6.753839511870234 9.538425776190325 1.071365658247101
6.85451165464552 2.465283470513371 0.2632100994692522 0.7764946835945199
6.448708255561415 7.824284341354753 3.292346356760463 0.779031524334125
3.065817520929011 5.374073613484047 5.185741213771432 1.420783908774812
3.807690883571619 6.331639347988597 8.804792481514806 0.756324853252567
6.066610821060981 0.8560235439745167 3.310745090848251 1.063423111575376
6.005545076598374 9.034458804864991 6.239420295376699 0.768401511661523
3.765900104841177 0.362329973755301 7.431883378303728 0.7919354936947035
8.726484682202862 0.7413647249076939 7.637284533267102 0.9607060181486793
9.904010397253559 8.879491873754198 1.160872219830579 0.9860540068017879
8.345862456534871 0.7914565956785302 5.872752489087155 0.9237432178534811
1.968165991867469 8.957364467141421 8.126739704897449 0.7586398206133033
8.73821076708556 0.2780078998438396 0.4790241633971715 0.8363895110762654
9.604636188611815 1.028605560184713 4.691650903943031 0.9521651263629245
5.652337544165286 7.202021973558765 3.536706854655656 1.098860269409632
4.313197097409364 4.986805385149006 7.938117295563615 1.150241854797148
0.1961663947848769 9.386386092319519 5.102205928965131 1.205485153786384
6.88114832088139 8.132986701915758 6.01120710128662 0.7532397121995189
4.019247898452623 6.259693268577553 0.6835202345188263 1.019088956602785
7.777913848747083 0.08104088671956779 0.6311451912401234 0.7733876363633108
0.772843303954487 6.679279112887003 4.203824515437168 1.400639709431087
0.9218593927668062 1.771222373951659 5.888238206098387 0.8067588987315987
8.54057404875242 1.906978811765261 5.904769564296117 1.264903017015538
8.264726040494443 3.077276625849854 9.163433790176974 1.348199056456289
0.4298183676284961 3.004849782737783 1.673572736462327 0.9990403882825588
9.403199787640155 9.712590147459931 1.021001472124546 0.8907406660142283
4.285061797892042 1.056481943685293 7.171016900369395 0.9402991983433132
5.974272358517496 8.921405566376652 7.999550967167193 0.894845729602721
4.247214096845775 4.454994581134885 3.556343519370238 1.22679973322422
4.498829432286534 3.139387534501183 3.374189922725275 1.324534150119195
9.5741391058973 2.588895762895912 2.008178231353737 0.7237725083155988
1.254098585038597 4.148608214098109 3.471450191792091 0.9222321487471788
8.657474482459236 2.854164005760278 5.369094008094494 0.7817602052213397
5.742794000591241 8.117508902671531 9.270624025149059 0.8183431937495588
3.92199493946233 9.43518748092349 6.299276113119904 0.8325010162910812
5.928862201065312 5.531101892657333 1.812614041979936 0.8408645690930314
9.237939797120124 1.881067152460763 4.197122802839305 0.9706759155666992
2.645612956152206 2.704080245415643 2.914586834243606 0.9630953040035677
0.7841247946105412 7.696449480298309 6.631016776528639 0.8789511622317798
0.5872644058825239 3.139421239079002 4.387954889122327 0.8670089601501053
9.453701827806558 5.170535051732875 9.335559952193657 1.00674647697382
4.377479101189575 8.248326791099911 6.760264172511088 1.580073324447453
7.475354752445161 2.932716051095898 9.948795745927065 0.8618929438577584
0.6992978062429744 0.7677769079067277 4.593519411193601 1.017056956610055
2.285454020667613 0.8506363448798538 6.2672796368612 0.7756237146865546
7.853922244019845 9.321211336019791 9.185260437613497 0.9230097311175047
0.1979470233847835 1.806035387795516 4.434539515046295 0.9351582282692705
9.540889784742543 0.2761635546609187 6.124698001142272 0.8738913790454995
2.071653188887546 1.708882064320626 5.542426673208805 1.381730698178306
2.930136537143427 1.917697914253991 8.808719158388556 1.252542291641784
7.099552216301817 9.863737589278738 4.549963206448859 0.8545762100430992
7.046642804990969 8.905497072734166 9.59916200452931 0.9289249198283485
6.937915405613745 1.915653973554872 0.917237955123158 0.7649851899890422
0.3767392111932277 8.965348947093545 7.982558801794065 0.9002098904608722
3.294145560983619 8.138030270510299 5.930874522837595 1.026495673720037
9.276216869829483 3.185925224682856 8.700247233761248 0.7545994280502258
8.876365101831082 9.668698348109336 9.120114482021487 0.8094223573750213
4.076210509056553 2.738391563173413 9.664499936631133 0.8232941164779422
1.289637050928655 7.000690373942986 1.842192875563646 0.7921016790831891
2.208626036593422 1.790955932322875 7.771077674688516 1.176690547704408
0.1642477769557016 3.605379150006113 5.353514517163904 1.05251345246628
2.413429116974969 5.429391976147294 0.1603450247201332 1.121169505810435
2.616078619336818 6.613882288566533 3.353716939531515 1.147343088818736
1.690836506853744 0.6555881787954898 4.882305710334197 0.9522199703666379
6.568387328257402 1.811643030004881 5.40146996614666 1.217017396661564
7.838915461026913 1.542942128659605 0.7635003523153584 0.7714533694351609
8.109251057698247 0.7589715681185649 1.113156782219406 0.9686435756022803
0.009259491447648484 7.961997672604844 9.523125393237741 0.7428511428308783
2.191357214526299 4.639967400491689 4.667745031910193 0.9396100296853354
5.530362851744611 7.845623743141219 5.279550190619339 0.7748689503577624
8.722941296242315 5.756253226994288 4.918197385963703 0.8092785143823815
9.085167722948249 2.242055209026609 3.066758116024186 1.355956305782678
7.634509931379328 9.304255139401141 7.965656152152825 1.001443526998734
1.543155909300239 5.185276216913505 9.339072353290083 1.10428171802029
8.673375808109993 1.11205353614813 2.569828106937227 0.7874468661253866
6.566457423156473 1.491400922732531 1.718558327850123 0.9596356242158652
8.90990152019822 2.914525186182758 1.657681977915648 0.8156485929777105
4.640331460285301 9.520412747210642 2.682517194778349 0.8205978187579595
0.5917458325807379 0.658907655118246 3.5041803947938 1.112299742639289
7.945660572882883 4.395265792742975 4.094040919664891 1.150566800408104
8.448360769028501 2.086460049340671 0.02345609024702044 1.260156415344809
8.643214894147151 9.649472216316909 2.262901073046533 0.7714230386800049
1.099400627034149 6.847713418452195 7.494596541050092 1.222420959242919
0.6980098723265327 4.749975317816379 9.716555179041489 0.8497022652799638
3.555499511871684 6.085174525316435 2.659829022645564 1.377392566651037
6.210873481255197 4.746392017742327 7.277253580468715 0.8254530532551767
2.82471578290263 7.45594261330719 7.932874456738462 1.031793927825785
7.430028142779936 3.535030728794233 7.255004904791313 0.9461298336887898
6.696315667001585 6.107865196448302 2.412436714901012 1.041503031977164
6.660206701231321 9.693759626838222 8.633537526239502 1.444914535040316
9.957081354403586 8.139788335636478 3.694629699958949 0.7492353800817082
1.08822169850772 4.663356821920418 8.600332053756096 0.8153173382704401
1.070617334357219 9.847276137575884 2.839145719900522 1.040086375030598
1.009576019825265 7.354594320455155 9.592154390399019 1.161357213146606
9.491656042730392 2.311549382465548 0.8889913050661613 1.416047296573829
3.401883871336978 3.164873346839964 0.489005240363134 1.059450351731954
4.1491878883035 1.301225386995051 4.012624658688692 0.9889679436064517
8.47497179521428 4.84669537082051 2.84571653625619 0.7322263834779573
8.17619481435907 4.961848422607122 0.8804831293835748 1.537605093152313
5.632559794956116 8.428078475310279 1.1121088115962 0.8786602668281073
1.30360227811673 0.3155398428332901 0.8228777284614186 0.7251337092682384
5.795300330048602 8.376127678763526 4.243960762509096 1.563909290490057
4.702332639666291 9.45567254304439 0.5049931604955493 0.7431292868914789
9.57610902428503 3.197957173463889 9.781068229763139 1.358260772030152
6.399950835215644 1.781156840749462 8.083337537349681 0.7654118496056141
7.077773862066389 4.655816209873287 3.628515844451558 0.7835205919860121
8.677973035330805 3.073266130698121 4.160413938191605 1.376639766924986
5.036956254631365 0.9377087963657972 5.669011291346816 0.8953801808522954
8.758936337310502 5.741176875972544 3.419683362388322 0.8228643292991762
3.195754268487269 9.979067526709855 5.288131438987501 0.7386382804809875
5.265383975057985 4.820991754264401 7.570807270934066 0.8599560553300344
3.610211225374732 9.723819132909968 0.1134673436056588 1.470733056407003
6.745182769172529 5.217694397651996 7.70799425386349 0.7447097256862734
4.162727932782796 5.406022900178225 9.925441530093407 0.745837279913778
3.754111636424468 4.054430943307977 7.65493799370519 0.7453823818876741
7.085970439781773 8.482791382551058 3.653721799624961 1.11132995675251
8.318974709063667 1.907701373883876 8.139949926424615 1.576710032739434
7.966168347387457 6.777341001613927 0.8274866989836127 0.9153464541336057
9.605533938544781 1.774213907292091 8.500167573151959 0.9034257820752483
9.67140165299009 1.436389858873391 7.591197485954668 0.9996374854960737
7.228399418750437 6.739260993089307 8.323286034393444 0.7766048593819512
0.8534997645202814 7.728134721361986 3.534871774005954 0.86099588010591
4.119282268782984 4.108015308459362 1.884323525720774 0.7840755247404707
9.035316936300758 2.269592359794845 9.061993503472362 0.8243681698532198
6.206776800062831 5.777491797508412 5.934861289152675 1.221111650290124
2.589079497682801 5.795812592142783 8.925858687125128 1.394967238307014
1.807660050735878 4.672192583059393 0.1273859039835101 0.7538518616990737
4.024065310183082 5.73529664300175 7.111524084240809 1.079866254526208
7.456569213603625 4.346450323296374 8.72770525500108 0.9293456340802179
1.639427358794981 5.706909800132751 4.950427008664156 1.441120885407613
7.101378213277388 6.815077033465253 0.8978046703039489 0.7754963376872732
4.273130537816058 5.890845220555118 9.313900572765572 0.750970591926781
3.794980940033198 8.588836836438977 2.580214650652296 1.600989690489698
3.246414031017733 2.589531053392189 7.275712460944225 1.356301447570926
6.409616484679053 7.564486948975774 5.297160687813093 1.031676438720325
4.056870929151706 2.610010401231067 4.184308884997185 0.7642574886300646
5.129380188068501 7.443378373129468 9.732816270676697 1.062469000468512
7.993049005778919 9.088226299180318 4.627614850878729 1.471891467186567
2.390744535363674 5.244286168570761 4.047246116982116 0.8029447984096563
3.171224549804579 6.569809227392081 7.248448142504179 1.268924628692734
7.477627232600168 7.854959355179629 0.8435690312203471 1.355588886645442
2.457837133228083 1.786238398086708 3.561429710407342 1.124850479818665
2.892385669674583 0.1532292254617518 3.576335817016482 0.8717176887942514
3.615460561810937 5.817188659056515 8.023264408024795 0.8771471955408219
8.371222261610408 3.389942871415472 0.658136242427223 1.557672723547151
5.725963089303844 4.250047184184941 4.741418155976362 0.7274411459464886
2.885485082107154 4.209978149514608 5.101891316342323 0.8802432166769316
9.151016255545651 4.309069670976823 4.035960309282097 1.044334186367367
8.572461958429013 4.975028014497846 3.59286552390699 0.7660115408749129
3.865905083630679 4.769498609890847 7.058980825850216 0.8075503764735618
9.824896220661447 8.489452075210854 2.089419040266206 0.9956078236586895
3.227527226007043 3.248700540607653 4.673029643714441 1.121037975014655
0.6993229842387995 5.196566472724574 6.624061177548445 1.17588325456112
3.695079333393234 3.291607972124725 8.089455984305868 0.8452953274075404
6.777521265063116 9.086998730883657 7.671697695527744 0.7981281055131902
8.260743338251997 4.124103291116759 6.984601545678074 0.9206277479475991
8.825559643643121 6.375244972481033 8.413812459424875 0.8712971007817463
3.734305598562796 5.203186031824838 8.9951433641353 1.062063922948798
1.988732817879004 6.727619653063344 4.309292952222912 0.9894890764113262
6.472233336033361 8.522896714182993 8.861603201379745 0.8543472452895983
5.629789949606035 9.056587305160383 0.4302300801871462 0.725354854380337
0.1025604653798873 0.5037211236590255 5.382262789020748 0.9704886003201988
4.53236505684155 9.459358197447292 8.458926196864869 0.7490551735581044
3.458133251570958 7.306123955065378 5.490565808335149 0.8100112349841944
7.471033396034255 3.45607798920318 8.431824487020316 0.8561219857582195
3.60106535112328 5.953785175889753 9.860945672735065 0.803842754987631
3.830077023816996 2.237316715411515 8.233001552367302 0.9401227958773642
8.928288310234189 8.964805717807973 0.861159212736834 0.8291366031951548
3.920241246258006 3.449713749998623 7.071584443663848 0.7481075231748572
1.81930631948782 7.579855928993425 7.996153302992298 0.9181003676957471
2.65087321333122 8.145684261970342 4.227802672577639 0.8802148515405454
9.618973466870896 4.710183804974595 8.513737746298041 0.7802438539626624
8.326101441489794 6.1206629001729 0.1387996131411118 1.086276333250396
5.830648470223594 7.837506993764936 6.398681952378702 1.46844087928495
1.702049893447608 2.231272968585712 0.8268767801646383 1.258855220056129
9.614118424369886 2.742506023373732 7.640555217427696 1.555129092818084
2.496156452817191 2.73551249544343 5.014841453303879 0.7442793353929019
6.739863489890316 9.089780422913943 4.427220544536513 0.7663962621604324
6.064022623136251 9.933319439234067 7.210467241923919 1.529779103998062
1.113420596631267 0.2379490875738411 7.050404681108066 1.005105519793978
6.421408646416971 9.907524145220615 1.42111969085492 0.9035761905861993
7.996887304276036 8.19818113918255 3.266331733013075 0.8156058038732725
6.750145696099544 1.307405151996235 7.267921251155808 1.174881509496512
7.991410230341319 6.424996601815431 9.034958155070505 1.15587060404543
7.35196270363973 1.765996893855435 0.006436310592985439 0.9783442515622833
5.507489670317772 5.021242634241597 0.9724079210681247 1.157651326651817
8.766621892979435 0.3284898025211891 3.057856340353268 1.020878735232521
0.3060895201409308 4.860442765723301 7.779049291268681 1.213146275763172
8.306821797294736 5.332315813517322 4.286925684263331 0.8261229804372083
6.3025684953994 4.221852678501683 0.7163818234038034 0.88407616179439
8.373606983869646 7.449170062582955 7.227652867483333 0.8384857382785388
5.838303120727038 8.04572770820692 8.349597227333206 0.9231769869855819
2.827187659849282 5.606129934008708 3.380213440256254 0.7823669219064709
4.342798245494275 2.686882795077379 6.327068557515976 1.315273634405858
4.95263950867258 3.893397599664848 4.165687525050184 0.8246149553430308
2.902924855298386 4.55920120356335 0.5356312679564224 0.7490191612160583
4.938959408093424 1.139663025126878 4.69480116863938 1.03410804420427
5.226558106479081 6.050064960408386 0.09613272283999885 1.471374192323369
4.367927910386697 6.830628469660346 6.998196726695857 1.152545243003313
4.538462651060771 6.940054053723077 5.201930357940581 1.172938734793305
3.490049098232761 7.385349561430637 2.860425795268865 0.8969523091013308
5.947842578381277 6.518406333805543 6.944805177851098 1.296750580648494
5.144371485338857 8.743635220010553 2.068510276649722 1.22191539813358
1.321482176000576 9.546528866542875 8.600888653389987 0.9955868213215758
1.848012840644383 8.462051472550362 1.494610024725592 0.8851094297887778
3.624569696116448 7.316969976213192 6.63405366662241 0.7379196005855544
2.313258315950983 3.7739463653744 8.429075552683377 1.047583001843066
0.291018528074829 2.308110192220813 9.903349972916866 0.7392792318926111
3.10702659785693 4.558667888246685 4.070818126850885 1.139958921547475
2.354122552583173 0.6242361159203326 1.407452873766505 1.427855769166498
6.931534789662449 9.249156285483833 3.070201949112458 0.8049688935278927
5.260967486906639 3.845644308691412 0.5722079893846577 1.197417722517267
0.5676311122522293 4.95500876667238 5.444216977140412 1.190726113243946
1.491221262829999 7.501778833000716 4.072645282662607 0.7508072558208039
4.411427123587862 3.156795369658563 0.5192453993538415 0.8685333352802205
4.135933848329829 2.698150993107401 5.058564604527422 0.9554465667901932
3.39227501984266 8.806337180268391 4.795405045095182 1.349653772770774
2.309067442619709 0.9066486578866662 9.252793389256615 1.015331334140788
2.161854563931566 4.735788766724676 1.07862664120529 1.052524553402807
2.10986364758341 9.808787135455219 2.405255391037321 0.8910753160197353
2.055161200475032 3.561177682622415 3.095804112643938 1.092630046395671
0.5812364685235816 1.125275550626238 7.309539423581383 0.7749261099944419
4.809874089334241 6.477710673296111 4.049646733579855 1.268711439820114
6.160529897642316 8.963998988530097 9.692183465766909 0.8052742137453452
7.136238442313675 5.240801511091584 4.198697072124443 0.7398111656898316
4.440554998701128 3.770185782265354 1.115315171460125 0.7321823551222095
3.366523673787596 8.379413833580061 7.718846583121422 1.105709366906442
0.9509866958078006 5.570477073737499 8.660781344736511 0.7777822799938174
9.478164208618306 5.964307791347616 2.198994297679865 0.8904038349146844
4.853289795820071 7.764570111307772 5.707317119499929 0.7933748515728717
5.033583591481368 3.632809753041752 8.217347918490955 0.7874517259677806
4.72088693862084 0.3414340574024899 9.259319284871815 1.408173229875747
3.63711838450623 0.1398954463623303 5.983017166601589 0.7535571883059468
9.838276336214937 2.060841144406337 6.265020693481689 1.313761278167773
2.420225363398104 9.110043951453637 4.027860268840619 1.094107366080422
7.426133288471037 6.003858330682395 0.7114690980068827 0.9501161625549635
7.145683907645117 4.263031510744656 5.736479171359825 0.9430054628870705
