3.659479900673435 2.845402073429149 3.600401456891752 0.8127841993552472
5.426967934489749 7.026563265733338 1.169265136819172 1.34258187610458
4.114791169881577 6.686692408347133 6.430160503672147 1.038841490654876
4.08601517634169 4.674247334953185 6.77513984580516 0.7463792507122503
7.966282978781836 0.06607583199162104 0.9114784704622247 1.183382234259467
3.051796248075366 0.6769334197725552 8.275275838096725 1.543385696880731
0.6506414648279701 8.914530007725554 7.8005897332046 1.063457997976142
9.175636943519349 2.247465387917268 9.070022809460676 0.9533737551549739
6.757018854098888 8.113535891400915 0.1734489306698694 1.427747430834714
7.317560410746489 5.137151973295462 6.899454716649974 1.02070898959215
3.41287203633877 4.482525480203739 4.610474383621796 0.7367977304306058
4.57238464226558 8.348456884549282 0.4378051673187322 0.8586708536605741
7.915329578217519 3.727330466422335 1.53486519563214 0.769286682666624
4.549822548628311 3.414624049687438 7.827041179376589 1.31063461814104
3.817999513459498 6.93818356714663 7.993075800279043 0.7951645051676287
5.747225007468738 3.668898476023599 4.854811526178646 0.848890077815087
7.836121057999482 6.560017380983147 9.89962602511716 0.7748310932310073
3.351052413524702 1.618231628182841 4.69008485336893 0.7393697835135453
8.797386019770029 6.147419928269256 6.544405785083029 0.820444733949907
1.662035647771843 6.079697098729321 3.437550004805109 1.292156372193966
5.853198778962075 6.195574034742533 1.828142611766628 0.799371547467068
7.538126479435889 2.155619537011441 0.5292109016417312 1.134736206465719
5.394914148736965 8.357559398333441 1.152589845692398 1.228063538621806
9.250050243663464 2.836474700608173 8.306368826177707 0.7975606642393526
6.916982072811975 8.117873578790984 7.219549501222785 1.190011546272832
8.004481733982258 0.4673225041448592 1.976244453404207 0.9881423427605857
6.352216399056347 6.082742259395476 3.801810704685107 0.798278333602444
7.065752665962735 8.504453985016024 6.076580527121775 1.022440464769985
7.436458768856096 9.897050871581342 3.599617444883115 0.7685701300802826
2.966240034339914 2.04080160545205 5.32979545231044 0.7763313686869164
0.1937756592652384 5.228247972926046 6.236688690058642 0.8194733542834961
9.895313471118303 4.802424651168616 6.995610718445862 0.8970371644220558
4.690872211300404 2.722974162005269 3.044807345001521 1.447009316497168
4.926678203881092 5.935482897596538 2.066582479507484 1.104439615512977
9.639735204475112 4.712553754187106 0.5069001796930994 0.7463836439599428
9.995675718247861 4.300571066764201 9.088899691598655 0.8108071396449917
6.364395948295275 1.334974361063405 4.671943443180147 1.01362491895381
0.6982185884950165 6.138865512414086 8.380464308792186 0.8508926186365456
8.913370891422892 3.375047912890167 1.472474412008388 1.178405408912496
4.492501966067426 0.1324117477550923 0.01871479528822384 1.225434672348846
6.522647365295076 6.346073405453782 7.473420289320038 0.83623908140242
6.285574445431799 5.321795181052328 3.389409061138581 0.7595276690860406
4.783781471985781 1.850983882110704 9.119748030283649 0.9151397528630651
8.006949698794411 5.088980884674771 2.942783388431633 1.373598557460952
9.830172931302057 5.235530601461588 2.382422961466276 0.863584401005976
3.212203775503538 8.742340722320669 9.469315055004914 0.8618353019652298
3.833341197003634 2.327544579931109 5.776018922630992 1.167462791239879
2.917318915542558 6.289838334625818 5.880526350755179 1.584224226329223
4.676942781035635 6.745399599492027 7.930410332140648 0.8600622457836774
0.4653320143037354 4.293761787402834 2.828521206264809 1.329671199145171
8.987866458367467 2.326381677931833 7.255814354794242 1.299551537846092
0.83056480081522 5.214749735382896 4.024767332797881 1.181703296269026
3.221863025053424 6.535110845039947 8.500068771558469 0.8501342739481704
4.264307273478738 9.442619172078178 6.205898538871788 1.554699266078075
0.216719251676688 7.701157570778749 9.132194463598029 1.095483629617501
6.561751802111249 5.68507256539089 1.387103558486864 0.8141899535615384
1.041526354266722 6.428283371344762 4.730130212532915 1.569181283599903
0.1017691584771674 6.380342092160602 9.426688462239047 1.54888232392964
9.238180093531955 4.650993449973216 2.998107887489935 1.141921146439373
5.081112287771505 3.589800210826173 0.8953014420476912 0.786293691694351
7.78479544796076 1.841146006712882 7.415654323782292 1.25045345644585
3.503386910990549 8.316826530308941 0.3652419897731973 1.138574106814064
8.884606884444606 5.43875378050187 3.694783418475265 0.9825364780638784
1.212328925095785 0.4709599075810611 8.594184758408405 1.045636637904123
3.952213244508198 9.651850617584925 7.82222188180879 1.246001757093893
1.64536007409675 6.924464001176127 7.830864729523991 1.540418027165156
8.982804512135433 9.610039347624721 0.8015086565285245 0.9759942725528232
0.7743676859610771 4.059806027503034 1.645229223346057 1.097342658924949
9.230067004995302 1.74945979711247 9.932978576994689 0.9063480489419851
8.332463729605687 6.236324733543843 3.319474272885803 1.012987488377283
7.02065880222086 9.420785013322954 0.4209622207539143 1.224195044002544
4.874807594557722 1.682536075032808 1.00889085423715 1.043615897755874
8.784114264185696 3.612305104325912 7.695470458165405 1.309439001706851
9.717607692414955 0.9739053803604714 5.097601711565895 0.9063604316596864
5.303826620630627 8.035732866380044 5.13693163456725 0.8795757765312769
8.088599339200453 1.534888259741609 9.479098239266477 1.322031378890652
0.3372493684694622 8.541328824848469 2.779658780758317 0.8354419959391199
1.623530487537882 3.610357487676136 2.484764619943579 1.386616613962763
3.295027003911066 0.7144136916815547 9.822993931319738 1.411200156344116
2.720445175304683 5.008894116848635 6.887048434797192 1.585296590548723
9.774533436602145 0.7844116590512451 8.566164675417136 1.251339004756064
3.049216416767707 6.612886450723138 4.29595682845944 0.7399829221346785
6.683036668359957 4.189871119399985 4.794079830686955 0.9269408282199445
5.079145785902585 4.571897063845013 0.6151053117907002 1.209207302074318
2.95568999211218 7.159489038056861 7.785274756145927 0.9936397518861899
2.51978200818527 7.929802412042311 2.14740591378582 0.8839520798504179
6.479428950760193 9.831732119975252 8.122346181804952 1.204637574117758
1.523710637381558 7.409261537419889 5.215641428635231 0.748469467416744
0.1031409935280758 8.216516309109702 1.368686011970077 0.9899961804300287
9.5936148228782 7.573100716838286 0.3844236042108917 1.47695527700845
3.064572566319047 1.306332869601359 3.905928459767119 0.777430796764279
1.968896516770611 4.892268084689005 0.8352319811984066 0.7624492484367078
9.890334572022214 4.917699814665272 9.651352601716289 0.7349595363596114
3.541027276477105 1.261611632022557 5.59030999426675 0.8891868755868785
4.385353680949423 0.6389280199230307 5.635727107247298 1.05550346423402
1.109359124981938 5.081085031891115 0.4813037565810663 0.8152782951598879
4.438269116102444 7.076859358182472 0.4368988535020046 1.026526706176226
1.42604274996852 4.244883850876128 0.6886414289593268 0.8989779992330023
9.281836665232877 1.362860380743636 5.8464681318102 0.8589500563577623
7.47708375748949 2.996343147919351 1.200523732734512 0.9279284767777796
9.321174914537647 0.4859952932862244 4.468134714954422 0.7678951798274332
9.960782464523701 3.330740873147702 1.659547796577648 0.8911586677904184
2.161969600450683 7.862029351108204 4.823215338874311 0.9424437733698849
0.861807090662674 3.499563369850008 5.536377565537395 1.052152631674434
3.102419347143243 9.197541168540006 2.252550231660179 1.555823872986392
2.799315752282658 4.411377067674252 8.233072077441518 1.069294898347491
2.322211769273876 0.1219820374438607 0.07623882889933431 0.8465604182359452
6.914861796139197 2.275463368875876 3.624664758857601 0.8201320895832938
4.154847056158829 8.733756072423118 1.409205121026285 1.180956949824148
2.317532623823725 2.806956984538561 0.9683655941366565 0.8584314928559341
3.280206803385092 2.090140773754173 3.722968988056773 0.7689466621366602
3.039927647032656 7.305228008034781 5.001461481684355 1.048817903087985
2.744934462718477 5.854990840232574 3.83632832437913 0.9401086494936919
3.679599311191937 2.160252254693267 3.039318779735255 0.7814933097955271
1.885051364280467 1.225967119314377 1.68868194386448 1.158661909963947
4.537125698850209 0.4186332092550793 4.751160398800955 0.7289116935096432
9.013134823531571 6.757238359297744 2.772579943622151 0.9020569183236175
4.844996879504023 7.601780266779499 4.478327884539114 0.8935747991735802
9.725600702203382 6.115454946128978 8.153421508471229 1.105882555432981
1.310387976782541 4.781384160882829 2.15576430652396 0.8619519759305484
2.814051375108838 4.432315982460348 5.843200610959214 0.7350946387608752
5.511896745164067 9.062715323136333 4.471231286209373 0.8499152913822288
9.176130412449591 7.38345260787605 9.090270812018506 1.029830123229593
5.800649492929367 2.018795943807488 8.903496339074152 1.083803273848984
7.636859918461917 4.568468842682185 1.938517698819461 0.9250849953618254
2.985502886376637 3.051042062572422 2.644751265177994 1.481465335196056
2.148188531870502 0.4874006588641 3.938578315022419 1.612764714436433
8.779252757027722 4.465625754787972 5.762451587029953 1.164391517666478
6.914686937983321 1.908452905707172 8.424523298653229 1.259474164492075
7.275728296669297 6.27844931388565 3.503261004915684 1.049511739278778
2.021031031217179 6.135345081596987 7.004963633690853 0.7684760752481792
4.849707740340831 2.649599207355414 5.767057542903582 0.7425360159486107
6.632301803151082 5.334557324738983 4.385498677240776 1.070599346281796
1.178265316146776 8.442782849249014 9.720702872744058 1.076230619277359
7.760337367264023 2.960853567121716 5.461803057320744 1.014045631779617
8.743986034894805 9.323427659290358 4.141619080595744 1.235608387339333
0.3629070549626079 7.599883628678117 6.499376261754525 0.8534890280491372
5.706246938084067 5.780558182372323 8.757868946760984 1.025568024642879
5.822961162017068 8.014831750299424 7.212650090918064 0.9491612054404648
4.973883745693132 2.535956222452088 7.324654751627265 0.736892238254765
8.103258755247056 5.191464053894289 6.192895648970424 0.788734702427513
2.832968219370343 4.960066363527379 0.4394643172322787 1.083053754098266
6.285281282889821 6.611542566931562 6.573899611475054 0.8072121166663914
5.859979320305779 3.55972236038802 3.032444628856349 1.259903381320211
3.97275697437642 5.269619085502184 2.860515066697988 0.822643512874398
3.844610524479975 9.911953892664471 8.989599728186237 1.022919355851572
5.707697680790648 0.2550710432249248 3.303921026395806 0.7755587543052921
2.302700847042818 9.589337056489006 1.444825677390883 0.7907246044216696
2.026046117387571 8.684803791005402 1.730053623000588 0.9296312986596186
7.341983252648395 3.980365330631166 8.844804985339996 0.8720329330438734
2.60183320817274 4.078092957934412 1.97565365051117 0.8208181076221509
0.9162076997876811 2.672169600414964 9.505398521769481 1.425469771602851
4.195439545280774 3.887008133275764 0.8991163281432268 1.04353055152304
8.540653622309762 3.329092063743915 6.371928421684021 1.376505033946234
8.203040069817547 9.519862014883207 3.191592176678666 0.8681143584881723
5.135872745038942 9.975056983315426 5.303666169671596 0.859907247316227
3.220380621021086 4.948164553120893 2.19642814896394 1.119326066201834
6.7797577929657 6.794022439420385 2.849933221475263 0.8204025436037955
2.205430735882943 7.071174086172641 4.078135797138973 1.17238709282631
4.175264398696179 1.350081640280083 6.230647209315405 0.7589476202894448
1.00568804513346 3.03122977594552 7.611468037656596 0.8656249677588914
7.248911125691347 0.1151385975338037 7.021209388558745 0.8323963684870002
9.577556462513328 1.564287759399849 4.041183464695381 1.372706850480055
5.69893806378318 9.137306637131077 0.04886621494764931 1.464433895388741
8.988558549889579 0.4456103299217595 7.78781823050905 0.9747448191179451
7.594519837688702 8.473543347699875 2.866812053732547 1.174425307088218
7.728904813284698 7.970813568095682 6.575951292567988 0.8336775827507911
1.755831854626344 4.197551192826544 6.053152415287303 1.359679920797934
0.9826250207369736 8.048730222348695 6.026376376442593 0.8924968236869987
5.6779258567528 6.846930156867428 8.973862727034204 1.062435806362566
7.876423421214813 4.016279308068443 9.943570633328553 1.021034030451449
9.450086482625828 1.303923142029645 0.8005451286645449 1.036747844857185
3.418826471544436 4.518861731435936 1.291130464396081 0.8551108786125609
4.079024434592351 4.616153171188412 8.612234117700796 1.567901668878181
1.888632517233481 8.236702767989671 3.825156402521623 1.150819218746922
1.666762292867774 0.457015812885182 2.603310386952866 0.9854698279788523
9.891739508897205 6.624675982887165 4.202715344281738 0.843999361637973
5.211156633413572 4.275309571137859 6.356432682871993 1.097533913715052
0.08594239528029846 3.62356185644727 3.569351399652224 0.7671085718803482
4.479242745681796 5.17920453543165 9.756613993707452 0.9939101031605141
8.405192908364699 3.859200680320916 3.312128267890583 1.021325302958905
3.902825377544479 9.980944722212573 1.168701379011466 1.293251729531215
4.270792461066628 3.502762303454457 5.758718499648053 1.280137837085491
6.513547708876646 6.593370894078953 1.305394249953493 0.9581126690804276
8.141224383648661 8.514685107607752 5.781182041075563 1.16552286081001
3.173990714468128 6.075069565178898 2.207471442170921 0.8572627440092879
9.123795839661415 9.655572549912629 3.18431898146887 0.7365270628356926
5.389042128666845 9.262997536688772 7.318480073549893 1.561126560665568
8.506276770279381 2.828766785818182 9.923951131072039 1.43857820215638
1.980793715550656 3.263794123933382 9.382523839798425 0.9751482416435874
7.737261881374338 0.9118514134210043 6.71767751107843 1.021875124343357
3.137650430340035 7.993546716967148 3.067310816662157 1.256648978821485
6.577025553019003 3.217587691996522 4.15375340109739 1.361829752496892
6.715358605350112 3.952587282770796 8.143852481482863 0.968096120442161
9.523797186140929 5.26492413917796 5.739822297004144 0.8144961355950715
7.629714212985346 4.797979536206886 9.226253317757591 0.9717691088223106
5.824516134426095 1.652969227679199 7.809599839632203 1.078301440732051
8.442384649916741 9.672980557575061 7.975434350015442 0.9012175387806373
3.939742803730635 4.334362307812728 4.027837801985203 0.7445270919549304
7.374768619815101 0.7575017227930225 5.400448435699865 1.616174421937064
3.360250244120278 4.107415180213084 0.4458149984498649 0.7864963600650563
1.631964279586631 6.318826302445209 9.227631685110401 1.424846709853191
1.725973562422679 5.525376995615143 2.469872661483616 0.8575519707013206
3.280158996677804 2.083312000590777 0.4310500371845749 1.517819282776741
0.726798861119593 1.104579444433909 7.802186650820985 1.122210733232392
1.065453101542635 1.076560662855082 6.779856012143708 0.8837990451182082
3.270332155641078 8.703090023224203 6.1104865817407 0.7833588059541143
6.691774274497333 7.752546653726101 2.549670741403479 1.088806464995465
4.949426588841435 0.2930989015500873 2.614480701259057 1.039043513718691
9.387006494677093 2.185688976154291 2.948911038490678 1.006516358988853
5.505370784086956 4.742230893535455 7.288009447842541 0.8407926119625373
5.15811970390503 8.250389332877429 6.279615659799028 1.307685426390898
8.093541927745559 4.372735550521099 4.896893960785055 0.8358045367003455
1.767134449969542 3.361158339290703 5.34094627227864 0.7746347349365729
2.25200353617957 8.509104074217987 9.038069218485097 1.233893268564903
6.438528043463112 9.260051351326332 3.739111013352356 1.458316110217331
5.586126010399722 8.212345746147765 3.920164972637331 1.127098322022644
0.03375429294055099 8.433137672968707 5.066392815824638 0.8622544040162998
5.799090570578995 2.562743708524135 3.578503951036808 0.9210219442597485
0.47746964041532 6.232986370376754 3.530241853393509 1.057796400959036
3.608238706594538 9.081852381736716 3.480725723771763 1.018074171006542
7.083898724341796 5.231457850741364 3.546475297921631 0.7854277294258308
1.356903109881149 5.053019392418646 5.111004292440613 1.08094308448837
4.434875436917025 4.780265119579021 1.764234829816241 1.386365318363747
8.380511042667784 7.133449483424611 6.24420686899718 1.305740846035161
8.648426805156317 8.587606966245454 8.414194822620253 0.7294044356442509
9.880130386663605 8.996145470691088 0.5152771567298187 1.229629692637853
2.525479464049524 6.813882785001863 6.986063710301443 0.862128380334986
0.5844689087502375 0.3662438039382709 5.429593734115562 0.8486616127847957
0.9333067343885948 0.06491527570322564 4.508887134231596 1.084200194050975
3.441334632458856 3.945055498352531 1.966422469131609 0.8127243914783603
1.861615523268763 1.333353016310085 8.384676741677994 1.093985918091325
6.176464453760074 6.024103236453949 5.23891635178523 0.9913268823278433
6.654245121952815 5.329601599700878 9.536619849050005 1.051066332917724
1.466666675425279 9.432351373244511 8.292356853489459 0.9071306007363952
5.045879603081503 1.184723678233759 8.4185182941901 1.016074029544591
9.490783273506462 3.301936138263812 0.2830507046064312 0.7509953836110117
2.436417074120722 0.5763816300176217 1.198303635069745 0.7638484707643381
6.124158696485138 1.387687747452226 5.709978653854795 0.9755948183661833
8.006598709411646 6.909496731702534 4.271041677156097 1.192770007261725
4.594926472062035 7.754324491816689 1.018710352363535 0.7421407201276485
3.935328237218134 0.6127773492269728 7.449103726446087 0.7373415776767762
4.224717703657991 7.270842273561696 7.286043020636387 0.8834384349942007
5.188838037176844 8.765606069866298 2.249605935109851 1.057083692391935
7.364405846820966 5.635693220914276 8.716139995127696 0.9940720578440293
9.840539539285825 9.63679926151887 4.926964888522645 1.337535010345506
0.9904627135210864 6.770298303027118 2.355370980051124 1.496015444820276
6.696048171881472 0.6908009882871702 6.473561522005036 0.8238470261013049
5.544437616280889 5.474031418366231 9.797625376254395 1.108716522377877
4.883472032484489 3.397628310604629 0.0798226419657766 0.8987481227383048
5.321129578268503 5.704872006121193 4.254314778877756 1.532571866772667
4.621251124600877 4.500371664119946 7.430178695401783 0.9238273772258866
0.6375908523988372 3.746996751730875 8.014231992215832 0.8789091149561666
5.889703327315425 7.466556347047471 3.122912570226281 0.9092104942390905
7.18281768694484 9.12421970000085 7.966304910254187 0.7693305152680255
6.313256208370502 4.958927190569693 0.630171575559737 1.179336149470312
7.867500760380313 4.716275411085179 7.953989337406864 1.429514914547124
6.287690186637014 7.603160925508505 6.293434142447214 1.213711994659155
8.487949725186724 4.64372225659729 1.004566566536034 1.527168971520184
8.544757018120865 8.885661752188085 2.482277592880614 0.8438509697484142
0.5071601525827052 2.813503325514301 6.172160353508058 0.8059687450064961
6.02992805898716 4.645568521921477 9.713365867601444 0.7631969327242775
2.650519749877082 7.731842202873248 0.5974163819415923 0.8939773812053876
1.261762373725897 0.1271009722899641 0.5031769694348032 0.8417747066208044
7.739761822687232 3.75874376900643 7.154952349332839 0.9338467453021994
1.54742831220809 9.08528522906842 7.412074467559592 0.8229859325231839
5.655831460036125 6.428762880033578 7.89680184371065 1.055280644215868
7.169266272500403 6.967056970363235 2.024034979137145 0.9552851260051182
0.8518658419307501 3.202970392035838 3.346434522022522 0.9934794869594689
2.04457262670264 5.793372923476464 5.242780095191918 0.7397807170263757
4.386450860917791 9.45109071124109 2.257963347763693 0.9988703184164939
4.281385158416318 0.8619668723294327 9.035723237411894 1.009229955496556
4.105429534375627 2.526286641377752 8.603747922628511 1.036360316453059
6.090016325451028 4.204297197394919 5.607084838555581 0.999981469571704
7.997432119006285 9.589897091128206 2.337789859744793 0.8397294678777053
6.843128612091243 5.932497359247344 6.770328728430067 0.8078763441057998
8.332180706450053 6.68224672747754 1.817523449994491 1.362930079928518
8.739835415537314 0.6604521318134171 0.1833697371981147 1.19652016314485
6.170741438306476 5.366397441340371 2.170459245362083 0.9774180476126054
2.936652710208159 8.27241750359247 1.310575454582659 0.9499842482607951
2.103102470771619 0.02521015762155021 6.11021254703537 1.258161820608647
0.6060665301433033 6.020193499810931 5.878080419053996 0.9484068363233097
5.536126071851447 9.290659617961612 6.047385335021536 0.8918772755500398
5.809899414945758 6.211420794875833 2.890292365185073 1.273534198092516
4.078730973346773 5.069795722105482 4.524774648132933 0.8650269209424818
7.627955029088652 3.542481140859532 8.07704953842484 0.9137205081697337
4.12105080985198 4.24781138686925 9.894063065753498 0.9544860732498492
0.6724122549721623 2.110708727619863 3.588385440237152 1.133191561534584
7.208991211826397 7.055293236152669 9.624396731678704 0.8483169075504519
2.566726809957661 7.281565013316282 8.835734591563336 1.194504916197105
1.43578910848421 5.68397214696703 0.9880423086547485 0.8456944301882029
2.43040196781141 3.349726001841309 1.649232074748147 0.7587297778167498
0.6744567683506342 3.73563526511448 8.981981022437084 0.9316929287095532
1.201003938572032 9.338439642939788 3.372017421607692 1.460576122509029
3.30147727396042 7.542496586032949 5.974835728726929 0.8940664501101869
4.429216389961569 3.803334420820227 6.831497362467482 0.7924946977734693
1.782640799020514 4.317959514431396 1.570107875362888 0.8384667301873426
8.412764432699973 8.625531701173147 3.404999012258056 0.7462040158548076
1.843390102644751 5.191688753467144 1.696905535482278 0.7293876259169623
6.249282293367423 9.018339437526123 1.077454020573054 0.8288264417626197
7.079302274519399 8.46781574424481 2.014955006341302 0.770355940014092
9.917971237928764 7.476391782506639 3.235515037346079 1.514620262064501
9.23958040903881 8.578808228778847 9.325009389841352 1.334263686339674
5.337118512062148 8.614576375187353 9.003197501987744 0.9172656300579399
4.377104279200027 8.903021415292081 9.510706536258521 1.275819411654986
9.915295564530034 2.04385137398027 8.224389645971137 1.22546011189601
1.351910240313973 7.691237829221067 8.943731403173349 1.055545538957996
1.137161285144644 0.7256585760039214 9.594660581332802 0.9127899982413978
4.168235064338599 6.662158748689758 8.954496706518643 0.763374533127371
0.1014285532631598 9.470437292587922 7.277760475414503 0.7806550241282415
9.764693690193052 0.2241206626358683 0.6620283747983013 0.9905481967647962
5.481476946949434 8.290493326382524 8.118217734277035 0.8596640287354534
9.030700733084057 2.69734552721155 4.912565616985449 1.51372807062472
0.485110763810469 2.125839551413652 7.02940460813408 1.348323640288641
2.726199095346155 3.192458271680455 0.1432093007795365 0.9089430215303911
9.125163128887767 5.469643349075696 9.95135695329294 1.196004082430036
8.598738925218772 0.1184137263130669 5.076372993858518 1.143657596670716
4.212908656617964 8.146185080845452 3.721118738650337 1.144972115198534
6.622697686944646 3.247576034651056 1.180689144634721 0.7727761044213513
2.369936685756127 9.963730629590946 2.853606449787874 0.7692732825606309
1.586072843463981 7.810382317755765 2.084188474783 0.9023538410752484
9.286667648714554 5.631592975462216 2.889409045611645 0.7436061479767425
8.328564059016806 3.887868587477471 8.779034033107296 1.01959608985993
9.62342703548692 7.447356738150697 6.105827345469383 0.7455829738854912
0.6723230997737695 1.003220034534044 1.074549465530861 1.480173881861167
0.6415963414115022 5.475423065968309 1.089157188675398 0.7661662191377641
3.142961209789827 3.703981421648903 3.967303707503595 1.249156301808822
0.6036357975971196 7.21749367796845 7.237308496253445 0.7653102236741938
5.132893079073765 4.213671937813412 9.436654286310914 1.163028991130213
4.289522676643537 2.528628553103709 9.726293621966867 1.022419304796698
6.748923171559078 4.728370203746364 1.705732348040949 0.7791296586697065
6.949701412750282 6.342786995332794 5.896175571841058 0.9764105902079758
2.970401815160649 3.449303998146809 7.617546909811228 0.8308031986802875
9.55639885609239 3.939019203114709 0.8453376456530248 0.8957974455324772
0.3902963990136576 6.80076877584415 7.907396373229372 0.7448728900692405
4.994786686419652 2.206440529793007 8.180313262991927 0.9961645733384598
9.652888211856325 1.660620447877664 1.818008579274645 1.006647320343417
3.564991865894735 3.559584859921585 4.91529036677774 0.7325894183195603
0.2098302931290308 8.557558624204516 8.617352062312326 0.8515937274867056
5.367964080933107 0.9610964109632514 1.734712016509027 0.7632654356942447
4.9647607305755 9.297755289269787 3.419387374265375 1.467360707327977
4.966335399497622 6.243342839055734 8.52647846438146 0.7328862809235611
2.514570048734084 6.141936962715861 7.619646138264637 0.7651790596739265
0.8687595103398571 4.045562066964169 3.965935922291985 0.9912305581460455
4.828678357774159 7.584078791339959 8.648625720985667 1.20916035227405
1.954998694076387 4.204099946353607 8.873662697393465 1.048078063590211
9.43165134921202 0.3901358926904352 6.781933066369204 1.064510031739113
8.613483760379419 0.6647267232013332 6.101597320720026 1.05845763445422
4.553657292134176 2.340738003344836 6.586489728704854 0.8747139728382292
8.088164900949444 3.538166428710929 0.7358693338577471 0.8193491672098632
7.733235131631335 7.808754239778706 1.879807335359202 1.022030221951862
7.727227851976707 2.661033274808458 4.395425688714846 1.158843840216597
7.316482256182875 7.480773848847648 5.397753148430967 1.427338197023838
2.462103356828131 3.945655179998353 0.8707841602896038 1.149368194243661
3.199567594433479 8.136368321427311 8.824354755948152 0.793431585198941
2.002027374134828 8.563046079062364 2.744112596606898 1.043826292127897
7.656539925350165 0.2025987698291565 2.838102532996848 0.7790786876451493
6.657429820988903 9.632256954206403 6.099524177266128 1.307438322349434
8.459521308277022 7.183017209886494 5.148196907734979 0.7945787196126112
5.089359397585035 6.981483981554086 2.352554496202413 1.032772973791718
7.796715832898879 1.090791591217638 0.644031572543613 0.9120145326573796
5.389168620448022 6.50827514126965 0.1245988970248801 0.9171741335996074
8.661617515058731 1.13259324375382 2.009223791829504 0.7744161643442672
4.651960405352877 0.7341480110946685 0.8817689267200779 0.8527896007601201
3.979124009015977 1.01712804951247 2.740106141857674 1.037109796102544
6.459835766660476 5.179572329122245 7.910514813718138 1.463584125294508
4.815187388963049 9.681918949645803 4.54391891168081 0.8557192113097324
0.9852368328496874 4.971394050241103 9.30705485322266 1.49453248926119
3.612498819499603 8.948454708940863 8.656850885566254 0.9592392533600501
8.148399986665478 2.558083534563449 8.508790157222199 1.381486587104226
5.422269325981306 2.270652965785478 0.05807519087458801 1.34806010813369
9.090586692201262 4.154663038895245 9.732141234619005 1.38104419910947
0.1027276465381777 8.017261839898142 5.818807727746395 0.7549852900777725
7.871713799067241 1.477487186191695 8.421917081152289 0.750938150513247
3.317697959871871 5.013720963967193 3.628233915458798 1.095004552443645
0.2413160140163295 1.031121918841851 6.139750332011205 1.155840034746861
5.387700170848383 7.69348470673529 9.891674438103331 1.424353271221675
4.008489787154977 8.169318215252439 8.805539143145674 0.7282058677645994
0.02149532827923739 1.950140036041264 9.365490429355935 0.804070015136338
5.423558614196513 5.236636217791331 5.667547226573079 1.260743266560643
8.022413332390983 8.887944188022628 1.502362715653448 1.285027253917113
6.889057894703614 3.65413693441379 3.197014383311818 0.7290633513223795
6.637885305800676 6.340374149159837 8.531762214135643 0.9780215011500022
4.679659770259128 0.7182020062161921 3.732393476632142 1.313937040253968
2.513265358533958 5.37445841724947 2.993212996158082 0.9736195846109713
4.278338187276831 8.788009175342115 7.308180494866083 0.7577560622966191
7.738027118430259 3.356017976342939 9.279341856796968 0.7629478988143579
2.376106055388556 6.284533423223889 4.687573672250063 0.7876297341621153
0.1645160211358865 7.500582721257697 4.648975977505253 1.115632901772187
7.085038579300457 7.03302736239486 7.933703052072977 0.9084630289110364
0.6434602407961942 0.7527405155045208 3.332596973158815 1.522466712916268
3.113476450875745 0.9395203086901094 0.9325290325885838 0.7415909716337507
0.6593082184678145 4.7001398923523 7.569187443279307 0.9067757845106801
6.900836013076352 5.967219777660531 0.4743769875793336 1.117005059403108
6.14569858609476 1.345178231106905 3.416250432255561 1.476319023334679
5.0283909319866 7.975712874477074 2.951963712241895 1.016892083398323
6.134740036800134 8.613038875119384 5.569356460828334 1.026289706110003
6.361147832302749 8.72553133175836 8.038228975755656 0.9077967547101198
6.526000096952263 3.231528050511009 5.478243496482178 1.088478129223233
4.52018676872778 6.068880825869942 7.145113406237373 0.9688133891364025
8.054986841068679 6.242230692473731 5.316389208794464 1.222239843710986
7.89666952563316 1.583175431677468 1.564101279291183 1.118670975536451
5.638838885361514 2.426712293961126 4.926326428981864 1.456878117400197
6.221980523718559 6.199342754771047 9.598884228633686 0.8529032742235431
9.853202400830435 4.125586181621768 7.634201107791034 0.8858017194469677
2.522118512321298 9.227341861338529 3.458129198575783 1.066645882633861
3.412475475190505 0.6531853743305971 3.485271368656727 0.8589152309177595
1.633011223381096 0.2615751800206911 5.228798657459554 0.7342264829588701
1.800501442340405 1.74062141030862 7.253131188182507 1.214992007828802
2.070196089491025 5.443190741590095 4.414502478396892 0.9804964135325432
6.76053970235085 4.585427455337503 2.778188111639215 1.274288056291641
2.428145614252997 8.866858947443585 5.966071163322434 0.7314410810906466
1.841118441515165 2.559400223046057 3.3120425036599 1.2114522314827
6.894832372762632 4.33648785367248 9.718425183425587 0.9836990949588341
8.663837219983005 9.773151897998909 1.664068197637586 0.7756551038068297
7.316957686381389 2.478991870214678 9.45104568429713 1.033470298631095
8.633074695177006 9.298439723585764 8.785862578900472 0.7938798037721844
8.32329985534505 0.6625752530220186 3.805144643750714 1.56580433837438
2.33542421924932 1.920676710610322 4.242154318036055 1.172333931296951
4.767521124757218 4.890901127314868 4.942528778404833 0.7510323699559653
0.2013539415713117 8.798462697987748 3.60402492206675 0.7875882595154425
2.563906664445378 4.901482743637144 1.414878051759313 0.8649892635714148
2.443958756131416 0.272252516826933 2.029085278011132 0.9335617734220357
3.463917208043394 6.278842319233081 7.325985599646801 1.151856786945214
7.34614654168033 0.7619872821483331 1.347786177875915 0.7587367264681699
5.34152084937588 4.866924357183877 2.968660677789278 1.456366327877039
4.084493923491181 9.85378246469751 5.099789017258685 0.7359698369703208
0.9859576281141191 9.190174113887355 0.4362382798884801 0.9428943361710583
2.43545814453466 4.281529786483197 4.896223771214037 1.264723012014206
4.087700930512077 6.039624155019819 8.236158573020031 1.039763024657379
7.581923017261579 0.4094884608158533 9.796709694657658 1.134185977928757
6.75245475659987 0.2842324760637205 3.025583130560523 1.033838158315324
3.689026502518238 8.056534045586053 7.862232454114671 1.213837913477313
6.867905714451581 3.579334303635721 7.347630055845316 0.771707126748667
4.04072384027923 3.397032311479173 9.232667423422249 0.9811805168958542
8.012629677852573 5.718147072927492 9.537097055207795 1.039845552030162
6.141342288054096 9.173273827585804 8.855357231325916 0.7879882101408934
0.08321566316458084 9.343067032337185 2.901021470685878 0.7905239513911336
8.744990173763826 0.2423453489778493 2.637564155128677 0.9793921501896422
5.878037634043204 9.55140715247455 2.588055539991918 0.9652591959727399
6.70316046539673 9.024739529229405 9.424908404850628 0.7990224434083694
1.827337676230099 6.16076590612604 1.789147664312913 0.7490260193024484
5.554606439169339 0.5705294949181938 7.611494710694164 1.085207952730669
3.311942726577403 0.8059720030269923 1.815765021187385 1.044631204174422
4.225432344573972 4.212300242323048 4.899002785460002 0.890191171761081
6.705480441874785 9.799153020353961 4.900032858182231 0.8566589763044223
3.454300752321187 5.654014874876856 1.215942716013495 1.280603092062377
0.3048615069336269 2.184113864538392 1.362332930697098 0.8144061371342484
2.763527309278665 2.729549180342591 3.758577310974519 0.8068312089032518
6.211388764582075 0.8764700554439842 1.415343109835072 1.014049675674622
0.2345681697577606 9.728644742408353 6.229276765099215 1.15977600316208
7.31666811576052 1.06268126827351 3.258644455693855 0.810579216488708
1.991032417843147 1.212020345645626 0.3171461759890115 1.372193684847101
1.616439066274563 4.617357422297576 4.2869580914088 0.7967218230962672
8.892031149327671 8.77769828960929 7.626091361825619 0.8385829740958304
5.739825463038013 6.539780224153472 5.984517213835804 0.7521118992388254
1.121093499666846 8.010011989278714 2.971961199070777 1.003303067014318
5.584642633667083 1.731774194149648 1.657937897009134 0.7473085489655233
7.859543928759319 1.795379171326458 5.007641397576266 0.7601691897585013
7.213691814680203 5.461654044440839 5.998969960438511 0.792312333269433
0.1221447517608432 7.916811008228814 7.237458010514398 0.7754335582020087
3.793165167385132 1.893326287473097 6.799826957140064 0.8446243584434613
3.269077603908274 9.255142816779356 5.235129315284159 1.124709269404836
8.990237907939191 5.383768803079088 8.172482222266558 0.8910906288966735
8.6423722156257 5.901900551093822 2.530054147818971 0.7711429323473152
2.004642736850457 0.02343980581175464 0.8461042934104979 0.7483609801223768
8.474683742850765 7.867381387720744 8.726316210519238 0.7636678502160833
0.567130214044298 9.041898666249578 1.31276939839676 0.7786586460957193
8.86361114210542 9.497087559160468 6.101831556655112 1.241568708581394
9.2171406147861 7.865920811310794 5.35802769644799 1.114183749292973
7.267584188329246 2.840641352820991 6.572207939425218 1.305716349959724
0.3314173610724036 6.769186374532151 6.318039452190723 0.7439924015754062
7.672650614065726 9.450364264095873 5.679922352546447 0.8563979919634422
4.686777408581706 6.946728793482955 9.453016335635752 0.7392370717755509
0.3556286200103875 9.117249848323883 9.478824765694799 0.98167939127282
0.6049762790039948 8.893351533271456 4.446246981147661 0.9565024706146401
9.642580899948825 5.34368023033789 1.255277029556734 1.147585995739866
8.630049924649599 1.784014366956589 3.353313694759189 0.7414789763406128
6.273518970786401 7.141538215672265 7.306873260539596 0.8133072942485468
8.06296237323213 5.155318417617349 5.349240840364593 0.8573990831744087
6.956304555408236 3.064322501097083 8.631474764754604 1.034889951184587
8.180152260911767 8.702214532718132 9.121244165894614 0.7331936466124328
3.746083320716683 1.757265448121954 9.206377884361155 1.004597846031019
8.926140070839015 5.176854751106169 2.118460699985008 0.9568761221856233
6.052984639641274 1.44385416985766 2.25876245190955 0.7607015543701907
4.464814824850619 2.761226169985775 0.8379997051316546 1.144676425625628
4.018111195733254 6.838519692594004 1.555644338735337 1.349577538751885
1.885246968680074 8.122596491272384 5.748984250147227 0.9472183278193926
4.811141985455029 6.826470391517007 5.863696463803043 0.729574894248566
2.535321244218047 6.874460475373152 9.760093158987724 0.7652355183103715
3.978567948859938 4.119100736041003 2.9486767090746 1.39101910381706
2.087488239873038 0.0328407013390386 8.527737369889813 0.7595775024993506
5.447106041160481 1.32962107802217 4.398572270633236 0.8563144386000183
1.992299752507071 7.69217469867767 9.818143762179519 1.026853093365865
3.405649496951176 2.617319423776454 4.606074360389449 1.230454694834868
3.478294446881073 9.47190833214103 0.1422337807298635 1.077517685053534
1.00216228505824 1.414909805951909 4.79338967433959 1.617306037583371
1.937718084136272 2.413056444327275 8.710061786208406 1.031575863198612
2.417334500552071 6.265945179263119 8.435555319387056 0.7515534016676688
7.282830705161457 0.7086845478513448 8.670514098449109 1.174093071863132
7.210283107593432 8.092204623798629 8.702672659164726 1.542559571525262
9.360606593245494 6.308330304639822 3.504315222962776 0.9135035275158464
2.34818617755356 4.666208690266657 3.889870403812978 0.8061819931042764
1.920663921227637 2.411232997640219 1.985449675718327 1.220500542272788
4.712780116987674 5.638005993974244 8.943339377838859 0.764221914536713
2.107373574654502 7.067758084003853 1.878492617008097 0.8662337817631397
3.091840909174577 9.581005567475234 4.220102488559143 0.9180299936515659
0.7466451559511178 5.508806575669563 2.740706830091955 1.09860067686843
6.937543824368039 0.5047228064037956 4.12927683918464 1.054992564258468
0.3385860071677482 8.620810626722257 6.598005355902523 1.074506941590059
8.272831416396036 8.156549807686465 4.550443977810379 1.350093397671513
2.653145362214473 0.01371774917400148 5.015070986774131 0.7803460058629893
8.235398618168238 5.666428183184522 8.485549387264976 0.7506203409631386
9.608938962723833 3.081613767133079 6.757737221672158 0.7545122862679383
6.201042626045215 3.089420925628807 2.128817895970105 0.8077705740283
9.00326384089993 8.880072480611359 5.190127596138137 0.9275656839323939
9.501622336901194 9.835700562159671 9.653445504510179 1.178258139720752
5.366506245444057 3.298219114130898 4.037030421119037 0.9259442450081691
7.336625991277434 6.11167353644446 1.514093575225576 0.9026683543404189
5.212939807878739 5.022242155215407 8.831111186900101 0.7353016057609864
4.6913479342783 5.788917493649358 0.7393687817025107 1.300924758321643
6.144668073365426 0.3556010199184312 5.389454346371268 0.8670423560022863
6.061976118039988 1.415210546295661 6.73981542615862 1.007165051698608
6.663982838641545 2.076849798936079 7.248876430367308 0.9999883986958422
6.192574911475081 7.902881357189543 8.021276778028827 0.7280323802683222
2.49399256756678 8.068886143404752 6.900508244985114 1.577803456531371
0.7524444571922273 1.414725503568088 8.917619808568864 1.094066999667325
0.2602871450226907 5.945295339518032 1.878301050038967 0.8397450905772517
0.2231374005308029 5.380781331576778 5.005311257632389 1.085257565188115
7.768213601750045 6.019001593309989 6.517903229536473 0.9840442416816564
7.750911237248657 7.954922868052383 0.97000870191013 0.759585650932624
7.769161076869457 2.047731071223171 3.431605312240944 0.8882328429362825
2.865466807877068 3.267994113649009 5.72570627811507 1.435252885389963
8.786366933298043 8.63436357760042 0.5743138011965199 1.020338632425866
7.54447686256879 5.996646327758099 7.647451602870889 1.216084388885446
9.54803468164423 0.3285353165911031 5.747853179823977 0.8311131105637489
4.29390296219736 4.747155317140524 5.803161607859926 1.136794952811709
4.425289162693935 1.576440791110568 4.829190054658167 1.373013664898295
8.866037343674225 8.012876331634477 3.59004395299238 0.7729588654803002
4.052903604391354 9.895097482938372 3.96525943679872 0.7314266525835675
2.656220341653461 8.079087034192579 8.146295930623603 0.8090449427233291
0.4808117773559861 7.869229609451306 2.19605423562126 0.8748752018241011
4.023209570511864 4.854155402351521 0.6413562155852781 0.9158220345707585
9.062349599083229 3.965516315246852 4.861551442977282 0.9147942728968459
8.276929750249476 3.626814360707464 4.398371968412387 0.932134215407553
6.923837836579442 2.155934122567663 5.301965088465032 1.16589070582061
7.677841223620076 8.95811575413545 3.871881887397988 1.015275087289351
9.665372405477788 8.202217924527496 2.259338993733866 0.8083902890293323
1.365742212485238 8.439243185416968 1.156295566364836 0.7603953587011635
6.123309489993827 7.009087888172672 2.109912478944458 0.9343320311379397
4.918658413487636 1.806101668225556 3.835731147786825 0.8429777318236078
6.150795444679144 4.15207477405358 7.40121490249471 0.8484880776825722
4.732440406631082 5.878950208671669 3.184235392428985 0.8112794236850392
7.532505740267278 8.735718646792311 9.634881890672149 0.7401968411338065
4.014335991092524 9.115795703116776 4.43637183486491 0.9826880332801892
1.09452833767149 8.703466175389504 8.708996223100733 0.8838328772669169
4.005085136040321 5.731684945178499 2.121921077946184 0.7314579227628089
3.102624039819214 5.500177305845158 8.140652305824249 1.13406437765744
3.239228328672078 0.2206275668284086 5.755430687252362 0.9989411554073888
8.635935874796964 5.055919197253909 9.020411517190292 0.9895824692731181
9.730566804003439 0.1464009500106678 2.816618055911109 0.835668571832186
6.118926484554017 2.400370508946379 6.18478420962812 1.172756781400017
1.442309287675174 9.405217404241849 1.254050635841381 0.9350481488400839
0.3137382870793237 4.214536287493956 9.987283924384878 0.8361848238896117
5.356877258676511 9.79654822158157 1.408288880962024 1.574345890378835
7.094808701918974 1.889897121624767 2.852906489030337 0.8650553412213599
9.856872853606049 5.241953452467023 8.790201622820046 0.9386582867732221
7.591757975501428 3.175254880710243 3.457864179958241 0.9028288075411601
8.588903021328997 0.9425986041018775 1.197169065314397 0.8631225994924632
1.176410160763746 3.839123788322564 9.835076594787186 0.9840296091736926
3.321045604490998 5.815845733673511 3.040170644011517 0.8326850177583538
1.236657250173517 2.896744162993389 4.426592097238991 1.328390913399414
6.642463460829358 6.195911083230676 2.149125267174012 0.8597831568505521
7.019301264881369 8.668008412686168 1.171190263246916 0.8252465970619015
5.836370798196397 4.739080223340329 4.786222029619998 0.8363023899435733
2.686997920421159 1.521891237498459 2.786276233315372 1.552578992439476
1.379623829535157 1.721920336326168 6.024958720659195 0.9697256501150557
5.74866906475247 0.282050076146767 4.356736987570454 1.242436340684664
1.367586787974719 3.9686452618941 4.817499559806504 0.874623323708723
0.8920524167928445 7.384494736093176 0.04836079983980058 1.142194113739305
9.08414192490395 4.772631340164126 7.495640549218618 0.8859678701825928
4.350632906375491 5.012674805968188 3.666144717073626 0.8567610412642682
7.19217178968872 8.77816281648539 4.973401919493807 1.216472351865111
3.734410887036336 5.575074618070659 0.1717191681774188 0.7867187143119703
2.83219719127157 6.290324517170021 9.193195808355483 0.7801443157120154
7.703773016650504 7.135148170710695 2.986167808282345 1.067137217784912
0.8774544599858713 2.953275463882777 1.731344969212655 1.001498606875948
9.870231614579723 9.765308233407366 3.707265098094072 1.038937340967871
3.151288535324914 7.065199367078224 2.305929117889437 0.8924302926619274
1.936607752725207 1.064455348054646 6.345524490835626 0.8033850910448066
3.700691874877464 5.857464855351444 9.267279908666481 1.022027251906712
3.929718729011533 0.2236956969188186 2.213787782547258 0.7302948602272537
1.037838021410982 1.841023493844616 1.907786725559742 0.8340931885446221
2.391673704764007 5.723611087923859 1.134156183704421 0.8116160387639891
0.5024124514761308 5.071105819153854 1.837223903420079 0.8289566155194994
0.2565226386865349 5.399528582343419 0.2816119038154652 0.9795868869772324
0.2606061297969786 8.319984903570402 9.844409870028064 0.7452328603615109
3.015062478875157 2.246734985269519 7.978520223831659 1.467993304602781
8.36508788482892 1.863161499188112 4.206765150925451 0.8667419520369736
8.370780536961179 0.2103128702886692 7.04843149072353 0.9076587484526224
3.198670290634036 9.854392433774583 3.282413864469046 0.7383566417622459
2.81272921934379 8.253693596446105 5.463474607648959 0.9331126375742977
3.598988475021578 7.384734485450192 8.714622853686317 0.8047673932973285
4.189231697328988 8.525877356449053 2.686839959268628 0.9964872867714033
6.916688860372247 6.459178486090988 4.554327738394721 1.145771208864176
7.835898543646252 0.05003959207096953 6.327101670074982 0.8422323047651367
1.836469465601464 9.124815611108001 4.914872889521043 1.576429088209364
4.827755174445681 8.059094840124462 7.44420085835992 1.022438888750254
4.793886273601386 8.591888260850743 4.424541259883847 0.7998353360359409
3.411901814091974 8.962762283183574 7.041068995691198 0.8821297122856586
5.08450590830305 1.684527389474374 5.946997548271624 1.180364539855449
5.945009676469957 2.995762860538102 7.812331523815734 1.508875959909207
9.698635561720652 4.51081419769433 6.150510648846303 0.7862265249908139
5.114648719667936 3.037152437918302 8.979241115803838 1.268756558420405
5.004448613677276 9.005642936110224 5.256252414076521 0.945060225261054
5.426202646973223 0.4287329457664446 6.341761376393826 1.422227256807505
3.48868288487978 4.208519119396267 5.393417030478741 0.8348865948678714
6.168639168053422 8.709914938917628 1.910486184671261 0.9211419250691082
8.677712732458183 7.788854405129578 1.315890456667068 1.114922753529318
3.112364446202971 5.402817879987434 4.766329659498037 1.173099608680516
5.324985713026158 6.460619769060807 5.297437553714709 0.7859820491209472
0.03913787742287234 0.9514975498664446 9.822905531299295 1.244384519142136
2.044965510605876 4.376319776411206 9.930163820221424 1.023225317485287
6.792602026991512 5.701798037471508 2.837340556443145 0.8181392782316346
4.4223340711681 0.8839014302084081 1.82437935050097 0.9512601563144777
7.187016297635647 5.671348298705412 5.16981173097899 0.7763212481797599
3.914439777864328 5.561765591305374 6.44384725772795 0.9969372782462225
9.470123275687802 6.929659469994237 7.132640418132581 1.4579023545797
2.597086205901344 2.858563710839187 7.082088370952739 0.786153974414683
3.071313750714097 6.660950900425971 0.8888839072550003 0.743226488684569
3.903632670424107 2.046472275200009 1.880011031804703 1.541570309371629
6.024261268407498 4.912998177822996 8.95396106527904 0.7812888480933075
1.442588919301807 3.407278098981754 8.588987964428812 0.8771998888125112
4.640840512603625 7.858202364283329 1.929279832698039 0.9961246018901556
2.82640353908137 9.93843047646099 0.7794225770324414 0.8760806547395957
5.935102253588823 9.461986786394384 5.132976931071891 0.8374277040769493
0.63420681860068 7.849957095233446 8.058578925422015 1.079763595138056
3.099080733534684 0.1360514512867583 6.930045077507557 1.281002115416131
7.280671791532475 2.752728948083108 7.73233870445938 0.8854071754048828
9.921770976324186 5.396967325021619 3.403443116753591 0.9086358416965764
3.533965377735988 4.105269115824851 6.391186583025344 0.955001580856071
2.22636078074766 8.858333222168032 0.3979849875728425 1.498367431320705
9.061048222812527 3.289531419092442 9.067289692756685 0.7573945837954663
4.143333279213826 7.514947914928298 2.771904480318232 0.9631676936439385
7.802922368978076 8.636705458670486 0.4833647968534371 0.8137818281714219
3.828448639589934 7.141153692112566 3.560155200602983 0.7994022900345514
3.908941839725286 1.166547522577763 0.9598584731945459 0.8279803421159941
9.166245544727095 2.602228044208444 2.032377363763878 0.7464851211199373
3.532683301569354 6.553838065718492 4.864074776550366 0.727156130685642
3.003234805736397 3.973405979214746 9.357285789132044 1.221139716883442
8.904944385542279 6.269937051725234 4.285636150750011 0.8489286012789382
2.336795216861711 6.387377668121738 2.51847629015066 0.9797580198903836
0.7336693765400382 7.025217071069928 8.610602177755464 0.8186915875968676
1.634847097731182 0.2223960631423805 1.620960524576585 0.8477427568514457
4.165491673431099 2.305988782690068 7.593899018472203 0.8959771371012217
5.126172177464498 3.182789320470808 6.683231099795867 1.037154815656889
8.176133180652965 7.747866820703682 9.857351879343105 1.416723213286881
2.048074546234342 7.393277753040131 2.953616967278294 1.132104960015361
8.313588929216897 6.502689020443288 7.071590094180104 0.7393414914409142
2.114584942640967 2.400994064084973 9.907823285687977 1.02068244473085
0.4885973198612259 2.008688623317168 5.874088519849892 0.8607733977970818
8.005616596461479 0.7639897556531072 7.764695340032122 0.9860950928599703
5.579241912489843 2.14560837428755 7.045426533426867 0.7341363471362958
1.104749499812071 2.116449516142827 8.087764354040639 1.03438724391327
9.072364088277626 9.625824401061552 7.315656044661483 0.7819196255110613
0.3799537367250494 3.320674873524693 2.416605558958197 0.7421753431001414
0.484924479046791 9.948124042905279 0.07109839084294189 0.8940058921800811
6.933994000172516 7.785129345528214 3.933143636729758 1.591197495182761
8.750146803541446 5.694677341900176 1.428043300925947 0.7463070707982794
3.943397255180289 8.117181095421094 6.633050224292313 1.187583930774772
9.930255244612264 3.070710248993621 7.652736844506809 1.066098768509192
1.522441549123315 1.563012936954346 3.653459459869258 0.8487813696929171
1.945321726760494 5.506042673345044 0.1666283249805722 0.9995774214942028
0.2162629812436923 2.370676694083942 4.555383711228108 0.8538401482459363
2.641387002569628 6.407234841350661 1.600387577335655 0.8540711499088529
4.711210763383473 2.48967240762979 4.273043002017564 0.7377243150764863
5.44212335270271 3.376423035041306 5.707066703902766 0.9460926950117331
7.301841873061784 5.20227029162005 1.145193693908347 0.9438057574105962
7.528387388361772 6.087427817735066 2.485318662758083 0.9484105658606812
9.897078364520793 5.119445288956412 7.850003300591378 0.8782014288211561
5.344727387240479 0.8942897542754835 5.211184312299086 0.9445476831375172
2.728109457903781 3.721648740732638 6.816066888925972 0.8898266830443037
7.004406497075415 1.405323217121316 1.00514744843714 0.7707091579499141
9.668050831821496 7.155845401623886 1.802906235228952 1.379852839366799
3.936040603687937 6.070122408534862 4.004943058635809 1.320192943253411
0.5103909989516986 6.515618164508011 0.9308469512936468 1.307206177269451
9.527464675302692 8.417293139403235 4.206229189536423 1.094291929638488
6.548173136122338 2.581570571177676 0.5879584079294331 0.9811373240398633
7.657731492516779 3.975582231432814 2.750486955704859 0.8107301773290581
6.183738470326801 8.449038132906278 9.24695064147549 0.7609447674420003
8.309786191573298 9.447122829465048 9.892919634907424 1.240528916392177
8.543604332482177 0.3853264878391593 8.902805613136314 1.351351465944214
9.903488248749538 2.753065298684999 8.99343770686917 0.7914295066008883
6.773421378611004 4.627670939381755 8.870829728640022 0.7439358174426187
3.368974105821697 7.177799811197785 6.854331196005901 0.8353171297833955
5.347779081352219 3.124538737951754 2.239744894595955 0.7385360302645
1.607558280127368 3.47151809234998 1.284178601919262 0.8556909531373972
1.681810097461243 8.297875458238146 7.973568598915395 1.02647998315966
3.925472106481841 7.234815112377126 4.467079122965601 0.9781110380905818
8.791406251342266 1.917825728410242 1.481754380265152 0.7485608916875263
7.035744958581095 3.628220389862924 1.996469532914792 1.1572577843459
1.008160413280367 2.443901417702677 2.630076629873201 0.8987012573841572
7.466175453123864 5.08567058117834 0.1704316328271549 0.986227120754309
5.480880360217744 4.2734072660493 8.230333657660609 1.216827325492819
8.666781414427193 7.178788864861692 3.483929658329324 0.8385164038014797
6.329887190266956 2.789322969101087 9.439975241375357 0.9820959008209103
1.058177877610902 2.550273679225472 5.487791343873729 0.8479954123224053
8.803772947065088 1.453645476790429 8.155504539475402 1.131444649817457
2.147630991041636 6.936703289140509 5.227146102760742 0.7648001769110152
6.222116140587546 3.574639338334419 6.535049233481477 1.163657611469295
7.094486040735672 6.20625289671452 9.518717760713599 0.8342427700197534
5.010030121032639 5.433998432523815 7.932140981423177 1.187409648610608
4.46810015887973 7.464278220281548 6.046275250781331 0.7301687812709305
6.635871663083618 2.157072871225851 4.367195639987733 0.7335486664236915
0.1168477960311953 3.512090789345318 4.675305835638376 1.172893446562522
3.871716619574802 7.006898304228208 5.496016306273044 0.7870674111571266
9.984566797151647 2.524825341643451 2.072881187688928 0.8531660442246325
6.523583012687992 7.779916339898234 1.42067695152772 1.143459767135306
0.743801101099244 8.272863899864431 0.6174392997390088 0.8516430345003994
9.791985355175578 4.522781960774535 4.06399119568182 1.228256695524618
3.360640914508246 3.194339769463286 1.251187379433064 1.190900912058912
8.034068407939172 2.723555968855661 2.331554486077204 1.54125430337039
3.1287384666369 2.754419360507717 9.22788399094803 1.172245073481204
6.761761363171195 2.244408569100532 1.70654147633299 1.331045429722872
5.349506640254329 1.046535234041071 9.444420318440661 1.021962371678882
4.112654004837555 0.6097924546728517 6.572590054751437 0.7653107663185927
2.083698122477766 7.832148260750478 1.326477462352327 0.8728811223547649
6.182935526481772 8.547641845350448 4.60477022006311 0.7729381452562828
7.262787294758374 4.890891917619269 4.990224192158495 0.7740692970582217
7.23641613074244 6.982112513309006 6.810465753349305 1.201273429984265
0.246420054025327 1.778012084484414 2.678816627547476 0.9311835157061118
8.055926300199481 2.841196764531878 7.415067322935509 0.7438022888243576
8.526469265943414 1.722653209141966 0.5981967822823397 0.9806341661804989
8.456193537065124 6.978775036426548 0.6859931033986844 0.8442003193653611
3.602419768965541 7.939390825804917 2.005950607957352 0.9882983292380666
4.408932718115692 2.674293684807529 5.016691685838106 0.8103502714581774
6.790047133594004 2.836423338395236 2.827787379749533 1.042129620964852
1.059014075375136 5.889753671580149 0.2043565637293288 0.8519414745539177
2.848297783235846 7.278332047091151 1.407526826496305 0.8901101713858118
6.299499430717863 6.927129863004299 5.459982655146814 0.8155746307857752
1.119403309368699 0.1323876897579379 6.487536162543901 0.7800475063985653
1.762722252502515 3.257483358111801 0.3745498671630421 0.9307957394077451
9.082277310066917 5.104302653080942 6.540708381875687 0.8980070869291342
5.012318394625801 4.319081293809643 4.196522048560887 1.133024867737125
8.70464784312948 1.155889811821411 7.059112414734243 1.006216007125401
4.289396235878941 0.5968592398559625 8.155763841752076 0.7835798415558521
0.1211238479300591 0.5943864926587894 4.404251761896416 0.7975025321986118
0.07308756806225558 8.947366365022898 2.0149347494499 0.7874847159335263
9.659868412522682 1.129478188080603 7.475255936625794 0.9717868127954949
4.589814236029595 8.726608533815504 8.293162730821694 1.094999795623919
7.478506859089147 3.556789467956976 4.794911716314519 0.8136938958423283
2.806791503938308 1.564772037533129 1.474875638670079 0.7517758412805546
8.123358821164464 5.975625454840888 0.6916604013086292 1.216469485626507
1.785430003378129 0.3649285939666436 7.438623536846933 1.483159005908288
9.834053640688385 1.846751467511514 5.288316286604007 0.8488620065175566
2.571380018718129 5.192315716015824 9.234264709641872 1.285957209053181
9.200251134469468 8.727078943461599 1.514423277302054 0.9907170471383644
9.270875799729176 6.111453371611174 1.877815421061177 0.7888272323134543
6.287190151421437 4.820455683712279 6.59140604214515 1.153353516340696
4.768005932584834 1.397725163377217 7.164387058525187 1.31232383939737
1.497463219299267 6.910824464648885 6.275791921929882 1.519385598717705
1.095138519777163 9.709794619354394 5.700665625865882 0.7872243010054071
0.1507674890427935 2.664547484605049 5.374070205228573 0.8432045219274337
5.485310859810821 5.326958099450474 1.44821899666294 0.9132070211248809
2.958181079629743 7.728007084630987 9.728796179422146 0.8489319423073028
8.73637899906478 5.537701324682788 5.756553150009085 0.8123835024672392
0.5042207765533024 7.283380387038372 5.612037823102459 0.9246847491208379
5.546705291970868 7.406380381670563 7.859930102586064 0.8757734536633522
6.417292874996304 7.353709543562375 9.363392014005301 0.8461193956444792
2.763868263192978 2.017591757058375 6.3895077929153 1.326969868530994
6.272765033689593 7.138576802554772 8.266535364488675 0.8161137620029341
9.846365507369613 6.284855822764156 2.662978733123171 0.9777682668428236
8.893111001549839 1.829073718568398 2.259436103684914 0.73904535618737
1.403248211391759 7.57390575323909 4.449191154385353 0.7484581087032879
7.537236815825654 9.482091542212762 8.865375400367643 1.243479736585544
0.9016453664488711 9.522708572463952 7.019052536497722 0.8332346613575231
5.262266874148026 6.988853522630857 6.838427358643287 1.356385304727249
6.310829715366739 0.0858833720791774 7.068764221567397 0.8926935751947105
3.93701823949481 5.275497963150412 7.433785399599959 1.001500499268251
1.619913213060261 1.647031203592894 9.302219404911458 0.7858299976110137
6.997910626485862 1.659510174426702 6.341348950122508 1.044347074608802
1.305227133239782 2.291984691200887 0.7938049144273518 1.302728272737954
2.451887678631193 7.438204779047239 5.789695229850318 0.7934698282409568
1.578833567563867 4.783267390678121 3.182830585039233 1.111661984037414
9.088579549295565 8.258121990870958 6.628100224213878 1.373009848344925
7.282416764738682 9.426406501868223 2.922374307985195 0.7915241376982546
4.049939741425711 6.446965748500224 2.764843265184855 1.114533394597385
7.133688018008056 5.361224686366456 2.136613349186487 0.746327624358093
0.2850515458394243 4.489975316023311 8.310920976531591 0.7577379858321566
9.447330359702628 2.464659606892449 0.846420619107372 1.193026450174289
9.805385551361249 7.047198316691016 8.429177965709179 0.8075595791081767
4.682838932067026 0.2582445399335398 7.213176441340945 0.8420802984260505
0.409422947336714 4.634912815130686 0.8626494007757546 0.9246180159359348
6.692335447178115 8.923443543123364 2.657163347883194 0.793971400370643
0.02570358302651288 3.454813349760353 9.597187133202848 0.9064074109060297
4.446302057115059 9.238264783382446 0.5731132449954168 0.7924978196709226
3.504709953045446 4.86863742083364 9.713701872975843 0.7975493368833159
4.428559760262901 3.394962443476752 1.903058095832091 1.171026941129086
8.354124953130992 5.464406215330935 7.077787422137289 0.9376760894033971
2.503078061645779 5.581878430706731 1.990454402344982 0.7969305203883734
6.176955497161726 4.407038578834833 3.89697288526561 1.128010707425995
1.178991248150032 7.171801853967695 3.617600320688191 1.030262674403153
4.844308662653261 5.205822904291646 6.742659966000154 0.9987571550906262
4.978491837483694 3.858157170711719 2.582387789965466 0.7574504598513343
2.970684793397815 9.415084533709761 6.17498620127861 0.7300818165970889
2.4645390014557 9.275731543662136 6.765473427548757 0.7898610883411175
5.023983112725126 6.208577026329874 9.357825567895132 0.737607622064713
9.798658534618456 9.606757171292923 1.394129367231399 0.8286591080476736
9.78372352845847 4.444154512117876 5.162847379334301 0.872101889425109
5.479024990889215 7.243092039236256 5.606415496860625 0.8713170231762648
7.916787598461901 6.750799645775783 8.749043226114184 1.423346577882538
6.17939559137237 3.745389104536347 9.023265393236629 1.083832158393484
8.098039319123272 7.824720063345111 3.539248232537705 0.762266600303357
3.407610753201689 7.275988274979182 0.4070729277900909 0.879047561192863
0.9632174647962677 7.612158861924119 1.306986584223306 1.054085800328431
0.4571657066505763 0.3689111987580973 7.017887450452656 0.8782707558235406
0.2002579367318169 0.9974080300276489 2.21157733208083 0.8411889392057972
9.721910127548444 8.865369347969313 5.807611618316823 0.910415628499931
8.667400365004479 6.25117759153906 7.881774814409536 0.9573484710273198
1.108111502938265 4.390297884646334 8.308648205253638 0.7737534206784022
1.607036363054672 2.864246115368022 6.526219411948068 1.413324884350507
8.197677575016272 7.637733975086021 7.601370689280361 1.452144801793683
9.839552408096711 0.2818603552376442 7.607986594262527 0.7394145945213367
0.2510367854682127 1.964829083299127 0.2895926441674213 0.9522627863066826
9.184910791865477 1.365914939462808 9.164701200534292 0.7484652746031336
6.317820574520371 6.948934786638349 0.2950969172681006 1.026631804202569
4.047699220624167 2.191259002026907 3.901543319492493 0.7545957594911169
6.202029919355708 0.1610578656614114 0.5795105214514285 0.8439134598008212
3.472019015177822 1.112959760744948 6.660155090897405 0.7840321224928072
0.6508165209401129 9.470494612508439 8.680864200693089 0.7937856982278969
9.567929081909361 1.558298312738569 6.688165182877812 0.7951480860470103
6.538081248011753 0.03611510255873474 9.331560503672771 1.176018950663636
9.359847595784775 1.114984793299012 2.758033561913831 1.122956300244357
8.918329281450905 6.030998369194502 8.935063813280175 1.005913084350964
1.918788920712977 3.765852554753042 3.764648322312432 1.148484498835536
4.429012847240112 1.36040333861428 0.02698410247713889 1.162932214165808
6.801921727294848 0.9654567398909852 7.533537634825923 1.26753229954101
2.723238669542414 0.9460754132957361 6.396178619589569 0.7571006462910204
0.5439977181739342 9.807430120438367 0.9561170265858288 0.7952617971550188
8.3679818946268 3.671011874713677 5.335928461991729 0.7365987385432486
5.134977661523759 4.177314999623015 5.288851328186003 0.9190029924976889
0.6640124635756517 8.89870860326968 5.598644727483922 0.9748038769560687
9.597389323590718 9.497630294969959 8.304251900723189 1.348549173803205
3.485206206493446 0.5764894714420199 4.604869858130193 1.30959900331684
5.949669733785709 8.461702048142836 2.897921594016992 0.958455646796987
4.050135971633694 1.519432405304593 8.266724635507694 0.9632673375614808
9.503559083003125 6.492670037815465 5.385354318609449 1.584495980374822
9.05791359041184 5.282956697287279 4.805423172949673 1.183613593915356
0.9873231383532866 1.572006390406284 9.897360705082232 0.8512452939281286
6.973187033105319 4.361220659056381 7.232522466384676 0.7493654329323121
6.23834941213032 6.860631731502432 3.618929603655402 0.7465235137420511
5.558612267115481 0.9292514958053333 0.5245694085462761 1.050220357587751
2.405884885162024 1.091039431301286 5.333442042673342 1.380945738707187
7.42497949481377 4.254256485264756 3.876533266050632 1.320859042903696
9.43793942591819 0.5331021101913025 1.686802086756837 1.179940002111725
4.905549252496804 3.745318134594402 3.441272978055975 0.7307111923537468
3.676396095056863 3.020759469709931 6.864384746279587 1.325447501969026
4.319601098343964 5.957911615124596 5.344153784012375 1.400777775341903
6.682113649349997 9.221277748062736 7.179533125709274 0.9211321460159666
1.14655356298606 8.010107743563299 7.041984974029372 1.081733030543886
2.736121660476709 9.646474026759037 9.229593452720808 1.173395443809021
6.050050134530717 1.755381168175714 0.957898119138294 0.8884066070711831
5.746303244789198 0.3062278752475611 9.848744875865577 0.7416291690417408
9.502049986661024 0.5869525782193685 3.55465577617172 0.7493440208454906
9.577417428675398 9.209665937195727 6.76216403769397 0.7360580806368032
0.778795146637753 8.086884405411675 3.948255436301019 0.9289460701231016
2.439358305797956 3.121168615418298 4.588732803453749 0.9028905906901304
8.88863866411565 7.031051318581432 8.265819627365643 0.7337888285662535
2.004353687703694 2.328203354033904 5.316369766980173 1.065965038901047
2.438063402207078 3.341533019259586 8.428502073951986 1.077705010998147
2.748525837582434 1.115179299863668 7.188336396043643 0.8114544189277305
7.856997177380238 5.462989573420826 4.301174496038726 1.319033376438979
7.385982178442407 4.193415340704179 5.949918392858806 1.558273756566527
0.6446267976768927 9.989963199442077 7.865114986933381 0.963242327578871
7.894533301572446 9.075724434620344 7.022040570596539 1.493366492188682
1.777085857198065 5.395678360220977 8.080443902007584 1.470337652759796
6.1208920355826 0.8742463577732862 8.57329678781768 1.130247123109042
9.696685870578209 2.597380517930792 9.811413116973908 0.8641022300127643
9.154782445019235 3.620839413888211 4.018047624769274 0.8719076190759441
9.37099910293939 3.369591543500265 2.759761651987234 1.335312053591432
2.263840327848684 4.79644689232168 2.274422217279981 0.7537826501908239
8.477955160688726 4.104571133466383 2.23836127967896 1.045202082493567
3.576704416870307 7.712693176601175 1.134153374883211 0.7352413323243778
1.571992636054514 7.893155047757235 0.6177556850306565 0.7760191677762813
1.547035258687606 5.530963113262432 6.152350156825649 1.186377254332928
1.750412077059882 3.963575100096928 7.491787050500616 1.425827936001705
1.165711983235831 5.656928479971597 1.797415841452804 0.8149056011329486
0.8271473489695869 4.847699056967461 6.666666666666668 0.7541902967632178
4.338216932829504 1.646931703918555 3.287979333666359 0.7319744078661529
7.35412028144578 1.568386736937973 4.224669273368385 1.103496486912415
5.02993394341336 1.460988732370218 2.545183794792874 1.215998616611631
3.224656643859734 9.095527529687393 1.050647102668921 0.7846770057699495
1.828198444998385 9.540192679659805 2.231824585958985 0.9810640501988148
5.951459306684466 0.5447328843200339 2.366037151022459 1.023581069236951
3.138749776349212 7.409146011551309 3.980785312057293 0.7828417123552601
5.722568839723654 7.899407780417156 2.124608217534834 0.9354246632353155
7.971202509154691 5.464774298857287 1.814322580645992 0.9492785621456475
9.726857331055232 2.747995506635494 3.780057159339899 1.01723746132234
2.871055517979055 6.060960431836567 0.1510154571585209 1.105121628227546
1.007800751605806 1.004504257639283 2.257586561588572 0.7341285524760872
0.6122837673400339 9.953330021336239 2.072256730534458 1.355417577198618
9.318698155877174 8.720767412048868 3.111951353733472 1.121590999936438
9.083395762585598 7.26715373744296 4.348878223301543 1.039010432241042
4.90325808950888 6.941819825009145 3.551506000689673 1.325940555192204
0.6302103807163295 5.915916104343376 7.14852990685229 1.546246335130045
8.285274002685941 4.8884436085527 9.83760539245619 0.7448115074602963
9.282052087405942 4.472897593091247 8.469587868970246 1.014523719147429
6.271204509175969 5.731638712574916 6.070026234016627 0.7402384370860664
1.071025975558593 8.7315129537691 2.127343661818589 1.088731180654394
9.367245733781044 4.06058528599507 6.823464183635664 0.8884682345368797
1.44037689680733 1.607291350308624 2.650884539758369 0.8854124411335834
9.522108750525604 2.351599095406039 6.111187611574591 1.115127312726556
4.28741304859935 3.3769484651676 4.251175572740997 1.140579178109137
4.964126985609714 6.041885389287993 6.303163441390698 0.8201752339815156
3.553296345928017 1.386891567238425 7.433089309013221 0.7836466802027237
6.034197886613466 3.667203560554745 0.279463722979103 1.400887471996924
5.039177904689405 2.416269816978707 2.017761778406331 0.7443674628448195
0.2012623661270807 2.661329470950867 2.881948097860698 0.8108061952191672
8.594090606942885 4.514630405856487 4.121534238852482 0.9954477796768327
8.260723968305522 2.5292703030121 1.12285360741049 0.839123039704453
3.337295989942395 5.085825104678734 5.773744191263412 0.8458603875462698
1.486667032431165 8.93175506276514 6.385593736163488 1.20968705950209
2.671762835504118 4.30119017570431 2.996574370484207 1.137575339111091
5.146138665617777 9.910119597809333 8.766496668800521 1.567039611093197
8.128829768877848 9.209475889990113 4.996217616702747 0.7920880941201134
6.246118107302197 7.720687156077669 5.194860216102303 0.7560097641848057
2.42415761229982 5.14113972212781 5.587048540891172 0.8726011456281284
6.553950807613518 5.114427416081511 5.478096832149698 0.9569571431682845
1.518276066385899 4.990061583161219 6.983492963182639 0.755774370556026
4.983291484237139 3.369072846336945 4.927327715521757 0.7485460533257554
4.690444252042036 6.660299409784511 4.575231724832779 0.730066358582233
8.240698215669267 1.908465112759856 6.092086853042506 1.489673120700652
6.219667758262601 8.6749729312737 6.587448175554255 0.8822296218975872
9.767481016418332 3.563105564512721 8.595858490479884 0.9762074954193043
8.570847823254894 2.70582324440938 3.587872411366624 1.12168280178833
5.742774383024122 5.800425327826411 6.939087530940584 1.135875549355035
5.867217847165144 7.846806614435766 8.774660939526964 0.8636424999693225
9.250396077423465 6.373456671050072 0.8237715956616942 1.119225044162331
8.806693922516645 6.637903650862571 9.818484063567078 1.084971844607342
7.539391418320345 9.917479067965477 7.853320774229491 0.9123743865820626
4.682327599437175 7.158102752692356 5.189509706516698 0.7546855124704565
3.488096464392601 6.825324907462779 9.547199302066089 0.9935198503941444
1.902956479553103 6.776676826130199 0.7383020514806726 1.468155480954513
5.85661298474276 5.954890114744136 0.8137732566544931 0.9689343766003626
2.644437779985297 9.223696456065104 7.936672911953571 1.452942324716778
2.281826106683308 1.948393972174305 1.058361749420484 0.7448041409466167
0.6306000950052959 4.562685456423071 5.740100664255419 1.015178052328944
2.827531643727151 2.371992344053097 1.539266519487387 0.7418041479076323
6.964522939007768 1.084173065822246 2.209635006686397 1.1641241424631
5.750322297772128 4.094355020063795 1.719419309232969 1.481426753977528
8.677485497308117 7.799124870847647 2.581959384341145 1.271284039454132
1.226525871270209 0.7567199893300258 5.932982540492025 0.8651489304096472
7.004743049605566 3.462554644552668 9.542492984344921 0.7689403395418323
7.395731427097441 3.14931002202621 0.2114783058341396 0.8625848599771023
3.085139231251504 0.3959443395006168 2.690878065632526 0.7728399019357142
0.4784285740584471 3.343447712207312 0.6610616269335878 1.285456060587879
0.5313086238920939 3.790473979254745 6.7365423140937 1.400460045971309
3.043962108149199 8.436443471491184 4.31543478237223 1.319908195412279
9.319838076950703 9.458176765154235 2.278075206412394 1.05412552911827
0.5990482833221422 4.516533013777155 4.767450096576313 0.8196396809523124
4.133898824516121 7.699513413563819 9.593709563436214 1.045935364256033
8.011618303404655 1.428167866496981 2.671324554082346 1.086754569056701
4.36541730598466 6.280684031657686 9.816210991601496 0.835820681672814
4.048189641271719 0.04101857910648543 3.058764275449153 0.9330141024952422
9.431640178049856 7.966795826161973 8.130624532099322 1.226133696337806
1.897821960685643 2.758425330582635 7.708555798906608 0.9689451776490828
7.010911605642778 0.4479751841507096 0.6275128170117306 0.8210176025756563
0.659679358309686 5.245144272162588 8.239297192822407 0.7303545752469358
9.770437462760864 8.7147184789082 7.378351349795587 0.7827531913544659
0.4131690851234393 0.136506422721282 9.174745632955524 0.8617386066289504
7.958418554559234 8.830261499589849 8.150683092569135 0.760569450160695
5.357623530598548 3.89279214792589 7.268736212842852 0.7518268000786699
9.577439021732998 4.318063671029537 1.877427978522793 1.205681018186163
3.475925863204216 3.472673647362908 8.411906799674471 0.9730198456210709
5.829927613143728 2.319676834162474 2.574582099059102 1.080516430516487
5.793284988374903 7.022383476706563 4.539327907751582 1.242120980449005
3.713716158692541 3.262887851632113 0.1798938131448657 0.9954863409036061
7.18773535593388 4.103957707231886 0.8933836212267687 1.210262030422266
0.5829949991924488 2.958535617171871 8.375709247131994 0.8211350934781698
9.31433735699042 5.649435795378494 7.333666642338329 0.9066599584960523
7.405106103997714 7.013494896590597 0.6976447989539847 1.179644469338578
6.616859758882109 1.404641520906066 9.816188072170791 1.57370434895493
9.693857905686682 5.795038655267112 4.170051913076962 0.8143921644599101
1.025180700658403 8.126350612685362 5.048790218334958 0.9399930021884466
3.000303295781482 6.721644371010198 3.275613816876461 1.101162295647454
7.61708700590672 9.791045468875033 4.471636689687077 0.9691051309378221
9.600047297020206 5.831546087134738 6.440379939049784 0.8494210854673856
8.368216786294797 4.471940956163313 6.840077701098608 1.00862529974063
3.851095174819643 1.353376151688256 3.906654275045141 0.7618395313737794
1.183401935787111 4.916442719568838 1.322620530092189 0.8059074955253184
2.61659520810597 1.673608999711081 9.220966453530274 1.162791153071161
3.752382592058551 6.41271372440546 0.4574619920133005 0.8411459797471641
3.641306353759831 4.123005068459147 7.412402207526357 1.058919650622263
6.903742862123782 9.761461198777241 1.801196814366339 1.552374121304498
9.669094481421356 3.527103482381055 5.799532437268963 1.12642724621007
8.681520503093322 1.276744962891666 4.993953363923664 1.127565867144553
2.180524824368212 0.6289165967360522 9.239102831188468 1.006608296676287
5.651715666432635 2.785003621228451 1.262878008847541 1.241343649413751
4.130785110000425 8.160081517040647 5.252366608029409 1.423231242044374
1.471892353578771 9.641142110630428 9.438997359782842 1.328512384928491
