8.157866072832419 6.309145126226483 3.455330306799928 0.9022724610051823
8.597733696849987 3.715780964229164 2.471827612919892 0.8978555686486022
2.9343993563998 6.996918265521999 0.01403856270216997 0.9671734656713832
1.62956911731004 8.582227832427892 2.950560151303177 1.120881645540882
4.727051209384688 3.912121643216227 6.514434335171922 0.8443723057923033
0.4157897571831748 7.552751275185348 9.334165790914605 1.113298585304854
7.622748031753082 6.321964811949207 4.24644539261555 0.9768548241917442
4.581791004620477 5.554035494886986 4.544569611748817 1.042810148382989
4.591792942809992 2.722694630467818 1.933464955500747 0.9863867021052548
8.272220269574754 8.620391704924726 4.921917827015177 1.132428322036492
1.40807118323944 8.014056797030721 9.286018792742681 0.9586895408833531
2.716650013017159 6.228138847588883 9.420005506884204 0.8359125377284287
1.102575206735444 7.246631377508523 4.344576762242648 0.9998887546778565
1.134600683258525 9.88634456253139 1.564964510646951 1.027857853460818
4.222939686919096 4.851168850319308 1.102773713764215 1.322293544806803
3.281192949142865 8.068693939047225 6.790396745531076 0.8920487772810609
6.046113471546532 7.085899922866264 1.593399748327581 0.8717802849505397
0.05307540294696268 2.160374581315466 8.207782703708702 0.7600262774241525
9.654000856258431 6.664978685743922 8.950044162412016 1.18881171801824
8.434916359114775 6.283288919722284 1.619275550321746 0.9474998256395228
0.999495062604091 4.251698857582809 5.109380684028723 0.7940110629059058
5.846924735290548 0.3453587833339567 9.805937161609055 0.8373942186220653
0.02567286733640151 9.205480623851512 1.501759109399269 1.489144913380545
9.631880322635689 1.351263083926237 0.6583270119017104 0.7666072713529997
5.442373580380107 7.653301532663602 2.048085505719317 0.8387837968123329
6.316067423996353 7.261766831233433 2.843476837214509 1.565506598189609
8.521563272985684 0.7348866299073842 4.244528360178271 0.8270185895289908
5.598428378792908 6.73179531914906 5.206564495839395 0.8264048934379062
6.04449686656714 4.81304608359267 9.537012294888559 0.7439569066739163
7.523688510392269 2.757779907651909 4.460424788780925 0.7712381517108462
6.565999346175592 1.049055781914259 8.640846764628144 1.006716023044114
5.072642681613909 0.389405155828304 5.222963665705396 0.7646338615775263
8.955696335154386 4.699793188622096 4.333552152335076 1.278872399649404
4.409719572777395 4.770092813010541 6.542791281862447 0.8640292999646169
8.259681750152993 0.96609884699986 5.786158187543592 0.9764287917889677
9.311970739719214 5.983050682358496 4.724839871610318 0.9082805655558186
5.316099565473645 6.04523702830256 3.945845540220362 0.8201475659645001
2.785118456862352 0.8307390522227531 5.507294158534665 0.9662878637138224
6.455705815752323 5.64615482825451 2.489975702404108 0.8000143751689349
6.833829170448442 6.940907763929352 6.644320416070189 1.474289129073473
4.098281810862334 5.219368810186043 5.343351933898869 0.7809428594544552
4.256502008826044 0.2613981358891659 1.606590371630686 1.029094526245955
1.561700483236882 0.4150534899239422 6.399737765010352 0.9123124569451746
3.559590959805851 2.69221129686867 2.138231692421475 1.01841056607776
2.576583551326501 3.986382759175591 2.878408029559456 1.040808710668364
5.644536492334596 6.266280859234596 0.9819945381633867 1.220287577342648
7.642984913588855 9.575227294105906 5.485616298526066 0.9032025699279559
3.787942868555559 0.6682659964810457 7.512656436052264 0.9245570114257139
8.14946754413001 5.035441279744775 4.896350058706598 0.746441702010512
8.690340732134297 6.996332307886021 2.077670456467915 0.7933339840504922
6.586286358004009 2.084233489155551 6.196759027336308 0.7746032304202932
0.4259512012548117 1.395876976175114 7.842757951735637 0.7539029417668119
1.234072250580135 3.712879651243294 0.8260528064294426 0.7842070955308548
8.392540084220014 4.607093936887879 0.2236848376252476 1.074783205915023
1.186396265858184 0.4062643961819268 5.233249837842374 0.7674397170964798
6.30133063084359 4.260208388778242 2.798031987029278 0.7769764931567046
9.453234044535737 1.815381925724021 3.222348876370942 0.8098127029374933
6.989547480954369 9.282586620467598 8.3597786396189 0.7876785792575881
7.583273417447953 2.516342418861996 9.23355554111415 1.201251979982673
2.801162039661344 7.667460765415228 5.731739773006231 1.267788010281616
9.411957492780273 4.3293044735848 8.804188148111402 0.9195993071303131
8.766352509460258 0.780299997649614 7.94195097884503 0.8726675320470878
1.850818989393103 9.463094554605116 1.053195105911555 0.7588680153398104
2.992150378866401 2.79616534923732 9.508109636702422 0.7528858275335812
5.055969555484339 2.61978379886609 0.9233566373671566 1.10969568882581
9.211920409835734 1.345195717220624 5.034430463327286 1.498032379559862
5.415652733583254 8.782123452945283 2.625990072064248 1.617579422881736
0.2516724308230423 5.979214897294582 4.854464781308389 0.9000461312008085
9.327286448022358 0.02248701066618453 7.199184049623113 1.389904382356105
6.738802281575186 1.77136432551716 1.578371898013231 1.294189719874145
1.2775438978664 6.676845120355369 0.6545646505039771 0.9497280681620145
6.80943080448749 2.115898893910303 8.726549394091323 0.7483538375363419
0.8606636220703812 1.377799458893794 6.804854230204284 1.399953535678155
5.652087954398881 1.335296816722969 1.997858152850339 0.9737759326803617
5.597335881831397 8.490734221477034 5.88636292697508 1.305265994557356
4.694749790323642 2.271143944466825 5.049534219654528 0.8786669481712558
9.255084142142836 1.943808635754425 4.003726690554791 0.7841663200113985
2.895580397095892 1.553838783112214 6.105766047601157 0.84229747053134
7.989096768042559 5.408017221722975 1.011821616907238 1.197805290852033
5.982069567832736 6.11756682088567 2.91436625145964 0.7434457623413087
9.103108781970983 1.118047280736926 3.710410181128308 0.8421098903477354
7.461209906459231 3.502329957443332 1.408619122271929 0.8520732583726265
4.14398333649561 3.416007814083629 2.498125685664628 0.8348505341531803
5.399154070377311 3.570422603679343 4.157091263804425 0.8218556690121951
1.681606113937275 4.187734809107428 3.491702336060286 1.102840832850231
7.198014791194372 0.1259199162256908 0.26907921960998 0.9238830339837012
3.861208538645683 0.1360807331506364 9.371844734284695 0.890368930747274
0.9530521889748335 9.2494399628503 0.6207908296095467 1.017402311422539
2.373824555301302 4.859332189649539 1.82847429818536 1.45693407933392
3.336150730576229 0.6364044370972111 3.223058527973142 0.9432845183798649
4.83221751362316 0.1289714778649176 3.945943136419511 0.8087517706144162
9.710843776661791 8.025129000317332 0.5093909424905241 1.581144260299961
6.14066632441904 1.513560670557394 4.410914992261893 1.49611108924361
1.977319810801301 3.524268821361613 4.275548477188217 0.7952071955295207
4.368598572150714 9.93015445704129 2.821219040055266 1.426932488534315
6.693618930479372 9.99595747692786 5.828153270813873 1.246631824382379
4.020089563747834 3.406050923289749 1.620567459065031 0.8601414587223452
7.830891333256314 9.758884218021079 9.702053048316507 0.7796377693765885
2.071983153811848 3.705463063289657 1.993119377165986 0.8933068759255877
4.637089967973572 1.516005717041913 4.21405215191149 1.273453594146885
4.004826210852458 8.704110001605542 4.609122069592813 1.220639517659769
3.382163376274492 4.752336760439865 5.267437980595554 0.7760958805051527
6.273211726825275 0.08860256436861171 1.252278369488765 0.7576695599068028
1.891616188081643 4.200199522766007 0.9987276280156988 0.7877916983775192
5.614643000321853 4.119714689824024 5.311164965272779 0.8658212184861042
8.966835332489451 1.110588232935216 9.143494994985256 1.432783875965002
6.766451473635287 6.881279789312694 4.06794632531643 1.055402172696293
3.388501340300317 3.227310014870098 3.123254599437937 1.036504120350241
9.94342111038914 5.321823833493927 1.500800910915631 0.933870144186897
5.875300602339752 1.79309056333784 5.694361224097662 1.003299657159524
1.957923322093117 4.92058673768164 2.911204300812285 0.741103576662047
0.5679478338665002 8.252344931673274 2.450105967292028 0.980538754208884
4.219014121072762 9.135245185325354 7.987056660282173 0.910273730950319
4.304743994981034 6.07981574200068 3.287301470385737 1.478371740433375
1.659520809700881 8.966694542375759 7.470724115057203 0.8217565682653816
9.196850833836306 2.678928872447906 0.002853406085014943 0.9068429400776071
4.840116442918501 9.608622470051735 9.610925477447921 1.339465823513059
0.5403570321956076 7.238157219660199 2.143015173738644 1.047253716837454
2.061372480252118 8.57285931584293 0.2643513373638517 1.555949956046921
2.094409576023692 9.72788623577245 1.816385515465214 0.8993255702620444
3.275069625413552 4.3706634282776 2.401760746644257 0.7712505596917598
9.488890771960893 0.1724583393068524 0.9751202657726145 0.9065750532616508
4.062478410108842 7.426986181687592 6.236088014647518 1.203860106870432
7.721322140355553 0.3537262055240643 2.706674631757384 1.015092184968783
7.318725379638801 8.800352589850107 6.100634670006115 0.9455113744836101
5.303684015231115 5.588254148326668 2.736140827013989 0.9636584480951713
9.454269724040685 5.443922812014387 8.568101896601117 1.205450087321522
5.495973271520625 7.619923615868053 6.964039325166877 1.425805126937087
5.611201538022697 2.087688203642349 6.57131918284485 0.7751733194820537
7.783813740422143 1.493106641071228 8.258654889982507 1.551675746059369
0.6165223120409048 2.046591945712676 9.281641430455814 0.7446464695259671
2.927797865703792 7.719380424038876 0.7132336264390083 0.8992913638598019
4.321784727161162 3.577942833676664 3.871135910595877 1.103357928984102
7.668490585086272 7.20887905610941 3.555432402971122 0.9973742240636647
0.134935466801539 7.168852339379469 7.245908980569545 0.7511695949377468
0.375390504561789 2.817619013506767 9.820268612357165 0.9446296162998756
7.994844573907674 4.134259459201086 3.445205061594833 1.498097876381756
7.20658684394131 7.8577209014255 0.1813546798601818 0.7391378086525555
1.531422033667976 8.937168325443164 6.61824228347651 0.8362389055974827
1.796722025473887 4.418452490666261 8.826570302685131 1.292593008246713
5.145378869150347 1.155403931215862 6.112497971782478 1.023770639964433
7.829281138890919 8.226680925294971 5.681216803767796 0.7612936634502274
3.330626666963617 2.304825034563254 6.488363861799494 0.9807428620456905
7.062271188276084 6.915175459180114 5.53308020953498 0.7523418631092962
6.383334297096082 2.220459858955882 9.61164015912275 1.119049141621311
5.205564238597518 3.190257131733294 3.488020627982091 0.7353479613198046
8.910296450659949 7.402000514181078 7.832525650302137 0.9398519871105968
7.652394363363668 8.523363997246596 0.6544175285814414 1.080017895235325
5.402572152866251 2.69488351347861 7.110208873992589 0.7375383058192424
4.978370086137685 8.992934706106231 8.595794142750686 1.008982781881105
9.218661331209931 7.326751013199758 6.795758771897291 0.7874296081553711
5.409569802340547 0.8303141234433431 3.280403505876782 1.400617940782336
4.708837036943462 5.25745784610814 5.914278724474915 0.7455581819789592
8.211843558213406 9.532052014150757 2.976641833414186 0.8878218750137673
2.635120404641126 8.856707058634857 7.372691035770218 0.7725206690404411
9.112186795388036 4.058872247135392 7.053538593733728 0.8298398976477249
4.538070890112057 7.827421778832901 0.006850421830225662 0.980020634989718
5.401385339262399 3.69765497554802 7.428534028042873 1.263307298143404
4.01108271762366 5.299723090629853 7.253180998851476 0.9467103075414667
2.277953814172908 5.271220697004844 9.734096230011495 1.316801627501605
6.905335088038649 3.539005070300656 4.242885346234043 1.216853284292979
7.754660375679165 5.703591666890312 2.182588288254771 1.091822041416009
0.3213685691188695 5.476644310464327 5.587781931822465 0.8081199119971878
8.258970751923639 1.750796673088845 4.050934018578642 1.210283398813236
0.816806250209543 4.168792597690595 2.70882833097229 0.8028506044930527
3.742758023663769 4.053325842969453 9.4046189961661 0.9176641669808123
0.425229263150333 3.191710530176813 2.381141081400208 1.165394963306731
7.819285578667614 8.103929911360451 9.553547398054301 0.9427503700857784
4.345648031742008 0.5550725967168801 0.3667270618075136 1.236169565191017
3.203773915135248 0.7110950001101524 0.9307660767753657 0.9005075163377924
3.230994049418412 3.728764359423263 8.025583434869338 0.8758070765624547
4.728045003060927 3.651155490098489 8.217644790436996 0.7495632510357486
2.005887060603095 1.857168966871905 4.722185243645429 0.7427304143734843
0.6959483515124076 8.610892342490269 9.806121175976962 1.061666574963823
4.163694953314392 4.23924396505926 2.164984664378903 0.8931120926521837
3.281643411029184 2.557859390073369 5.586867509512877 0.8129345213510198
4.208564850333375 3.071178900492826 5.871486920408223 1.322685988914405
6.174040170670494 8.309735335548721 3.531322170147661 0.7378912869011454
6.400790931914845 1.714491131754738 7.785723309970037 1.145504019821154
2.857775570138068 5.734082073712768 6.922864931530957 1.51153492081754
3.755323906583208 7.704274531803082 4.355653781854662 0.7763765007992484
0.3772847378730315 9.187392949236747 9.030700734588509 0.8223329641954499
5.017261225500838 6.600067967436277 2.112027391292486 1.377116289309865
0.7126529611011156 6.16673617388614 2.83883612225767 1.454738405095691
2.905589617024921 9.538672399698697 3.045039751588459 1.361925250118047
5.428303949690736 0.1532043889520995 1.954015221074806 1.290197726545741
7.829025342745 5.175754252468044 6.28470515862575 0.8610954957445711
3.832766255445157 5.773379650164372 1.515115907278984 0.7595816883430896
6.440948926877059 8.2055710990509 1.542002447987352 1.461247822841576
7.178308659183501 5.126416568286867 3.552963581471273 0.7661679886059007
4.366285411500547 7.608116885399053 9.12442758022004 0.8422116531518997
3.832962120281873 9.21169966217858 8.94841445097479 1.07075128968382
1.696343628094643 0.6527687868034571 7.391981343860597 1.024867316987966
2.742039014803166 6.266457781120746 5.146949346607469 0.7430300059491203
7.943193298189017 1.712829866062542 6.107121405608689 0.7338241039735134
0.232666213450502 6.261009645463857 7.858937151621403 1.238518970141951
8.793899212746021 7.206930354268624 3.133915087575573 1.327971479906808
0.03593397201414717 1.44004234387503 9.746702585759436 1.05308120757718
2.696710297379489 4.602555640078008 7.066195214058157 0.742458241897724
0.853104707630601 8.374454442901374 0.8530047954867814 0.7699358007955849
8.782364092082062 6.262450458766846 5.534895916653475 0.8607914782630736
4.613479325509472 7.339560373859845 4.918141072795953 1.1575333170278
3.799431360510611 2.447186597533907 9.062120845813833 0.8749552655205159
9.400721501777195 3.219505321556152 7.914580861488817 1.605607595753761
3.233161585699662 5.306338508875855 1.228404127539322 0.7347487538259433
7.746467958322503 4.096887655068184 6.230589414149314 1.116355299051875
7.788339083359793 1.517603742761428 1.32934593972763 0.7780274869608396
1.523179476923157 1.064917749018552 1.589009103610713 1.377861788611483
8.859768570243482 2.607312442425056 4.449297781243127 0.9308557831122256
1.033104336931729 5.035492151366211 5.674003956788717 0.8391589472390192
6.334376024154412 9.341804474542796 3.259294239264874 0.7466560719097692
3.383090874389995 8.117468121355483 9.584573221831976 1.501109122842915
1.028099607902061 5.944551923178016 5.377750533122116 0.8846999418102113
1.983228623552642 9.946488646857151 3.602151393393701 0.8889285503192002
0.7033841739073643 4.352568309477159 3.651205960455676 0.7996927013757118
0.664508802272933 8.354862611981583 8.708327692210601 0.928883694706233
7.550224235529524 9.658988970801044 6.376401752053924 0.8348218485225002
0.1785099818867164 4.345788837737326 4.495895318340676 1.157932878371603
8.730486624312586 3.20329484618605 3.143558820970191 0.7668733579392806
6.799152635678781 8.814173041333424 3.794585212395273 0.754396382278152
3.377960658451081 8.749405101622273 0.9049932601424771 1.344374204007143
7.978986686488618 4.718048453237961 8.266207569049579 0.7993197582396044
1.647960359083857 2.186346108583576 8.098077701974601 0.9280625379681976
5.796848331664799 8.865027577970821 6.95953445836965 0.8664574850536038
1.88864901808708 6.906637807285758 8.223368546506618 1.00257245471331
2.026320931533488 3.834115327702599 6.038763272320557 0.9005525793487722
7.543788756761475 6.39557795815564 1.467925090079406 0.8298196381797449
6.250565594696096 6.128857055815452 9.445559553893448 1.023367860724189
1.345122902661328 3.210961867421534 6.08456049097439 0.9171863379111147
6.083638183975781 4.422798164511084 4.409311156084169 1.114639747979542
4.334097758407905 0.5132865681319831 4.750024135805388 0.9746639885384196
8.470492529232205 4.993891422121664 9.139008734243872 1.19080728060031
9.667042802895873 6.584141878763899 0.7354999229087222 0.746612255268401
1.875570898849737 1.769134124629341 2.618312157991133 1.132162653684158
2.646953424513745 9.858975546246414 0.6799484256257694 1.116913490759175
5.706966282779285 1.803469734387547 1.176798902349647 0.8735708640516252
5.095686629874185 8.377311824522284 4.785443530086368 1.031195896919289
6.047391644357739 1.234419361048159 9.584653757992429 0.8486389752000982
7.395190851290624 7.166899809346714 0.7753258104166316 0.8363039286893706
7.375290661883494 4.330169310706652 0.8758790374966808 1.001658907287839
1.687162187903998 0.2106471778775221 0.9251742734661873 0.7538430017183816
2.719982685568562 6.09765951947224 1.469261825850508 1.121253162287841
5.413240461843118 2.005128683137551 3.536510488363935 0.876299336487865
2.432598841249298 6.723160911644647 7.471332409797851 0.7600352958239668
0.1832040786813671 0.5622579028071528 1.770332062254593 1.229107406522995
0.5068680153012706 3.329947358560854 5.26373936692494 1.286208571982037
4.003642903088799 1.201065075876784 8.270099315240655 0.7898994701468068
9.394289195586529 1.296116343130186 2.129953678347879 0.8974796443381824
4.421486636840717 4.574807702405745 9.310069373052579 0.7490931490731793
6.8456965313341 5.705980261139088 4.238645993470351 0.9433144451316573
5.033453626964702 0.8958892527768959 9.367079695159827 1.237744608301213
1.958600080183959 8.244789435339305 7.140525275297946 0.7984149278861605
8.704675676432803 8.511561386409824 3.035537787436241 1.22915022609027
0.6521576653360118 8.683216309315769 6.15753507973462 0.9766744052132492
3.876906914457401 7.772108674270493 0.8952424586340947 0.7344324938666431
2.95655837905829 6.909028898293376 2.076947122805495 0.9022671111934139
4.665376150822009 1.011290387480906 2.206954081698373 1.003310276097092
8.870189443939489 9.378219008709049 3.637583479066434 0.7612291631786144
2.040881350695799 7.573348820209612 3.267550494070703 1.110105964967999
3.898521994278326 7.182097437558649 3.418557484609866 0.7950088230721041
0.05623848203848092 0.9510873176698577 5.773451019236258 0.7328862850543874
5.36666231671849 6.477006256973281 3.282740083468141 0.7403226868589614
0.9862846392908843 5.70397094541229 6.249070757397039 0.8573395765845607
9.634745872452314 1.798798899476372 1.405206594654964 0.8929387303172627
1.398455913518735 5.443017903930756 9.00453895388123 0.8035858534760093
9.781392776818011 1.298861461466158 7.199151660707222 0.7760159809123961
8.957035993731232 7.101395668779253 1.156748192591895 1.020847601234738
3.849657279156927 6.83629425174082 1.398896703116997 1.300690968263342
2.186508472964387 6.850607034753923 6.53103880959934 0.9784424987276403
8.673986261114379 6.812937772597345 7.141950716094811 0.7976344551767235
4.734528179360515 3.574041603316024 9.329851625594902 1.204588530201429
2.16673721196711 6.146973217726107 3.898067009685135 0.7353076657435202
5.269615649640393 5.030405157573641 5.286349191654015 0.9091936462876304
1.431695790158485 8.719829217397159 1.71377888219924 1.351934739074994
9.891075114731169 4.495156163592005 8.061152298499211 0.7516314048864471
7.062337290008992 4.479679549479791 7.931668310986921 0.9168891494650766
8.03758557593283 3.81912470683619 7.487436795670216 1.432874741232834
6.41005996018891 1.789168250952753 2.918877849439763 1.413708266137308
7.572396156090802 1.216136248945411 2.166113271308617 0.8062274283040843
5.139667807775222 7.445627255480741 8.259843531646499 1.214669661479151
1.353065121900099 2.553448129489048 7.171320316370469 0.8275966358695086
9.506556099805662 6.689192948196077 7.259360738498468 0.7870948685027834
6.997872621754409 2.916492195285796 2.230060740737418 1.320311735438576
3.225800424439338 1.36101568681347 7.809066263695195 0.8674779552209513
9.608793226929063 1.59259010455441 6.342783005930345 1.023908462618129
7.697377676568223 6.87614996125149 2.482652492891249 1.202785921683978
6.118732377420882 5.258544976944263 3.482445451266014 1.288889665848314
7.491771991310276 0.7361848716417286 6.505897979190492 1.017960158030044
0.8889850203898976 1.801974473999064 8.505456487337417 0.8501902634081004
1.593969692245708 5.182947697861105 4.899876450113871 0.8543137100946731
7.180059810291767 0.8429812269181336 7.408685354793337 0.8529543046512043
3.137262557862429 1.885817662870564 3.111918811839546 1.485291866589663
7.931806389437454 2.123319454244966 2.063183886476889 1.087073531164251
7.574646521788669 7.547592421718319 4.752364589541935 1.405614701394616
9.822548516949782 5.658657454519836 6.362406732901547 0.7568756829935223
6.706018747389687 0.4995083159912528 9.468915404449421 0.9364967538742293
4.652550410473665 6.411594021719305 0.8677303259197356 0.7346114491962531
4.018282525732864 1.281856608371346 1.224480814818007 1.045952395606115
8.010400575612342 7.933263841966677 6.852498188150415 1.572495795143101
8.847718262038624 0.1237435249149099 2.056773686903788 1.55300071856945
9.58022826678719 8.798457544299801 5.343540012184295 1.594865447592919
6.468664893176507 6.119071340798444 0.3649147872763048 0.7987399007247511
4.326146594020447 1.78114343420699 9.263842542921692 0.7796597734355187
0.31617030319955 6.64266450532641 0.02744590801330494 1.114661139637884
6.393931726926534 5.273718362657551 8.185580965615664 0.7835098504857451
0.2639997800161076 9.580985148094054 3.404607064325158 0.877166731511354
0.1603286332685094 9.640331669738362 6.129331567988694 0.8224733211671347
5.165010672214109 1.911362943004318 9.666144819093974 0.8505407259516554
8.549808229597964 1.208519002096063 6.925185778346123 1.338730197041462
8.028092539842321 1.174424081090645 4.916438282896592 0.7913510311465138
0.9821182331543789 7.640118367166426 0.2896573115866575 1.056293489242177
4.064995799418348 8.277722538548849 8.488812453391807 1.027546311994722
6.656157352918937 9.722309351127635 7.268959777516598 1.549481015585831
6.595368018357702 8.925651092671801 5.473900486648634 0.8562422673027705
2.789608090367682 4.280430099866496 8.560166961890873 0.7351715477770113
7.057398429340005 4.860577196197747 2.621512817046355 1.150307173554221
1.45529270908496 6.172831351428195 7.240025841541461 1.426904423422283
4.648661336074828 9.143644822765717 5.475950103020153 0.9919713031945285
6.227103760114111 5.790018568927623 6.465733137246999 1.080923343482582
4.399603270977523 2.555603370799709 3.225517603861304 1.219537027103454
3.282316601983775 5.635101775164729 5.677606308139046 1.067069384322099
6.707107951798981 8.076706745957061 9.352112363450667 1.176085684193005
2.487580475455442 8.600434441028238 6.426033308129044 1.080191917455494
5.811908162450019 5.461668046297328 0.1358027045251054 1.051028131372372
2.502840543386395 0.7060396938842074 6.484317708653544 0.9857273925590704
9.814407311726329 8.95119205388507 8.035536351696987 1.443324175278942
2.345934822139041 8.905339105931271 8.127460129679086 0.7683012566912172
5.636652401821931 4.650922580453542 6.396049356605523 1.449131798524941
8.146292870730786 3.652662318013424 4.985524276603339 1.595452769552838
1.950126053069814 8.125872188869849 5.130448328967192 0.9428408343992798
2.323317446794814 7.984784129768934 2.213887388352971 1.097163157107155
8.219033156096069 2.972390371577425 8.451683455409064 0.9682531840896986
8.070628583313246 1.680048673661563 9.519273749439861 0.7813527440570361
3.005517598492853 8.145132413045296 4.714181022685583 0.9783126053108704
3.532943836014627 7.412696257599694 8.478417707501661 0.7629728415703629
0.00592887169706513 9.835865756942246 2.55514173158248 0.8114308850170269
7.449538324956385 6.828161261776016 9.557493083559105 1.628844033724374
0.3904799413967819 4.817907632216269 6.310487518834313 0.8409661398836332
3.242181699495767 0.4222512136143786 0.08042537277887729 0.8546269577056691
3.713790472485224 9.799642734028552 4.073578414223362 1.246772520169705
1.373832205288994 7.349795107478918 5.304274279664531 0.8103864840769538
8.800550792043008 7.468979532367975 5.603857055848611 1.4405831466291
3.341136889962851 3.585828891768996 2.214087837644876 0.7459690827941123
1.408147186904445 9.641395559752393 5.06625605594069 0.7465795911750193
6.284052728520432 7.113503784128371 7.790327568379518 1.023625928530522
0.8496752083567605 9.65169906354846 9.688264260466767 0.7700965274538789
5.542528220555203 1.965161408954963 7.37152289546436 0.770511132972856
5.955765441726812 7.396017482038975 5.917534726729985 0.8568207039074868
6.770343217085955 4.406521206783719 3.610621595599109 0.7961287898594626
6.640493727372858 8.28017426407057 6.812106743857134 1.17207038339273
5.650366182228218 3.177197074100098 6.102010904094582 1.504344126805717
6.9401915939426 9.433428964465852 1.024557924564289 1.111135928704197
4.083343537854028 1.82521157323933 2.197562960952291 0.9528376903936639
1.419654113420785 3.999428749915657 7.790972563851843 0.9728170446330671
3.919324031542896 4.735966486831715 9.965852707366459 0.8268985044248072
2.740301530874703 0.2511519838942244 3.842822338235622 0.7485359197927897
0.4795604829477718 7.95325090576822 1.485983911741936 0.8652101221881995
2.760122901572724 2.856638846007141 7.178866020748391 0.7348365989811715
9.617404855196138 6.384834633045188 1.912160819771 1.39654731314595
4.931287013282702 4.423630740324461 4.424197445531735 1.141904225301086
8.260933558066924 8.901055181712449 9.687663396867125 0.8615287542543505
9.499345290436413 3.408763186616142 4.532785576721226 0.9943119499605597
2.161156483967811 5.173963366764385 3.85831431580569 1.12234673940329
3.024807699836321 8.856028479458191 4.010747483242446 0.9256317926985057
7.145141985964799 2.79282217154841 7.952183225219145 1.36035810916844
3.497511429728428 3.965447596219518 5.543596857318199 0.8569371667416424
7.420121957432633 8.58333067471661 4.264387620838054 0.833195466714393
1.355283149818525 3.077924028193542 0.1585301489982616 1.038126148471683
6.689189374785779 6.720922003366488 8.526617565485738 0.7558673009221867
0.532055412093092 3.875424527513294 8.315016695206525 1.071556167740531
1.636718390705263 9.852257672243628 0.1223287402976081 0.9690175225834609
0.5215036315084399 1.784891100129962 2.370857733713207 1.420620918763246
7.301104487665961 5.408473690592304 7.901017344868296 0.8316147069345606
8.792284395049226 8.11473315612413 9.513510588038308 0.9005113782190451
4.991786299412019 6.566703151346583 9.730611321709395 1.586018883161022
2.277165861665803 1.792060155324966 7.109126333787865 1.507020587148738
5.393763347826297 3.440732547908465 8.572372467739685 0.7762746031080426
0.0430521773542747 4.913720312174372 0.4195511614696279 0.9396283221961452
8.362802734020949 5.81578469052624 9.993419959881454 1.066590476694596
7.565200724458951 7.814126726408889 1.372889687849648 0.8900660865776643
6.773942056753149 0.5539311273590652 3.478742237485403 1.308147114579711
2.384435200232129 2.884644417242053 2.599919775931823 1.176170026875254
8.69218998451403 9.252202277622366 0.8025819518649203 1.427263362617495
0.5218942098319225 9.936368696494082 5.127881037969889 0.8279624462719495
0.3978509722265966 5.44279078803308 6.959687722056976 0.9158727045441768
7.273272975908571 8.911423745426443 9.72632241460167 0.9354515648389227
8.665862842801596 0.3179712153649628 3.348388548621289 1.022517832328653
2.020693560068631 7.293098593743355 0.4388362171716564 0.9882812353827531
1.440279554569531 9.09595761157799 9.126960847467457 1.076170521715218
3.699232132535522 6.434934631483507 6.345540519722046 0.7895655559120782
0.5088837010763082 5.865334311948891 8.979639940984153 1.087019322996837
9.28653132925562 2.767801020594477 5.649544704479494 1.450067235173178
0.8966695715397166 7.105967423306391 7.731102302623228 0.8692009358080482
1.87843486147045 4.972519458819566 0.7197200145312277 0.7867869841166859
1.633623490932269 8.310683927295301 8.195884528847687 0.9779538057060724
9.861242187193856 7.000380975374334 2.830702789707879 0.8226114871699657
4.814957307966173 5.683510839806768 7.784721772527583 0.9106765163072896
5.028503254040966 0.9571549163613947 1.15881887491756 0.9369907388842941
2.003300771079595 2.936605257342148 7.585531904603939 0.7909282934126032
3.396052802897373 0.6677438490420241 6.20141306559341 0.808916340899674
3.285863400443637 7.803959028133734 1.55321693452433 0.8950687945521931
7.682929668173753 7.978132798404637 2.948178507810417 0.9114666553957446
0.8481013721671772 9.745954225821437 8.582077468400986 0.7814014698247752
6.336024504052997 2.543451558556073 7.00594369426303 1.022668943495985
2.057730553473672 1.1545013200882 3.734027041199392 1.287934424937411
2.495141818270092 0.5112752312348179 1.394563052956196 0.8115495835810594
8.464757849905032 1.324605571497072 1.706405419534998 0.7643142849808546
0.5534484098431747 6.068770612946121 1.031216492951448 0.9313003572398731
7.455031647000991 1.220570839237552 2.978622270361554 0.7967588844967924
0.9180660872160996 0.658602789103795 8.230751450442783 1.147414914687254
0.9763363114855329 0.2254472442506228 4.276695893127712 1.10888242372817
3.853178615366259 4.071831186082572 6.374466787501729 0.888471719390192
0.9237188441590172 9.967452142442786 5.995815559417531 0.769725484866554
1.000514627951955 9.0170617033034 8.135200205591518 0.8911191970343868
9.128320857508204 1.80487947603615 7.954098885892047 1.227156809013227
6.700025502816047 6.62297783003361 1.158233727791232 0.8768831875488101
8.715915159839058 5.61838118945227 6.311714565703051 0.9888250819770347
4.520400018839985 4.307414107218003 5.565234835371569 1.21023903333403
9.549477999006429 5.721198263176379 9.804954017592673 1.273392046619596
6.011523035113297 0.922942269998952 1.190746505594975 0.9333801420439517
4.527042666690403 7.046057113961715 3.94458365592642 0.8301607868370274
8.956285168657262 8.917490941822363 1.973897242466701 0.7690037670898681
0.3072496286030257 0.8101593948361853 5.011800442580322 0.8381919640161291
0.9884678145227389 1.951527093825066 0.3051322973575244 1.286138000376023
8.116871116831009 6.573870199728074 0.7209222766527713 0.9615892826733632
6.685661061585127 3.822769814725499 6.964357898905909 1.411118593574455
1.536073759157228 6.697319726799575 9.424524959084012 1.484847498702323
8.020035703171532 3.04211717178798 2.702154526223396 0.9057101941025695
3.504305864661116 4.746139800864391 6.801881700723348 0.7479855221470347
5.418947462604364 7.917415123647715 9.324637796818527 1.099575500060848
7.064928962900093 1.297837228588151 5.504302670985987 1.346823627645967
6.23569624156863 0.7321798253489843 7.804755042978059 0.8140588851322875
0.6073153862247282 2.774192565777858 8.626986372437944 1.027227710884977
0.07755697411686026 1.430701372412535 8.716954744989106 0.9500848372644963
4.123774500533531 3.630574126075501 0.4987615746004104 1.356871726630055
6.688890892165658 2.597453655040111 5.222561775667745 1.370888282114115
3.229438167017889 8.653196145102873 2.146874710407558 1.119201876688735
4.195953778354124 9.151407845143945 1.810698433823648 1.087487442556666
8.850865936216962 5.350702428373975 1.932780228564537 1.135666909733394
7.707260013207125 8.821294454630021 3.28986654746207 0.8597412662814378
1.797732050070283 4.594070818760776 5.561055579394377 0.8981125532351393
9.885932500364822 2.451094245357768 4.521470670119909 1.018206154944116
0.2798949390028105 4.241826083970039 2.040110836655648 0.8625598236649545
6.049630360211124 3.731909698731723 9.468180109450547 1.387475155025041
2.377728680081981 2.477036444321977 0.2943116477163998 1.285353603211112
4.256431025692589 6.422859266488177 4.434207345379317 0.7492126583815699
1.05278341292371 1.173242588962431 9.334377772064984 1.144693498164711
7.795324560140533 8.871450728764721 1.968274229855192 1.516928899798873
4.871440827272097 1.837442624058155 1.627588671044089 0.9349170492256219
8.058888787380077 3.307653369741349 0.303421200566214 1.569523777429743
7.493327324006967 4.675236365781235 6.977361277156083 0.7978288811317112
9.458937718481762 6.149520838065195 3.067258407115291 0.9142235126789535
0.9657931971743628 7.154358927461789 6.865662177110188 0.8006678599978454
7.040343214728873 5.004228217257243 8.628738033114709 0.7541184238149271
1.985785790326248 6.698029611838431 1.184378480753246 0.7884749527192926
1.963797980605978 0.3713493129640722 5.585364733201793 0.8719517360907556
4.576079613087386 7.947248256454357 4.033140259366649 0.8726300789829874
1.632211392812066 9.440120311960552 4.283948280065128 0.8858305599845689
2.020272953002761 2.197696652844598 3.493876571568308 0.759120369861307
5.778675008631152 2.671798123283237 7.977248014959486 1.116904899153427
5.700335205706342 6.436891228645903 7.11552876755946 0.950449453130494
3.471380188890868 6.864289342676597 5.087604026403777 1.095882123887131
6.024405348940574 3.470779349182147 2.524857595005228 0.9552854254644435
5.712420153157461 1.733071146829476 8.757688838060535 1.14365800451846
1.605962771635385 6.486199844363131 5.081636270220256 0.7631253900735104
9.537591575751419 5.789411969075009 5.586253809189611 0.8013949512079279
1.609576230321616 7.816034809460847 6.237980033651822 1.261243789685415
4.581484114980541 9.654293163832914 4.71478269054386 0.7825614619705487
2.631900193544419 2.023306147356325 4.20062556640952 0.8024600316722748
0.8738136130822917 9.208107028599249 5.473231517609541 0.7717636624790746
5.586026255100917 2.547640638272512 4.937899155397948 0.8451715440940523
1.334375365681162 1.202066203998744 4.716156123359156 1.104932446452165
5.290025186338881 4.651363130160474 8.523059834512461 1.56101615884732
2.569109147471361 2.985646987996998 3.699563581335954 0.9908487402236359
7.313126072941133 8.745053291573907 7.480059840899825 0.8045125115066986
9.083720239539705 1.778048026613865 0.1101852874214249 0.8591044509326496
0.1360252419403096 0.4849112424900238 6.465243145431701 0.9057901375468732
6.639772670122707 5.060588435793146 7.234348005464494 0.873607781588834
2.340095034458579 7.105172348050373 4.477329129760608 1.450650578893441
8.588419954304337 9.261146923037231 7.844241670847978 0.9235089367253104
8.588576784514473 6.180089418253064 2.600273384387591 0.9121694883025623
7.023113871095353 7.927422655060377 3.73110936585507 0.9292522481666911
6.998221249049201 3.927982437362728 0.077463412606813 0.8569079738404959
9.890997948769725 6.809104637834044 4.028847673926323 1.490009335295229
9.305950665608076 6.489574365492601 6.348394403142382 1.072228998623207
9.081162458947555 7.923322877187085 4.292310690375176 1.271557553170045
2.203915725183271 1.114748081948305 8.544054311786283 1.606463634392508
0.2777116781829481 4.571252200706117 5.476952219576344 0.817895843944922
9.662316413529394 6.640187560062548 5.293302568000541 0.9286750207909592
6.580751507135483 6.033247174538175 7.64309754730637 1.067912224507263
7.018726173892705 2.418993615421464 3.755919712893298 0.8049008413876433
1.031261690461138 6.563358897929469 1.624585669108269 0.8529157474693024
2.159134490825389 5.874527816206435 4.712399737790493 0.8633912775612497
2.481528198083208 4.026978615123173 5.252525396875111 0.8987210161901606
7.459036904893617 1.958829186789852 0.4165363828174907 1.313949658864909
3.768622945566979 7.845775115826033 5.248270271033066 0.8326362560715577
2.528970945764504 8.221999318518559 1.301584864951904 0.7419712676811131
7.316711479434442 1.864399863231848 6.9531462854181 1.270517302192373
2.15987545829144 9.529537521392001 5.069871856653293 0.7400664091588272
1.87760298881207 5.772171336755139 3.043451909416931 0.9398601139840058
7.528399260253041 2.969763700030323 6.809326623091226 0.9270160046585932
5.541792212152437 5.349810819521238 4.430249409683214 0.9025865197023274
3.2715417384463 4.733271932601274 7.841940396397444 1.107390120556319
3.940761220272978 9.729387261805137 6.133880355032007 1.016532445275813
5.377214860117424 5.90034385983722 5.117931857000222 0.7521886563262677
0.3580830333659346 2.837839311598285 6.650826885435193 1.41756148666882
7.484813460619565 4.715832560028155 1.738963956763265 0.780321383068325
0.3061679356965374 3.194096796514004 4.12794196012612 0.7740876451550281
7.198171183193812 9.587455114513723 3.043663172904902 0.9214636829942202
4.692312133044865 5.635204763164417 8.786523689671458 0.7627837145503303
4.239603226747304 9.814616682132055 7.252605642877275 0.9573032579994045
8.606223971964772 2.161671387491417 1.034619014047318 1.26555482394447
5.093766765630252 7.48374988653914 5.874009079370007 0.8431067165017632
8.067329292767232 9.420142650797782 8.793581574033356 1.122256124893427
4.779170591301077 2.491787069327507 8.803877011527542 1.071328002679824
6.365736212555897 1.465386068705038 0.4382939467583947 0.9642638612203693
6.357123362819273 3.763115201685281 8.222316784146308 1.122089835227413
9.045916856088654 6.330034341735384 7.980794184575682 1.014196878930325
5.616549974684066 0.4135066347848027 7.337440945807836 0.7806016916588869
7.663513817714809 2.191018299264003 3.110489373364484 1.036264321312607
3.593603725373843 5.910461547822804 0.2833678407777351 1.581518584196887
2.307135355334352 8.942665906365352 2.331975391409788 0.7864098484036525
8.486759313400475 2.266043402917554 9.818551128083879 0.7476847314458955
5.073124592517634 9.084809216574364 1.406167760566324 0.7756961751681074
2.818255216959392 2.588478189280004 8.343361242098297 1.505558773032796
0.807925653609749 8.215635716067595 7.270184022789931 1.409824762984847
4.006813525729498 2.119180169304343 8.097566773156883 1.004330188338012
9.401471521863888 7.625293205334594 9.208420669008268 0.7421030066205764
7.405784159293336 0.9447540463913252 4.385750674341568 0.8745403211074781
0.6280859596230061 5.194500874819606 4.88794412387153 0.7845932876908049
2.774150824125598 7.065702505296048 8.921473942721228 1.085230109471188
4.414250729767796 0.4904475609775538 5.673321002606328 0.7726843193962628
6.382791301719367 0.5029971278659207 0.4464780086191301 0.8184094863909235
4.977927018613011 7.391801911669925 0.9834285188355986 1.264634983943552
3.18308125374091 9.804312590158482 1.772586186607056 1.247989509367886
5.20044503070964 9.422182129375225 7.608753004696174 1.1533631025114
1.739691966932792 5.770467820179731 2.180828364247364 0.7575524322954649
0.890836288569944 5.08756500684953 8.038239805228645 1.400852338791981
2.825494407032828 1.780452745359951 1.541844683095387 1.531715065948672
8.199463900403117 8.393062992473721 8.754165268878822 0.8838410972733423
8.566363688847542 4.711485537551604 6.721505922122761 0.9639399635713408
4.214989743478037 5.116873118611876 8.173157248857082 0.8444753660712121
7.690318115333211 3.877279732146724 2.234112824932649 0.9713930277055166
2.161467284709238 3.339420109570222 9.446945281506158 1.125819446229054
1.448937753839701 4.311810229960129 0.03858655243820786 1.198481220907627
5.519029773643426 5.587563838280585 9.254007648545063 0.7901216890598971
9.016391161506803 4.459543081368467 2.416154377139354 0.7639074968106917
8.825764560071102 8.885192164510686 6.965110242242574 0.8939364016845673
9.582025836695932 9.393291299877136 9.115047393129842 0.7509122830123314
5.5107431724703 2.727013341170943 9.769939700744079 0.8556095828875705
0.8199143079333683 3.998757729522362 6.102553454707254 0.8710281374686061
3.323598535484649 1.079806875935124 4.329801245102054 1.402328341591985
6.235349804540041 5.282437214558808 8.960347374310015 0.7652556923236635
4.602951133684487 1.168786577454145 7.66652809958132 0.8072093247988796
5.574896912649467 7.64555212252553 5.162363658307665 0.8309438280046887
9.744927883183291 5.193180355240726 4.970292409387592 0.9150766164979117
0.6795809968645662 0.5783384767107369 0.4705685813923411 1.459047048893855
2.2015275661308 4.556787823539356 7.747151411122695 0.8729841791444496
1.167562944954662 1.650393785122151 3.32384147297226 0.8440070172338086
5.96884012706621 3.410168792008514 4.831816165732826 0.8995224315531218
5.923054350444274 9.29325550133979 1.276424102849644 0.8938163973792878
9.414957172134537 9.80048213008331 3.152231149385362 0.8095471681055253
7.264715552603876 5.888059748237632 5.929937730634664 1.017898070737595
9.22868639073279 2.550438918762726 2.296589173312486 1.505204618292497
6.38460575904471 7.185589770575787 5.004403590445346 0.969786614321716
1.529300761227439 3.454537637134218 2.711923185029642 0.855333432043353
5.395878102380913 8.313394538378361 3.828209179428061 0.892502475451705
3.346557747022247 6.220934143948658 8.807705112042065 0.8741044820502163
6.610405023707503 4.081584459363785 1.808072704780743 1.221129134927824
4.685983496224881 1.527669007177549 8.577907911658485 0.8031073169688027
8.156485955429114 5.44227643526765 3.917324399879087 0.9254226086633832
5.617529694502074 6.249199846107561 8.379954380863188 1.329465915386624
3.725655154065575 3.152638151738977 9.556526276601163 0.7541220885527692
8.414634022520969 0.7784174852273918 0.5814663829510925 1.615914416575078
8.305259351224738 5.575732759988775 8.120391323307473 0.9979549453738431
2.284733868258094 3.748930320888447 7.169726734924549 1.078104050424219
8.206748772261889 7.720990660037704 2.133239755973493 0.8508081105949404
1.178156942631199 4.998286258702445 2.420324403596713 1.065795417355324
6.016636100082049 0.357169009743068 4.173151516125717 0.749245878085137
3.544231004339407 5.098896007879401 2.001606044065289 0.8695739613995191
7.109127027361096 0.9684422637559787 0.07433499336082063 0.755447980462426
8.268143346060258 2.503197586003634 7.509056697482009 1.08325599003197
9.657308981055037 8.862539952491266 3.859469620519842 1.030413226753235
6.283647160791076 1.036566722196312 6.632973155860373 1.391140679911671
2.127930083095902 3.550674875109255 0.5066395218017572 0.8468034864450058
0.6683028538722947 6.784557053820262 8.658149480245005 0.7786744689088203
2.16850259055272 8.928682981118326 3.718225435707454 0.8419133991093508
7.867622981728111 0.8668590481533135 3.603663009289945 0.7988591007921806
6.613952760242677 5.435619932523023 1.397615395649605 1.408823082551458
9.50913153033159 4.88344640066632 6.933315924547466 0.8712220059159966
3.742690651252242 9.573256277635732 5.155568146350259 0.7529169585771615
8.195018728090275 0.3764649251090635 8.496818875142301 0.7912634824827548
3.4313708717623 1.613576642586489 8.794489523609469 0.9227717992810487
7.8052349079354 9.743755601183993 4.153498660939316 1.518390187289334
4.454416293439722 2.582271811353811 9.891468049705693 1.092133500518206
1.272694915666012 9.411414085455124 3.433562352285793 0.8890926464028472
0.5323664101648673 2.8294490037847 0.6985783314875882 0.7744303109246137
4.533914319512831 8.503879481393701 9.296930747622332 0.808036282949218
7.001419319319891 3.815778881760167 2.866542412016788 0.8462505149360505
3.444677293853458 4.217237065630686 1.604675440952695 0.8463722967660104
2.234942638406126 9.726648002984255 7.027972826560614 1.188123187750922
6.853456584184031 9.351154845720901 4.77206138183771 0.7594626291563593
2.024391849532856 2.941138678988305 6.644458383121874 0.8859582975284542
0.5013009949902447 1.483065848196043 1.233328173402816 0.8627097808117324
3.739977134260994 3.064840603829693 7.30904557905327 1.225688162730577
9.891367495060123 3.848713524614404 6.093036012730149 0.9699354366766623
7.257935632271396 4.726894506746319 4.490262223225103 1.168589342645136
6.534351015586803 9.652695884035147 4.055939547942057 0.8296815750501926
7.237194524484253 0.2390904603737443 8.376262426371351 1.104078035350781
4.715683106775852 6.71439849828754 6.586228540727769 0.746772910112112
6.102877173124551 3.744734537771634 3.530837986798437 0.881807423582601
3.087909760158304 5.252297332581843 3.0243210328834 1.336290804004281
9.288776906719729 5.815738887701799 7.152681307501998 0.9614452367243801
2.028664109948958 0.3254074515800809 4.603085883268543 1.062823363356782
6.577784532817571 0.6681010431298873 2.189743801295292 1.207745537614027
6.889928639698289 4.958728271140322 6.314535012603023 1.010685123134004
5.372007333528984 0.9374819331138141 8.110256725669039 0.9414827092125633
3.945214558161714 8.582249932746716 3.254339573527322 1.44673643677347
7.74096146595842 0.6447005766804581 9.319240305772889 1.120854949850934
9.375528019899663 3.215935939921705 0.9819259359165823 1.280434987961092
1.102014452606782 5.125214927716254 3.452578316690555 0.947230178408172
1.44778770813256 7.51161290645835 1.327247309086088 1.131128857979425
1.242284416510751 3.551241618130161 6.923517300991485 0.8718728363985556
8.606604132426126 6.753801174113439 4.496072002987195 1.165736698282755
8.866470956900969 9.843968988806301 9.617194814261001 1.16013595261388
2.365228423546253 5.687950807795541 8.366162199724263 1.486615516384937
4.287808962179926 0.6932719929627763 6.591893183191917 1.084467600131776
2.490561507378545 7.664262523964665 6.800685622760398 0.8091583909840223
2.868716021591332 3.241589936711286 1.314504578590021 1.342957437502123
2.503824391207631 9.565212336530168 4.210544923936122 0.835020345254713
4.913821358883142 5.024129440946559 2.013021135262949 0.927905889118342
4.906348489123515 6.712359976229855 7.507717133418691 0.8638397243911666
4.566644895404616 8.127093705207518 5.566930324402928 0.8541008932933162
0.3325226994068298 3.832564050418237 0.2693065990688315 1.221674214216194
8.592262192941842 2.262812416517587 8.952224065078866 0.8923251402541992
1.64921576853513 2.267600115207512 9.237836158711339 1.249365466354014
5.430449665215835 9.978478825381529 0.6721977803742762 1.141636830627514
7.316523424413994 7.825668591592379 2.180342719198753 0.7599768703383269
9.158851470029523 2.384004687208921 6.865139226590809 1.031222923167601
8.495081391967545 8.039005009711707 1.204157941004329 0.9984498065552212
6.009852944467872 9.955776346985767 2.803189851415314 0.7732963741365253
2.483312118271927 2.394385432359197 5.982557023375327 0.9486644250616287
5.717144406213368 9.525587929255995 4.871713836356538 1.450685413105971
8.915859052414817 4.748636266453149 7.759622596265488 1.136409021261047
2.328978211016725 3.174653422505023 5.578844568523493 0.7418461964758866
8.816609151138847 3.450409704092286 3.947088531874528 0.7462883808647151
3.572633910700194 0.9090679541636305 2.206562751457916 1.077777785183065
9.517082089255501 0.5522937180061915 0.1718974987737276 0.7370136041151549
6.406066467753778 2.990007716054595 0.7850841999941417 1.627934637678579
4.293165537256404 5.700179278476626 2.154854220515565 0.7702166267682136
2.335263624271334 3.776845531147732 8.142754292339012 0.8328478434961816
8.47285356441097 8.296516482303844 0.281082377555606 0.7373322251578075
2.675967698072602 8.405884269842719 3.161939231190742 0.9177497663386927
8.618678849451557 3.984754526533614 8.631653785603646 0.7865801584191721
8.164288431858767 7.834170210522294 8.058848775212764 0.776193042597497
6.042147433141241 6.22439660508548 4.574033994908787 0.9784612045655813
3.467205859246651 2.806650773260219 0.2459774857780817 0.7478061435354439
2.867519530593023 6.871246759936046 0.9038697674078967 0.7696372048420028
9.082493260956436 9.965876789569366 8.489724344066904 1.105284232158464
7.551103308530053 5.62456725415163 4.813941147550389 0.7710204749979301
1.240780790956981 6.134683831159403 8.387825260725155 0.8307778329302841
4.468004118137119 8.710346549348943 6.700601579906703 1.469825970074006
2.747028877106488 4.20183269838996 9.473966158420367 0.9099399142830222
0.2704999976492506 1.372167956361303 4.000914333927525 1.391947685770961
7.154309795816404 1.519914724127333 9.398303942910124 0.8697183683563869
5.516110960744353 5.644095320832316 5.863095294409369 0.7578461548404282
9.329111632761924 3.59554338179263 9.943150930580675 0.8652105441817485
8.07443162657818 6.52862155286096 6.359809116462267 1.148872469181506
2.441580450244695 0.678915385811072 2.507865675249166 1.268650639742145
4.946316542621789 2.701449383416347 4.191811108604472 0.9772807881748176
5.249640209451417 3.443110987233225 0.3042349844098124 0.852937892283077
5.556928644676743 0.994570083353622 0.3465456288442303 0.8597125850401138
5.038234065957684 4.519385945808018 0.1189529292900893 1.235850769461708
6.323020920193121 8.292175967102283 4.607317664257875 1.299817573200337
4.291587778998786 6.488058604924139 8.370843426197904 1.228116077086582
0.7519335145583029 9.2612155877221 2.550137609994148 1.011231987051844
1.881796304583904 4.346237001320756 4.631376684989472 0.851473820919584
1.776672847483807 9.556281282177395 2.650491356857388 0.8887952603900822
0.2841929164646051 4.129883041920267 7.163501159779639 1.297802811297078
4.472317565768227 0.208386223266227 8.367907364789787 1.378111101201608
1.733955566668826 4.260210041225733 2.537703824348926 0.7572538786557999
8.962334939508743 8.949493641392131 8.906915820241123 0.7932159346208445
1.26471911220376 1.467125648614254 7.840893445816021 0.7325905689630446
6.859389823721793 5.866867949444064 8.677340879744678 0.951423919799263
7.719868372972671 6.7299270207387 7.962926877971999 1.554278485461004
8.386246013923969 5.878822728884614 7.146453514296363 0.799584790828652
9.170315947337649 8.219045497457092 6.43335396636208 0.8754910172134835
4.05871705514829 5.988885327217695 9.203769324788666 0.7379654409947001
3.9808282970822 5.602459290511228 6.366344650243587 0.84971433878296
8.130814203151157 4.737684985593662 2.386523881417289 0.8934624494089634
0.6240286367826066 9.136447535008564 4.473202884611893 1.154467638388748
9.436575727040356 7.890845126014299 2.054624876674678 1.463415583505664
9.619422409789102 8.027354763149509 7.265465601829733 0.9187167701510198
1.56783797298394 5.796430540368529 1.229493987753655 1.146289948776259
4.017650301380622 3.671665819653775 4.850452922969398 0.9096225275238097
3.749760283526457 6.901950715576231 9.378435493475056 1.014559649719544
0.3288343558628937 6.412440427394039 6.700915438025307 1.041990078040279
9.9145783784722 3.457685338900274 9.1572456429043 1.011522493950207
6.870092490608186 6.346642362652648 2.137768354582204 0.8346795038542206
0.6192792865649356 6.834400959041894 5.150864546316311 1.005196218647057
9.766221692417123 5.808694683807757 0.8146468316265932 0.732826266157211
1.383285320880641 0.1653549481995098 9.201213536782582 0.9588508158860968
7.511805320823737 2.442569642680227 6.104230896422636 0.7835632253529403
3.567750099940874 1.665399870667099 0.114251623176741 1.426089968942241
3.954314518197163 1.007204042898214 9.211592927095968 0.8532849295235873
8.669941419264463 9.950035201060958 5.241964685201708 1.249239010420491
7.27287215919012 6.215434385994453 0.6759836538139342 0.7949797637803034
2.630301383533549 1.96096902589638 9.399348019808913 0.7831360882081153
1.199215622091604 2.456354032003831 4.226104342149164 1.453917967305224
7.444857946687947 5.753416398259144 6.998684645895656 1.084467960620808
0.3218629306955601 8.048386644886429 4.221607458029214 1.040952231893371
0.7357257718992349 5.626052645246618 1.844596288654061 0.7476816656111747
5.724469674864627 2.503178068505808 1.995540923430874 1.237352907773879
3.949391962065493 1.532124453793905 5.59981705036795 1.445366724043614
9.80061909633363 8.933767946324675 6.728145645582665 1.084187306818838
2.50321286793644 8.982877507572741 1.567359308914538 0.7632605837850809
0.1743937587313693 2.56605744728873 1.458651418040141 0.9512045574431738
1.858311250261773 6.838629555587355 2.310020393361946 1.285834349079207
9.654054015214298 0.0883184636360579 4.29372816484034 1.441428959007213
1.639091482639067 3.168212530890669 8.449462781286739 1.067369943981389
4.306677633858132 7.948726437029872 2.016536474292412 1.32137629130714
8.218444968406265 3.134138653547781 1.772560641492581 0.9305146832158814
3.958854965691292 3.206288423789754 8.458823998833088 1.056822161006287
6.742817204992075 3.966948595255206 5.483482861684197 1.358418851019602
5.24636170496029 0.6115024136543523 4.47799377963755 0.7839360952690996
4.045648765435709 4.242523577435315 8.493649215300881 0.9882912384397712
3.729042293488565 4.850615641602988 6.055793263335157 0.7678840112429444
7.696885388048901 0.4082950179321355 5.187608554267563 0.836624777151555
0.1298878491570632 0.2953727030409914 9.176248705824635 1.328518323643109
9.370797939061898 4.12592517402313 5.273639015829852 1.007849051414442
6.11388739738529 8.47813601023179 8.146984707149089 1.563178346465831
7.465394243284739 7.823142835599399 8.600165317543464 0.964168235136464
4.439404247186046 8.464338225627028 1.056442125171037 0.7922657493835235
4.462445474479749 9.390024238273503 0.7670953622488176 1.034261059833652
3.01282131004102 3.378632669268472 6.278007836709881 1.215888975762609
4.08825130526066 4.859851775159343 3.71930346622743 1.074089202295273
3.658829179059914 2.548158034766953 4.460297348292161 1.524825637270894
4.963058135106313 3.386140462093356 4.962877496838704 1.00936210851709
3.233516048973163 6.703823977777959 7.851739454974823 0.9780318504155949
7.645254208860303 7.324938500960074 5.868410945358097 0.7821617579269452
7.140738944851442 5.199394982647986 9.88396795955558 1.61029224506386
9.767644884088936 7.886722262509845 3.313787801486611 1.034888111757991
8.082634769624752 5.087880194607217 7.363346818254016 0.7770211314959989
6.063911488098586 6.313722196319508 2.056700249135651 0.7327117026823636
8.07618511756735 7.547700069351921 0.4120621410931225 0.8380370242147777
8.173165987780731 2.336719983056993 6.574867626207701 0.7793002862763135
6.364045012598871 9.133385229054012 6.282158604304196 0.7752593048996071
8.761363359600207 8.346366074261887 7.745227228708252 0.849952584206278
8.069226467898597 7.088002185333256 1.542095307201199 0.7726233939476982
9.972364674948659 5.385868348081263 3.788409307605002 1.343486203215283
8.374675991364795 9.025454128849047 6.020798952848851 1.164951185179893
4.938869487834391 5.753145433956191 6.720570596134521 1.140487835005385
5.787544851985862 2.750373398131694 2.998993168520407 0.7689839205781364
0.8987719046187116 4.703725762975565 1.194776910149871 1.371264793140981
6.590861099687286 2.895580903056968 8.936278525423958 0.7805810018035668
1.007347868737377 3.559052770346053 9.259907869865096 1.077616004148792
0.1433106607939727 2.535625370492697 3.418949239430948 1.153923395303892
6.185370326108502 7.335216907880997 0.3280289769608869 1.440239768352586
5.727689324905952 2.76576963545087 8.959196664412168 0.788176767760897
7.814317084486016 5.367036759110063 3.094662192618683 0.8056360115126668
7.314573413551095 8.64935208650722 5.135583925219618 0.7942579467857301
4.188289031603236 5.007782266575922 2.691229395128053 0.9380164050116817
5.112007519912497 1.51043829182059 5.185267005439965 0.8479543369133267
6.38492418026364 9.49130588460457 9.995972263049538 1.146028957984188
8.527101531311541 1.397962769992518 2.834955898107979 1.291715078501359
2.920166318273413 6.631627882258152 3.233128885296856 1.40754995953379
6.093926324129948 6.329458846724979 3.656603967960727 0.7613445311334306
5.654190273531923 2.094920835943358 0.3638449162644986 0.7760435135589253
3.312776805195755 9.225186788702153 6.769996850233025 0.9998783018324257
7.324304910144068 3.103506412195021 3.33141495647731 0.8714322516887566
3.628653439942819 9.928011714345685 0.8024611106861945 0.8146123988914115
9.932606260286375 5.066024965013222 2.553396631194103 1.152616034126821
4.773533383691349 1.659169646238695 0.5171745253076866 0.9969077063827541
8.105785341671041 2.193636478566791 5.235895170411836 1.250436939215668
8.111128937947026 2.847307089929958 3.804787881886048 0.9611738373840109
3.005457731239792 4.455856987235038 0.5913868734810569 1.378003862049379
7.480719863991596 3.904440061766524 8.965612971935631 1.529884843801805
6.560867109808649 9.438213754567933 2.178910741505068 1.125338987223392
1.664222922451438 6.649918827267352 3.369792050849092 0.8310542547610781
5.607732404798013 7.247722008757461 4.136918520515029 1.319645079814329
0.8518054191412673 7.474195296260114 3.263597551856361 1.220763102805146
9.618141758935135 3.963968431859937 3.292126601527797 1.522976591245561
3.326882902910989 5.702609256277077 4.363603384274081 1.465758351134792
1.228947824823646 2.608589109833226 2.970407121558366 0.9809430127660678
2.453409012841647 7.411048268329779 1.385723652020914 0.8069711105400612
4.024991342620588 6.351605779904347 7.20587625204066 1.021735110486133
9.271296065984249 4.153736204367991 0.5463764151196339 0.7336610933376424
5.645587089542445 9.720087491035235 3.537141284141491 0.8229295379856784
5.113048607927555 1.823214966152285 2.692742952810767 0.9198187326678081
5.206400756543783 3.813076294558915 1.577317176202309 1.572505516823218
4.289547017223152 8.728015778430104 0.1025823437771411 0.8349125325365119
9.873282273377479 2.215807598898563 0.5579828561452538 0.9983813858656241
9.170638613846787 0.6520473903303292 6.082182136036063 0.8962205509208448
3.973878273134789 7.00878072661295 2.547772820798559 0.9009490901394723
9.774003900687969 8.931001299471522 2.780352433301149 1.06824975859857
1.866562646267159 1.456059382006386 5.786407190980004 1.282417726589793
5.421986072528807 5.111515149633488 1.12778129535765 1.051803634929674
3.051740809029819 3.328203718380287 5.140795789500822 0.8131994473056352
8.117876617163377 5.606279323226401 5.53416975333724 0.9156417897419029
1.744182821269889 7.360156176047878 7.334034113477998 0.9558568098779006
9.472904731481968 4.615794510051217 1.804230836925108 0.733623222013963
2.824834758121504 9.711065862062561 5.857210317660455 1.24354865300729
3.470877040650995 5.099754644471906 9.044046567305021 1.299591843129934
7.368106699187182 0.033846284690221 1.880000257196865 0.8627079582019578
1.552160048477801 8.74308606539528 5.71160494670003 0.8270680565251173
6.047017889935544 7.088248946288793 9.095948166834146 0.9833612776076739
1.779452000102222 9.752358248660446 8.15426452804458 1.191130588973441
8.563842992383027 6.212012307615071 8.959599185613225 1.117801086429946
1.585214276198659 2.586918355544824 5.386542734603085 0.9572635115944981
2.707377804082888 7.845360131194733 7.894987539606825 1.395662577674731
1.245921072810981 6.679790060676176 6.030811342029108 1.079102419023388
9.349222420245351 0.9625650323530434 1.318153267745349 0.7379538119450965
6.968801388148544 7.105694488068704 1.791866717427696 0.7586186615705297
8.500781239494572 4.224876556347469 1.415780145425903 1.385877165734205
7.060362580337996 7.769780399025508 7.719963372340325 0.8799914530626396
6.018744246458782 2.778052136576733 4.011967081432547 1.115375534548418
1.38610328440693 2.311405195810552 6.283337639810307 0.8663430350454921
6.666935891263586 8.52636487451394 0.3761124222647283 0.9339612866034215
3.479302491462029 6.127020972433949 2.266476566595848 0.9688109858856792
2.314080888355935 8.795811927268575 4.613338178048855 0.8587270223324021
3.121614879698301 0.8911693818016931 9.341477552866483 0.7989889023918271
1.29714009198146 7.744395182798748 2.34189428024737 0.7578742076844752
7.219227281857087 1.52796592588787 3.730661174161159 0.8456707148868392
3.570943693831027 5.749974391171006 7.975651250814296 0.9352862390616172
1.723215954964403 3.172649499987277 3.472471005734659 0.7668206218954371
2.172943884057035 1.037904424015704 0.1613481861181953 1.574840827727111
3.098123791175258 3.488834398964374 9.974606828103088 0.8678172979706759
1.164038526156245 6.016782696456518 4.185680967764276 1.314938753693216
8.756030710957033 1.870531379346615 6.108309501153406 0.7687311511928763
2.282015507808144 6.27480028230821 0.4007322604916109 1.040640066824137
9.477963317641093 3.764592931868836 2.03819708640271 0.9741028769093519
3.958802860048229 7.151075513861854 0.3480382855222509 0.8523104693200818
9.953661686017261 2.121318319425457 7.431830244563724 0.7762899853288966
3.354916387062874 0.5592818958541301 8.577960905954809 0.8651197851359639
9.908839409684116 7.602708979975405 4.973563536102286 0.8545849473835806
6.459320152884235 4.528164343789386 8.811126753991145 0.7458658707008308
4.972230768421849 1.953107281719082 7.932107146193162 0.7926819040099817
7.679201906544673 9.412031993407025 0.386856433986198 0.7462261973437272
9.400771086878358 3.395220542777974 6.671946541314369 0.7414504815102676
0.5387828957087448 3.573169493513966 1.373363225035961 0.9257278146004168
9.224755806658615 2.844083657902191 3.677333271730549 0.7616374001659155
2.27602097062836 7.674014337400546 9.47721310471333 0.7914992288779742
8.664355952832924 3.130544318248206 6.776526013161952 0.7381847761467147
8.541509406372649 7.356418189980374 8.847006815641219 1.110216200952143
8.879027544429594 9.262299342542249 4.440718468198923 0.8062465581145122
8.384380983882291 0.08380559120236497 6.415168043267244 1.003775707168578
2.460399639292523 8.172480716938557 4.007283490836983 0.7503449126122241
5.197095268932157 8.268140028953834 1.489054504717273 0.7739815031516099
4.711920383928137 2.791912126943533 7.827940295488989 0.9426477102107312
1.07922881305049 0.5035338577208726 2.939460042050939 1.495438678322155
6.775457529440295 7.938830011922979 5.698695504022209 1.116546846308554
7.410006116442152 3.18503826697228 5.816470995025064 0.7692083854422466
6.805437829449621 2.844302037730773 6.273729828134864 0.7641530053000014
8.964767792294206 5.92999545465308 3.87972797766791 0.8913742564298406
7.65524751306924 9.36681744699162 7.921384735794176 0.7652215536370142
2.27445894624165 1.171064079531631 4.86783661196083 0.7326241679465707
1.652071332074524 3.55223627550423 5.147125348859111 0.9611949060606173
9.799438597934056 8.467517401240965 9.208576453154881 1.005132117802974
8.689816583714643 2.350539199590053 3.32428433685492 0.8080501285835282
6.707230258829235 0.318992306769359 4.737183972943708 0.988041901923073
1.507223105517267 8.873038111066997 4.886762756730549 0.734967147107953
5.484408182365875 6.591200288653865 6.134065608738811 1.02052128619373
6.326860970458377 6.385954289089664 5.623351951188974 0.8948278852051028
5.560840092489096 5.691023010022861 1.851169105689789 0.7710294738501785
0.4082946241706754 4.64245507215858 9.268410621855287 1.290492750330662
7.482604074016194 4.799486545952097 5.559724843127412 0.8106555802492951
9.804090192470627 4.157917397586432 1.154396070828534 0.7655582416895083
6.158802927606362 4.392967697956427 0.645441885492909 1.185306431683796
9.84277049865918 5.248608390046524 7.632869285389259 0.8152795480151949
3.249002430318725 4.017529544476569 7.137093021349193 0.8302113938567296
9.171139696898958 8.125197781009401 8.543301681128241 0.8350296757126888
8.880783064332107 5.138904968497498 3.142743192474702 1.193691795130493
3.88978798471655 2.500632075935523 1.100284512711682 1.143514793296398
7.949144305096723 9.190357987709266 7.037074823201934 0.9314607106415238
8.613933190242252 4.020669154815721 9.470553048935791 0.8134038816796522
0.02956937302773244 7.586898402171972 8.192095759974817 1.245983506972491
5.744739606347298 5.414352888283764 7.443945798312058 0.9922266886283988
5.359114538217088 9.888708487493519 6.304892986073963 1.530325159441837
1.074451744321449 7.560116751431051 8.498692101091626 0.8677662016416179
0.2596262893255152 0.7234096408611312 7.530712947601747 0.7395332737441009
7.594984382818704 2.668442414716843 1.243692583564877 0.8363978377006966
7.369332227181066 8.709535417677706 8.839534158482969 0.8369421521185086
3.900244420289995 4.096075297801428 3.040160862971738 0.9196931163583234
1.187738663168876 3.884588401187587 1.994666896804451 0.8699884754132986
3.026126820651835 4.133690926179428 4.123119219952968 1.579439556612368
7.785026316760598 6.482148491832216 5.290799420529624 0.9670506618436491
3.052563349824186 9.14285723449045 4.973344683317086 0.8668638449252245
6.935005918515128 3.100747494432831 9.705553826022856 0.7350507527396768
8.190267564401225 3.043795552675905 6.099763305606734 0.8821214061628102
8.808034863401714 3.852546237143518 6.143497410295154 1.018778352144502
4.891527210760143 9.162270771117816 3.93867177958302 1.058916385570797
8.909245917125842 5.302965246950098 5.27464257710228 0.8278824101585013
4.914616196103091 4.921752238671067 7.351614969758566 0.8059872758649796
8.878625207031204 3.198169125699578 9.159755200188956 0.9844478552372814
3.602909335537929 0.4320582370897653 5.344766806450973 0.8528176688447651
6.004510366880917 4.554294718611832 7.524435645675668 0.7796916977843887
2.329427186455142 8.442850996374446 8.915798322279901 0.996714387803998
5.02453168132922 2.149666925649913 5.8543438492109 0.8044327627074171
5.077045627617693 3.147632064373247 2.633010910061192 0.8856518231939832
0.7773540937153057 2.245816494679401 7.750874930787303 0.8810415818968341
9.930689969976584 9.498125884171269 0.1851195267666395 1.170708907476192
2.503550940624414 5.949037169624809 2.410550164851509 0.756028319194584
2.518285092536038 4.98871068337637 5.024939499928927 1.018014089785746
6.392577272229433 5.287902145498322 5.25863082502495 1.332163549591088
7.774108294628357 9.88553500200303 1.136332065725786 0.7604167951241334
4.514139468240422 2.014660595654364 6.880954337531928 1.454415553789534
0.1612349719679129 7.545036382182395 6.146629200555513 1.444126730655808
2.367140024737553 2.763790695197105 4.75500028505005 1.037977655838939
0.8411980943790999 8.186963437058264 5.180809384472933 1.116706604095043
8.920314736821759 6.06960037351373 0.8060306610604008 0.8999514883621031
0.8115924836684097 3.443205723334616 3.406675401792362 1.025417448038682
3.12697387217447 3.484003892072132 9.081728613896205 0.7927933079320291
6.91029894366831 6.333970803975471 4.908072840032346 0.8544985689055111
4.54916789643473 5.366524419818671 9.613648170399747 0.9324876720731761
7.080803903803922 0.6756647658100201 1.129613652531412 1.096096182752275
7.116901101726405 9.703791024896013 9.262242629171856 0.8652200114927403
5.119258992920897 4.282242832014627 3.068667828891437 1.492620366847282
5.450770429614034 8.605400730064401 0.4343383688344016 1.432532782443718
2.558344508280876 5.467064080982869 0.7540021473438741 0.7756215837441107
0.6222125454220063 8.668856445501179 3.396089450364113 1.015734556585969
2.076159154591329 6.903637967566711 5.585840317207834 0.7969704133922979
3.164826699190208 9.623912547648175 7.923240104152327 1.349178488481047
2.51424721805105 8.741857544941372 5.483772723101715 0.7852260936069169
3.400350647467149 0.1545974595745192 6.879632625343464 0.7876896663167682
3.994367504033779 4.681969793110073 4.715099864686905 0.8445614969750957
3.208400112748963 7.015817847124391 6.844749994119231 0.9914632376446936
4.221052741967611 4.176894302421844 7.361817880351907 1.159534299947633
3.442934586440943 6.999310527802805 4.128785939663255 0.75940387159286
4.301378005517321 1.323282158491321 3.084132698423437 0.9584648451865946
0.313605934748673 6.239547419489922 5.798166689661897 0.7492400985467346
9.73213592997153 0.1615508833188406 5.49840351700368 0.9398694790860012
3.656776591313216 9.414320712536835 9.981810613438215 0.9560684238799253
3.369429946280107 2.115065899536733 7.414447501933328 0.7817497556876419
8.111738036257805 8.04169042671896 3.817682581318683 0.852681260164992
9.658142101415809 0.8022108795028772 8.139943462069535 0.8878406163849567
7.729370500135023 5.671277387926989 8.830962521208631 0.7979700094330653
4.184819063149043 0.6719563775420058 3.706080839719932 0.8278807454430464
2.792713891848924 1.881024400538691 5.164931098317013 1.025556066965269
1.73918465168918 9.585060565806316 5.991137094609443 0.9106778939170198
2.966831230348804 0.09566620399202308 4.808914233184205 0.812028475051329
0.9975358674513658 5.531569825313683 0.08433119242173603 1.345411796594654
5.0806387927729 6.442332656876268 4.630283031773285 0.7881952005771458
3.199419313351273 8.621173255147527 8.516668838928604 0.7750409410191427
9.153440153170274 5.109145296194242 0.864221688978808 1.000603909666
1.48852215358091 2.662984609415562 1.509880223029754 1.622737892920209
2.732968790534619 0.647629669234332 7.476083962274132 0.900924119350397
6.633080425826279 9.039766814509679 9.075189830332805 0.7896567365756735
4.814338798905317 5.601428565111557 0.517131372727917 0.8815701281638711
7.085333534815277 6.085664080102047 3.212209302681095 1.21842606015046
9.197995872945748 9.693881664063992 6.114586314983794 0.8180905204269243
7.982068511388328 8.622107487383307 7.957427972537092 0.8032799942547464
7.885828595502846 0.6723472537240273 1.685216531268083 0.733980494332248
3.271376132011042 7.6888974361898 2.675453366697525 1.032705617416519
0.5518165210449133 1.927705276865913 5.501563808579356 1.449682873137688
8.908865986263002 6.945087180210339 9.949063613087356 1.281356062342275
8.43856188076839 8.774924876850147 3.980604195082974 0.7424336421283625
4.820027795610243 8.429050628758279 7.831854837888588 0.8822152429883734
9.21790728522457 8.892631416665569 9.791963494027787 0.8173700831363639
4.783072703379076 5.818069770500762 1.365058938588512 0.7820851945952806
9.337177985640695 4.556790782762067 9.754815052685345 1.003328865209495
1.997264923948787 7.63500708111323 8.738254970699174 0.7469790259420369
4.90523588528782 7.504243010718981 3.076893696464813 1.229177144254342
1.13705056145343 4.710257950771311 4.305576377646731 0.8877645621056771
2.62466258214262 9.711171861712083 9.291874594617028 1.54983287210156
0.03727719496311899 0.05857360728374505 8.0795374421999 0.7448126236729886
1.082937917617123 3.742390528432894 4.346730262254594 0.988177515454895
5.033960487328839 5.291520681288041 3.728138516956644 0.8076655714503026
1.517266911035946 4.750289118453046 6.745599444612023 1.503699329787267
9.468931956947502 4.905638199108197 5.960685247614631 0.9967513860328354
0.8474992574174002 3.165413625130229 7.678800461355302 0.9008348281915761
7.316128319701055 1.896937446092338 4.565373551536017 0.8611892475810466
3.519702328471489 8.660327500981236 5.744679384545783 1.10460409234857
8.431991146299323 4.722935028525094 5.723038419847535 0.8923508751436451
4.049623982050314 7.532817875410476 7.535550676055508 1.352546724520644
7.974238392435686 0.1955617907258811 7.491904148095703 1.160048346644823
9.679528207652037 2.369297819994029 9.121610149043173 1.158109641452973
8.472261722822655 5.768682811917997 4.6858679401151 0.786381396755636
0.8193767565020593 9.735043959265635 7.156343088534272 1.493617420571684
0.9071411772342808 0.7800580122538547 5.866659152262968 0.7733576502327615
5.910542009989588 9.945329117240092 8.64387449795886 1.512049764667906
2.735407496226975 4.644975505913881 6.078991997797657 1.17436789405954
6.825081332611662 8.572477987280839 2.863260460018216 1.106115948592127
1.493249424278007 8.276522277911601 4.130625701135667 1.159002239666756
5.310951872292653 1.210487182012289 7.178795444718478 0.7977643408789062
5.777315151556709 8.907371234216717 9.317254395288153 0.9280208542067683
0.3336735333875874 7.041919249945127 1.133685771751025 1.016657912221565
5.988353500619148 8.960766253864927 3.858619926729478 0.738502007324791
3.451682612632944 1.389079643363101 6.855116179401972 0.9713740233300302
6.501372784103094 3.063890283753248 3.249879593848435 0.7360811221904829
4.464124690563244 6.245218342205161 5.58089611034408 1.353342476016531
6.647711773088755 7.506928534347689 8.538938398512855 0.7485154215080219
9.751019569770119 0.7383789061006963 2.937072991942475 1.140574823395309
2.886653007018906 6.502730064022551 5.976788059343788 0.8736292723846351
3.521142866439607 8.601202319406825 7.494313643914879 0.9012930852443306
4.768072101166298 3.125147928367108 6.858892677556703 0.748077752549233
3.166854788110186 7.714053145558431 3.696974976076798 0.9413317642244965
4.828919135496441 0.4459321602823663 7.366924689709164 0.7571555632632405
2.023685853501721 5.842782758712295 5.820754930361181 1.207893934111121
5.913390087984217 0.7545521841919679 5.41006665970986 0.9955327436710849
5.907304702958666 4.889463215646825 2.259149300804234 1.026306500173793
