8.827716225737975 5.081407652528779 7.473879087405495 0.8977745668858901
8.482076491961966 8.613353325239791 0.533719748306446 0.9951732784576315
6.631896913390427 7.850468517757488 5.791252357022784 0.7640786142055982
2.303097707651709 6.542635702598706 0.8260106890717867 0.7394179033255104
5.167226606989924 8.291891430639154 8.863242804483923 1.053233078777567
7.368550362839302 6.313161564009575 7.172139403685021 1.24428327917124
6.683019840052224 5.809377624737074 2.412535586768644 0.7834703824735318
0.2725915496127451 0.1926153602171954 4.874032676717794 0.8099140540837245
7.152806840248721 1.984850445420187 7.197178918817658 0.7351364339140368
2.6971655164018 8.807274449565126 9.037040743371065 0.7974463096328958
8.218043191390574 9.400210892838768 3.117119562642182 0.8357371239063355
1.347629477456452 4.75240821652984 9.37675098001006 0.9210244735144039
6.047464012782304 8.010068281421461 9.633417388203178 0.7458436433262272
5.389069258862237 2.555088861371406 0.2750436933015732 1.195098650642949
7.858501431068213 6.440528142706619 0.5574278955254175 1.075422804434376
9.098085791919031 8.836637529877642 1.978541107880737 0.9006804474740616
3.069181600708453 4.21387428193559 6.299375151614257 1.189535764950788
6.404119788482768 6.793025774187718 7.168337969987932 0.8680166710196733
3.308237933810763 0.03212717627128603 9.829549504095599 0.8451390868037142
4.379799074093385 6.256220192839267 6.820062274977874 0.8877659472873743
0.6743148788881205 8.300511358280843 9.364746486702437 0.8866722148217399
5.711033500690382 8.67505635598102 0.7879087700343457 0.9687156798577422
3.952401677044882 3.1812011015552 1.725756903565024 0.8401431048580569
9.857704281949172 7.010897604777499 3.30710275191589 0.9761515262884128
1.503284914092251 9.76137329930418 8.483510959464599 0.8380027444728348
4.43428814434024 7.587526265199177 3.377322413665407 1.57128809667389
5.766121791225158 2.293210462684478 1.641015370811745 1.412856597596953
7.064602591638971 2.888503382580935 0.9554726179068974 0.8049289838365845
0.01566887558568819 9.639444021190958 3.183874309790289 0.8334993204735536
4.957933468423183 6.431566005902213 3.212208800591655 0.7743660732388683
5.785184805631152 1.351491463180459 0.3721310768223662 1.242692838703737
5.475752314777199 5.997288504987173 1.137867154267328 0.7409390591079399
1.678668236737001 9.836719924947529 6.181415651580643 1.220047626056884
0.1958535059137101 2.734143858048225 8.600945479954193 0.9013734462449007
3.753755162629746 6.108949700941689 7.738659379907883 1.069962268620607
3.569512179938627 7.894451641207997 5.957167380565846 1.08895451002441
0.1978836764391512 1.237597728002637 4.850692285430567 1.126280975608907
3.769735563304105 1.740340105529444 2.135822863628697 0.7241896067219394
9.293308926490585 2.116691152502896 0.09745859461880113 0.9582148018239274
7.221240240526364 9.392180139617899 5.756742629005217 1.097970296117769
2.641147808373531 3.9031975103385 0.3390537434605379 0.9001279237502313
9.70454372347144 9.401958451244131 4.290783702895008 1.376801001539356
7.87790612140287 4.381057489791164 5.881956291605959 1.500639652242436
2.014896327016391 8.404113728779778 3.072047857293584 0.9102046473492358
2.708627650532396 3.050297753041054 6.454934750661367 1.120391257371501
3.558950201528703 9.110724400390497 8.82690466615542 0.8162470275534335
4.625400640137914 8.087088277859872 5.683585437814217 0.9748865176332235
3.749157147016731 7.230848906908866 8.699470598690271 1.04293057188664
6.389723121777635 9.835585058012223 6.246024501638994 0.808196708273998
3.609380291307192 8.845099479462675 7.349886705240581 0.7767989687773648
0.03322858467681988 4.305541165932945 5.735174717860272 1.178502398330893
3.015778221581725 4.525752682555195 9.781264378524325 0.8096615050227637
9.302698010547159 8.910891920437589 9.092816672232942 0.8367924656045924
2.416932089021442 5.297988518416505 4.110219782058561 1.146009210863811
2.68545570359439 9.883395395494128 4.756021282172145 0.8463064927648348
5.881598997231761 4.98847094556189 6.123616023544774 0.91650920718063
0.328559457814116 7.69297156075881 5.444839734074053 1.139272430885728
8.81977273995828 9.308366029151813 5.262096799726462 0.8376630320456852
9.47987425294669 1.17927710627127 0.9123678619730181 1.427753017683068
0.811709097693708 6.74490567263425 8.117164789365276 1.049256236677581
7.044293094523089 5.135865706548715 4.999818700285464 0.7508394580630845
7.377786431694074 2.400342190404199 0.283087661640219 0.9062629653823737
8.076394312713688 1.376654177888089 0.3206419196464616 1.473341457716992
4.259133392073168 5.548406183471158 3.000564398763878 1.31200070137887
0.8208537295141061 7.201082739164106 9.915356778517491 0.7756615773622445
2.610658086493412 9.906904106005836 2.796005527904871 0.9159804541001298
1.9075075824122 3.241917267016313 2.617015703551319 1.058455547823182
7.338636049655654 8.748098145357188 8.365612915081574 1.150619953642992
8.154295824774779 9.347238243647281 5.77901668911843 0.7231946262246945
4.973937977888442 9.674119246575417 4.231084001772367 1.575821351780356
0.605847768710851 8.45827707186762 4.631596658054496 1.108152873509096
7.171183235687582 2.395406393612625 6.245933775313935 1.17324336995553
0.47988723083922 5.062568230774275 6.290451597932822 0.7742852929524502
1.853877904111034 0.7787709565052181 9.173137885111823 0.8138677528557446
6.234627301450021 7.14358665668759 5.410781190531025 0.9569217413048378
3.087875990898221 8.940974327907604 8.158617672064713 0.8263238726396326
5.132755966755892 5.804544325339273 4.199597293856614 1.107938088009283
2.301392397055088 0.4400373545976211 1.834600360289618 1.331576608928302
9.689537093724581 5.420029848804958 7.909910530845814 1.009092602274415
0.7641334592716731 1.426424886539636 3.36594751407 0.7438379578317531
4.918406669001557 1.806568306092494 0.9930348705426918 0.8684252103897521
7.096200766894414 7.727990880461329 3.852716420608948 0.766974359008518
4.284872380380172 4.317050071957531 4.422043964913955 0.9576410767562439
1.997546411870664 6.477963004561563 4.594443016943868 0.9692630290836269
5.295238690732392 8.429518469338069 9.845757492384092 0.7936783239547244
9.682663310491639 6.544637218883227 2.386468982540443 1.033006868528863
6.523401293158622 7.224266290099471 9.338551426300585 0.7311501886336097
0.3445371815704368 8.98315767996748 2.201007155610615 1.578949465975481
0.3145846986672929 5.310463448778417 1.202794165860738 0.7503694001605372
9.118319199514042 7.703291910203113 8.112148832153292 1.353079525202428
7.487737741097013 8.60983354377939 0.3475091774073391 0.940424874910458
2.551607472798924 8.576106839014496 1.224631639190025 0.9836263378510218
6.074368159997981 0.66510325860909 8.036981327597912 1.037187478959301
1.349495633777618 9.6353607424138 5.204348234165683 0.7271683257317411
5.050156801756762 0.842378550407884 9.730063193483828 0.8173737033526149
4.999688988505476 8.99668346711462 5.710581400531208 0.7334117452812197
7.383880106392809 5.281012473904863 6.975692514953467 0.8092597373505129
5.666301051026288 0.4627318331594077 6.344259608846203 1.016666481848965
5.036280053381347 4.914148043660755 3.775978553095246 0.7377969453478103
6.21674980807654 7.823307941764686 4.767328668312092 0.8228316164303473
3.394758831765547 3.945322129674927 4.632826819506346 0.7347543981094465
1.187073161992597 7.196017149298994 0.9719157266657696 1.417088707910755
8.405751693913457 2.776617874501994 8.925238336996786 0.8596627143876603
0.639339666889337 2.020996592177273 7.357389250296754 0.7634951677574774
2.891172292499571 0.5151635897050688 3.838590604679186 1.171544920664233
8.329183838454812 3.711527595452297 9.685349288869089 0.9223228386875599
5.22447854155953 2.216365592383439 2.655821726484408 0.8468657604944981
8.527020205115875 4.430877343282227 1.893066036645749 1.071354152978588
6.006788920428386 7.681020643317353 8.808689126908796 0.9243366185756184
3.495137793244387 7.937932400286389 7.786646300114352 1.187636426483558
4.299851554359782 6.12354436593069 0.4881754737914068 0.7984854186269756
7.629861995543181 7.229881764524531 9.162948949026976 0.7553577371577745
0.6225435487179788 0.9874131803442798 1.404828600783231 0.7998069352933043
1.682613846658163 9.38437532110758 2.529938932682831 1.219853117919313
3.050207250448339 1.427777534616476 1.832837269713983 0.8851401109599324
2.284631455848808 8.995058217253909 5.350873971492089 1.339758168512985
4.377372649828362 3.259133562136299 7.901303738754726 0.8644206085811726
2.583770928928873 1.52101230986145 3.822557669014595 0.8484627872858823
2.083170287717979 2.019081159231879 7.842094856352794 0.8366158705912068
1.711030624893662 6.001210851093258 3.814241522306276 0.7563038309473457
2.822085875726266 3.933562293623525 2.494594952796287 1.1330969426446
9.122300295907914 8.391893440166331 3.937570423459062 0.8180303222545297
4.926931547228411 7.127213953429794 8.757103990345165 1.160055386131148
7.457230170545295 4.342458867976421 0.7808897299376727 0.7604249656132779
2.160659467905572 0.6103733132309165 6.705963059184807 0.7923601946278676
9.016774799799371 5.377102078273504 2.011707129240214 0.7787177389710934
1.920726058655173 5.106898504613059 7.722302287455929 0.9462584702358839
3.59499200471564 4.028511535328945 8.288507821385583 1.411805053577292
2.278790866837523 4.910294360019271 2.497053677500494 0.8482884423779907
6.7998356315185 0.09875848147208544 3.234698486793297 1.062274880782902
4.261462927566585 4.542925431986605 2.697349855023254 0.7216078689889168
9.129234404160609 3.564859113656179 1.477021801382284 0.9367925807841516
6.831922711016404 1.564294842483455 0.06031340403634178 0.8108524326315046
6.842668706485939 3.008889484694817 2.291195041559071 0.8717416917074734
8.403240264520576 1.096353601722819 4.508961479478461 1.333259333167168
4.39564641579086 4.812763749030374 5.239808073485129 0.928302943275702
4.670389888402177 0.3730782023929347 8.833764077279724 0.9036361913233851
6.466488497042416 8.739276800740619 6.567644257497241 1.38644772193308
6.622287903891411 0.6239061208858687 6.839014488483629 0.9658768223424609
6.821950814171484 4.073165096507929 8.872417448200826 0.8210648411372696
9.611380694167048 8.133053983500547 4.642748226861171 0.9404479675230686
8.803753220876102 5.812644238166353 8.132852131525402 0.9415421976370758
9.156417804752612 8.988541827700001 3.069079436806101 1.178267143851133
2.150269827108613 1.510729903010499 9.853871916994301 0.7229396418238221
0.7550801867701862 8.891930490723892 1.059223227928673 0.7651524683312759
3.606662277716302 6.067733983117391 2.255640270298597 0.834219587998875
4.080715904998236 7.907983544490718 6.969948669547657 0.7742688736996705
1.952521247492232 5.014776301009393 1.125428155480251 0.8829475787478495
7.863155074246915 4.522459348491612 9.981185296686881 1.004376742584926
7.333971197220415 7.059148316422293 1.934273319019847 0.7984828510916342
8.347090759178419 2.628877819060664 9.989793564319195 1.115433785054682
2.997897381880427 7.641513910251957 3.398394650765802 1.227592730192226
8.434825998104529 4.601932312977518 4.212385476270984 0.9057076459776149
1.973423494403509 3.893030221627234 5.681751015592957 0.7917985328969777
3.157182127195041 1.482432598971002 5.645633139788333 0.9845573404013819
1.609705932840579 9.46380884798473 1.222449227805551 1.245539301268327
5.160547599535561 5.423327452775394 5.400895480415001 1.024141510005664
9.989727599861496 0.3201909231108957 8.313501069287454 0.7875595443881817
0.3082846980311948 6.187152624974645 7.150226879540519 1.327777103893726
0.9372054837949229 9.439526820899625 7.002184867600482 1.07157574115728
4.065217752530851 3.91448740116658 6.265612530860655 0.8362251508837526
8.014440790056778 5.396238186088942 2.29704108115617 1.088813461433044
0.6274133427548656 0.9323214429811311 2.678581237650481 0.8670489168430054
5.4127656949753 5.023196432994554 1.254478541455805 1.058771606637695
0.423164440312731 9.874213544308878 0.967016915808554 1.255022518114345
3.705159350771178 3.158693852603732 5.950464068755179 0.9186070240823314
3.389469977288023 3.777135776545628 9.356324925915782 0.7397934778075308
7.546972112401927 2.341606922572022 4.408200936124487 1.123057359575685
1.348545988425764 0.6274071328819997 0.9986266240599717 0.9263201690186382
3.070766838572282 8.379427506425072 9.648025440457038 0.7924755175544193
4.760896315075043 0.8306184111080328 2.990717549190558 0.782131742960247
8.782023630119431 9.270136047651006 1.184678537737243 0.8201988678117724
4.582416917504614 6.361061315080367 1.339189037385463 0.9183136877946819
8.253882324649561 3.774668226263356 6.847758831996611 0.8349342792458129
0.3295410081304917 9.845206762475009 6.032328845120939 1.23960310708966
1.399058731065437 1.301691142818889 2.089405114651467 1.06185951024896
5.215651372372982 9.094667010261498 1.799070998411187 0.9143886809784771
2.304663536065761 7.305798475412529 0.5226691360964908 0.7644747788428592
4.423763004039534 6.625623346473521 2.357009403678799 1.061774937917572
8.371781842676778 5.660816532187344 6.432505298451182 1.409101261568669
4.489985857265749 3.643364133571063 1.097016397211159 0.7784538028223028
5.443832955016526 0.1074799306312668 9.333890355074772 0.976130033144617
2.597065833619445 8.554291160521915 7.236643026159228 1.068693652983544
5.191950633813972 9.395859147627265 2.991773540226397 0.8330052226643945
7.280235715891231 5.286960314809401 0.5040617234454214 1.07790566304713
5.783599422327482 1.050289975993535 9.346544429700375 0.7616197138168443
3.651597255534804 2.348917798008061 7.94758359618629 1.375383948423334
6.155415479975738 3.120393993369769 0.8279133816313834 0.74923889235585
2.436985114579099 7.25139429844084 1.607761372210692 1.293031778825452
9.502195370917745 5.913735042854868 1.326001927056688 1.008377674137393
5.214826232959826 8.516064393272295 3.727512739536024 0.846502652360268
9.466650237712347 9.74499984596128 1.573915611217952 0.957813333638488
5.904352728612383 6.68827921931067 8.899230596094378 0.9150188381556331
5.889507995440345 6.166650568097474 5.801141337699644 1.144131562601029
3.927345955114913 1.13091106803516 2.724836723651839 0.9483039100647732
7.539185794251754 3.362358028505605 6.610499554253528 0.7529378478779206
9.013236869521165 4.901758389889649 8.456705175542446 0.9758117792642225
4.35416171974386 7.189075602159201 6.39434660779385 1.005924804922972
6.352128152254604 1.535388057937394 8.515640464353821 0.8919144420613706
4.743091458482283 1.360137301272283 0.2729341151256593 0.751971944601283
1.503684866769263 6.7673273502904 7.457516452826773 0.8247838167322968
7.981679041400872 8.010687282441875 8.819507012690879 0.9565790246351299
2.332784048808993 2.340694628229321 4.070604342934661 0.8267921574427526
0.1848349283935425 7.410404841886894 7.464131891816537 1.132163093938889
7.25699758804026 5.951689489162009 1.524088113635927 1.303972643212937
2.574786860586181 6.516168421522757 3.623187844019469 1.156311481595077
6.839697119728315 6.265224964622461 0.5494005392644052 0.8403791232438134
0.1267165203458975 4.824027016162055 3.600605503483403 1.169583370635895
0.7243822294470815 4.827184355250025 7.468535862781325 1.477731322898016
0.3551930880627308 0.5323160834149054 3.791848319136245 1.354330272312041
3.307599133800005 2.666094460876276 0.9870359746565349 0.7253928261723256
1.500306144552098 5.684441700964917 6.383535288063316 1.582139024096942
9.574782727842907 5.778928109412288 3.404063818665157 1.029090437294954
8.915366144841149 2.47249353765089 3.073860630193369 1.216153787537843
4.304870759003982 6.379421289988517 3.800517723058471 0.7973033154070917
5.31072717200085 1.296653311742271 5.659103591463992 1.176095463113062
4.190101815888176 7.991758917106391 9.440263455464974 1.196437490094068
4.916572618755703 0.7691424154425187 7.904001258155837 1.143568219968277
9.670842828482925 8.127511003077807 1.705535752707692 0.7198564447945225
0.993949059344339 9.271115795126773 3.685492016042248 1.420256521930753
8.779326255772951 1.799547138061673 9.254581746350583 1.058881678814555
0.8878117057982415 1.750802730079513 5.649486894874571 1.156177587134577
6.001268021901546 2.717921157485698 2.717258783241603 0.9080928704583358
0.4242236564026081 8.094141502238502 1.329078146927708 0.8733114048891145
4.405333887160156 0.04236157730424628 0.1415006529868956 1.349000418464693
5.524974456152068 2.895718222450209 7.092015251168402 1.052870977967464
0.197848592211981 1.089919905540937 5.864305947611129 0.7673688462364533
6.695109619183883 4.637175561687113 0.9977060232493418 0.8824130485639692
5.464052258875059 4.751527983248946 7.048394440433639 1.083456851381352
2.623290893582897 2.145306129431164 6.073985297137203 0.7456139166296699
7.747797634897697 0.2039587438091095 5.070518332724781 1.064147303849017
5.027501422281641 4.915433630309261 4.626040653844115 0.8033009512649145
2.009502287865947 4.276657696283646 3.351295098956846 1.23372705492773
4.247116825692119 9.038772942967638 6.506169816912915 1.325823041254874
9.322751374649142 9.942951799513846 0.649742681807417 0.8882020544375514
5.161549137027518 3.878462163056492 4.151360312188332 0.9905281026521141
9.262244995009349 8.400888406147581 6.490529333377647 0.7529881975907401
7.777808172163263 6.753224559040598 3.929322588472289 1.527294990804286
2.036865122857398 2.911283950605099 8.995262415134517 1.12262274734588
9.464885221511766 9.770273382211014 2.469008408824314 0.7683623656762197
4.300623267816472 2.487513020032668 2.354309189170474 1.080440958722948
1.94699548403001 5.768840149082187 8.422454284271437 0.79001812099667
9.699621383874705 8.696493528330793 8.267105061924825 0.8728232967637093
1.163896926423241 7.218135177131455 6.400190425516959 1.508244752223428
3.379676507067631 1.779523950155449 0.9311931696068054 0.8826470004403213
1.923425045622565 8.648076721993034 4.169817598424459 0.9759616495015556
1.389278075549942 4.446529447202911 0.7681992012431083 0.7809562225061778
8.85526012707879 1.167049079712083 6.084893124834635 0.9076091617555322
6.959829763435575 3.463974513466788 4.108442777125379 1.200916932692911
0.01171561558330536 3.925764445334882 6.837617504835189 1.102646296007975
5.604170239285154 3.444965306744018 2.151368117350163 1.065380607241733
4.467193807107845 7.448285818337144 0.3590698576289275 0.8149031398509068
6.041825730230753 5.986955680713256 4.748895253527742 0.9457049996810164
8.092187797907872 5.566611549648198 9.925270446733066 0.9229755933417862
5.648716814427327 0.7793936858338146 7.21019524861816 0.7921297266848676
1.913195611998092 4.834609465859597 5.303189832035906 1.139335849749194
3.35198544397834 8.177189334084392 6.831290226316094 0.7529534921523994
6.696663825028011 1.984176574801744 2.35143083949395 0.836164147803373
3.331554934266849 8.222331272414886 8.841138907902414 0.9030481251040433
9.047399030435351 3.400740938807965 6.027336726932739 1.506667573852155
0.05399205458233469 4.628753286605312 4.675672778480597 0.9842175131655567
5.740752208589843 0.7622659686275913 4.63823228872612 1.131594336391504
0.94571061973868 0.9144275744628216 6.775234523127221 1.553273546887345
3.047398994590993 0.4916962295886074 7.333176476623438 1.304438376478687
0.1750213672326684 2.689565437896609 3.232998490006766 1.252977903409131
2.976622417195968 6.173048211942461 8.824639740252287 1.492034336015017
2.478863203200684 3.966578811118227 9.132968051106475 1.132053502945169
3.634321651919228 3.932198245369209 5.467901824330752 0.7636757596081426
4.571786709195111 3.767807126218073 9.300191224997258 1.199067821876941
6.354382656010714 6.215327079981007 9.689827199191949 1.06378039814101
1.446747512737447 3.128017515949709 3.829223595899772 1.419124600014193
1.496041894278547 5.570895434786443 4.621230959817061 0.9914490071501243
7.134106917110631 5.278338072268941 9.062562513404496 1.570614689798782
7.557410280643507 1.419301260756605 5.075137450060237 0.7644789800977612
7.528847188301736 3.921259947677166 9.368012435170117 0.8040401563235793
4.385585855462729 7.91786376471673 8.416970640759368 0.8149241238766196
9.505611108641833 3.671674343787126 3.159116033241884 1.00876697641243
5.008156063354813 4.013785248824862 1.635329978641596 0.807869791998446
5.718413174411793 1.163188873700856 1.683104888313847 0.8151735362918214
8.134899692355038 6.81734121079238 6.545787179164486 0.8974895448885633
7.847730870256209 0.3520313403179021 6.342738190233945 1.430078522689645
8.90606425975867 0.7611153139710691 7.748505494899474 0.7488881288976803
1.554509050451346 6.58631267880926 1.957405924931412 0.8851815284285351
6.600898167075715 4.08063990718388 2.256667675908612 1.20449115295157
2.074213219871398 4.905067849680766 8.696258207631336 0.9774272287203457
9.853336038240752 0.5472210428267432 5.452851940390576 0.7264285722018661
6.417007699528227 5.180624479825951 0.0203224770532029 0.7726006506462709
2.692337300885717 6.087833042261696 6.159996662502394 0.9191962120337384
6.895018503460323 3.450874567479723 5.947308545118582 1.03202746369578
9.723977865137918 8.761213441774913 5.571146879971741 1.246285878858565
4.945933016017405 4.310301533014119 0.4070077122600924 1.274919240518786
6.119500032521237 2.027828496251891 9.443774452081213 1.110336520344467
4.388488919831985 7.398688577002802 1.448378831790468 1.097378150915744
7.252053637857208 7.666818985039994 4.884583340869536 1.226571261109894
8.595700002124897 5.782706192201956 3.792808190869052 0.8231546497703649
1.668561032760846 2.277631981810673 6.751936888685599 1.477751140433541
8.366179835308747 6.224816454950723 7.458902343933073 0.795922984409096
7.495177841762808 8.446245646583996 1.408997051532837 0.7193035767686308
5.897298027886618 3.816192812575818 8.381130356725311 0.7241287895891474
4.625518729224775 1.793267425957127 6.186815598648931 0.7639089725844589
3.856056899064493 1.046284361295775 6.615752892418707 0.8529223837158584
2.037164828290698 7.700607655231853 3.839127519095872 0.7941090680637891
2.534270645191417 5.251876170892015 5.964858405551426 0.7608906382560999
1.173594124007676 6.347562197453097 4.236088695378259 0.7185909312097791
6.889246161252194 2.423595455206828 3.399310132257888 1.226528657689911
6.843036020580738 7.846722686131303 1.900397482244266 1.022004798981065
4.474063683975843 4.118134869913449 3.420390854369537 0.8889007324715795
8.887602789153171 6.68964526443636 3.176929139407572 1.015245116343582
2.566973368572203 5.850730948452589 1.656558944609829 1.401444854998055
8.473228976609885 0.3435008720803412 1.09336817921278 1.145779832842693
6.770967725107568 8.462987123868743 4.214582191479527 0.9635222331698502
4.035816199541475 4.575406455586545 1.147555949387359 0.9381404463885861
2.745710506360427 9.517829304584206 7.590110070078103 0.7296119264642471
5.129278991798806 2.506539490092293 8.06608224794909 0.8370064190260381
8.529529568266749 8.428324178137549 5.748822922247472 1.157643909673661
9.151972697078444 9.689271588721766 8.359759637424915 1.274777601896326
0.169019669085686 7.569037288112884 9.255846735163219 0.7354321233514166
2.456149087031202 3.14340878603928 7.753608604949875 1.467071018122589
6.694593550109772 7.093491237725699 4.242528109138384 0.7299406853125523
8.505589323541036 9.716019725381603 2.180151363479907 1.188755836192531
3.787380673403147 8.928037920470128 5.107520768681239 1.574090185497729
4.866601467327072 3.11503402775856 8.573844981297887 0.7869527457581768
5.338498680206055 2.642257644188247 9.092059235011167 0.8618346553102856
0.5308776652501314 3.051751259304984 6.003424722859973 1.453432336656436
0.2466930990105187 9.119075912636454 7.707148177272072 0.8746554740538511
7.061603879449414 1.428002079891585 6.613976776148654 0.8514499069752509
8.022356560558093 8.166150597519694 7.718583101873149 1.026547245864942
9.297625949147745 1.110767000890304 5.328250612581105 0.8063674619802936
2.172223924714348 0.315785503702779 0.7453229317687361 0.8121323170586915
6.016016522000533 7.284294128853068 9.951010410729845 0.8005804220171996
6.498292406742594 6.157225558305861 8.150771826293363 1.189733646876302
2.990624438924557 7.299941618753837 9.622547168653737 1.217983547266876
5.919947675758062 7.691909446868138 2.146854401707493 0.8664173679835109
9.927397705430582 8.716874657179481 9.743556557085679 0.8804520892520439
8.795629060976832 0.4763184200556769 0.1797854749596084 0.76031867117459
5.331688570060829 0.2344380428413184 3.162745223862848 0.8128087025469838
0.2539938750804949 1.809747117396326 8.192603668149765 1.000469981180544
5.248998319690049 6.753852713169966 3.968266861415478 0.7988425035370528
1.870538108952683 6.70409601048453 8.393820668996021 1.022508578060027
4.5394012926023 6.888606473390636 4.358878148760978 0.7439328961463315
7.556330879393842 4.126795095637217 8.478247428543474 0.7515151802596886
3.029504527778926 8.87893819690532 6.301381010867387 1.020553102225973
6.770924661801675 6.563257698844103 6.27219786418808 0.8311845976382021
8.512820096017597 6.646630644543654 1.765605573306096 1.550537169334669
6.100069598354146 1.673671796831472 5.11126129426972 0.8126989514578552
1.716254428150085 7.682853760441385 4.986258734257381 1.523186753732548
6.298424496868032 9.707276905413659 9.600174828031424 0.8176925934718193
5.214218187693398 2.773587676523063 4.380220548723134 1.10724132277653
6.51712190844683 1.33582079187135 7.383559935323102 0.8091306096000095
1.735015500064254 7.756518636442137 8.39638150115341 0.8148369815576664
5.285117797683861 0.1637385425180837 2.094514164606003 1.229836739409779
2.213266228916686 1.55539083587096 0.956308288597888 1.414726827697936
3.648706261582765 9.442714300054787 2.443538095773696 1.130512614692205
0.520114334943681 6.080611317067722 0.4474417800358166 1.248997428595277
0.4370648965185053 8.001000912065402 0.2961907998264357 1.075921375315114
4.681011049811739 1.737278648199167 8.086481131016951 0.7899509249264792
2.943109138037009 6.976938908471368 5.46390770702812 1.297123490603737
1.626176696702103 8.73060828657626 8.868869199370176 1.273432944031617
1.134285147498852 5.299694592048758 1.123340215840357 0.757844471100784
1.640066981291463 4.686598122769584 4.289612728406404 0.8205846526957677
0.4156861130038247 9.380202580599125 8.911890975570408 1.399861689775502
3.821596148413472 0.9454380903861936 5.287174995028106 0.7323324623664428
4.685227299198783 9.330890256323931 9.138419557223257 1.130090667431705
2.015619499602145 6.177477655098734 2.647837739238841 0.9061831445861214
4.637826410774491 2.680947680883918 1.354238108695072 0.9721773409435464
6.016764807187539 0.4389997132052271 1.12152038501696 0.9604016713227651
3.212740946452722 5.94757502928975 5.42619636829436 0.7314363690584128
6.222848614725602 5.711358957244841 6.961383358318416 1.285799795104792
3.392693398368132 5.348511977225924 6.140746588221488 0.8855014413592578
2.864382599444221 1.571661529834313 7.985067361342695 0.7748323818568491
0.9281898005034006 2.121237289417584 3.586604065461132 0.7271698869929828
1.920226033985921 2.581176622404739 9.953407673196859 0.8196521135557496
9.845409416409327 2.593020558704675 1.124102236336836 1.448046683771683
2.466816823740691 4.487795116021164 1.697331831709386 0.8781487495055273
2.58670727399979 7.327193462997244 4.291435616155981 0.7605650007949952
3.132384936268821 6.975718022594452 7.946111569491934 0.8589629342458854
4.823353801783057 3.810891922537603 7.05186980727652 1.145127746105495
2.725988144536102 8.055742305019686 0.4193651980609081 0.9120412515548453
3.440103919655885 7.979314705613937 1.28530738856568 1.091105605385708
0.8093141959829709 2.102396124976119 8.940760273621596 0.8698721186187727
2.284637750504435 2.983810769681085 0.8701404607899467 1.272916740566289
7.066276129404891 9.436768748943347 0.1441242732112746 0.9276821182025663
5.358843410118522 6.693081078671856 9.642220579236643 0.8862887042162282
3.594143770433051 9.423591551118935 3.716041828058974 1.33601945128453
1.627247969676203 2.427014702836426 1.795874381345455 1.214588350333581
8.388608378893064 8.757800741611234 2.452065946495328 0.7663738883069012
7.356416167515785 1.139555455476297 2.668539375605169 1.28775161269359
8.516787480292368 5.558317564175851 9.045784366265735 0.9811473957785346
7.535284136695424 5.284361739735791 3.513803805406234 1.413713583588064
8.763533617116174 2.134397461694497 0.9849329057274703 0.8526434734634869
1.223490343189019 6.07331858057233 8.684237979809359 0.837882133916486
0.9018497052817342 5.608632011463819 9.533479088288836 0.8628784104072075
6.988599409440841 5.724960034742526 4.395278185686299 0.7836723128997852
3.711710215977518 4.005854461461015 0.2820923418624477 1.149127610023599
9.103592698780245 6.327096675493943 0.05237112504920539 1.563960203653315
4.19947235376639 7.139348239356808 5.296611407270576 1.176271827649169
9.586228255518057 0.3069221479623507 9.135208438050601 0.8352172541446706
3.452481191589322 1.373909448991192 3.499995295812837 0.8773269004918453
5.998215537121006 8.573190729685162 7.963152847556017 1.416959147303946
7.066458638439725 7.413012211232162 2.917351178416049 1.143406802657659
3.321390813510581 1.486841790700889 7.313637772565017 0.719547866824586
5.518789478906636 4.470888310190858 5.311754188602516 0.9373807990478167
7.282159670370392 5.570658730451113 7.871158766088953 0.7681005793454578
4.426912387491268 8.679518168213031 0.6990949338204422 1.539770053621913
7.22348795579227 0.7584584785296357 8.531689088856879 1.242926431535647
0.00149738997781812 5.5176442369192 9.690241904024573 0.8179628041525411
9.903932086893567 2.195864635757065 2.255273372022297 0.8680819746991512
7.081868240416234 8.399428219240027 7.447793082560073 0.7726040843530575
6.884940562585296 9.979827084509377 1.177649962500009 0.8470225741549552
1.208658776137058 2.609854833826265 8.057668686017381 1.26133080868793
3.446953262510218 5.36825704796621 9.491391545765893 0.7431111354548688
6.920133719156378 4.223056718548789 3.299814355604382 0.9482717993159399
8.577098694052651 2.186807475917686 4.234826614157488 0.8556404614481822
5.460056490473699 0.7482149475051891 8.710145389560697 0.746556673146714
5.193141225198811 6.535669232746012 5.005684195884779 1.003092590394875
2.757463490894464 1.278578095508875 9.016999169958499 0.9412053473875208
1.508382164860481 7.031359559957496 3.889595014260545 0.8732013997723826
4.305450440024602 5.426966593356953 5.993876482630866 0.8776798561202611
7.412963746603631 8.36749130879574 5.844264909094307 0.9535965901923845
1.682000715692035 8.226374653656457 6.960675035494951 0.8021521118387396
7.884621026950416 8.98204298109181 6.777528742355408 1.371850921365839
3.890319174627844 3.494471855924598 2.775976302952154 1.138690730011502
0.6829671454999776 4.59739438553715 1.560156393641373 0.9702194354153382
9.126803750890897 8.954959920577442 9.975833642155877 0.7406469858225508
1.152510613695981 4.315075508881291 6.218483850442792 1.186602803375303
2.241816165159545 9.538183885714721 3.674778760512583 1.068179227728085
2.66425633708146 2.192704107143219 8.563014027680088 0.8998616572690618
2.587680612827232 7.999591575055354 2.453095487211777 0.844787572625925
8.262440818805686 0.7420551731553038 7.314397005495803 0.7706886220766361
3.113758384337399 3.018806746453249 8.865073336971156 1.016895055518633
5.467816199989749 7.016069674918159 2.68473624918231 1.042372217362868
4.675239776055701 2.851764393174963 6.351001727003954 1.019558968491073
9.542673906894965 5.51223024377473 5.521404904439907 1.390747296289331
5.152364207429576 5.885291197330005 7.913233965922298 1.514977873742448
1.493467914358843 9.840852130737943 9.425127975798977 1.021188990661993
4.838585109031417 1.069949731569184 6.779116051437417 1.09921911950392
2.844922799799063 6.726390352482523 2.58216511402822 0.8777493816908558
1.822822239342903 5.357237984047657 3.141227578361638 0.9213688238208294
0.05728226139298132 7.068095448296953 0.065163610586777 0.7712439884415756
4.589918804082531 5.496210411764024 1.041688711471899 0.8426050449692313
5.636336935324361 3.414595735633582 9.010582753207295 0.7700163905139326
4.144767253232975 1.344568971535278 0.9182262841975841 0.8438707346675888
3.210295258989803 3.216071245736389 0.5004059307499908 0.7239947562896902
7.08350360705309 5.101474403589527 2.455458892062536 0.7666382654462557
8.852775683573855 8.231061713423765 9.005163630141901 0.7361907860515515
6.016774095344818 7.686358342564952 3.627964394576752 1.360752726525527
0.2876240400125873 1.833889341455771 0.2049524294149696 1.001796243696473
3.072131543192069 2.58460790916179 5.558020386161539 0.8346696685172971
4.159855847681726 2.133739339606837 5.155015397478094 1.545224701616244
5.435736105054485 3.491065010211298 9.804218784133896 0.8225091421286216
0.8896774751076653 4.870070422162764 4.461127843293291 0.7306536058691844
0.1606833691800569 3.632995733958579 1.637861429424938 0.8857817999447837
3.436378219722123 0.8375093034833747 9.478987879656065 0.8474609158090564
4.469140290980125 9.922013968775415 3.073804096092629 0.9184556118750347
2.280782659531641 6.808663746051653 6.417511479907092 0.7727532940785214
1.631089347899078 6.103285822045373 1.018285950423666 0.871113541882369
9.941113184354968 0.4337508519703692 2.698934002919013 0.7686774923117731
4.831937124091255 4.491325245263115 6.097257599502786 1.059268368924886
1.327837904092294 5.898696689998198 7.689657761940529 0.9553932497796593
5.531800811988535 4.620628442817611 2.192812566216044 0.9293171807024827
9.111319408265107 7.548410831432178 3.723107580063106 0.8769013164950176
5.037557621114746 3.156329700830892 3.150932712439456 1.248784148433351
7.932593842722507 7.889833920871305 2.114704351113195 1.14572063168583
8.976473138741133 4.709458553692134 6.128254356768708 0.7668468119845163
5.992813656233821 9.962400306677925 2.808380378112856 0.7256133187079887
8.201943931875217 1.42136610049872 8.118519231675846 1.221890332163212
6.122048484927489 9.023686481603871 3.404214626040877 1.238660684914756
6.560702172078708 1.170544652458582 9.31735800348336 0.7201705803504622
4.990496528817824 6.720412846738514 0.5567581126715004 0.9390554182497325
3.851812488034269 3.248131168500295 0.8765837958674216 0.7343957020148707
1.469256984032611 3.658192301343688 9.944853812758344 1.46596692041402
6.669473432555184 3.166615036298601 7.04294227354907 1.196655303978175
0.2407751187543883 3.651219537798924 3.974467584131114 1.104671366001414
2.555913153548728 0.5908935480362576 9.842085200134276 0.9773123771657486
5.575964284322469 0.2764715144826035 0.2724513830181408 0.8876574755708578
4.411599035905394 7.087377466102557 7.550991572058984 1.278287753588593
8.867801571307222 0.5899815491815963 6.806712882403589 0.747280630050433
4.234771961161733 0.3521436899989594 2.292009587200984 0.8155395784063428
4.047299916508467 5.175226290354741 0.2440835929743024 1.151666117040999
7.10621640972198 2.892215092640168 5.195667867486751 0.8003070355100537
4.972362219070547 8.744028144770645 4.976802581940873 0.7265756863707225
2.077518642696383 8.866417328444777 6.447134685711586 0.8219111894002801
9.198486228420487 3.393658005393895 0.2399046065877941 1.16587307646005
4.285332200459244 5.19095114945004 4.117799926798888 0.8472948803620429
9.866393543575537 2.001040088416168 9.238455282080542 1.083320241204611
2.346684232182235 3.896651846822247 4.577746015340622 1.301590054823398
0.3788104015596439 6.145748264898828 5.97609565643087 0.8562385325493211
4.111027742032001 0.7241978132037263 7.33153529738976 0.7543715415398334
9.476829183912677 7.361250222346056 5.062899446144067 0.7513751464162949
0.8396410506145113 6.225789333450939 3.078159107863569 1.505168086966802
9.622235107860748 5.15447360742135 6.828696382441109 1.10071098593192
0.6389876613608682 8.176246172813697 8.292623415142213 1.225485556399333
3.234500930660844 8.750627502146074 0.6144054808952171 0.7544863075206231
9.139550689797634 3.407687373841108 7.381303559475785 1.162796485254039
0.5387492071444422 0.8567458073324398 0.4006030551141604 0.9606754942702174
7.756694096899036 9.358603332552105 1.115444314742613 1.203694067694261
9.540286420972611 4.418104588098674 7.728603384741957 1.005463888991042
6.079638132433837 2.651766601483404 6.328436855396824 0.7304039299845937
6.788369451751401 3.870203746939781 7.955960116458696 1.007541192036669
6.948339818315168 1.134123286667894 4.091120027625214 1.564746099023902
3.391622455832959 5.962041139578297 6.814857940100302 0.7938481597557088
0.3464612492713326 5.813718250839991 4.433798675608669 1.251572491443957
6.728826019746622 8.825927079472049 1.002735582446894 1.076006546183335
8.872070559275285 4.768440010711905 3.094093610341655 1.46964096018686
3.180095308972124 4.883056077811563 5.099175207124438 1.362807125086292
4.605944990677847 4.888660953304612 1.924634377878095 0.9664382292707003
2.80134341648731 3.171315535048239 3.471832357825229 1.298456481552083
0.4558486255838567 7.115150455827738 4.327272893118452 1.295530432246905
9.302537289917812 5.232321673267854 4.290617461458024 1.002252501262937
1.80547123943392 9.08744401706139 7.195118944083168 0.773994788179907
0.4728245959409783 2.017666765950203 6.557619000007463 0.8406635529539296
7.600230129206359 9.969684710425673 7.49724036296749 0.8654373036467329
1.18308267653815 5.211911089356347 3.834100150357023 0.7612352912609252
8.980303766523088 4.473338600530388 5.073770449879453 1.085211554847568
7.264131936454978 6.133671617184897 9.874147932434131 0.732711528571257
6.157897016362117 5.303687768782374 5.314161263957957 0.7640134043793289
0.3973186628834369 3.584310024967489 8.992563245523039 0.8513572055333285
2.468060528518555 9.525375902257244 6.830951055887557 0.8608926641666992
7.520533135895093 3.880601602528936 7.300119030889474 0.8615290889649587
6.989529694494074 1.777857621848129 7.954186958477698 0.840449520182891
8.302649383470692 5.972569421558777 3.053234419127299 0.7747578141535164
1.700022652846309 7.922283520551743 9.913349531524716 1.283749055202432
4.94131777331283 1.829184649928508 9.50099916006195 1.026601062608101
1.13730569154216 7.32931412782981 8.970385186107629 1.019415351649268
1.913633147445141 0.2463147364461549 5.169913721219634 0.8811166334230234
2.881604123955195 6.124518314579847 4.641891656835866 0.8741913253064681
2.656815412484675 9.015124187234846 2.897955513479906 0.8381815655880533
0.7915695502111275 5.149039485570324 5.344671908233356 1.100628365212352
7.570263356713252 1.42086769538764 5.907197943844954 0.765439964202296
1.427253700617844 0.01785882473424705 0.3330789543131008 0.7905884716888866
0.1351464249904166 3.953815774023176 9.657187850358708 0.7260841188504498
7.732644687597594 7.55327190441787 0.9344460883383032 1.250709659940644
8.423133112294131 3.040887245547916 0.9264163651702451 0.8930266799639048
9.825072562729279 5.336495450488952 0.547299009558273 0.7299302653565075
2.455505022131981 4.292222780475193 8.156151866994866 0.7883640921904912
1.59406922764022 8.239700787264351 1.893686466901403 1.30698351699629
8.182069365654707 7.206069068321958 8.482565076708763 0.7489781465275461
3.009033174481656 2.898501919461591 4.651039511607197 0.9697608945636909
6.694625210974959 0.4827918454256331 0.1877722397886339 1.23284411111119
6.571316645749239 3.197153002959701 9.750051167780651 1.42544272296722
8.832387269380545 7.93846620111305 1.346872212220975 1.095906377803648
6.286104787355574 8.834188497363765 9.986700580080672 0.9680788141659065
3.45939531489223 5.771975028605578 3.902415397424024 1.080007662184729
5.317291638328494 5.442954668421505 3.286841019137913 0.7756771088504812
8.610863135210026 9.209439303682146 3.924916568695595 0.8489646290933931
6.209738541426238 4.927742962133695 8.003545357995186 1.275061708722198
9.413721886173319 6.068711392047637 6.513418316628155 0.7702074857002376
9.447902656396202 1.266254378344067 4.112822549885179 0.7620351618156337
8.216536521196092 1.363850506829525 1.69857926587914 1.208949737680343
5.763067442910168 2.294533059455974 3.546932379697169 0.964793801550192
6.925154449814008 2.028310010766093 5.268098774319469 0.8977804785211004
4.028587732015255 5.287485305208762 8.532919193914251 1.236540694315826
5.82043056227409 4.488899669691354 9.351666279535127 1.440866740374871
9.044722055345808 8.801052583998715 7.39132209482578 1.213568518309671
4.596875457248473 0.1416510082111311 5.669692298439997 1.465968883877663
9.994104622371392 1.318701855349202 1.949689604288833 0.8620475145152573
7.066287899771563 5.554754420749694 5.955331641051613 1.298470535408693
0.5335331643948538 5.748360870686165 8.238079231015108 0.8809385059252145
7.653246317139347 3.547654740770056 1.642909452897372 1.397532409857299
8.075677038966443 5.504929143537572 7.491050961440976 0.7316244232456433
2.073869650798775 4.531196346035673 0.4241460335837322 0.7355723002052947
9.492301338422012 1.092187534757042 9.648903940660105 0.9937175012960472
7.056637724358442 8.050712483898501 9.405717583974592 1.187951152475392
6.430107804200683 3.36375634050755 1.583526150707512 0.7574080936643783
9.090505305402033 6.869384511408971 7.048801108129401 1.229065285005632
1.960058928545995 0.2952410722044085 4.235269416444233 0.7415947045264322
3.700498965659472 1.014521081905705 8.373433074994601 1.311873532833984
7.288230020650201 7.575319403179452 6.769325789404407 1.353280160529624
5.830050296547289 1.530522221727101 4.026356975481003 0.7547967115474565
7.931072835942457 7.495932013913733 5.775599623378842 0.9797043663283176
8.750552340944513 0.3260441609711995 5.425052508168293 1.015834377701272
6.985050147615558 9.796207426174039 6.825074332964838 0.7441758840528331
6.681791222703102 4.451009801595336 6.8089487046595 1.352600114968002
1.078203512844647 9.091775302538274 8.010409888392733 0.7846534132014172
1.845968021689895 4.621030594116501 6.922331057826331 0.7832126902874791
2.305537342876825 1.666144216227148 2.101703461430144 0.7242387966848747
1.058905481324363 4.237928635595448 3.894662824524252 0.7694720156323813
3.651056945457445 2.16233658816814 6.558612188917101 1.35717016434781
4.972558333981283 4.418705627834749 8.204651773240922 1.359237535807081
7.427080609157055 4.466486705898413 4.483210601741314 1.068249251698907
2.402560694951048 7.873532406215744 6.245331943992223 1.261606272310024
5.226901580073705 8.130258850885435 1.560080683652486 0.9819465006925172
6.042392679779079 7.803677506445903 1.301502700676404 0.8048055826265262
7.176376445820203 3.799774578036589 5.148127012762835 0.7247980546691917
7.489834157862192 6.349018064132827 2.673185410614441 1.105123627128936
3.499231931363932 9.064264927730866 1.474839107670919 0.9231658466343321
8.785059236625292 2.488431125948883 7.162760758077849 0.7756955985439553
9.547103199486667 2.066399875901133 3.764292098638088 0.7499628158222846
0.7671402118740834 1.913168210612515 2.621633584585003 0.9594875948201127
8.017587852895558 4.722098069426488 7.081195476251277 0.85338019528607
2.252996496275757 5.845487929400808 5.279335696479565 0.9323221399113797
8.138508784462982 1.696862600941303 6.831162733814327 1.33395043439873
4.749922099065284 6.325376865110466 5.903135144007294 0.9627355659095868
9.155796360743492 7.741159913733127 2.55651289004439 1.361479629926344
6.849735859285273 0.3299749394104546 7.687981286971304 0.7524895086680795
2.430603410814729 8.261000813702497 8.23703359973511 0.835886644517878
1.032283871377029 3.02670410366752 9.093324591468688 0.7775760226776464
6.447319274156065 2.704509207402317 5.648026519717154 0.7561861078145228
9.024748495715723 9.564307692474864 6.299392535393611 1.285376691723216
3.456557101261282 1.263081087335967 4.427903412245628 0.9319816064620166
6.574823502435552 9.690107783158806 4.576295466719821 1.502618618881184
7.84874985114119 6.27584718839178 8.324023184361895 1.166333647086887
1.037449825059815 8.66094101481664 5.964112054347195 1.399926670565857
0.6231042609910742 2.831292105459189 1.984431568340965 0.8723931060638794
2.875448482240263 3.481906150974472 5.50150653723466 0.9424511364055241
1.029540060398617 3.927646247846284 4.95915284849456 1.379545486989019
4.310476525905423 5.714518381185039 1.878127618980497 0.7623719542797394
1.066763747349289 0.2417604843118126 1.955494877202988 1.093688950079873
1.892288260713749 4.145383027108952 2.21557436384255 0.7853858656815427
5.972802501060071 6.566060131806519 0.6251452944995506 0.9407180435825668
3.449622306548542 4.912490336168388 2.105852714860069 1.276778181276989
2.835214186914506 4.277332532301799 7.372881007858045 0.9083674149964357
9.553240967263635 1.500286417759474 7.152807154606637 1.507956893421323
2.031891876332228 7.376228616093758 9.039139829700606 0.7308958470481426
9.924201708031179 6.999553540967677 6.275346803487924 0.9640998329345845
8.098073123075444 7.132296728339046 2.81456060985736 0.8655610316358439
8.116513970545382 7.168832318196547 7.533664232477627 0.9606925228085651
4.06928265051357 9.718970331298722 7.932519503727735 1.474971157639326
6.990460483291989 9.272443379314081 7.506299299636749 0.9254910317041244
2.699631412279882 9.976521237686542 8.703574738259142 1.582862649241917
0.536944478761191 7.444270068214466 2.283532101479394 1.407497797255078
1.004428219184278 0.6144930447899222 5.417856494426919 1.096540044511026
9.542307601757114 0.598582807350122 6.276877944376197 0.8879059122158748
0.05442978982258873 9.451455306538859 0.1010681496961729 0.7227355306119261
8.520217033506343 7.881800420834796 6.782426410297168 1.111242107727362
7.877198499520726 4.005274875858208 3.577563207354434 0.9926791831805414
1.810450800002622 7.251913424891286 2.849064136731174 1.28036772207131
7.841005737645196 8.920690765067015 4.734641684980341 1.414763662334307
6.031434892663437 1.27751287859004 6.525817462809886 0.7456977782591125
0.8045991577646128 0.09940223644976821 7.923077921686872 1.001043620704339
8.69809072976129 7.219724614395127 0.7685427959860404 0.7253813304983794
8.86124980483398 6.598867908612635 8.842515214390462 0.9155297993544126
4.189201302308436 4.027457834740138 1.933938645984974 0.8984707193958463
8.124025704002893 2.751753396625198 6.486617163908371 0.8465802305840917
8.060540329669269 8.202462368634427 3.420644576696009 1.50967534711046
6.262469527694027 5.474851653444765 0.8593329620488777 0.9407310833040414
0.1182955076755898 7.966621546936284 6.488789045077354 1.014351289153757
8.097366291100137 7.97839627980813 9.821795412639698 0.8936154305083815
6.871613054255891 1.338358449599738 1.331311150930873 1.516560900618495
4.553306041232935 3.268216406521135 0.3111936154104422 0.9080966263010886
6.141111841718315 4.769605079138438 4.160092776675489 1.574690378284832
0.7417010233847443 3.921671083636041 2.718611376594961 1.593217004075975
0.5696355635258443 6.222152659225748 1.710892037988641 1.211619518912402
9.337720813838366 2.964146885542957 4.111373586514589 1.127374495178932
6.228583450157882 6.219829080620375 1.452166434824589 0.7564803226136375
2.300294670217749 7.454092565869806 7.553902049121599 1.169643605007666
0.1961114230372685 3.707359086915301 0.668827783582826 1.019298582071402
0.3353627839671636 0.9571630136519083 7.864826888847698 0.7750209752128147
4.330118471290872 8.654128129562434 3.986758148887605 0.8194724023543913
2.022839455588183 1.228691851169157 5.834359557599266 1.326455403994689
9.711250216629393 8.804914592471489 0.8371816838913049 1.279992173984162
5.387246203945017 7.683397398457664 0.6078801495413677 1.050003316841782
9.585814122773673 4.585810266241965 1.186719521877474 1.263687872816438
7.543294341659721 0.4595910375112755 0.8736056641095236 0.7479099785091097
2.168673739442377 3.561334887888349 1.74775017692723 0.7815427265649921
5.196970131126974 0.8630602024374356 3.748697049218835 0.8733524390257424
4.042544642464647 3.197780276122381 4.081433634835359 1.383176046624799
8.638365097812851 8.683218029900543 8.366668824195868 0.8318570988067642
2.538795380251293 2.185022358094606 9.535039950483879 0.797382893911739
7.947355968071437 1.843098479499975 3.548453296267432 0.9769751942487386
9.414195214238465 1.141354911240406 8.508364229538287 1.165941169013069
4.240204074820565 1.184138104835346 5.868427500706508 0.7174785731989141
3.668735353524499 9.144020205486614 9.75394355980827 1.009922426768748
8.727807570414889 6.698510504889247 7.991611571154542 0.7392566274752983
1.071198698448502 6.414904813532099 5.248205267448715 1.176526983052845
8.751737998328672 2.673801109456599 1.842650816676813 1.096698625737727
3.192736926405695 6.164139003926544 0.2916392276148982 1.392594182223659
7.812065944065654 6.474118573680754 5.814958304778645 0.8105861518322729
5.892924748930254 3.872942550441565 0.3406422114327324 0.7214492763841902
0.1958275743658034 4.740516787318695 8.860143739713553 1.448661055923444
5.704812824481995 8.276793714330617 5.629474453601473 1.115157185187684
2.682077162473917 3.119855205087245 9.80269253103998 0.9271132012480103
4.693415987227419 3.338910789814022 2.053471198036009 0.7333090618867745
3.829324281459164 4.595943465742715 9.358371378368739 0.9155568543252766
2.865667403829957 1.279885424826887 6.576288220391596 0.8707524498382321
0.5962329904754771 4.70988545991661 0.1773991198177804 1.227726644700268
3.660096229938344 3.057734842202179 9.745034739456386 0.9361784003106499
1.904000043474732 9.61096955374618 4.538751707107259 0.7295538832024795
8.120482620891973 9.258413016800716 7.879468785371416 0.8831833233634052
5.38257248636604 9.766226054179807 8.267043224467168 1.109399405652554
5.473351171388426 6.964419637294342 1.531114973394897 1.203885031624526
9.165346594844529 1.76168326470542 1.991493256958514 0.8866158864710409
9.645936895293859 3.654348553124604 4.873192158030514 0.9706379409180388
4.271450926084757 0.9804100575260877 9.397855442436194 0.8155913026684118
3.754527029926201 6.294834786030092 6.035274983766358 0.9901387385349359
0.7077861523488704 1.84636790619302 1.604925618491273 0.9115286128343367
4.971115945317302 0.7343532956980059 1.062958563753749 1.171498938502777
5.973788827763716 3.541459031422606 4.894960496280989 1.211701220974383
1.884067013182229 2.027255306304079 3.033869949694892 1.357835245192053
2.230647281103265 3.849086617539496 6.832253760239351 0.8429898269888331
2.278986073401854 5.188151472641974 9.724796838170318 1.133462110725906
1.204016011091551 1.670056519997656 0.01662754146648182 0.8172735962029415
2.667444757043192 9.348573493275705 2.073117513086297 0.8540228566025889
9.978139398049446 9.003534984350425 6.750250147788661 1.012294090983053
7.434260793692042 3.43147295750127 2.841463256368397 0.922713994863543
4.020176908270239 0.1666093611844999 6.710992186319364 0.8617154686400145
1.875159286729073 2.731768593775359 5.296422267993765 1.527938340827037
5.096416752539068 9.185501106270216 7.389771172355283 0.9916597288421115
5.373935580084773 3.329088352945008 1.119616359677864 0.9187375802210835
5.445578822846418 1.986514984575048 6.566181574840477 1.01512377583537
7.69707433178521 3.107591840292321 9.452002199342949 0.7914161010698827
2.449647416634462 6.167438213442456 7.469547124888227 1.346126352132928
7.744455050660167 0.1039123618089744 2.899491792816146 0.7935128623188377
3.271765856427427 0.5924004854026621 0.8274666902454165 1.396713386552133
0.7121053009434464 9.978137819340168 9.87486801006634 0.722750361988614
7.9306278843845 2.913769233175076 3.557834608593823 1.020982371625232
1.202559996118913 2.450838135621525 9.615868580479455 0.7619224510240357
0.6557327852020123 0.887395519963855 9.13316022260241 1.538338963219294
6.554460705384773 4.413777746312201 5.558860171274101 1.114234078976289
3.560993799222367 7.452274583830359 2.295900609467335 1.162109583650513
1.110641021032397 8.342367534537622 2.968817079701071 0.8540018492000683
2.457797655300969 8.054688291913852 9.206309447895622 0.7593669909605201
1.351245839210166 5.304987839584951 2.141730992891782 1.253749200219859
2.166963233740876 4.591022600333178 6.196247222427481 0.7428550610158885
5.133049694692053 7.701633903900613 4.67739597870295 1.271999676096122
1.37606420500214 8.998308136403208 4.776139047789118 0.7620081148086856
9.644389704406965 6.544377533205235 8.142686230721131 1.108062671766641
8.280787483069044 8.68050110270452 1.657807389537799 0.7747950631991148
6.296976460974961 0.4577982734490826 9.123025459114746 0.8084406810156169
2.867535403526461 8.114536121756956 5.357744064700936 0.7232966214424438
7.416713168674397 0.9915407144664445 7.437200343123916 0.9785262141899376
6.850072792553105 4.368064179585539 0.03930354422143068 0.9912855133006084
2.781387430374262 1.203092965783055 2.759085116055882 1.048904316444762
1.039487061794866 1.464514775300139 0.8374991333648264 0.8101201934480392
4.687435073534571 2.241411500079833 7.250948166681506 1.032591126914487
8.122667344895913 5.59464245417011 4.938670184099196 1.539344794975342
0.5564980581785373 2.858675723794466 7.129521212061881 0.7510794922701861
8.55017365406351 1.408780195396532 2.815329006078033 0.9887160321190783
6.216796053400264 7.274841776326463 6.40926775477244 0.9375380990088967
4.351350648902207 5.706667673298982 9.447083489985383 0.8152116601103282
6.717629252011854 6.98596076097822 1.178634239091475 1.055979619835719
6.19936666192871 9.645201558394431 0.6119886805786967 0.8423430460745794
9.504312392785259 7.154727673680104 9.057563131511689 0.7922987283001895
5.016176673490842 4.713160426023538 2.983020188491046 0.8218876551907088
1.256124077065642 7.594751474819438 7.624512575983303 0.8760921372785896
0.210360223158339 1.630430001131435 3.930902036124611 0.8423811037249205
9.367969928731565 1.891983722108261 4.723363396421124 0.8831064029812291
7.742347869980757 2.372740624782745 2.444108044222753 1.273203732989275
0.04241648153070377 5.230954110895826 2.373776379613852 1.346311843418508
8.342516868056649 4.134679416444432 7.885351908560518 1.16543286241943
8.413891313338738 0.56444663410278 9.139431443112299 1.411566298734775
8.210648157962201 4.541195712577792 9.034142719912571 0.940153745634239
1.675525411363722 8.387377340608422 7.808840161762076 0.8846915802718719
3.836780636693349 1.076892503969529 1.70903455765282 0.7995873906457398
9.82846213309856 0.08143887140361739 7.262253748381096 1.315315483028798
5.231261937997969 7.641247753908396 9.619938429570247 0.8254940414014474
2.758734411341695 1.912114033215196 4.798816771030305 1.035233560556502
5.725807666124052 3.637031238097274 6.158866675617804 1.323681915520646
1.623870649876472 0.8595472417427041 0.04933000072805283 0.9559251506325582
7.851893246474903 3.212368760488332 5.774940469318022 0.7653240732911022
8.069512941954171 3.609975598732513 8.859115941599185 0.7235489104899149
2.438668979894605 9.289689499303549 0.04659361171328591 1.425128724384294
4.537526162904887 2.746597615323429 9.535239094572951 0.8168705754286401
6.323068965709 6.223848395653436 3.504530881059695 1.585939675371077
8.470417840951679 7.338749456818356 9.282062714698199 0.8822326615337425
0.3343715991066976 6.508112906668782 9.219471100082311 1.287084919337084
7.061868620367346 7.170171608174633 5.775877814065373 0.7251842973786435
5.325465902477704 8.421524359536996 2.705646235725494 1.158950826513433
9.783089147942507 7.102517268524359 1.13612036733108 1.358481339382305
8.601630174823807 9.921788076345317 4.536732390368863 0.8963105078442991
6.619112034958899 7.847567139482848 0.4907628938566311 1.092594992111026
6.297543320642388 8.583246630796612 9.087510027898796 0.7329049823176091
7.449660065950748 4.768098313783621 1.623351205344432 1.030661900038668
5.018290264470842 5.312777934202641 8.992509255556802 0.764041525035719
5.379303981373973 6.653289021292569 6.780666451541077 1.210254859340207
3.46923662996767 0.334891912438704 2.975019337997742 0.8653099335949531
0.1014383442193822 0.3468411568134366 1.861910021947995 0.8225786779297867
6.00279938176657 0.381764857291812 3.688095592339887 0.814995551280112
3.891339939812394 1.291277465399096 0.09946096041472785 0.8174077964179265
4.929890614180782 7.598492728581431 2.205385544923906 0.7572959637616776
5.315622949717535 9.669724024094142 0.9981829842552548 1.027048437607114
5.717584424558853 7.136414009298116 7.863658024590239 1.151453181482723
4.705029961798637 3.540571228335457 5.264576151661994 1.339799971987085
7.043468899950584 6.469652313334466 5.076759874564655 1.190618421689391
0.6465809387347565 0.05042480057803056 2.816836539254922 0.8042505365602958
3.447783327666048 8.569444112733368 2.97112409634099 0.8935417980210265
4.39528485629457 8.530668998609306 7.608323733624077 0.9222715723803726
7.415310734683332 1.999755334204552 9.117830847587323 1.483243034185283
2.966997821900196 1.433375051205648 9.993668069864913 0.8914415829508409
1.952691466048529 4.193714442922792 7.570449627735139 0.7410526696678169
4.228552195354956 6.360254499615164 8.573812628457018 0.8645826043543626
1.202421291604372 3.518830230436167 1.368896886847512 1.229353267435897
3.681659775065508 5.658251572176675 1.279770679908516 0.9381110435724711
8.54920937800377 3.52711821750372 2.601888260591485 1.169156594334388
7.173006085079331 9.13335153047329 2.390677307824325 1.558015719623114
5.867595951710625 5.677500146662446 8.95011499721074 0.9759036592913302
5.829288281095465 8.626824175458013 4.508210713235527 1.000008190890265
9.494671891474338 9.797120028935725 5.340360141980914 0.7872444609435535
9.191392475757761 3.659849722286059 8.816127208152535 1.449391798092903
4.554862481034438 1.892342215153626 3.605117885856134 1.523728749536571
4.832616724966313 8.93967889473875 8.252601859607417 0.7308499990151066
5.479511923005536 1.815680204298001 8.69379676950078 0.8491462029927942
7.798027608140582 2.781811761382716 7.794166442378676 1.570147863146086
9.145842609162559 9.739777372064278 9.681481799781285 0.8845198567155941
6.086717819039876 8.583325546924831 1.814097428377545 0.983724987877326
1.246170683542469 1.396503261479217 8.016910098678675 1.117568705235459
4.198026290121716 2.256783420023133 0.3662082007196443 1.17480806947491
2.979378674839483 2.141843264877356 3.332094020889383 0.7367555182779633
5.795234430877776 9.970623600074235 5.504928954318924 0.9119116330365254
7.329118511390911 0.9459500167901347 9.563502862387919 0.7183676947802453
5.306819597072421 5.620960215167075 0.1206021345712405 1.419693054248921
8.090357048349997 1.032667102696335 5.506380220797765 0.7264565951896205
2.682964625115396 7.485425895746294 8.541905247514963 0.8695295885858958
1.24745753232076 5.253346177454764 8.478921129703217 0.8217439355689214
5.397447798693431 9.339285894767313 0.008947559878081934 1.018603062339495
1.652712670196776 0.5964524892121814 3.169129713363116 1.4423380799992
3.67870474126355 2.626599746467315 3.211887865855281 0.7808619229850213
1.01090553624357 9.032520021641224 0.07921467786980219 1.231104677899677
9.232294723479725 4.087764616431544 4.096854272210908 0.9550497016682937
9.503081078959207 4.135493730573335 2.2276532417402 0.9730103768720352
0.2995758606654253 3.541745462098296 7.908141294273898 1.168997645054399
4.744414766084286 1.263759773579473 8.771133953198696 0.7989015465602983
4.088287428600411 7.824204675829551 4.514858776835757 0.8005859202666479
5.741424710354614 4.087942242388038 3.062766935433494 1.0459330945679
6.415778963695538 5.16843502140233 1.797549404745337 1.006844418984582
3.688069730489862 0.2502241433536734 4.644673892870842 1.110503561968458
6.289883318301931 7.668564880892365 7.232663676058357 0.8190807377632957
3.262927142831354 7.04463462309513 6.829455031630607 1.316318850718533
9.010681924718192 5.893569852032027 2.652767934722369 0.8337275701246873
1.222816367346179 8.021940040335043 3.851826572202168 0.9146559840427804
1.72570483304301 3.388989486847055 6.30549581536027 0.8410884637866378
7.965436724943043 6.884989593483279 5.099910164726782 0.7881048698899095
4.126380499234973 1.49852164783864 7.302863401636451 0.7426474035214505
9.944365839513948 8.344396099669494 7.529250502441017 0.7694569084115357
4.192480382881445 9.85920067870823 1.384357434283866 1.135841786633481
4.613693883899941 0.9955594582246631 4.597661061178956 1.10247822237374
6.369821786090596 2.064272234432016 6.899737839323728 0.9114694657793576
3.228814006906052 7.2130595752777 0.6859680345078734 0.8120921128639557
2.596374284776327 0.837246742759602 4.883801505399942 0.9752951345022054
5.909827589848819 4.714348492836179 0.5129971049918025 0.7716110269040772
0.2752729790479835 2.935281281621415 9.821121198686445 1.225352455624209
3.582005727211349 7.89795350374185 0.2611138031277183 0.7754016028163374
2.715830975360833 5.154291258882609 6.890121665775721 1.001601128027064
8.706627711298024 3.551935968878679 3.598746072673755 0.798094391603031
8.331509737845387 2.155927993330267 5.467992669715354 1.467387697886015
3.672723330068211 3.388294439441725 7.094797894193575 1.208567146941061
6.683719053194882 0.8104927393624006 5.5897451529976 1.434910587438459
8.893797444569733 1.630247403638775 3.662111447021963 0.7722499341279927
4.909629469551239 4.042326353512289 2.50082149310909 0.8002897893743699
8.446167081986527 5.332400885602992 1.030152330003063 1.387518840835193
8.950584487061501 8.709107232057034 4.725886763374015 0.7661828821813422
4.558002381240439 2.318690899513913 8.740138287521226 0.8926210549431416
5.781404703115957 9.32664495984506 2.420927587734547 0.7847195435535903
4.766433100403625 1.439276760124926 2.068453923338766 1.226899415553582
3.455070669702246 0.3340470894223447 1.930659450903012 0.8231667436409866
3.055261978190317 0.1743618786482037 5.909601701686067 1.548324132517638
3.346082964403896 4.464974635156745 3.635349247432536 1.46739537703975
3.486273214540925 7.728723891328531 5.002981299789768 0.7237067990244594
3.124146687372998 8.555035601829237 2.098612632164722 0.8127409046026057
9.690803764184167 1.971337511419726 5.749137438227629 1.229943522256665
7.654240003084856 3.427004808118237 0.4116723061819938 1.035477327492968
8.285154443259364 0.340885076186449 8.003130292403508 0.7905350413036467
2.972963818818405 2.618777085635516 2.150497002576885 1.533254060803281
7.743616730453979 0.00802054747637837 3.930894560009646 1.161213670039368
1.786664834040423 6.488966419782868 9.784669120850696 1.54835784578446
9.305400879726514 2.737314324412738 5.096294248714616 0.7954805097608277
7.975403249624717 0.8589367104839231 3.481825175338939 0.7552335182153461
2.762305614441249 2.090795090706461 7.282178876038711 0.8672488268935746
1.492982857385289 8.48606487493476 0.8174383300217748 0.8101681287573584
6.044528568195995 9.793987555113041 7.293595895790322 1.180779684887964
1.117345504549587 2.789882269036853 2.825805543877316 0.7557380111063885
2.866247091157842 5.644329134617168 2.900287348189831 1.125371935379042
8.44600084812028 4.082877077827225 0.7964520524386098 1.112038190728791
1.624358218811756 0.544236475824077 8.350938299938703 0.7214958656718502
9.988791890737145 6.643123215848453 5.274961763682709 0.9777429763887501
7.914981837234065 6.408615332166619 9.432007791571712 0.8740837892790618
2.709836933758646 9.577823208186246 1.188137637934781 0.9207912166945627
2.990044054208408 5.106425500792116 7.971795538693748 1.099806169762533
5.931285580984879 6.922552169831056 4.531469563019033 0.8689872155534289
2.120592128897269 4.001047199774545 1.074252664031029 0.7817761118576054
9.246150045522505 2.699682333876799 9.415382245605111 0.7246659969550102
7.272532600252035 3.336319541273035 8.756209683315594 0.8465325756729717
7.569251472903122 0.2868100600038448 1.801457408697713 1.051897286593701
5.928930402837461 1.217357268788032 2.843351038013292 1.496199848962645
1.542983533450545 4.44770013307402 1.590955460906424 0.7304445393912359
8.950939629015968 4.374206148195868 6.91550542813453 0.8833190968052852
9.147023076942666 2.39060480625102 8.206182057083042 1.292915162197172
9.294087424389835 7.685491429455349 5.923914944161429 0.9438157419453952
1.968076637211973 6.644409056507619 5.694213482795653 0.7711049783595217
6.2513358946425 9.298501363717493 5.671484896865842 0.7191488166280694
8.244316299776587 3.442585752778602 4.699954806511014 1.485197624843442
7.787830496431791 0.05609308521015821 0.1397105077308081 0.9337349802682818
8.153370970617893 9.117737760813085 9.371540215842051 1.497226419216877
6.131628358819037 9.559667731475102 1.593666372318641 0.8919733698133021
4.92224238627051 0.05788166471632938 6.96716443266329 0.926735189239503
3.552293430338326 1.936707245315046 2.886772544450288 0.7392980690848351
4.242925232154679 8.449319864781918 2.089427767754386 1.247976871220052
0.1020641820416623 8.161766035778868 3.475841151941118 1.345859579620189
1.350780224333823 3.971837781191298 8.514439785391243 1.351529093309824
5.095262787883746 7.925186229714845 7.968330554335308 0.7697758136008231
8.630437007155672 9.857471744845492 7.324688420824373 0.9143983817527297
9.214866614438002 6.556774400072568 4.34609206465213 1.375906665162332
7.635888961134958 9.756470402359597 8.458757361147828 0.8925487634881205
4.648487515947986 9.422847968273144 2.362191022983477 0.7568538174841332
4.071454954972832 8.6442387800054 8.427424044654453 0.7345784513438255
4.177339352160767 6.704247897043906 9.624996277237633 1.174606159838605
1.169948795602979 0.1503110456628576 4.449514942274714 0.8183546539297686
2.192475641155385 1.124167027570067 8.290689770408731 0.826009635340041
8.963421999030441 0.2926701875127835 3.406541722554319 1.469175129564875
7.204709784972811 9.973773870931852 9.333047406799086 0.959478734685298
8.098589515954773 5.108254193384322 8.277739064424184 0.8395272851284136
2.788539706150617 9.143110119388979 4.383723880975365 0.7897850470765593
5.737676487416446 9.228522945534541 9.059335624066234 0.8880765080681786
3.40228770100224 9.497286853214074 0.622605548265629 0.7399998864149201
2.835308660159212 8.190415306160597 4.465055739507372 1.039908102127361
3.644301053223827 6.55505660735806 3.194705648079134 0.9843316871386579
4.158299433159497 5.904044659098226 4.974867382619705 1.31587926130624
5.317592729324842 1.737900431897017 4.689874393852303 0.9194685600888841
1.114487598913885 2.501349702842116 0.6571209492012798 1.213726302161663
9.906677654050055 0.2664591389397697 9.948600721159316 0.8683033272950219
6.918880075127304 9.087740394543889 9.261337550466186 0.8657273500068412
3.611959342142713 2.012033897443163 9.26520586795761 1.302333894780973
5.598231878755228 9.165747819550015 5.227126781294118 0.8086662804073552
0.1170627172176619 7.297966130881377 8.528672697240532 0.7362939155347442
9.234218883898613 7.816506668741701 9.998482933507555 1.378827557745652
6.426877197926157 6.753624416924978 2.214652319747838 1.081200055611525
0.4881088073364526 9.340938793654107 5.1158486008907 0.7847622388302358
3.877737020756153 4.704608829852864 5.904970696287575 0.7182422685222652
5.434076013481699 9.419266139728004 6.383596142858654 1.048373091406633
6.222479304678931 5.034067816314408 2.853196901975399 1.029292598516587
5.089740033887796 6.154667921402249 9.054031176830152 0.7645917154590534
6.388403725805013 8.207719790977036 2.685707500126719 0.8589580928296551
5.466110374022512 2.514883262418219 5.528386733740074 1.216223795818951
5.160399915200316 5.581310491490107 6.439698756891865 0.9976244104053436
8.848152611468405 6.686248135688015 5.635496437861697 1.272326384659456
0.100753083886238 2.596289864645638 7.716494714840095 0.7390745566107336
6.943885068182811 8.385598620169423 3.298848838695404 0.7262096230738636
8.971919476358435 2.306712897065225 6.41018641442668 0.7576261909580986
5.245591117325795 3.38325757874791 7.901335364672892 0.8208028990813119
5.256187143453391 7.258459499406952 5.783486929668788 1.081539685788669
3.695410585328339 3.255309700975523 5.112612966685809 0.7403830280901713
4.045286490296286 4.947295302051757 7.124312106328893 1.560461146245508
5.240312418177269 8.009375642669767 6.835776013490675 1.459066919949399
3.064784205668409 2.324068685897191 0.2490868566107663 0.9202474405335563
1.786982903843415 1.758395201810091 8.975393995782378 1.153608784751317
9.121585123001006 4.754245091370456 9.869483887021566 1.452080621697216
7.057163327566598 7.411703198295327 8.18719420576311 1.491851774324557
6.435267343684777 2.280118164245782 0.556856789503215 0.9912180705933737
9.701645934853884 1.414844336474159 3.00377852297691 1.242509694253537
9.176619622816062 0.7181853942047424 2.135503623019798 1.163312015929211
5.862311136973704 3.820272692624591 7.386233554495885 0.9239786226221179
9.44268321273691 0.5218323610224451 4.609023493703898 0.9495478917791103
2.228054254755321 5.697209142237536 0.5899761439804507 0.7727055364003063
7.805737702604183 2.322261590670717 1.275101857371638 0.9996956670488698
5.968504708311222 4.090329316516343 1.303103353324275 1.004763588850876
7.674015970788149 4.411503035252977 2.600122407936056 1.031372359359401
6.551040721021929 3.394542095205051 3.091954298771963 0.8832688278724417
2.155666159110754 9.122290622789773 7.969081442275556 0.8040484734518691
6.77658678080829 3.720905021968708 0.8241970744324424 0.9371159826962683
2.771233806004405 8.643203613087403 3.642644934613172 0.8100977879061996
6.976832221911359 2.473368030072 1.625593644883835 0.7518323372777247
3.512151010924757 6.689283201514356 1.459020908744799 1.062924565431789
6.656392249408233 8.584491854055116 5.213695977789839 1.014613047970048
1.599296331610628 5.534149246700709 9.136211344142811 0.7180050881234665
5.930711796141446 3.365506979729101 3.817522690164428 0.9089134685248873
8.258777096880454 0.6431788219529544 2.456040177861154 0.7553346103391148
7.154870452449991 7.093492407175388 9.969168741084557 0.9858551883478314
9.647939846068599 3.087348046872512 2.244684675404154 0.92657089216606
4.087472693650864 6.854173296020993 0.727362577613282 0.7336049346586945
0.8785905953975459 7.36952175548818 3.355862458045705 0.7784846295105019
3.157676122060437 3.75546253847998 1.366761751590039 1.203942656101513
8.145726375663234 7.160333864531916 0.02648891312312385 0.7418401670295999
0.8059345877061763 8.404158007299825 7.148021435015569 0.982694991233655
3.918997092591128 2.14159010911124 1.469018105739757 0.7762633761275379
2.057486819738765 1.145725499163662 7.392364171378089 0.8941943479560687
4.731936857092276 4.740883153338494 9.481797276419465 0.7672698847942697
3.862633558347905 0.001324308461333468 9.158075837169489 0.8577779107318854
4.417796810803726 8.880704784269936 3.103008669691354 0.9398571418260238
7.086995319978096 6.592043813845448 9.084783875169142 0.8832113015689173
8.549942517387874 7.69928570942386 4.70182825029196 1.300754025279165
6.317746084959537 2.739821678555774 8.329382569325784 1.506253315500416
6.531689637793797 0.3245569009980165 2.099973605190237 1.066591706428247
1.527447896839238 1.435494950942402 4.463489469410356 1.566707787834084
5.607212282945907 1.701501924659476 7.6543089746142 1.164724455431647
2.023836732752192 7.904104847091681 0.9236653790320459 0.7171522161138049
5.445868222041836 5.825686626026677 2.227326965063142 1.421356602666265
0.988576712372804 5.067086091480369 3.107825737967362 0.7202308020690655
3.411483558127125 2.177376905506311 4.077727592784217 0.943192899086154
3.586960171696777 8.319141109381304 3.891128884950285 0.7697154172131877
3.393626055399845 9.524471827827695 6.967151557126266 0.796845903048217
6.236032286018583 1.886636118651758 5.965642987205592 0.9171099970634814
3.02276711516848 4.943289674237144 8.971976465261612 0.812163321970484
1.883616939780995 0.0554415884585291 7.551872677056044 1.140781572390982
1.259354771670105 3.535946391026709 7.230360700024034 1.139574679667633
6.385799543951722 2.490068129885932 4.492032836687702 1.130462595218039
9.416166687424269 7.825129158393113 7.089791340490899 0.7257569357644751
9.607781458591459 8.106552381939045 8.962379761232707 0.7320612493426238
3.525194124089383 6.928234068305352 4.280936972925683 1.231589625702234
7.38127707665411 4.68579581706245 7.755734256347115 0.971385866934752
4.039385967977299 3.023694140432466 8.7832396880702 0.8115927371455053
7.215528916808642 9.123195786896192 3.656034036097069 0.9331613444801528
4.079411174205243 0.6139215516119989 3.711089684043507 0.984481456010079
6.560079717751928 9.704374687849796 8.45390850752827 1.213469181063659
9.71304630554347 2.648347169045457 6.77579596180697 0.8860975831224452
9.48278481472922 5.787040949339596 8.883693218311906 0.9862828684306478
2.994750866773177 4.875703254187911 0.8222685878838565 1.235324067588954
8.495765367284115 9.595497231283607 0.411427534668547 0.7714225922823844
9.190743058617716 5.873881407618553 7.295936243480241 0.739624929505922
0.4255906479296467 2.50413300958257 4.654929225422468 1.39450747672182
1.434027485684577 5.387175749959392 0.343957939234546 0.8857422133702507
