0.06407761311832293 5.905115625294074 9.770235821643801 0.8805341181702347
4.528379964775795 8.932347597733548 1.780209141626753 0.7892090653688347
1.825913721699704 9.345180602700655 4.415798804856791 1.581753231546324
2.686984353919565 8.996469566771914 3.453571716392696 0.7668300400265216
4.193539567463579 7.857068255739232 0.8696655451468671 0.7802697204705598
8.521586076142087 1.930754638915826 4.341702404483257 0.7351097551398772
5.693188578505228 8.577183054997567 8.442623722272259 0.9132557367470195
2.526427550097246 3.811293295232385 4.896195621604325 0.7373282845263057
2.638391036052179 0.5385741816258492 0.1236253759609029 0.7334516539222923
6.628035941329205 7.73053864915973 6.981618072019144 0.9133121344240109
5.800722183692623 3.053041863046019 8.598934469897447 1.295123939923343
9.174334220812955 3.382462648819203 6.925235572643677 0.7744438401486412
6.746824283337878 6.488162471623299 8.34120259129884 1.056811086454531
0.1227367920645483 1.63623409328561 4.736454519213433 1.224605769495859
6.088171594739312 6.134274764938524 0.6144828799498457 0.793327660372985
3.933735686318038 2.978856837473879 3.715723046750666 0.9797687635436308
2.832164098262686 9.166685793053011 5.246095210602364 0.9771753072554987
9.752700040782381 6.108605401869028 7.337200141821879 0.7519636664610827
1.676490506397404 4.700036916480074 3.694565667776758 0.7704934066232252
7.07082265769606 4.604675857174149 3.987749867714107 1.608603894303036
6.417053373398048 1.899135324249046 9.176445316922955 1.48675136794429
9.836635790295638 6.861448278273794 5.549360495544437 1.297899731857739
3.311287972358747 7.921073876903619 7.200947139444888 0.9289359277067138
2.864071146555578 0.1401736621934102 3.467146572132749 1.490370610287931
9.879884253652653 3.013586655137623 1.19176734336414 0.7703468480368774
9.825729124555645 8.187737701192274 9.199803074594227 0.9708043113046279
1.814123874451868 8.975338752600733 0.2912378307496888 0.871262564217437
2.959726049421833 1.296235382327079 5.920241280739893 1.315432807743041
3.539048649952492 1.644800617920005 2.113454010822814 0.7530595433674939
1.76686044284298 9.687609897396364 7.539139366023046 1.024546684909655
0.2365936707364791 9.042469220308151 9.174333469394789 0.8892162390973022
3.398726299600135 0.6405985640594125 9.401396188041652 1.288940061305311
8.002795726156778 0.5694175733316552 3.612850894235009 0.8493771358378682
6.779789242551773 3.890104065560603 5.381000338482322 1.274338571800423
0.3082252132358076 6.397880317052806 0.5951084256723193 0.8851658637599474
7.010246733171921 4.945457109463931 5.442243324467231 0.8187779126895561
3.625041018580585 6.654780211045692 8.77375292846698 0.9445550936167778
9.214248380525524 5.597402299297062 8.01966465535441 1.145174843757832
2.204159455708536 8.184572005394301 2.686232300735231 1.06664284800453
3.319728410361881 8.384396601430343 0.7186883733177407 0.8026170298224291
1.538718798837427 1.839896933809456 3.21667441267865 1.084979927169926
1.84710524156518 5.814457144695226 8.442975138744748 0.9970204881877102
6.409556251662445 6.248674000915461 7.280813156919175 0.884562905572729
4.436156550966538 4.515734327988089 7.833087259096343 1.203179798296736
9.210471312161671 9.23483350748978 7.122740522641793 0.8492437101680691
5.326220493808875 5.924907722235775 9.255621325571457 0.8542271653536666
9.716851535659767 2.763936120858648 2.117304740747892 1.097919805025946
7.30625043074807 1.344977641154895 0.0357900145052481 1.05615629948515
0.8496496720984535 3.830072444425667 0.6145423788315717 0.7684997104971774
7.940789410146118 1.66173225888875 6.403113363103505 1.178612766331774
4.056548332205942 4.847681588956389 2.055180971329259 0.7814905423175486
4.675481570392003 1.332250714864035 7.421409901212789 0.7937978025190428
0.9908911597163682 2.838424087010884 2.467748783027738 0.8614504990118489
7.41893426226675 7.484443016504084 5.249761332109851 1.062793258172921
5.364812038972338 8.990262942981898 1.34176028552145 0.8112063974722825
8.252232738470012 5.567753589313411 7.590772265020099 0.9105869597159026
7.721704255064925 7.49051107304243 6.676095788086803 1.308458374273372
2.744269799495661 7.270283632647905 3.369912705538471 1.30443298808563
6.868880370853084 7.124483979475646 1.991652013555449 0.7429047191785396
0.2537171016381756 5.393043536921789 2.631711290219847 1.022242050083236
7.760859107426518 7.308074378429814 8.882080536922341 1.370110647791637
3.012788719076195 3.06115024268048 8.979015760790043 1.522218620438854
8.825656990233481 5.173086807041992 0.2738566595586844 1.384638717031545
9.482381428006819 2.581732242734469 3.902976714860779 1.316587868514503
1.719470421173613 2.397064456806405 4.108039597811977 0.9416345242212264
0.1656201194348694 9.870492608313143 0.09851834255558577 1.250856060077322
2.250115081756093 0.2083287946103707 2.060554257104056 1.400819068149897
3.49941886254916 7.190070962086733 5.827887477304137 1.353338809286972
4.983265991397081 5.024215991411038 9.587183665598161 0.9282978937391516
2.784616351297597 9.671015838031321 9.890022537304317 1.039316788519643
5.234871927105933 1.202924435840904 4.785039861692355 0.8865480635819418
6.311618825730323 7.342794270449319 2.472934504841284 0.7517874110536518
3.175502777315613 5.766215510105642 3.05074699916567 1.596127084223535
7.649800345527592 4.587327265934253 0.5599597413772649 1.236729154786572
2.915590049376563 7.31928232913797 1.572854769844788 0.7903869596872972
6.601777612386148 2.157788383520079 4.667245424947229 1.02492220863426
9.533436666880887 4.757503798779157 1.089252053517094 0.7590766122890149
2.930761549823267 6.44889196620203 4.034065130591374 0.7795704144181337
0.9131983513140495 9.328120356588231 7.519541145073234 0.7866533552143646
2.147299081638766 7.564523778023611 9.195915948151749 1.06266529324
7.831786665419178 2.216322363255173 7.303037881581752 0.8365266042342889
1.154602331422818 0.7399764613752912 4.936542956095129 1.483968927880343
1.178022293536815 1.875498950522698 2.047024413049717 0.8152912057215495
2.268146252479271 8.239043673416584 3.691070579431997 0.872561932332051
0.3701924795419442 8.206165709150797 3.814336665043194 1.179738392060962
0.9887563729092063 8.321838317509123 0.6212009636414628 1.171791806485248
8.910342682060216 1.189217949562621 6.441924500775238 0.7706733636682436
5.082844972844643 0.8289912868982828 0.6203908044190287 0.7962265356267278
1.559975454178766 0.1791977371632036 0.06506525292550579 1.481761383428449
5.732203228735481 9.513342193201973 9.120959791930172 1.215348063998828
6.471835593308609 5.092415253216354 0.7801750717122723 1.304157376127608
1.019760187991289 6.250653982698609 8.107415672885711 0.8795161937107255
9.714954424827139 0.868399725165807 0.6342753261325628 0.9181349049631579
8.549375118972224 6.849855504218572 9.62417394821769 0.7711173911948941
3.971946806043066 4.990931590083937 3.567725142401587 0.7894332625080253
4.103266415648953 9.543152470545737 2.114806317481857 0.7901042018769001
4.575834767388312 5.666438508145946 3.679148932101351 0.9349413876632616
2.142431040928533 8.448066288413083 5.298739469983405 0.7891570745648239
4.115859209065548 3.143395264136226 1.909065977695312 0.7723877007602168
2.559465475738318 6.709987760917885 8.459770804451054 1.240592388258463
4.173086947933126 2.710761764342255 4.752617553470992 1.124059075336602
7.832492996946211 2.172844220174636 9.183445319359436 1.345581636382642
6.453438430669966 6.974906045703527 0.3967406712313048 0.9998295187109572
9.333063908391145 3.692142485412665 0.05061728989958935 0.7533141270039208
5.06249332615686 9.101097839756131 7.644870273385393 1.324373958573715
0.05242660396938658 0.09919101752901559 3.372217725700511 1.152901977951475
2.36286686015195 6.904283113048753 4.656180027988997 1.066000706840812
7.723079802693285 5.508164655030677 5.33249440159317 0.9773023469161032
5.202710563334289 3.139368371203021 6.101853496535526 0.7845000436451692
3.611646983699713 4.951307396269274 5.98312348209766 1.466377316220964
9.693211274692953 5.202739768746297 6.835688880430672 0.7864986166481379
3.443346486580367 3.244895275982866 5.195152639453642 0.836800077880569
7.032474247207388 1.726421242878794 7.14526359310002 0.9718388086477421
1.812271074187072 2.671960231010659 5.142864810660197 1.128489214933465
4.253757941711966 7.443113998602625 2.409450428305886 0.746988287414493
6.983012296274663 0.5069579494658849 0.941101596523629 1.406821308215465
7.997236653092832 7.976121660870934 3.030099403754327 1.056889973916604
1.46045087629273 4.282008899800967 0.2621690166664048 0.7522021845222147
4.531381356432012 1.757927696036848 5.303103197430224 1.045509822637433
3.165141310701838 8.028755646754469 4.589682670073286 1.611548616138822
7.14977791158475 0.8367465647180993 9.1360430596144 0.9672172420350207
8.087636144761833 6.474699518497133 7.041474989299041 0.8433272622964946
8.766755675699848 9.519715711240462 1.524504530811682 0.7526399124341135
0.4532225952321233 8.452940334187817 8.474448546169528 0.9085070866308418
8.213182433100911 8.265316686801958 4.418892348508724 1.62047097050945
9.178460657946919 9.271118683867284 0.6215317270816766 1.138426808721245
5.001784037444711 2.139749901885217 8.711360696804332 0.8321038839843881
7.473163990429886 1.49351421579365 1.046621861136704 0.7315178403234888
4.163269074379185 5.837330572308367 9.348983585617292 1.283053251196318
2.984686985850304 1.466495568740629 0.4953521130015836 1.244693754992717
0.9244586694914546 1.41990237539765 4.027607655939767 0.7747040266948665
0.9628428354221584 3.093417343421736 6.094900864739009 0.9381922643700225
6.666501218973802 4.322328212218997 0.01070732221316262 0.7906886216682504
8.421248412654805 9.5305010431535 5.020079341006213 1.123609593027749
7.923723848733181 9.48747132646699 0.6345242061466404 1.238969159263038
9.479646821816003 8.103719661254372 3.363931829301174 0.7374565523118314
0.5725065005826501 9.961462996843659 7.031192647041193 0.8270118492840119
5.808601400025771 9.791848001099904 3.210415267109799 1.034782038459702
8.885761446852975 1.807992961899185 7.280016642147308 1.258302354507457
2.721857956844504 2.132545582767579 8.116109513378593 0.9606410082718597
2.510386349759282 3.203358295221485 5.545157245870875 0.7331390562084489
5.936258607025485 6.368256413593901 9.775322275739045 0.9178804375297179
4.870867626621627 7.056779549540007 2.013960901005081 0.8328897520975398
2.868014579138719 3.857059733079521 2.782652143068908 0.8221269596238391
1.47224843680139 9.824046719834325 1.155817742172765 0.7674593993470989
4.27423244120589 5.208250021154103 2.74743249819622 0.7468836150049656
0.6229343256660558 9.94238686613342 4.233560196801138 0.8144688215435497
7.039370902041624 5.827677038817193 5.967413825908041 0.8400014024069937
1.881720781981886 4.130343184935731 3.088779995479143 0.9021094141519923
7.930842418159464 8.910284618091877 3.356351852973587 0.8530602260049671
4.990278469329644 7.466956318366662 1.210061831391134 0.8077099181427849
4.774766881747056 9.957769354583059 8.237672806373276 0.7820752193846529
6.463978709854279 4.094070974260082 9.052214301093331 1.093354902830606
9.56848535146448 5.128620229934742 4.743797162990784 0.8234818477492346
8.114104418501906 7.830336125109855 0.03288473147987413 1.121304182279128
0.02214092954273883 6.031660451984599 4.611880652192077 1.150525329808134
8.016537938057942 1.124727309192797 8.554689137873142 1.014734889188982
1.52250961198116 3.592187657940679 4.099352828132155 1.434217174546385
7.413115259436458 9.387031906063932 8.656490206128231 0.7791137018716535
7.029140731816275 1.402676408398082 8.135319044091037 1.068717940650872
4.64920246743173 8.558156352460246 5.588002188138685 0.8283976281192319
3.339449564994548 7.764733397683771 2.380400103256616 1.140381402484586
0.2456619348718469 9.13158128987668 5.388717024018768 0.7747234225166091
5.406201069271478 8.135579075809769 2.199646478424215 1.535889828471072
5.830664576578755 0.7690372814034184 2.905718502703144 0.9747765013802774
8.439975224189736 5.298663126276736 2.609209805004194 0.8246187454267092
8.344606934320526 4.111595364422295 3.366626462610153 0.7982189670063289
7.257977471660432 8.800594600347198 2.287284757694779 1.270049407279283
7.865748722442211 6.964599537907829 4.622872515100917 0.7359681216318497
1.04116113506631 6.148500460483696 2.844818787138037 1.153964803717458
5.690557497534381 6.178907849846173 3.088101567003659 0.8152588785768526
1.171750821417249 5.286518679028787 1.996199729674044 1.148440646887365
1.438876905025632 9.710163013421113 5.558125983521877 0.830168987752526
8.980669965677709 9.738218337081577 7.879101572305018 0.9901884477633468
7.648475934148201 9.807543577912595 2.986087398628103 1.097859601219341
7.567951628270706 8.698712936651646 0.03479042897607808 0.7356364807815383
0.7539083004450164 9.996146637755118 9.234635787633636 0.775840758268723
8.712187705819053 3.068286088259935 1.978586569698373 0.8005130889054849
9.37680135981136 3.333333333333333 4.718805463643876 0.7898642182555106
9.138612707396405 4.546710669415257 3.547769173229418 0.9211146904040904
2.600567677455133 4.690262243800056 2.662523470391438 0.895803273434467
2.324098579859032 0.2524226078947677 9.110932887144113 0.9032272750267025
3.323442137344339 6.698373492322628 4.832494042380946 0.8447027188356958
5.06389354946629 6.533785769723483 3.679401298055099 0.9300049128896973
5.802090236618078 7.635697235873121 6.376728133949245 1.027253179810119
5.858466186516385 6.719182305594685 7.72217915489423 0.7416736285108811
5.076699682537143 0.7935713225896968 8.011649274593925 0.9281786380199596
7.922584202374821 7.033424163295287 3.724071514120624 0.9783530919211368
9.370584639897142 8.724959666316641 3.853188123035991 0.748450796986221
8.085215273910624 3.890394000858723 1.737231544718428 1.163182106459659
7.273498251176407 2.538391945958343 6.328750080685859 0.9049216381970859
4.842363324396468 7.358508370764412 3.088064797495955 1.023625201841346
2.136908379264842 5.117785981083088 2.082340005455282 0.7592529808719489
1.718173395274639 7.128947362891142 2.614128549576511 1.182813770209409
7.140275110023117 6.25963714278766 1.089723590602243 1.369231629459143
1.531287823078046 0.6783056374566964 8.96946978942567 0.8786505274557102
2.03619284404023 0.2252945034732234 6.554975140832659 1.234931368771561
4.887548985263077 0.3480943970019634 3.337994354589155 1.031136233393014
5.801737450905879 6.65598503228439 4.257211362469457 0.7554038582932735
4.374705788325126 5.482230411595938 5.341230340060883 0.7345586213901277
5.072266198367171 3.447283162810064 3.927769994559608 1.467389282326148
3.94069706510682 6.728116677537265 3.868840121146033 1.300025906151264
9.256049661652364 4.517726338813709 5.512064646385252 1.126327305981197
0.3571816601596522 6.207676955753751 2.056632168129377 0.8783642035797062
4.041789612769613 0.09154645481163846 4.034678836702365 1.045498121248266
1.626074046151705 4.52155637304933 2.370678893292038 0.7351660873317822
4.84252471338741 7.203370881921049 6.825741694705648 1.082257718190671
1.713257222587536 6.893064352647563 3.836974410971794 0.9398798150187194
8.523575323489224 9.070818824883315 2.461656764677965 1.231607552156417
0.318942714159035 7.915544328233036 7.076717474274223 0.9745938049268286
6.810381358774655 4.292989344151165 2.63989463837542 0.9836341361007795
9.509253152086897 3.972199818126729 8.417463443308188 1.078357398870847
1.286306369178582 3.943621719963996 6.848387947047505 1.368888990373867
3.569941832565509 4.598156272249421 7.116712337374135 0.849465165013521
5.850794445984072 9.685938948948207 6.936895175048511 0.7828626027796755
0.653860334432571 2.885221139359202 0.6665625645548766 1.068598859737008
0.4329868841657524 4.4806699905578 1.961906768283616 0.9689481917097654
4.873322861476349 7.785475875314475 0.05106655843777008 1.275247876355329
1.076124013160116 9.310994831874341 0.633890271616293 0.7372415714943241
9.461391163832568 8.867732723432161 8.359529635554148 1.176266767702768
4.704580556807977 6.65178486698857 8.119479415057592 1.501575428144921
6.984092443825525 8.378131399008701 3.648714120519187 1.222761945348123
9.743041222017736 3.330650584202518 7.602799840817341 0.9464977230096064
0.2780281468401235 7.626208420898061 1.662549021511345 0.8409228296962493
6.52160948781852 8.117580669520121 2.722917834574418 0.8637834952205076
3.35649171912092 3.88578440196176 7.915235633488055 1.195015881795475
2.288935811211846 3.974247827460502 2.032731099341068 0.9151384355504456
9.592062650057427 4.96217694478935 2.058169829182183 0.8108054357884407
7.34761642169966 8.690720960870706 7.087855905178566 1.232753929943583
4.521622162177305 9.360017612197419 1.087414197257413 0.7568370519781459
2.336000662143235 6.168984607950677 0.8061887312776005 0.8486552835525937
5.758149307957276 5.504124153182202 4.101339082650312 1.483847326668682
0.4554593989294053 2.957096790561741 4.930443998537789 1.476845638138852
5.812005754172882 3.675675307788154 5.891409285006546 0.7999722246734255
4.307583732427074 1.617345147760975 0.2002916865805582 1.339072305858424
0.2993501825278377 9.160690258243603 0.9968509845441974 0.9136280480638171
8.640608375721483 6.357131594185447 8.742100873411845 1.124899795977157
3.464410350409327 0.2439011870010887 0.6157520977516118 1.192018552006642
2.443100370120455 0.6728349467138405 0.9617355597851628 0.8435500565924058
3.689227245964691 3.613458544462693 4.262729280048776 0.7303466040736872
6.351122790466182 6.356560018316669 3.60550028256278 0.7726208727774124
3.066009394493671 0.7099133044355875 7.01607510631008 0.9604093824245423
8.376525304084753 8.857156740149778 9.796636106809652 0.9349224676007227
6.802208763887839 8.502449296291804 4.974169587669715 1.284479207696142
5.370653603952083 6.327048335726062 7.091919697024593 0.9854483110337799
9.448811739418948 6.669564830191887 8.126761148006786 0.940661822332053
3.331433755194103 5.060563210356721 7.843493837609858 0.8580954736198543
0.9381698434429363 4.628626590759753 4.069780751850323 0.7844022659746952
6.498124296112261 3.83828481267204 7.950164419205538 1.086816745904425
2.249480539181591 1.204809766543607 9.473709822926422 1.093345620019927
8.512609453948242 7.615996922675878 1.077205032386015 1.098402908807701
2.792629163652723 8.63912709615555 7.236670956918964 0.772079707539317
3.166943752143879 0.8062892253224317 1.5244601730169 0.9538961482952781
2.137821705528973 7.461360233443444 5.754336193260726 1.325303950527001
2.923178754794056 5.448488569389203 8.7149848161629 1.129436415415768
6.693135327359331 8.79175736924007 9.064077838421479 0.9692990743675315
9.76457230201502 4.422242458298661 2.819647418744885 0.9346319149283866
4.977983575165097 2.523182056316732 5.632188053067932 0.7748267190578083
7.42202216491183 3.903787283113295 7.516228943730511 0.869984379952666
7.652349985590173 5.719189776302826 0.1466850743520953 0.9736849774519897
4.41210733551341 4.57097571330149 6.702155431901145 0.7404159862360985
4.164652936000736 0.03149699855332977 1.37631047478698 0.8357444660532055
0.2144406670100529 3.948905197236121 7.219725658960077 0.742968463385799
7.302379371213643 3.541612135494636 0.1439798424072191 0.9249582266854331
9.417556211930105 8.911721640735863 4.836051198064954 1.186585135741351
8.647700592208418 4.624891127113354 6.317743800075929 0.7623911198925238
9.808137091925218 6.253206142202729 1.349289078932012 0.8514924781128526
3.282346676849077 8.558178609858572 8.15743168150343 1.212611537298759
4.238518935016843 4.766176960257057 5.058139328500059 0.7327268353850268
8.726263961302726 3.872613609232999 4.931951237932852 0.85042617973549
4.809271096775054 7.979090113638597 4.386043346605777 1.602885523785358
1.152824846720329 0.6466318716498831 7.130373003134039 0.8730896450368411
6.536606936903403 2.513953076916875 7.022858080267371 0.7525235516177423
0.7701510933665178 4.071287731304137 9.700864420873616 0.990848035090249
0.5393331329518979 3.497185714509569 1.550120528886748 0.9765527213077246
8.593237913287675 2.82790268947511 9.814574406491301 0.8765274482767604
4.147975481330327 3.38277434534091 9.546676867359317 0.7929910534401409
7.023475812417978 1.247638758297039 6.383062578387224 0.7654006224222274
5.276686198680046 3.358155267870081 5.190472412896836 1.029630096778828
2.581060505397542 6.038571758199776 5.717392391560744 1.510692065381758
2.00885378847721 2.430088749487616 0.09525190304751517 1.557392177244539
5.897639706564072 0.7357430972500523 0.6176123108713737 0.7814904437897631
7.610686725835343 0.09057534249633513 5.288001883295788 0.8517590921886288
5.827572487667932 1.790267893113663 2.621880346338223 1.042516434244902
4.30896423365442 1.664584723085869 2.107145213180681 0.7397812162240464
4.814858054439647 6.21831282795392 1.483294846862367 1.078698981840414
8.583948695799785 6.290492616545999 3.206377249192016 1.115021748360632
8.588897112538602 6.446348452857848 6.141746272281217 0.8066950575245598
6.141988616967912 0.6183601421825635 8.558667353559482 1.331265522517045
4.571528356784721 5.373564154149509 1.036892380650115 0.729602416749045
1.354163439359883 6.628502027164999 0.7709139850721579 1.184853819181597
1.650195067136883 3.939767307564394 5.499117529004058 1.355081955608608
6.595819817780013 3.358704488217896 3.027225444002146 0.7686570938558915
7.932589869067185 1.379887419763621 4.031942340063479 0.8054122911024088
1.327044115922718 0.9921520539637839 2.21109461989167 0.9629120266224227
7.407381843484729 8.313444865389013 1.027432003362202 1.351294243936316
6.589339408152105 7.932342940589458 1.794558839966168 0.9533906342960886
4.980495055581793 0.9418719399067165 5.89430105331953 1.045518777481423
0.2932870184506952 1.067384098889907 5.741712795193002 0.9162602999187308
3.942348240430002 9.890988391638627 7.184714593683135 0.7525703385466356
2.623424985691897 2.608956840175146 1.112102099283896 0.7604720033455811
8.75051758015354 4.416194510309813 2.622550122682201 0.9438314152154673
3.439597773482811 9.164249007089539 0.3240368568352869 0.7812415787431155
6.37426269925881 5.643746909857113 1.740809495059049 0.8553067080208167
1.099594513437884 0.8320365210117852 6.228094230831478 0.9279630300464249
5.01132908201505 9.447801742353128 4.075585176714497 1.198346760123379
7.625750889575786 5.701426754249651 2.998639550844139 1.10201309216624
0.7993009012347884 0.6946558905630938 8.537997387944694 0.7797386598072342
0.2933843973862083 7.169705899051645 4.413860177731422 1.168354134409442
1.539721622693596 2.84939571866121 1.484619699660471 1.273086711793788
9.948345434264864 1.590050837997411 7.607401814275343 0.9591029305661853
9.257542640087609 5.234329461750997 2.961995255065815 0.8593694761071125
9.034565435726577 4.354463035122366 9.364679429800956 1.045443438539655
5.672863207208056 3.352224319548059 2.832293807664673 0.9712485016876016
9.117461167303086 2.201202185404303 5.021194383399799 1.088432420130425
7.482919436975524 4.474241099144908 6.247776461355626 1.142048088271549
3.762962755484008 8.503218023114664 1.493907978906157 0.9640058820429405
4.904587656434483 9.641563945705071 6.222859876877116 1.536606952242598
7.316442557183703 9.58093213090496 4.231452151779854 1.456134879827117
2.984871099964731 3.85407659646598 5.678471858218512 0.8100575349603338
5.310649691031679 0.7618222285578046 6.935441562201959 1.115336013587434
4.662406144297516 4.060716785386036 2.609119334330391 1.432423605721379
4.969998958721846 8.331859230239699 6.623862870500874 1.154613733926691
7.615924413556572 6.685566169156838 2.636663183266166 0.9153457862697916
9.030683268138135 5.560157690368616 3.981980945975224 1.142616612788983
7.018226327120201 7.318281550418045 4.23488278446064 1.083164092520183
0.701366518378601 4.113089757320702 4.735661876585977 0.8153316602445233
2.882869043251635 6.71590671892494 1.074726638435142 0.7409407168387295
6.747204160424018 9.422927458710014 3.256690255116756 0.7773880966105065
1.721404095140195 6.764226068585829 7.710852228051801 0.8942688241282424
6.809702465561706 9.848852067720202 9.163619441984228 0.9591527938976098
0.8534611659162005 7.644657798206698 5.776733715903996 1.107146892746287
8.902512505416658 5.971161601487477 7.022591092069922 0.9140012925098121
7.095086989988608 2.63012868471658 9.83943873142408 0.7402137405621885
0.8589931344030975 4.513803494217784 3.0096136439171 1.185740119035088
9.646888742536639 2.64296021808308 9.919100761034011 1.234179229747477
1.256192978881635 6.343282377813289 1.848348080830727 0.8506925451261235
4.813912641888471 4.02352771474543 0.06341358532823693 1.270850409445366
1.099141153618478 3.744000408218048 2.320249370296566 0.8155067512761829
5.46275758440584 1.739178446352816 5.55867832875358 0.7793197011629629
3.457482894767372 7.705235641258171 1.118947227261062 0.7563499803066012
2.039849177352908 5.824348982944894 6.893262403934101 0.8585686720534308
4.904968383911951 8.312635969985358 1.112316572211519 0.8406278626268985
0.7040840282163651 0.1243071872474088 0.9974467641971273 0.8249942433743902
1.891933513706325 1.076931287516693 5.805319901043288 0.8071963652948519
0.2882457747878386 7.153968208433662 6.495374790815417 0.8093577767332424
2.297277739608238 9.228750410675152 6.803960826509457 0.8087429654818611
2.891437372379953 1.344952084451464 7.797830743803908 0.731809741293504
6.592883487835485 0.948829580200704 5.679035531867596 0.7490721721343848
7.622767130149499 3.036448980663017 7.04678174739322 0.8942391160783746
9.74638005049821 8.160959269108883 6.025376614681129 1.322204158765367
6.849405292866777 5.775508294076029 3.765492192671731 0.7599560588046615
6.076471249450781 1.489389474021609 6.347237140992362 1.150156923755862
5.776765677220494 8.697563558842743 3.493928681432669 1.1822680251399
8.669498761730596 1.775031770664367 8.390111259601555 0.8005290694196687
0.4534694805367622 6.805877580645046 7.428017120643203 1.145528908891895
2.861895583040825 3.854038477573442 6.805025589385591 1.187635871441742
6.540694816284151 9.248784501431496 0.2533352471910244 1.497979907049449
6.428396242011909 9.371000451241779 7.979214625847569 1.398903561804536
3.25490171996339 4.998265217167895 2.073823341609148 0.7633228255157187
5.179870133204339 2.893608995833045 7.583391056407891 0.8030210664382894
6.806051070502867 3.777634562619915 1.253757547060951 1.422790135883387
0.9397637173514016 8.275193430139042 2.608129556983674 1.415832385684936
3.670814113645162 7.786983865969176 0.1532892609549741 0.9332253540881136
6.155443717104701 3.19778607232446 4.594075753591945 1.057990379666116
8.245798598711835 5.002606754222378 3.49620220838974 0.9686924235427898
9.105943992520835 5.316078809205767 6.271043757177491 0.8237621445588116
2.943810200366708 5.272848077079611 0.03829719133276677 1.439109156061074
4.041942965538859 6.869910893678866 9.939221692423068 0.9560633521618009
5.136554476040756 1.94460390940584 1.859050838522549 0.7430446926165104
6.104582779029617 5.950142535003935 6.489187599238982 0.8738986344304942
6.571290191479338 1.172867076365866 2.541410680336869 0.7679928732811789
9.473272669955023 6.242924211760515 0.5807656896330936 0.757601479632629
4.149816849001398 4.34286211732979 4.247806413940067 0.9195325368502731
7.346694621129708 0.2317075716339523 9.878845029824879 0.8596926868620745
1.577650873437201 5.30936288635868 0.6383717789809185 1.373110635941945
2.708772886685085 2.901508838488654 2.144098220425247 1.299806313797625
2.967731239562655 9.625251016850896 7.514295926186812 1.260488621526057
0.8568516397667159 5.316335678272922 9.781126925244319 0.7660073008926253
5.38582732763343 2.28174808853828 4.659650033890554 1.241705636935046
9.304813553203992 9.077128117600781 9.457792753731042 0.997233923610761
5.090556397686342 0.2125742148057119 5.034869928179491 1.008303862466688
8.671819388659419 4.161829412011389 0.9073240984737684 0.9005900672520106
3.109516684636717 3.178580548614871 6.112455433396473 0.7614195346400653
3.162787383238079 0.04507617521136264 4.668690955936141 0.8805764062407859
0.5166048701623294 8.946140795867892 4.605715217071292 0.8546237108216058
9.512772072991098 0.8583063215634145 7.122670032960354 0.810067593957891
7.665174324644474 3.414191747188388 6.122887685968966 0.9036263346193869
0.2863999135714423 1.06583885344284 2.73024619570996 1.171782481567258
8.308065467811662 0.5670835584595557 4.553369770913876 1.091211882913106
8.808922403337236 7.622206159273758 3.459173797299193 0.8379514181013803
3.294877544887118 2.791979349796067 7.7839403472291 0.8460296133180026
0.7482985539567832 6.466945261998539 6.27819373419702 0.8224214203944756
9.393367283591747 1.550340925751479 2.273382345016758 0.9868503719140467
2.318951836669015 7.659658928986818 0.5593797700453573 1.613715639758349
3.359164561499732 7.326973408197978 7.947220092610192 0.9469498515386277
0.9909033720106585 9.095379082522118 9.772741642462956 0.9875340713273021
6.425434648320092 5.881669359712977 9.054685248955264 0.7791210449899775
9.578648208986701 0.6061199682830865 6.161074905975617 0.9087947737782843
9.125376052749973 7.106341442310346 2.835880957768275 0.8399284076463449
7.155472819086785 1.196303575146935 1.817021179186536 0.7629369327264931
5.566761065223126 7.768299008892142 7.640075721913375 1.329456951176973
3.248291368036263 2.038972747812988 1.37303398522259 0.8081337617480061
2.973025848998398 1.073642587976875 2.387742538756877 0.8204957825166964
0.7738387379100208 8.4289892688363 6.440871623469208 0.8434651891940507
9.998363482136359 5.430162295004775 0.6234159144055272 1.027351286472997
1.254702537545221 1.910891554858596 4.755290514909199 0.8425887578955688
8.751692422865693 8.148736363698125 9.045062680760182 1.158885658151964
6.024601016442618 7.012131952764251 7.018681823011445 0.7825847121333738
4.550249527056726 6.261167752090015 2.682604284063068 1.294387932252564
0.730062010263237 9.737278248829474 2.174868488882888 1.596078816447315
0.6148881631533254 1.954656001031379 0.05497492002968007 1.035346641367923
8.324466224011564 7.123242246631864 2.800969894193547 0.7336887197317545
8.300517521035653 3.898849879733735 6.915483115486346 1.195838236962179
0.1418017621318945 2.891224112031379 3.032689392143714 0.8503229055713629
4.201316024060426 9.548862396852892 0.3166591545563424 0.8775934968702612
0.5957851907615463 8.516418651347426 1.52092487372132 0.7633783813513159
0.7776584366673955 0.06588024112967217 8.029007605257586 0.8034076962282658
1.854567889734054 8.806801378732221 1.562795986958961 1.490457694421886
8.234284840129176 3.348226062250553 2.664674047679533 0.7827906280184758
0.1243335855980287 3.836666313502009 3.835213538218202 1.352524135401265
3.695202497080758 5.022801283831473 1.281302845783346 0.8838274294950469
9.04891227781688 6.565549367364341 1.530581688517463 0.7632632192654991
5.766586363938738 4.125650611030724 5.238884532085621 0.7569826514760114
6.420342280697972 2.628726315074928 1.243469033019046 0.8798279023961338
6.948569757153281 3.145851246152036 9.200872748476161 0.8908316156416082
7.836499406398445 2.774612782435299 0.3571937828787474 0.9526765112916876
2.245407581874854 0.6672223686359645 4.403918043929663 0.8778638487296294
9.020523280782854 2.335603507620684 9.06875783990947 0.9235205178861025
4.740092828987731 2.81276563391144 0.2231159642253999 1.110966219191956
7.979379976362615 0.9071803131615596 1.157853022039106 0.7351886479032093
6.095375021169832 8.103007706552759 4.283506870492769 0.7524228112672714
2.445528305813955 9.715651677432303 0.87508020904826 0.9736145953637768
8.41166564162018 9.302019569284237 8.772739357136322 1.167071679949721
9.657665587690019 0.2816023015255764 4.86102798386345 1.539235525237672
1.61331490720817 5.292700060292044 5.345595136286065 0.9556330174269155
1.879714063699781 1.347007923153019 0.647843190544931 0.7705242447511781
7.969042453398568 9.484388097273783 6.273473283339689 1.248419221509587
4.317548457215338 1.481726369310284 4.329737544992422 0.9753015679014028
2.878052199834475 8.185529468269152 1.553822560635505 0.8462865934681123
8.987461295325781 6.842775957471303 4.340691382993634 1.457937761814609
8.731505204667954 8.521709794225863 5.537248390944674 0.845894516793502
3.099283117237767 7.234988899865699 9.546144596880213 1.026045152319488
2.756233400974314 0.6688239260469552 8.419714127628094 0.7609010464572126
2.509932060302503 3.576903231788834 1.071405375657513 1.126018091640376
9.69953367674186 6.129503183831549 8.903157055035898 0.9809434095480524
7.258174398238649 2.12748660225845 0.5556830640766141 0.7409824053276879
4.929875987121284 9.632453574942272 1.742239186692506 0.765847598945569
4.557087383065773 4.402646982118268 1.284193200691823 1.196315960978445
2.164416244022426 4.701676444176659 7.773276682129037 1.5393379484798
1.857660304543096 8.697244705194032 7.20442280248204 0.753899100142312
2.137170471845314 9.269788189425437 5.921550337782286 0.9316177290301293
6.634024027909117 1.844863778633807 1.998875399978183 0.8639553083610882
4.670889606362767 8.302222762829402 3.177296005241072 0.8373879342738905
4.452298281175399 6.876091801865633 0.8024170020363464 0.8944888275065339
0.8822037587161956 6.115493053097931 0.005755708620128752 0.8136844044419304
7.280738976256704 1.034199260568323 3.547347420829815 0.732764179824391
8.781890452471549 7.329112868596353 8.323351096519293 0.8944736446728671
9.891271415372579 6.272828919139473 3.35629539046623 1.304520738308211
8.654026748383604 0.2817392706964494 6.967406326273845 1.180892537024761
8.964357179577934 8.525135500762948 1.423748361277437 0.8823941406991362
7.417424696503255 5.816198343572277 7.396311004326834 0.8062012530593757
8.335359940108498 9.33361313107215 7.329051800874348 0.8365623740433624
6.114543103041457 2.51151646480429 3.570480984231863 1.341551272475909
4.185443653114503 2.45610910814255 9.367071593023654 0.9814147630330585
4.402793028376136 1.210156008713156 9.053476389483619 1.054180884035656
0.3037345578733064 6.671316137594207 8.472093652645485 0.7977895821674673
9.404998836041539 7.161320878988146 9.181429300928849 1.178462574060564
5.322483554445526 7.70402344636591 8.847216111706143 1.023704687350841
1.979913746334999 6.234804942558471 3.244532839125023 0.8296304468865919
9.853254590326653 4.447787878174142 0.1687331235851952 1.003085479335642
6.633266135562866 3.538727255157657 6.681015044429781 1.373715021593178
3.062970760319853 6.221240390433578 9.310615086141933 0.8031215825378417
1.237986772409531 9.320844947676088 6.587266946681466 1.132231114279877
8.640618839807356 0.08187777805157669 9.759882516601419 1.221421526754672
2.977909856200545 8.952558219095721 1.224838713538875 0.7848489115387138
4.824197947807882 9.324883602942428 2.819482649340126 1.212006102450659
5.549518968364269 1.984191611151207 0.7139200087026654 1.322202660209648
4.357218908280277 7.791571044746386 1.660388652336942 0.8043544831610402
6.130778008581152 9.503585561044792 6.230107124821387 0.7460904777570362
5.316795899174791 3.789644973941192 7.801828999730826 1.024829428466758
4.566225289276838 2.25651035697826 7.675098984408032 0.9372953519040239
1.582815440751016 2.206472361281389 8.08921935306158 0.7972876811676283
8.294360760955804 3.779495590648207 9.961052102132609 1.099745022366821
8.766761146885036 9.66489749177866 3.707046466767295 1.462405171916379
7.903876132119703 0.02213893123852783 1.822215697368818 1.270995034669172
6.513443828616102 7.157454043982467 7.666064782095091 0.7990542449425632
2.237689938266595 1.605233934697539 1.680460159627317 1.406608287916305
2.708078783025802 1.827846006067197 2.668107994946138 0.7393515672198863
2.383076518468016 0.2434116822992349 5.352312556712705 1.163182207058816
1.845078599725036 3.632423160615179 9.66148154288102 0.9451386918843949
1.987940897264345 1.61337206021387 6.99999600723677 1.597638831815228
7.947982701418084 4.923197029581625 9.326070020258415 1.145126128699667
5.812142349858545 8.396444292182448 9.550779629587661 1.08935208005308
6.031549543789071 7.343414017148921 5.103559489636166 1.424715614616844
5.826230006755005 4.637285466035974 1.893904872861675 1.362121535518698
0.3057125656996751 8.137177002930251 5.004057639640796 0.9634142472003313
3.865596170821174 8.953180105817619 3.624302067604679 1.353207729122778
4.7937608822187 0.7266847348411364 4.243680308786081 0.7368539565051064
8.800687837457025 8.5333007401965 3.337011431097257 0.7909813006674162
6.401690654647068 5.423838450210944 2.835863016551301 1.270184152129415
4.01136397030628 5.424240857645068 8.314756735221874 0.8542621446778333
9.35614461719908 7.761129117707588 1.634353356141257 0.7764643133834426
1.499144937579615 0.5458931089678486 8.014767698966562 0.8987561607993277
6.545959357242923 6.358830625631036 4.404917402130902 0.8325293663676099
4.677137596203732 0.1368244462337143 7.420463343449987 0.8339662866119883
8.749930548856975 7.168101691410225 2.058670030930907 0.8348966159211947
2.352826239088298 0.5904108652082062 7.686055655760604 0.86562334364312
4.519245613740749 0.2736523084211206 2.377544479226206 0.915494168015265
5.530805799119194 6.885832247081066 2.578988329000545 0.8771160744478054
6.511520025013806 2.212509549448991 0.3292876673154854 0.7371762824585462
1.798921431658409 3.340830043459318 2.507385003619672 0.8094103589170462
5.99281787027092 7.390242788607999 3.496457363987112 1.342976987503313
6.752319127818957 9.507169179487837 6.848282530835487 0.8071164800417883
3.554275356458162 4.53553936421331 2.812048466877055 0.9599278226072825
3.053075585589633 6.47352846537768 0.1826882353715886 0.9230449095033496
3.559123078759961 1.830272387906648 7.100572537840318 1.390676512906118
7.333381756287314 4.11281765968632 9.487751804486152 0.7805901543490571
5.436783044307012 6.685307561225093 6.061791712032584 1.033366447323491
3.566644634429755 6.21292298215759 6.560719019841576 1.004667574461321
1.218555704713987 6.484906813279086 5.203472282940579 1.473977327611377
5.505265981372806 0.0624197811785565 0.09827334182398671 1.02339510193343
2.297550470585863 2.078354515698583 8.938049857640209 0.851092384399957
0.6423224397194104 4.976403621104313 1.217890725963195 0.7756988706737529
0.7996655198468615 9.222180373199608 3.442469414610158 1.065947109351732
5.288722025409705 4.975022211460349 0.5837586158932161 1.032141861546082
8.942272598691444 7.281181050060656 0.1591557203130944 0.7719757697538021
5.465432624941752 6.998989108708036 0.478837434879763 0.8284167126789064
3.197468182654303 9.829667428547573 1.52115950942399 0.8176623276131204
3.845733436120043 4.452430199456945 9.110075101037175 1.527571099223108
6.504986813988721 7.748609807574912 8.606105134441792 1.259314649080175
6.33119209224729 3.597716743668587 3.744281168818187 0.7943022751986056
2.649623537357268 8.880043766881967 0.4800259464575151 0.782334693339756
8.941299636555478 2.04549700292705 6.114303347892231 0.8701589506344559
9.995915594636045 6.317906264009645 6.599036512602535 0.7616425637388353
7.417150302216497 3.744374275376063 3.201521037738899 0.760913977550382
6.743219929415471 7.956671242514669 6.017584129432606 0.9795717039473493
4.159807050470969 8.694351919035929 0.6077098294743544 0.8905968415834711
7.209889532524258 1.941681634901274 3.86615092260684 0.9605053708282895
4.83861159293712 8.623343404453593 9.27616248804625 0.8948125618819978
7.727646679701698 4.781885696001671 7.248997538237718 0.9598499420710843
8.682708847759756 6.429048468302313 7.762138342646407 0.7627963644141154
6.961614750102185 0.08650708491623858 6.066845675874007 1.075616198658935
7.172418501005787 6.461110300780853 3.509535913831673 0.8084637634560816
5.899510378479496 5.127854684653044 9.021425066838743 1.008902735147491
8.853905961166456 3.041103777955994 0.8985186061765215 1.307896408132017
0.3043022645356974 1.863779948897857 2.070617753957018 0.8524017320188167
4.604412859878825 5.21566074163459 4.469166038323712 0.8528031378535764
3.460698464572801 2.702369127357784 0.3460612697290466 1.359301231153545
0.650068234814497 9.319685521360363 8.304142995029098 0.7630759784639998
6.338769370020769 1.362271045871584 0.2608733274174013 0.8418398554450655
8.436891630940327 6.450062909199982 0.624177234692107 1.312834671217878
7.630361609358555 7.251095581976095 0.83392951929246 0.7995905563636123
4.016476266544838 9.925777079003687 3.04677002524123 0.7779237140933645
7.037941852812098 0.979316662086117 4.629880674276396 1.436834515119826
5.937777381513794 4.168158524193264 4.403291966438474 0.9089463423773524
1.682822351565622 6.63439379276941 6.27757599610881 0.7859234153680392
3.902146305575582 8.862731948470403 7.063855687742771 1.232236186490946
6.680065168347535 0.3651475061730879 3.407351378169241 1.035944107179876
0.02265393814644856 3.383049377762523 6.629583333007932 0.838124321914774
1.757347693053981 4.804373033152959 9.268255843449301 1.470795949294486
2.06424439896009 9.308286861710071 9.252376282999759 0.973360555672214
6.017217965181048 5.324767106424402 7.254430826626907 1.010230773043017
0.07453715128133198 8.724821264868282 0.06664548295770345 0.9631285489980144
5.571866231862545 5.635054285550972 1.23419907450885 0.8578544453295501
7.204078586554618 6.68255046026136 7.344049042617065 0.8834374212838489
0.2993216615697835 4.786434868740987 4.614804367508244 0.7315303110090637
9.471734831598962 7.724136870498625 4.999255227777945 0.834739482913563
9.217133522338658 3.481002840770632 2.961255707473053 1.147979146376614
7.198690984924751 3.491758915271574 2.331469487469881 0.8336999892216579
1.156033205916258 4.821845314358261 6.130699766391456 0.8728579827573898
0.8633050246876628 3.851611188812684 8.296679731107938 1.56898724583761
4.285219802641534 2.327744848712636 1.324222540086919 1.074427880315241
1.339437445218647 7.014450462618527 8.6727739966525 1.079063522143038
6.212731147953606 9.699812238010869 5.139354198395166 1.346194210346387
8.272630395341096 3.174526449803626 3.534504697498396 0.9417814903946876
1.150571278083276 8.72035905372902 5.518939336101855 1.136954210635383
6.863338529014832 7.353056758524858 1.117604666030776 0.7837161568384865
4.435965169820129 6.644195910425545 6.101667692166992 0.8190448162316714
1.364656613033777 0.5050520934960799 3.428323673640958 1.532898278248652
2.135480571182992 6.082374987252035 2.348917820204085 0.8804170612006119
6.264853263656073 3.719238373223905 2.25582837504126 0.7308720599222076
0.1814960815413402 3.575774823850474 0.1529179556683735 0.7335284526692585
1.448209214108507 0.7497815934363693 1.21603661051716 1.048264933990096
0.6871844018837491 8.232068962735568 9.579250317958742 0.8280964508582365
0.1987621500785363 0.6427348027010148 7.658513200433642 0.9426610794435407
2.123491897976982 1.334632012601823 8.368874315892377 1.014545122689357
5.343363362745295 2.209860714133215 9.658000117861812 0.8113537427772823
0.867059589129585 7.70530978301921 7.967901238061041 1.028946227077482
4.926494555454772 0.5582030356149635 1.537312258543721 0.9126248172276935
8.362009704753723 4.914399990195009 5.596062933080069 0.7755191732291731
7.863541100708582 3.256003464637911 9.309804761638281 0.7355397837301973
5.804963104127689 1.8259206392479 7.698029126303613 1.590299151094392
3.091091798903996 9.071577917562545 2.40219550622582 1.449704296665741
3.800411531496298 7.074420858739766 7.055636383249858 0.9716385789818125
9.887550108751354 2.12585940814445 5.588852406713807 0.7578390535920696
8.458380374688909 8.576836154631005 0.6523056700787244 0.819260224746357
0.2006308178504501 3.637090558781546 2.543656696279245 0.8986040621104027
0.05070396925666797 5.502346767233156 1.639475994644851 0.7514709851141917
9.695388065253974 6.969401320897703 2.033511625545182 1.025186732842292
6.017696240705185 3.22312030724026 0.02657280344826929 1.548780745202539
2.750423383330793 2.375471531831214 5.391426078006605 0.8129588323031239
7.655036007735294 9.932864344488996 7.23897403151577 0.8748344539885455
5.21551669601504 1.502379333258963 3.593494698525241 1.278688521181448
8.458337277676165 2.936519891627892 4.519816948518584 1.074627507318799
5.806142962723327 0.4806199000233257 4.170404916872327 1.210817104095059
7.158455387268131 7.370059912532421 3.166240196389834 0.9645808716987631
7.430893335830764 0.9103389583314502 5.735732513577769 0.8368242834109861
5.73685682341359 9.930908574937195 1.190934961474049 1.180796416303146
3.501631992526764 0.2777092302079121 2.336422684851178 1.02263603167198
6.425547609260148 1.363021657781297 3.504644067569322 0.9911700173533851
8.771575990949673 0.3702695492687924 0.9783810676951387 1.175844261737852
9.713994658759905 6.696916365709172 0.009450514647891817 0.7457671877865008
0.2402329085034171 5.764705325556895 8.15266349900627 0.8954764952778042
8.922943361260311 5.823144734717341 5.329004713593862 1.289012968506586
2.307074306310973 4.25776909799566 0.3480844960130658 0.853608356969517
5.178090065760532 9.219098672112832 5.088020635815459 0.772773736212654
6.453375386622319 2.791103127259499 2.247509988965339 1.074708605480264
3.987899351012532 5.703481174382457 1.860598061023505 0.9054572357094817
3.720950598785159 9.333158806498668 1.047190823928404 0.7655012280902928
0.9440491591905108 5.391363212479924 4.607688567587669 1.000750055128206
9.388584528443635 5.911261627504421 2.205702995953608 1.103295682207771
5.776935820521247 8.840330564799096 4.565144905612587 0.8502523670341171
5.786231290647998 4.21442727564212 0.8534338832199005 0.8156543559875066
1.798261482290236 5.26996705597512 2.972407277856054 1.025422171782858
7.749606171573022 4.487239918508583 2.8174981643304 0.9244713678087649
3.701882997554808 9.626861998740122 9.609916165789073 0.8251865658427069
6.631786407464797 6.850188078940898 6.205088711020076 1.212858716320127
8.947699549905275 5.38174657433939 9.083346463672761 0.9690424266121048
3.349963680687918 2.350781555830816 3.031587122123058 1.033223898932309
9.705607043154288 7.345158776065372 3.596817364083647 0.7759612793583955
5.845903066745575 4.358690530129874 3.264912059886929 1.207109861679719
3.495097247700226 2.8996675021612 1.430574514908189 0.743748314979774
0.7408002744042785 2.618673582794692 7.263672261801736 1.552214856348763
1.355014266642716 5.762937234196618 6.238710454423759 0.9271526347090734
0.7980848610227486 9.594527228006067 5.044133145076544 0.7770088332648125
2.136270856231131 3.181695992278112 7.738447898216787 1.438256548664789
0.06759555223401546 1.143995338573331 8.445745707112637 0.9024263486470449
8.063614180731753 6.510650695971067 5.22286000117492 0.7650462594270384
6.572733346209655 8.245809171351647 7.678759918137653 0.7919999843927095
3.894195232471914 6.112256730332398 5.634741078135205 0.9190610310125175
3.564374146220983 0.9344376808650067 4.176672473614007 0.8379718133306628
9.505574507132932 1.867464452714296 8.382907541771052 0.8481804624304831
6.980346238590872 5.088959154685528 8.262834583881363 1.53967094328532
8.964889951527645 3.66852571087213 3.956261240058385 0.8717131057208645
0.9470367633347264 4.788931132211625 7.4783215082305 0.7950882160089946
7.145966449377815 1.83961001767464 5.591054824213791 1.074829845835495
5.069023256694594 4.446356415345092 4.675773521214023 0.8795246405057039
6.103500912260183 5.971156172246519 5.384962547811595 1.266426881295709
6.580927749034146 9.984580620327902 2.220695447217061 1.398441208954213
2.323254348605763 3.354122232467191 3.295337631379472 0.8103330438054506
2.073524796813831 6.733095629898563 1.618491027234614 0.9603641941958164
6.111988003205147 8.692942483288059 6.855495164107444 1.223425457604977
6.90113398705526 7.949896395198696 9.840004413637935 1.266497743768631
5.255366849216214 4.189299052709019 8.87843663858472 1.227062139580823
1.312628885667225 6.361485001362261 6.979363470917837 0.8524756195807208
4.203945017500763 0.6811494733460809 6.717048683388123 1.08465568907408
6.226691280063169 1.574108586051434 5.313881978392968 0.8293830087767997
8.439043912872123 4.841053683675814 4.600262156669276 1.04304934179199
7.030738550157984 2.679857144831964 8.089233701397902 1.404272459493236
9.517093076954387 0.6340293214598413 9.822901543055663 0.737804759224541
9.314496413134801 1.135521630294626 1.426051290826055 0.8667471975584197
6.195547494660784 2.626838208772004 5.711096370948303 1.353381936191255
5.433629762008328 3.799737242236986 6.737338759151052 1.022802942558048
1.611105378684502 7.754642572941187 3.421848723981242 0.79305133709945
6.978944422755065 2.838537467549526 0.5932282637868436 0.7566635166195149
8.106787245619032 8.961513262297402 1.52547368909444 0.7413994916982722
1.087236350791687 1.797477037855201 1.044722839237028 1.1158158940146
5.628365781509878 0.09681446678989956 7.616938483783683 0.8381572738798032
9.123631257168055 6.184514834046114 9.657238243259279 0.8809697435656395
8.108861383422159 8.123818492827709 1.957988381929318 0.9346390713644737
0.8439335073121733 3.366177427247794 3.116218711563595 0.803132714619966
1.297945078167831 7.551003850279759 1.554125922245282 1.173141841020418
7.770899787384253 8.394069874234621 5.801130935166048 1.105727211421146
7.519107114671179 9.189037797686964 5.297064067512164 0.7586732939758164
5.999396758173479 1.497613256864908 4.393832893109666 0.7681372659470168
9.186298051899856 4.056612521774662 7.481066838395215 0.866490063838861
8.543602151101917 3.040883270829084 8.040869581022974 1.622060980361257
0.909733507241307 6.304826205126773 3.961743129046717 0.9663018299655043
4.678995344387851 1.545308416174059 8.202190319018573 0.7837327077588624
8.063989317434288 5.549958076247652 8.543901887548294 0.7790933573146367
5.712858201095184 8.549215962522974 5.666548018070951 1.242586959335299
2.126062395524936 7.871838885630903 7.920855782945718 1.405529006081402
9.452108068367501 4.251953176987073 6.569095066260186 1.027939265279045
0.2564697586732267 0.8908847962936671 3.993493810364297 0.825226964755469
8.248524832279379 0.5318667861744697 2.800021599640484 0.7663145783549969
9.554060488811549 7.134062147392687 0.9212835514514716 1.112628558383989
4.032774178737278 7.752415816829225 8.901527240398488 1.361153798117466
0.1283808258457675 9.114733789932227 6.800799891588575 1.009658565923046
1.569850844841101 4.630643216380283 4.619967926279381 0.846155210830016
4.073691194673725 8.53859172437113 9.748306897394857 0.7726278522693665
9.23914307510797 0.2423166192077697 2.29689478171314 1.481377699919079
3.979155452986638 0.6622974052254627 5.184005661966391 1.364421561010826
9.245292053815508 3.257596067614586 5.820383084337731 1.374430428736337
4.456476951155318 3.217692808646395 5.66129853548731 0.8068730421554461
0.6949948161126639 5.921949261284129 1.269815291984738 0.8946184381505687
7.625572687224638 9.410174365355989 9.594974221493027 0.8743681239178989
0.02803579705624392 9.625946432970402 7.721492446504556 1.004431999356663
7.84154608983916 5.95337318884901 4.216325975745543 1.342959701800333
7.234082604183579 6.152538855775237 6.687367558546454 0.7326040498071783
0.6527243650987523 7.406462328599902 0.7635017438513169 0.7367986755022622
7.913419575989762 1.476406417668252 3.149418154417399 0.9377818396869323
4.728015517053505 1.452622342981016 1.338398296329564 0.8328378895891284
3.498328341625952 5.570788043176263 4.598906979255104 1.400290066003057
0.3380908865693311 4.032521080972323 5.844966489735574 1.235944799986879
2.842787400131492 4.377940990990525 3.889718220424008 1.579907907656983
4.136530033425504 3.229662558296861 6.918726665362501 1.580233296607712
7.169016075513335 9.39990301320738 1.361713197286743 0.8197886942139586
1.490206428216747 8.547982270443777 3.546019892316477 0.7585611149550026
4.851016851412799 9.232435826345586 8.67407410143729 0.7545923491889596
7.836664441857307 7.16747667658564 1.774909578600364 1.000920896195045
9.858803977019509 8.359167398764823 2.024369934420089 0.9268804108918057
7.31782083666515 0.3200854181763534 8.203743342513359 1.127349678222408
6.039466113161086 4.780914148600181 6.174534124507364 1.356696083370242
0.6798080210867896 2.123656696945045 2.858555741698197 0.7882145637638656
4.744915742634002 7.547941123519247 5.723851843597011 1.153134444996932
9.535702540266954 2.610362390357627 6.825291564527725 0.877244529629548
7.648457156267493 2.155096382251643 4.684168360860682 0.8751694484235574
8.110077831063053 2.272470050684479 3.713842072336469 0.7641618773822418
9.601955303723591 2.440181720905617 7.722201430864272 0.7985296561807319
2.222500938450277 4.809420797539778 6.334268911034479 1.251378985173628
3.015549883788004 8.44089718148412 6.179112999263858 1.359230394863495
4.402792358361728 3.227296574163554 8.439445372417422 1.424147283431098
7.387723441266583 5.002041238896677 1.819361390868592 1.381487071723386
3.818813520400222 0.7259960309991319 8.015467044233354 1.467774567937956
2.974907433881831 8.497474301579551 9.482631505064072 1.344886088442945
8.133725406174527 2.589563171813563 5.599552652732462 1.206122369193125
8.570029870236707 1.6812185420014 0.4437778820064552 1.518501132977194
0.7936553344085949 2.951867654214874 9.483479160646935 1.225615132196043
2.170212408863749 1.160295796637637 2.75689260107332 0.871446855517732
4.004576359425859 8.891593324629351 6.02801529348734 0.7901373270505506
9.054209449623734 3.355079583403256 9.210956892835876 0.9399720694690546
6.807097485100374 4.526978462540057 7.23343285150373 0.7491088798123783
9.410860402193475 3.923365911539035 1.75453310005894 1.34274659113426
4.695605431921542 9.529090121966602 9.516630174406529 0.9537877937563665
0.0971218481323166 4.945656183425664 9.065449540876774 1.408388241098799
8.325574225896368 3.841845848427558 8.972056193099091 0.7507181551421351
0.680149777722031 4.780485176004547 0.3348733935543835 0.7558488099198418
4.453697346745049 0.4497000028062048 9.915449453059612 1.037289317398816
9.170599953866844 8.197195672153521 0.1148004521937895 1.058529827004117
3.559029041038352 4.148517823503273 5.006298330696584 0.9897898896138168
3.820653485844466 3.773210737922152 5.847296084467072 0.8585233231747293
5.82388850480471 5.858670539321232 8.18845269989426 1.134149698202764
9.021765300435787 8.002108735618469 2.483533549212499 1.004107610683233
3.977479848337709 9.433874821473836 8.030878066633191 0.9786485431406465
1.955988277176401 6.271361621391266 9.611227703086575 1.435350068390973
7.949045406712733 0.6370215271978862 0.3561315494608041 0.7885568944875838
5.795600743637396 6.765861593804881 8.812458762510204 1.013674973517374
2.235171303264974 1.60279855192064 4.945295143707511 1.128011941659453
7.430770275056754 6.894516009322096 9.98245688385804 1.020134054804194
7.82173872282479 9.283375566090507 7.982440566944429 0.7593128675456488
9.73804437548881 7.717262627453555 8.136773281871461 1.154726517225152
6.657218836851722 6.546309927735159 2.744873461281957 0.9671753159859329
6.404129059980966 0.5272931782436695 9.767891689697015 0.9765387518240564
8.869723197464356 2.104803482577962 1.601128222891534 0.9223684251824223
3.44262114525175 6.185667342006202 7.738769147864994 1.218396715997932
4.014993244114758 7.929013796453294 6.562307195237571 0.8564781784304855
9.935717769281789 3.71586318071614 9.334684453150745 0.9242428893538969
4.191085670923765 3.375691366126429 1.098307432421175 0.8509265692264787
3.864153468456109 3.871980394513044 3.440468359210013 0.7914575064021603
9.894621544197562 7.666375678293741 2.729401939017193 0.8773531869800258
6.579973844089567 0.5718573031117368 7.175691856721381 1.399577551699383
7.911371638833246 3.581634520918033 0.816640790211871 0.7645995577960234
7.932377778259435 1.072064986382105 7.471165901345245 1.10832275984278
7.285320284973399 8.552112934184201 8.234218322454913 0.9805842145984102
9.876921396779869 1.989284565456602 1.010268543230234 1.273090519440205
6.850863941249716 5.186753908365581 9.604521057037642 1.109858893825557
1.291603282345505 8.048280905761823 8.778918557772862 0.7976288363956081
5.869036108115421 5.4676199498072 9.91686120654974 0.8604798445761795
5.935289569614868 1.058932878638082 1.6602941143211 1.245770270059065
0.6856564409156373 0.9451970931825714 0.5268607306024663 0.8983098466499664
3.705551142402883 2.070066601378413 3.905537356391083 0.8545314154844373
8.69097266547346 4.976641702350164 1.549861894281757 1.123953061288458
9.060801333662205 0.8284985187706749 7.99846793103938 1.126860162005085
5.560093828381256 5.921528241157802 2.158934952585388 0.9803008401518752
8.147891035604545 3.938919055670326 4.268833796420511 0.88312640452811
6.155043181450314 9.475820842146801 4.044927393254871 0.827228866561698
5.043401399551953 3.199928756767388 9.337605325778126 0.7396932612055644
0.7842301283737872 2.5975240206585 3.72266719648481 1.079055183170367
7.268926979757936 7.707831134759359 2.312495703198867 0.7785866810704672
3.700601108450599 2.448639412241928 2.094552115800508 0.837769157059979
9.69173246547477 9.988473358186901 6.884040358059122 0.9011631641938761
9.706394798325906 8.999362056150819 2.915146407440811 1.243325447893555
8.531784899458021 0.3103194054899549 8.653056227569301 0.8058404591444421
9.309386857668981 6.126768465593678 6.249395405040013 0.7548336175265753
4.835033103291646 5.279255203001699 1.926437118998129 0.9479178687765254
0.3124145356607721 0.7375821314379148 6.718466853054173 0.8938284201698284
9.999594627113449 1.859794970365327 9.16847386964657 0.9623787692491435
5.406574818090389 0.1459363031029248 2.246371546468669 0.8597641521756693
7.686948773616774 0.5867287416186162 6.583638438511608 0.9110401433481933
8.208242778821091 6.082353079428533 1.918071673159764 1.258752974825775
6.195774892915444 4.853991049876742 5.03312113428681 0.9050971311241864
8.593910462731426 7.396255606709826 5.599514253394221 1.3401495822129
9.85827051159518 1.667826266140165 6.512382342225915 1.160593002075375
3.362835200310828 9.841359654451052 6.199598880964108 1.442551144931301
1.205727594406361 1.791238582578738 9.020958211620714 1.316097552055901
7.416129146644455 1.710772863283412 2.456922369497494 0.7439607256361734
7.451469272260022 2.574020326432421 3.008855755216293 1.140156468129777
0.5143489787241716 2.550478013516785 1.629403555292525 0.777411321852217
5.183777073040686 5.266676808391479 2.949952330457127 1.078695730453466
7.791378371247085 0.1307670076720668 9.091211312937451 0.8617187022277734
0.2704470900990974 1.646452792971671 3.569434195174653 0.8232749835933407
5.686203126213127 2.7819785035243 6.781468364098385 0.9810568929570542
7.398126778524198 0.7919910806258601 2.654571019082983 0.9846203099360969
4.067603896596699 9.92739773283064 8.88211032919622 0.8792070309877803
7.922199177282877 1.904374842817231 8.06789404080039 0.791149378895791
5.950003943166023 6.844630703336189 1.504985770317233 1.33983430800511
7.454808308421558 3.808239459665515 8.568319409221202 1.125671430914538
4.070891149564941 0.8812889071883777 1.822224616403598 0.8746789197908956
7.643681191694412 2.517173950198886 1.614203671936245 1.58462485371814
2.094512088436283 5.718203955613488 4.265483548028214 1.428113845517269
0.2647024285069211 8.736388879523338 7.633232833082402 0.757261682751863
3.561825164939242 4.055485095603079 0.4673730755817173 1.295044072502954
8.045488466661336 0.9148043640975423 9.50848405445956 0.8096701701196637
4.898467036193495 5.533085848012405 7.552686762949392 0.9714403312573845
0.5075603205452317 6.793687519326582 1.386207018625523 0.851344228125998
6.640208380737558 1.747071980346993 1.061812865040938 0.9046890741132992
5.354639772169337 3.250705151711776 1.508618484855869 1.574867257428604
5.809016235361177 4.49404087116954 9.783311987288982 0.9376703751196046
7.707042830123984 4.485068496998107 5.174925463717706 0.9021233655794902
0.8997198735520329 1.40336841365658 7.847952394207028 0.9878277882644377
9.88358446989581 4.066081306327067 4.889555254103101 0.7967448520900986
1.360444392803813 7.447732724626807 6.863575322188626 1.278737288247872
5.169651502788239 4.731878399427813 7.05660351577963 0.911400727829179
9.164689082919947 7.205353272589809 6.97772946795023 1.557768604637488
2.249718484309146 9.072065737637944 8.192648951481528 0.9348636420511289
3.786107850832266 1.399258129031161 1.182218762610736 0.8307335242905004
4.010374093971039 5.429872173449177 7.088385118005387 0.9494302735998866
0.5700256449467721 5.635054408711585 7.125596604721485 1.147909673424225
2.671781138019953 3.498603503961832 0.1076843663687765 0.7766007964869192
8.428817885384584 4.578766724453439 8.192465373695628 1.362858817800888
2.935892767498541 2.796928586912061 6.931251650180835 0.8648627124861469
4.395950900487409 3.708833630435193 4.910665837135551 0.8762979636254152
5.406044714867295 1.146905469663515 9.719298369515579 1.177267167505997
1.752085459368186 8.405486542524365 6.358425731765168 0.9754789983923734
4.874042328756773 6.819727323532184 9.385163921751987 0.9890521308322991
2.01399563997531 3.749894759476125 8.766400488749106 0.8300490142876575
3.017550959659276 9.296465844812085 4.299308737784744 0.7387029688204385
5.955456580006012 8.035337808188393 0.7970979718731052 1.349111527953595
5.873934736823426 2.178247796842809 1.729772753610448 0.7818647452307995
7.776767574428892 6.388079483377213 8.06804448309253 1.016595486648902
1.506844462739822 5.696818898742984 7.563964625576492 0.8353528758161661
7.621435967073227 8.549111654380781 9.204383573895292 0.9228098776465795
6.055742067838638 3.120714852022644 7.554400391604127 0.7409063118957184
0.09625022468871314 7.579258467276052 0.03377467543413282 1.096288380427439
1.598913067612573 8.333456068787415 9.674307878500901 0.9257985389594283
0.4635973648010593 0.8923403658904482 9.466588755092836 1.126987575719118
4.843123277620425 1.975311996310172 6.560133635059333 1.330177007908539
5.302712246208425 1.347476075682216 8.727694102529103 0.8156072494981753
0.2534060866429322 4.251247958364833 1.074949452303355 0.8549565745785427
2.55433146382356 4.804757191245707 5.164626505107527 1.120931140936722
8.683045092431566 2.359727707219859 2.804841697181951 1.301553847713761
2.705656848706447 4.243011230022079 8.780496689633688 0.8335977945856032
4.870963096277485 6.462952964045444 4.897350622926946 1.435207265583681
9.7146526182343 3.670194359672952 0.7458019193331443 0.7380604747431372
4.900295386021973 4.690458848871518 3.767993458121109 0.9071362530582251
3.45340266255552 3.953793057207124 1.814933318350996 1.287241380758552
7.157887259494133 6.412702488452232 5.156867456326801 1.010223964093587
8.965215248991033 1.269962423249665 4.758044063561441 0.8224860026462014
4.373798066346179 6.300005750457896 7.03024755026747 0.8097715257485623
0.8321784459175029 4.748789295112939 5.217552407645233 0.7471047558234148
6.266318015295231 8.967750863353269 2.631347541504319 0.7645800119169316
2.13364361401988 1.982433261166443 5.858054732439892 0.7754192141461003
3.803077749709275 5.990855133235481 0.7753219507526453 1.177731573709494
9.698786684465547 0.07321895444335036 8.828482800785483 1.399230041980192
7.839689277646565 3.517413806433807 5.07324001864057 0.908939434260143
6.732853636190904 1.921065574970558 2.831713608283565 0.7504186002001975
9.85698298770796 2.890189481557309 8.619872610851601 1.17059031562771
1.930299973015217 5.811892687423555 1.587618127859511 0.7566101073935264
2.044800443158199 8.455425774169418 8.895648949493863 0.7622957156856911
4.044778318128079 1.38291319642597 6.033945963881028 0.823903859654976
9.962809089237528 9.349081599550519 4.053904290532169 0.7999815218741699
6.901705672910312 5.606782773506864 4.727532307752346 0.8526346488115171
3.303181760458383 1.838086508613361 9.418594658222698 1.058281149743446
1.267474886060409 8.72198608141005 8.052390665267239 0.9302106627195792
1.315331452396926 8.852959481380212 8.952013241371077 0.80362148704116
8.874261647423957 4.969101162251211 7.151094649350211 0.9846214949533676
4.836824788261379 4.291189020870815 5.763447979323648 1.288827348121673
2.596791954433365 4.748581725877992 1.246250485460142 1.2024256161723
0.3825785175465324 0.9809200682453766 1.539688122155382 1.167171524326385
1.71078993445303 1.402333259551018 4.115039058943101 0.7324030088632641
0.3626927570063342 6.742675981496378 9.513513562420629 0.8167029905821797
5.034957497507661 0.3806317695425143 8.981911041628429 0.972163979071456
3.556149708732904 7.036162816640875 0.7203915116756464 0.7845674061140376
8.500565586101914 2.747748084096106 6.709873574639601 0.9643001798953393
0.05483857911111834 5.106203930150426 3.707255929836665 1.104493834332996
1.777202705441747 2.398775173081642 2.440578212739742 0.8215526114227187
4.200969912042986 5.037999533408886 0.2410275580233989 1.04920224308351
3.077710585321563 9.5958019539015 8.751768529407997 1.169274296963486
5.744129494751546 4.762316006055493 8.053827655302564 0.9660967100294047
1.426038126913242 5.205976507196907 6.910067407795136 0.7618392011634735
9.061286143780835 1.197488634619026 9.144657036410763 1.204050871042158
7.179124221408247 2.904323267606611 5.262486793093482 0.8275193457495357
2.762477769510561 4.142025319483049 9.646433677511691 0.7809536250405953
7.061223743333615 6.019131081570154 2.184145880322784 0.7318196030215304
2.005961191586195 2.919505926389675 6.369475973499305 1.201164078176423
8.182336172867927 7.17111267566848 7.671312036861117 0.7591790932970386
0.7670308519535473 1.471938794632629 6.88028848268157 0.7930554209041362
4.704865658416582 2.527142871843297 2.755642644188772 1.497854579164512
1.386324775947191 9.736348055641789 8.625155094449479 0.9909783323345855
8.080183380035672 5.510437490131244 6.441155629798147 1.21923122787338
2.929923346214058 5.904675137149939 1.624502073930824 1.184568292544605
2.244102181977606 7.717410822979883 1.839756194197486 0.7856180647645249
0.4836296812927864 9.998377155011793 5.962858105767646 1.172272268332534
8.238424671998082 0.253064950325631 7.903309531139867 0.7660554790683306
9.275419933131177 9.422301537284028 5.997957096274251 1.318277500471529
7.325815376308673 7.63048425645647 7.792145072832447 1.018606000376246
9.633930754184176 9.213023219905153 1.678300168350747 0.9321312239264139
2.868964092068543 6.798981616540317 2.348331020885392 0.90982296727367
2.226011477938166 9.951804416195477 8.304608811703597 0.7963996499920372
1.612403491113896 3.523531247956953 0.6137392101944382 0.8378793909773847
8.008307114258836 5.521516478763352 1.029581372928694 0.8313803563461006
4.190606194501265 8.405075857549811 2.410959335374053 0.9429394446914743
4.550772977800706 2.342281062199229 3.871077958639221 0.7428073496716726
9.802689851191321 2.083344650726877 2.934107612034794 0.8553800743199124
0.943549389908107 2.664569877207559 8.477987237686099 0.7610609499913156
2.610886859711278 6.905800407241404 6.982703844172407 1.38084451001217
5.842952490727434 7.335530925649612 9.638947621847921 0.9456500443194731
3.682834596991646 6.912492439428857 2.815742171034252 0.8520293594885627
1.350637427868336 1.33137547340308 0.00465459501607146 0.7918526443989522
3.724570416680133 3.272206583649366 2.687519843174481 0.8753573945246698
0.1845349069638979 2.653405123911261 6.166822491802955 0.8200205732936466
2.924563817291552 5.491199129409985 6.946420307359086 1.000281420565817
4.284642258779997 8.620073062545691 8.220064023828174 0.7465254274876134
9.976939195469187 4.75189132618107 7.727859917250126 1.134776902533931
8.553690943244984 0.4826554359649215 5.760191758739999 1.227236189917039
6.647877709219607 6.873068185710943 9.350175341638666 0.9569810054917719
8.635001364711737 8.461940804432123 6.590111897613683 1.193584188469038
6.890934866286062 9.015060834586908 6.03272543872262 1.023350188341852
8.321477099780157 4.02093025483004 5.761651983785055 0.9595280269375548
5.183456238772602 8.996692106183318 0.3391840285446756 1.180624029051762
3.906581519177842 7.786701735578674 3.352562705778402 0.9967919416420049
1.454113339695824 7.850994292713925 4.562081940892543 1.456598449426945
0.4267614525475604 7.467040200312503 8.940263282775001 0.9403143647341762
7.721335352956808 6.479178479006119 6.104252847841764 0.8551061318781583
6.010701999552905 4.357879252055327 7.252362870939942 0.8422163930578866
8.116845682669204 1.445092577590747 5.22620706379233 1.098300234420606
5.26490674402442 5.212113901752157 5.23431185550436 0.944937157765814
8.343276121002081 8.25192127404936 7.81803575642753 1.314984521356288
2.425117609390089 5.902850904303212 7.690603307128757 0.8013757411188933
2.816196723717761 2.882408058472798 4.286300876390997 1.403138929183646
2.966789101055847 7.620409693058736 8.708584629559734 0.7524309498460132
1.7517634171622 2.910318918423752 8.93764495055399 0.9177728926089949
1.032887241723369 1.940149435370106 5.89144272948991 1.339763288776217
4.939646088016596 5.27711796106947 8.595624038063569 1.058725039075188
3.999561574435814 7.181959186236258 4.828163131928244 0.7545288149773437
3.892471086833627 8.27182494803499 5.54759694987304 0.7481911328110556
1.432101840143233 4.224247666392365 1.389403066093029 1.224935147042856
4.771089932975306 0.05564717935026774 0.7434778871532888 0.8166844210552928
5.577632243073335 9.327887489940336 2.116622058927664 0.7827759806233073
0.7760770187354803 6.026731292747048 9.040163627069203 1.037538984547291
9.136753076366361 1.17486999893767 3.54805897316821 1.584959772521292
0.6806670792398494 7.075913555515188 2.285070809231577 0.9214648745663443
4.289950265745575 0.756623965451546 0.8975610381256404 0.7663210503678664
9.796365612347373 0.03461496470612779 1.159941818837849 0.9590562675177081
3.978106725913198 8.984487170493903 8.996506556988921 0.9298723252314951
4.909147138833589 5.554445063674388 6.297831500115548 1.338114839239131
9.266011181719456 1.30530117123762 5.596811454956229 0.9125136567739497
5.873681399341488 0.7611066472617211 5.24333404080869 0.8493576247440597
1.195421121912342 7.346037070280213 9.769460360459576 1.148247674607981
1.043289924588355 5.191562075522234 8.298121964826061 0.997789990160922
3.814747856009546 6.814929849762301 1.735698052803847 1.257200119434036
1.615142952742434 2.918114704266159 3.166175525239941 0.746784456353962
3.424522972235186 1.805186948191164 4.869720904872803 1.152280479659914
3.938631646456748 1.21507409682759 3.08283732315771 1.464907132331893
7.411844114766471 6.081824555654204 9.146981158757114 1.134373738153848
4.010340105783001 9.268264453425912 4.980961556876051 1.356498741878973
6.824967902053668 6.174495053666096 0.01385597102424252 0.8154196723182571
3.782873328881475 2.042674359082438 8.410318903306029 1.168662607377144
2.936947151696588 0.8900952090542401 4.858555020084656 0.732780793770172
0.1884833455926094 5.484236036098332 5.837444485496087 1.470528469642097
9.154670318222417 5.749936669472014 1.187975507980604 0.7813548870379259
4.300244905462425 7.840218074978521 7.642784405725616 1.132422117934579
3.098192993527367 8.275717481271572 3.271532034270081 0.7730276122188746
1.032162309519301 5.406939161607424 3.577408166925313 0.8894446771127107
9.89052031227286 8.206022222339255 0.9604019786516825 1.092443096744439
5.951327367018989 0.4102708040347791 6.136530036168139 0.9967592589076101
0.3457812745961075 4.675781263788826 6.737733138340322 0.8505223931744351
0.7545718681105839 7.200345848166652 3.333987494795556 1.136578874366946
9.753759648176247 1.531150256883175 0.009032940457737171 0.852136758775732
2.707683150333889 1.565196312121024 3.761096210621318 1.345326299746416
5.002464598192635 6.064423589979932 0.3277704664493019 1.236859028468231
3.749464542993591 2.390365730461638 5.85905780715405 1.177096221450819
2.814540746678708 2.309149475697715 6.252168305716648 0.7888489367298758
1.854631058126158 9.273845750105471 2.946098865111027 1.224458476274084
3.194807588851786 3.362942819045406 3.363115641415407 0.7345064430274034
2.987085134604421 1.372989739113012 8.628468727310812 0.7367856597510718
5.007927663587594 1.146408034882852 2.401341712820439 1.010863614451083
9.505313280565224 8.404797944243562 7.24853756275961 0.8766991807922715
0.4024646880372573 2.06680632075765 8.311871163889874 0.8396709233886344
9.280738017666692 4.399190477627901 4.419622995198061 0.823822062830876
8.289942588671783 5.859102697779872 9.497371615903809 0.756900381213675
6.332015190798569 8.959563314548546 1.552372264243856 1.049402987307081
1.055184422631836 8.406776708820848 7.262933017570227 0.771827173552797
2.383736324894151 2.495457232053463 3.189891340768083 0.8871487840050547
9.396576463170149 7.979557850323954 4.171074820566423 0.8109258684519515
8.278388201064727 1.285629460614377 2.075120622307791 1.265089240486097
2.318939702447393 7.944400926168918 6.846574561752288 0.73392723861404
6.950493658618539 5.252793880197916 6.768227127523528 0.9570539616373711
7.28776604261355 3.071482733364619 4.166849710142961 1.294325171075836
