4.418979879416408 4.526918749071937 6.706259504082475 0.808339811888493
2.358986956800933 5.614655891672568 6.357426966714537 1.349618082737636
1.647293752232813 5.573846912955768 1.673155621423607 0.9630015072873328
6.928264914569914 8.902376117666204 7.442094275157022 1.534076431484811
4.440668184419594 0.846240328301241 7.2392392746819 1.046426996666258
3.155553131209128 1.800833420131786 9.042331099377103 0.8336159711873381
5.715393591868365 6.654048069633568 5.615473357760862 0.7243285796750895
2.230379284213559 8.931837391605617 6.843251019099517 1.372371850605361
2.285843463496681 4.164478855886654 7.591309940399618 1.585106443047719
0.3364393717640358 4.682456092658191 1.44196720975905 0.9441681812539088
3.890400246385453 1.242393736775171 0.5438971987379349 0.769688922086603
0.7441876425008431 9.891632558525506 7.837411697095156 1.179153253365509
3.788333987044313 0.6070476666723901 4.479138836476317 1.554851460069726
0.8866990745702464 4.026154717959372 0.7687545594588574 0.8194556301223885
9.096641013839536 7.82316833226638 7.184370935832612 1.077585601960253
2.239118602356937 2.085298247251459 8.803659153158407 0.9673714957535496
5.507371476207813 3.606538568014476 3.26639740097745 0.860136982509683
2.678548938995402 7.147641447681679 8.766003310403272 0.7917597977006564
1.710441266771724 6.75320538792004 5.791441946496224 1.358899059801481
7.696219635139428 2.468606976159184 0.02989964965918302 1.388442537908577
0.8599763961262374 2.953932410103934 8.591471514549406 0.926917859875973
4.737411542779005 2.998960379191593 8.739811881131999 0.736333618398014
0.5377863694994124 6.560627017763925 7.812074549933264 0.9795863465495503
1.284128784170057 8.337302535489702 7.774891645417544 1.173647578403124
5.989604081163772 2.252359231366146 2.649755647716301 0.9023202183032937
5.758339913134656 4.566074453916825 9.481959635354098 0.8381359419232151
4.460089776308497 3.009281136792952 9.928440791090432 1.575438213119171
6.455549493031691 6.026082980027044 6.422931543182416 1.402509315583982
1.898419271511456 7.386847979147912 2.190827684674017 0.7584606644021259
5.912292702416545 5.2122726915872 5.013348220545478 0.8857852952074408
2.610748759724554 8.867915297353493 8.633652589247992 0.7175034100064427
6.163554416112192 4.800326834143386 6.466376114418295 1.01757158120406
4.008587631518441 4.503706509288947 8.573033238860948 0.9075988933687982
4.326744250410176 4.323218690585386 7.614752520475729 0.9018205414387148
7.318534930844125 9.926853499998328 6.729819288990715 0.8411539401757856
5.224454034306995 2.163876210814191 4.178698358739892 0.7973542130966284
5.069474110745085 7.892598825353361 3.395051265915429 0.7877382146196688
4.640128565367059 6.899635334121373 7.60050257339046 1.037438393753976
7.871824397235343 4.080797699726814 7.843042603694295 1.439553017421969
8.97506792055845 8.970507126524767 7.284842094141375 1.022515258923172
7.196815810497664 2.502354976607352 1.130242738697636 0.9669009941080914
1.330463019480314 6.753564691685252 8.604312006796745 1.198157209321895
6.135623130197419 3.124533127002199 8.102804402199533 0.7250655836115978
3.383381099579335 1.678617542247365 8.252054742265431 0.7383847205335876
1.746799480029319 2.221170894407568 7.342681148527743 0.9398709946542527
6.463815807421634 9.458856724874712 6.032035599129225 1.505623407926586
0.3410023705657484 3.183478640964923 7.860014064523916 0.8431620452578655
9.346329248662432 4.54547777474864 0.8867624270703279 1.2561881071493
1.168085036262233 7.262127145014331 7.694991133922651 0.856651834302771
3.33207121436433 9.0614522926642 7.723281339296446 1.330096789026628
0.9088121036983433 2.662581157246517 6.594571704961534 1.31948235688893
3.908277195429037 0.8180222193303077 6.456765426345038 0.7614467905528506
3.824722061834607 9.619830225259301 9.294409031364477 0.8672237124810873
9.865734891717061 2.727958909750321 6.355288895901388 0.7375060074190941
3.272856495891037 5.310160077801038 2.875974361244676 1.273233942825657
7.458621746625143 1.034598997037255 6.679115451917587 1.102979694710047
7.124075626778299 6.046845391282025 8.664058874799078 0.8850863745044331
7.567296354237034 5.19740001314761 1.558641986187145 0.8997075675388242
7.213524834191055 1.525784100887566 1.412716082519932 0.9315603514462428
7.30867078497818 5.639359264940285 0.7741287213822146 0.7444582075000744
1.376988830447931 3.152315346949703 7.681653681423107 1.082518978779847
0.2762175806727796 8.144701792402635 4.002881413671612 1.24506553574924
7.955349131293848 0.9114137975155413 3.538979830814455 0.9945034626187834
1.163556221848136 4.773555373882146 8.25551915496297 1.196034428790308
0.3124035534982073 0.4024520143861754 7.027612133463735 0.7328457439410496
7.389303512016932 4.947886229348871 6.712872038241254 1.451332331134522
2.621020933515591 1.929318069112431 7.872585298707116 0.8655970509627029
2.686005181765011 2.88230281461918 1.191089937841393 0.7778349080151608
8.011396204987934 6.288228508992398 9.043641954692031 0.9781518429904638
7.694821944198489 3.20001202593147 4.60059330830069 0.7457756117810231
4.930344764655731 7.732340144954345 4.332019160499757 1.01117034076827
2.675239008218951 3.317844760971187 2.010334799037699 0.7546608036310511
1.859904875972559 4.548262470902443 1.576758590268319 0.921896829053094
7.075258919556196 0.70623092196913 5.003776038422421 0.7208846497214938
1.151145181430744 3.829321822385862 7.04074804074528 0.7605681221768885
5.047862951030143 7.891771142029487 5.502924636425548 1.311585523820367
2.338684122808342 8.373738655971588 7.849645882396257 0.8633090703032922
8.699696812359697 6.538673589397445 5.903875323223372 0.8659947618858784
3.631339033465522 1.555363384663609 1.702184083650184 0.8310576680377343
3.456274616761798 4.675021273858206 7.760575863002437 0.876032950065322
2.85530252620739 9.894178573916001 8.74149853316691 1.297569992191594
8.627524642705549 8.371122650461061 7.870247205005518 0.7584347666838793
7.265324954347746 1.336275217746439 3.173292980725356 0.7472350226210344
8.129733215448592 8.34316141705391 7.097777219221729 1.044044733433034
8.722215411346509 2.567377689932414 4.539705343003111 1.042811152528224
0.9123483145501221 1.369553065129963 2.022445730855703 0.7481414787475414
5.46732400478837 0.6858036667970503 2.995696076225117 0.7830446130008398
5.793208017637656 2.820349698804669 4.40552890626527 0.9227163553013956
7.93280864832115 6.927770908859802 9.740045170058906 0.8460726240599445
5.636102928084829 6.150364078395027 4.455768378799186 0.7919599941979474
9.440126935534298 7.511999224389476 0.6666431726720735 0.8894718855208633
2.569915697869299 5.593084479970214 3.844124691715867 1.121434184809096
9.102440253886542 5.518733752007561 4.465665401609764 1.242096620674637
0.004588074232697582 5.3082702407953 5.40488036602793 1.344479637310056
5.755728968909515 2.358842139340611 3.518466450241526 0.8698481159386254
6.285623339817072 3.210019631398339 3.662903396284 0.9890404176150832
1.45944050484824 2.135661897111098 3.218937769094326 0.7401218406353641
5.943373978486647 8.420043124780126 8.261946859114616 1.118661131963991
2.082486394040315 4.283306259811187 9.95060137747045 0.7427888490821812
1.18579780509196 9.175220873248582 7.234482814556065 0.7623295243330124
3.849648834727966 0.3919199386614725 1.18821302418296 0.8628505655724359
8.208001938514322 3.271939667414139 7.14644159139793 0.7595937325745327
0.03945851256913047 4.990215398719494 9.015950151724603 1.340031376755199
0.3625029075856789 7.664208632296239 0.5494954856706813 0.8989665385360457
6.990354187362517 7.596766493304144 2.271257273259199 1.271613150581104
6.020413060746388 6.295709815194317 7.496969136778207 0.9199934433321983
9.538232244453594 0.5866969329040383 9.248367054063612 1.256504326623862
9.614099556392862 5.209543580788653 0.05767674087297393 0.8790899251256473
0.7133002697061253 7.757756537194934 5.73828884765354 1.309478715799324
6.328318737704739 0.5402882503693118 8.513752577230251 1.24485332340694
9.2066390503393 4.542584202183642 4.979279172153562 0.8559758923932292
3.320203380297324 1.125403584868853 7.466180276639671 1.099577806343831
8.534167114358311 3.379939770672279 0.8372712656803273 1.428929560481458
1.679457639430598 4.317331141692817 0.6843748021103803 0.843943842140724
2.362772426017398 2.588948283314604 2.598492408149304 1.047412565174095
7.531865423963899 6.185235687897663 3.566573534591686 1.113940475559588
6.201959996750708 0.4488965078798746 2.942298024085189 0.7318062670317457
5.634965009470628 9.982625277834311 4.465890579145516 0.7834804664761845
7.806562011976142 2.540190221130116 4.030421034684588 0.9625719574945936
7.208657600995052 8.260573009285128 6.469239768279234 0.8212947504061916
4.398198446185904 9.026927131554171 7.637017628549428 0.7373076145070607
1.760748911969368 1.583367197804832 2.512176639213257 1.033496254674462
4.236022983598112 8.520634729931892 6.937391156734501 0.9781620465119916
2.508611238402554 1.840425402961731 9.63829420360889 0.773644196517938
9.71959214798258 8.273551674894128 5.888855573953785 0.7960230996543061
3.990239091075624 6.040570536760031 8.324577545257066 0.7811199377641496
6.843212970074813 9.52645204924055 0.06746046043484832 0.760728761658567
5.132436775625282 1.44625529113104 6.382323908503616 0.7724732700218367
8.402341549264895 3.283226121778311 4.02275390426804 0.7543702642730562
4.706175846300293 6.114919635922413 0.9106357548830413 0.7584423797290593
3.302378582076995 0.4316305546624045 6.708737647942224 0.731323633803897
1.475117410528859 6.934368513491942 3.024986685594238 1.249444256366981
6.817059034303484 0.2042451373849064 3.965805826695588 1.513496409690776
9.556312030376459 5.789843712453355 7.964793482567196 1.335166601835347
4.903288536672048 0.09809602298092135 4.140361218419384 0.7202664610251681
0.09921996030487823 7.877756693704012 2.184992226560634 0.8509979378960236
4.028676682518827 7.535418807627093 1.511353293875471 1.066598524533432
6.296319680458854 7.062717205183092 5.984783891205734 0.817875875237137
2.57861970409642 4.379408086134431 1.128324117144601 0.7372418730690868
0.4545446743550774 3.963503975281072 8.597363876766501 0.9236181173576113
2.30132478957505 6.675193030957812 3.886045284197267 0.992605364267666
3.499274951855691 5.781964710160191 3.781190647597588 0.7311674422389739
4.52458553274527 4.93324487097431 3.127037459986719 1.146566806962688
3.070617278242652 2.362660767199757 8.440668025296903 0.7834965808120851
4.845101354705032 1.479200866495295 1.950213051447506 0.8039911977769666
4.338653193993273 5.452141229218952 8.993094735112352 1.079858491944684
5.928435605162123 2.733297101272578 9.746696201379415 0.7439077828542596
6.97167609171173 0.6072686257641846 2.8311432589008 0.7889286176092239
5.092377178776266 2.977050452767791 3.738736478859348 0.8310949543627022
8.965743662089675 2.579478305926743 6.829354981083107 1.282338498882374
1.46451307677257 2.515155918665437 2.435619193198385 0.723664366965879
6.269873415529781 4.181744436360217 3.396134695847142 0.9391564117423642
9.222050692933824 6.651008551666354 4.340472899472271 0.8269796469985516
4.995557529073462 7.951350559760836 7.675587112078129 1.148506289945715
8.226753639672252 9.338146187020474 8.354916860531194 1.318444788832092
5.123136035520197 8.039343372523733 6.660862506487675 0.7714682681083032
4.446028155125096 4.107179726117614 1.124368015961069 1.377616302251673
8.400946286226832 0.2735953365982913 9.325479043957746 0.822687465234668
7.717452200064008 7.897755011193133 8.04183824842837 1.151539376271689
0.3608929165623598 2.61800285902638 1.28844503872602 0.8309375236534605
6.761989706169343 0.9389995928739547 0.7663448605025835 0.9927640883330973
5.128969847793307 2.840315756743454 2.782266755240478 1.048805448509489
4.897389609219575 5.163796739771765 7.407098133896314 0.9972867621593621
1.113332083729954 4.869975668233185 2.041627541575868 0.8983927668639254
9.184887661507043 6.07646855137317 0.2601108761215132 0.9620629600599641
8.863585315041554 3.610260802955219 8.343740712278537 0.8692814182509521
9.982516438398182 2.582106382701513 7.155952099019046 0.8092793478080057
2.571636125177681 5.619008664190173 9.452812889548527 0.8767364184826509
6.852789989982417 1.425373917192378 2.359530373170407 1.04246634293861
1.239163362609601 7.03974873036386 0.6871985763680067 1.036187611288083
7.125959436169134 7.138680059999898 3.964653986887936 0.7998193234452641
9.593984023571471 4.236450801217813 5.790953868114083 1.010454459566979
9.243860705691008 0.07083277458523329 3.870427195276689 0.8012114915960714
7.242113265683326 7.794397813169809 3.336513548709308 0.9050919773981785
1.479295678038082 9.431658175276997 6.098916086622917 0.9104123234697821
8.708544341224925 6.976799637500049 6.727475199061808 0.7188227543041459
9.834687180444812 0.8146296534231502 7.974661127826381 1.349726295136517
1.954182157326861 0.3291783352891031 4.153134697415396 0.9459774356374523
7.236587990146751 1.570749092109388 4.163779185662252 1.232790112901749
0.5996212219522423 5.743670733620664 8.369071866554025 0.8317259493357179
4.570764368797791 3.873164935368021 3.660098136407788 1.120631438412458
2.091781848076456 5.114971464576832 0.03788749534533897 0.8869692517679634
8.560986792310914 5.187595374552269 7.296250723399373 1.159568327659535
3.683568490681717 4.201832462883982 2.985551806175053 1.023731739558486
0.3860949428972349 4.813958200348288 0.5243342340163505 0.8750573704519151
9.337674071158709 2.31005677481113 5.601917605702973 1.24880596871899
2.244774966080136 9.092704497643323 5.506750931829254 1.009269612475629
0.8277604791718585 3.921743717558666 7.83077462068125 0.7387985291082522
5.475212419692799 2.480711783331162 1.760978905848749 1.118518185444612
3.399808827653686 5.491468043944534 1.730242605898863 0.8373541127692762
3.655888318942488 4.766017691740885 3.933608899238195 1.102240892532773
1.223371054561536 6.564815385540446 1.774321223125657 1.150500271771549
3.985924506787191 1.838963775479431 6.666203050241322 1.205757900737551
9.364262398482222 3.467340130380899 4.904800242342013 1.164128658090277
9.953463906336866 2.328823480733322 8.715701481722938 0.8380143749408815
6.559901447644555 3.8798488365793 1.520505462009507 0.8377223360815457
1.589612216006719 1.127554499157636 1.511139336278783 0.9360720602618302
9.487703282819355 8.590932684932213 9.134033830011312 1.225291290725174
8.734585978669756 7.821197768941841 9.852984514636415 1.231573932894915
4.388199135242426 6.724611445603716 8.553573732204114 0.7956921861717811
7.916389702183343 8.700660110677688 2.340316066387516 1.534538833510989
2.542964987308113 4.367810776959633 3.505474284709314 1.351351414117211
0.8913531524141183 2.030222543500996 2.666524177196439 0.8198356633419056
9.635253522313887 7.850592279683656 3.083652013015063 1.023349581014204
5.93450943427414 7.936350170531655 7.376504304090627 0.7784381593107258
7.360964901587226 9.980997210391289 9.114884140889798 1.229787330361276
8.900682292040704 1.464804515463769 3.195526426078959 1.039892971217433
8.79223523602812 9.850886608628688 2.21931572212469 1.076016374605856
4.981094512083615 7.263326099436234 9.904943901792423 0.9206088781501661
3.216398812070288 0.06567729280397618 9.72457653753424 0.742798499369148
6.27935627746221 7.294873338792677 4.335203820960677 0.7989899034861382
8.271873832614714 8.77335817324111 9.37313271786107 0.9329287149899838
2.22764594556244 7.324382281263804 7.860118677795403 1.162062505592969
2.310974118698221 0.9403450791585943 2.120680284142659 0.7529109661643685
4.441803240395719 8.740944979700688 4.733686115559257 0.9021816982721517
5.603659847041614 3.975902951155073 4.436232617786946 1.372483109331803
6.725581900218145 2.542953078973786 4.12876384964532 0.8049826916872549
4.715378760525018 6.59003621354262 4.325728244681291 1.18749773925642
3.611325199934262 4.927041537591026 5.909065263912806 1.520794387877324
9.008202287677836 9.590041364488894 9.225612771998449 0.9531656365429338
5.491086504549385 3.806011764118401 6.399049344138986 1.183381127759396
8.022495246941411 5.908049368672007 0.1259933232290988 1.159242343717512
2.469808791046239 5.496843032211031 7.458802952582675 0.8187792845156384
9.394708611220357 6.758100274656195 7.253286465060565 1.029055928527639
5.557156615881928 5.281415495771264 5.878505245502168 0.8471343852069961
7.921407277536664 1.85346329625693 3.270052706873145 0.7809450397539601
5.134193014059096 0.1692353757779053 6.988313065434137 0.8332926678922903
6.907154840505713 5.978138229722264 2.561087520296237 1.19158358742501
9.398212819362918 2.843835957603014 8.042826223059006 0.8646095163143549
2.859709057362914 4.026827914894517 9.474572963939883 0.7226502932945987
8.3957112585069 1.76668946800269 5.475446304977775 0.9014565342089799
2.367302919290836 1.764137647266466 3.724933584984744 1.251380721603174
3.225678704630637 0.89656765340572 0.01334568377287848 0.9683434211187995
9.261597862409758 0.3919975418215793 4.925067243047334 1.208431638531765
5.136434924309061 0.07683681012242261 9.19257770681739 1.553265786094594
1.645568021685393 3.709141107805227 2.509748776104407 1.565319835170973
4.875525589920853 7.854899704496805 0.8025141416558003 1.149627644768686
5.40303259857446 3.471708169591744 1.665219130302216 0.8166816399457903
1.02074293953222 4.309722719378621 4.679867201132189 0.7137852221638029
9.812341559256748 0.6976776747055879 0.4552328085628954 1.109148799530185
5.506420396244421 7.013010503557043 6.757130414648856 1.301160206909217
1.762956554914649 1.54710834391693 8.093205851678787 0.9850186469370223
7.581193513547638 9.044712276298863 3.685305648047869 1.261860249766761
6.303320624558746 6.441755805125561 3.677966960845616 1.255708743886616
3.070638329841261 1.268599084856828 5.759223763301718 1.498057699417783
3.707381343659203 0.3823272391942489 2.963072978257354 1.45040574667226
5.638817419446452 9.348035391436657 5.254325996102353 0.7167459910032314
5.764968516621402 3.121969053979404 5.488986182785769 1.111894385869408
3.689380142013015 3.95234982122871 9.267831851150772 0.9107492065199539
4.75267021683758 0.3899904423197931 5.310717119627487 0.8641945783377553
0.5975753802816053 7.317301788768914 3.478155245756132 0.7811020935301675
8.366320358148682 4.447642983757701 1.722561177969608 1.242551081179151
3.520998982608438 2.665001263715624 1.934514459981117 1.238630692850913
5.699531352854756 0.4575916073900788 6.297155254598945 0.8987912865925094
4.206192303167542 6.005847937888486 5.88679017048619 0.837432757483113
4.585060718040697 1.594145628228502 5.365455558673938 1.478503168057534
5.661896759724764 0.2146629451924797 5.301056964923966 0.8898030965103778
2.566507431069544 1.823185506991156 1.470833514165255 1.31505229868421
6.647358049717917 3.336349352365232 4.741452104277961 1.099725401729077
8.861243320250933 7.060936559259257 5.267766267927168 0.7634519696071709
6.616912210546189 6.426259112325822 5.013842431383027 1.432493804859945
6.511059623033747 2.77359579900039 0.4583033198083541 0.8840916440270116
2.759818701304885 1.042274590950913 9.301217121092876 0.7255311969193761
0.2471876536901429 3.316249382181046 5.660927335473867 1.136321753110084
6.685147064339819 4.376272734691248 4.846656656066886 0.9348816393102832
3.028625054173862 6.869964046103252 0.273699687112775 0.7290730131557703
4.754091967148416 0.7567942673714823 2.502536354566097 0.9074606466604729
7.853489024378024 2.594555569430876 6.924330126887191 0.773512067191381
4.873636024743434 3.961290644573079 2.450394560644714 1.185893574728339
1.25436798902771 5.198747090739762 0.2619220293526592 0.7488956033447105
0.2469785436957173 6.400132329611269 1.534622790551152 0.8252988206536472
5.932117403131031 9.442952423853992 0.149475663948494 0.9969532067917007
3.187590420838007 6.473727485613543 3.248045209056474 1.068199733532474
3.591759103126317 2.207826390800021 7.550643323694067 0.8211968787271751
7.987009188182131 1.885047874594159 6.49246668241668 0.8790073079287556
4.633917582712724 2.930591542638087 4.798282407858353 1.370614642900776
2.20886026688683 0.2123597730520866 6.176535412544952 1.188778379104697
9.770776627337543 2.306286121407335 3.041600614166375 1.337072286216767
0.453207460737295 2.264051109019885 5.619000420067531 0.9083737539562932
3.711365135960949 7.229419797879678 8.700293412154194 0.7147897501096653
9.381014833103606 7.47756963775646 3.936664171275548 0.8200024785486087
4.155215991914418 0.3223507492949473 0.1836196347053365 1.198610630504525
5.199905102815302 2.383907207892813 9.134767861789795 0.8843702510985449
9.019690105876082 4.628311072505703 2.612957122466864 0.9000088305054577
1.085761577164484 9.999482794270348 0.9123624901072513 1.56448735251491
7.703231569391556 5.2083931988122 7.895672187401718 0.7998740582990022
3.103642359469763 9.085214931249682 5.884700675028469 0.7868177869263948
8.751986694150126 7.279397759605537 8.037656860051365 1.017675532287899
4.190032716054266 5.2236336318147 8.008533071024562 0.8273596208513033
3.182926541440895 7.943791547214678 8.350821287954709 1.146287283617847
5.198185812632182 6.838742656515578 9.076238310526129 0.9313220341516374
5.437878799712271 9.516228379229887 1.046914266059712 0.7975105746373478
5.466187184350591 2.235048414489506 4.966844197337056 0.7795443327885703
4.028753824531113 7.288566540949473 6.45573246457702 1.566076921554627
8.119395905290457 7.310293668293005 7.230093536361311 0.9084015561352535
8.683008971078001 4.095881783540464 6.597588718401706 1.32201733637641
9.992500852061166 7.486602301022428 7.508505984300757 0.8707873477581831
0.8827280333779676 1.380337193497861 4.344032742521683 0.7313698361155241
2.596426648765711 6.376417084012258 2.054002800190203 1.509947857713481
0.4947887924380168 9.162703405335291 5.669814046769759 1.124486612654059
8.53207877154137 8.199568770745277 8.678487558671222 0.874948092392967
2.255522946885699 8.686673073142959 3.619971416732149 1.328235681572591
3.073044651575625 1.579931015533165 2.646551534625431 1.234693652199195
3.213429865012648 8.891970087645873 4.707438944828891 1.462541737997375
6.176545668333667 3.365854536823653 2.415536226820449 1.309162220465003
1.589787287301982 8.144985984357429 2.74053581230836 1.040770513720894
2.544123463103294 5.194226431734163 1.623637930375646 0.8938517454204741
1.080354684318484 5.771359939034246 2.79224571138915 1.196414886347405
8.763997019453608 0.4315558557006594 3.14886500581486 0.9967975882753908
8.21025639833403 8.765444393007742 0.2405028802867193 0.7413716630113232
0.08360236349955309 6.266972013334782 4.550854474591501 1.024479498857814
2.858924857142563 7.682773930548127 1.630629451121972 1.172199494962883
4.047516156431837 7.377561201049502 3.413913100260257 1.392322278491632
1.05146375415246 3.959008216401576 5.521576943219244 0.8377116471871786
7.357574709612356 5.72263965297349 5.71353860968305 0.9276845583959598
5.829823615681644 4.39368881469886 5.531662721001656 0.93075157746154
7.95908911275004 3.710776905001673 9.798964917769357 0.9857560276057227
7.385466226454893 7.928832908522002 0.2074482367092356 1.499806612214037
6.458320940257584 6.665159741324604 1.590983359856083 1.212303696610824
8.196025612898527 0.03532590812742376 3.980799996192984 0.9774964519483289
7.310166181184822 5.261715565873693 3.240875173712957 0.8468353021812139
3.925071369952448 8.522081672960345 5.784166094131947 1.157152744834779
1.555318900066657 3.311119899409731 5.900340365615659 0.9301630282974066
2.964539291517817 3.462465743870376 2.848988807616041 0.9816590937504014
0.9491302292547045 7.94224777861839 1.16719535920777 0.8611031422622679
8.06662807773656 1.065701224664739 2.325701419991795 1.387040811707801
3.44424689127776 6.872455462206069 7.765958600978889 1.29672810323116
2.688254107383434 7.967430737810147 5.868984134889347 1.458081571711431
0.2110705770219668 6.635011004915355 0.4995768519664257 1.137036489913167
6.801406909207695 6.964306959290786 9.897048764305596 0.7554961884522454
3.905158970480269 6.276976560606129 1.475297640792556 0.9541269487595065
1.765271839837127 9.144400592216979 2.69088466637817 0.7747093715113835
3.855379102767062 0.8907575447024175 8.931107764780259 1.432183635011438
8.20557623607462 2.518684879951212 8.017961631971142 1.475584499290993
7.701208725663062 7.807753323010901 4.072744244537587 0.7776207807950739
9.266134760359982 8.164071846603656 4.491313868747679 0.7827116492927007
4.247542235846112 5.325455851869962 1.256679876681285 1.034095604529033
7.664141163688448 6.695118890800576 4.373398101750478 0.7712885439067131
1.165114896715945 4.935839316988319 1.097877802772635 0.885054077318761
9.269402368598081 4.354903492950078 7.453439002275731 0.7771037722790597
2.196171219137193 7.944007723673175 0.5428354634913181 1.362122440995496
9.102653758907151 8.028620898515566 5.338098037382967 0.8920510665279795
5.540819527825178 2.437903234026011 0.5684409728689267 1.133900609821713
5.891805059122848 7.076929717421027 9.996793911063804 0.8622652162870701
1.691395121625235 4.419029097211245 6.277708000227511 1.277300760288556
6.399268162411863 1.263943601575631 1.575504486100152 0.7421666568714265
7.927970671970828 7.6049565528836 2.825161854762039 0.7594754894586447
3.163067951882747 4.381411514974073 8.582413845734024 0.7240425781057745
2.991168447951372 7.925218624121538 7.175316361994346 1.160304280933821
7.036859705700449 2.447556304500106 3.070921185086909 1.346927516407785
2.088409586980019 6.700315056573896 9.718016147739416 1.421598999512692
8.357716968384862 5.72463177203222 3.560696821953386 0.7323503424173886
0.6914343188592932 2.036406291662247 7.822906655586441 1.351944317492656
1.646357696504315 7.690980074904343 6.766914390628728 1.279340818094691
3.209124381904122 2.531798794728444 3.297347930292645 1.035985164111249
4.514749796897244 3.784538665318252 8.840668527750566 0.8588062806534824
4.868509071357624 6.868829863261658 1.378583958349663 1.004083137917686
5.429300599137751 5.64122376161752 9.507231779807972 1.221021851871449
5.627284412796439 8.86291551338598 9.188352039060645 0.9433331600849975
6.435482447325144 0.5456426928271574 2.144938320010497 0.8611496954353464
5.320559294966699 8.749200148371798 4.768423204714829 0.812187783656924
7.169071334375534 2.295273092101544 8.852717376188908 1.119591209796956
9.731957663585863 5.086849644565913 6.75050341635525 1.370050535447042
5.683142034754325 5.016114151551497 4.075442030452915 0.7951952311627057
0.3453970265295758 1.251002567186115 2.746263418297442 0.9969523628676649
1.862347368143048 8.058462927527682 9.026203586489496 1.573362951000139
7.134562814674618 6.827893699375651 5.966255743858441 0.8348136487786152
2.953357585278289 1.871732694479311 7.008941490418597 0.7453982119558662
2.982830664946946 2.948121802145196 9.380792874995313 1.391351714369756
0.2480013814654025 6.85810947823648 2.584210301023838 1.292403712289848
1.995341152500504 1.729736439848171 5.207735573789897 1.03431439031017
4.681851449940325 8.218974151509038 2.607869153047781 0.7731947322344711
7.556529266489703 9.151371398548463 9.978519391269131 0.8257005012601768
1.051042197844332 1.884134818636237 5.022725033451883 0.8309712056946239
5.474771622645585 1.481969243785631 1.215292567271326 1.088725723806961
7.314531188963898 2.55601177567481 4.851318354913356 0.7889872445084642
4.224469678766837 9.675858789904964 8.464685043476079 0.8511505981588549
8.285408725329503 3.907393386518118 8.941040645843831 0.8354851047109726
2.799998600213851 3.506127168173272 6.033957475989326 1.543174815307392
3.567910215601658 4.093178077545899 6.966424816664261 1.065996975973241
5.456479823531936 9.057015969075282 7.132606944715233 1.429381379730017
0.0815228014334224 4.924103038033136 2.54564131244029 1.265283137736482
0.4198897517782918 5.115052097485568 3.967038287433263 1.585234955839513
6.364114256394147 2.036846424602612 1.149642584786973 0.830932788207713
1.701332611738816 6.432245428408493 7.187534557070656 1.262976279676147
4.643649025620607 3.538184472246282 7.03755216769167 0.949932898576768
0.4434682286972158 5.639535427808708 0.04218912200429248 0.9540801527230228
9.916618283840005 6.859784039348789 3.75816208851464 0.7464709739159674
0.6297504283713762 6.414065344060475 3.57660945065828 0.9037060084268609
5.280608045696864 6.445967219164045 0.3239723516806103 0.9655600254553008
8.920273743999147 6.778677136029507 3.081488004987324 1.479462410512564
4.313348879171905 7.484906403657527 8.237794345555384 0.7706324919701425
5.36759355816749 5.221196735565172 0.7571450356471289 1.372776531179249
2.420302356072787 0.4682900499293985 1.194596177248756 1.236341586117364
0.2482932935569737 3.748190003916732 4.07527333649342 1.065282732598536
8.289835694563376 1.132933297743248 6.121950079052827 0.8663606017026841
6.976609635355587 1.821818126169338 0.5906366207891967 0.7709894145016205
5.944927488420081 5.526941836253034 1.900614091680958 1.193461505379309
4.89751524143775 8.565637817815114 3.867608078855775 0.8573310255802506
1.649668485664358 5.09242619938076 3.498324564040635 0.8732357930596504
4.505913119305882 7.503731925458982 2.366508020753795 0.7294673440026612
6.698260967908418 4.842334680482175 0.9528347365930835 1.223180634088575
5.471170464253324 5.156946222655202 2.763747346282623 0.8559499034126173
0.6301927030603672 5.477072408183868 7.479807728719567 0.9551461636119783
3.716028213775298 6.33828156224779 2.510340618090859 0.7278488410179159
6.495473357551333 4.332480939009407 8.635581563884914 1.32482815676648
1.590481069690103 2.389986370186898 8.311874585703324 0.7353147844326925
3.523562015405996 1.955420680507797 9.992400039333152 1.131021545869769
0.523140206840953 0.1764736677681678 5.308684895793303 0.8858867799169415
1.867768108589991 9.391149129605727 9.096288605018328 0.9049770484972149
1.98720621528486 2.811590462603629 1.704705576898861 0.894863520580801
6.837593693116617 4.447669700464293 9.823305896845758 1.02172607347471
6.855698460459463 4.64938438732782 2.347871636116353 1.441233046316496
3.313852979229815 5.456257859088624 8.628160984637534 0.7670207136683483
5.71784979730394 3.817753684430535 8.049119262369416 0.8378503642933323
6.179677027881336 9.214042686254764 4.562896342255432 0.9017161155629871
5.261796648820098 6.866445543037867 3.011809453987845 1.209084340937729
6.406949704270904 6.071564362107924 0.4574074363698311 1.29680752460246
4.111527930930846 9.733015439195766 6.720448952889611 1.338819069158216
2.702439814670723 4.601060321704479 6.508248245682896 0.7133563077278443
0.7069384876862528 8.301138333706442 9.614835845521412 0.9148165217214885
0.08529834815696136 6.416445476862287 9.156958214573365 1.442267904689895
2.110759806209083 2.200341617760553 6.253731420067351 1.227441808830737
2.094868239680319 0.7894232446287397 5.333170156026956 0.7265292862213144
5.511009103847569 8.764598501629415 5.813821147739005 0.7248693709967891
7.080391888740565 3.679980986860044 3.090329637050691 0.9643866943561692
9.4230924080242 6.394896990036723 5.298047183925586 0.9369280425302148
5.926163507089348 1.963159596256985 9.36185312127108 0.824702753030365
3.604320373178307 3.337958934400244 5.006535966759182 0.8216363827645992
9.514857777406329 2.012780284510145 7.6637056485363 0.9200509776296036
8.132886723845255 1.375874147761193 8.330888904839194 0.7809345832485672
6.294714620707809 0.205479761822468 7.248228845909675 1.317537947324355
3.576392840779583 8.484356050145998 0.7381805862697989 1.419732019162426
5.93261618152734 1.901302926848299 5.932425931319257 1.225993679954249
9.94541789887433 4.405719602884135 9.936563215653409 0.7742503203271083
5.051041559517126 0.7616917282708946 1.688547343670627 0.7166654946132527
8.40677964014399 6.946409518843047 0.8092621440227611 1.393191753120198
4.024275586201394 9.553546616813753 0.9021860425946848 0.8044328999507029
4.345038806102647 9.928064306723444 2.028870829290796 0.7191969091451857
5.12685595447036 9.634954345404516 6.022804014195498 1.053833156178974
9.382479588591082 2.761388892293188 1.778452678816446 1.331980560370079
0.06873287955832752 8.659496578370742 7.66783732879879 1.305336271762482
5.575131784214246 7.031618518970744 4.85987862291609 0.9289630240060129
0.8892914987998157 2.937346804381548 3.433319425835395 1.214686023612866
6.669844611190429 7.083800485786692 0.6648620341475864 0.7784574939871838
9.703883371640373 9.567380086143483 8.421367668071994 1.11317635245002
7.372474671235477 7.25061708164343 1.220206428259637 0.8696691890666228
0.7898380947247474 8.880688943098431 1.989662301995654 1.534955464643243
0.5551400889489544 9.574203507738478 6.822719529476133 0.8935040848202586
7.11812044799489 8.665047944123478 8.93578198378118 1.399232071627111
6.099668551094976 2.910216018436592 6.459611571045472 0.927109924670044
0.9182336444475837 3.706288671336411 6.317823859590952 0.7293638110723857
1.882313673091258 1.256057436568598 5.999730599485993 0.7449995499954712
6.118689788869988 2.671417740340528 8.820480075069366 0.8533608259950218
8.477985575023654 9.35634481203399 0.729492585547018 0.7317889205164873
6.876565653534711 5.741556924253644 1.43036610930398 0.7770981700812103
9.392879939467415 8.656059145383956 2.228871166567391 1.21029978958669
1.855436797764764 1.150050102635384 9.045975297495746 0.9789554829823626
2.651547724115958 7.54743152238213 2.940983781683995 1.343981854578986
7.741918736547141 4.970108681396805 9.050101307846042 1.503561506644131
7.943753455391976 2.021687075737094 4.772970035859793 0.7998380193290221
8.061256590928092 4.949529904910725 3.656462728207793 0.8501174038770142
8.93430885094423 6.501228693661735 8.667896944245319 0.9496292095286769
9.874966603936896 1.835127965416 9.796120916638277 1.333985858878352
9.43422212965301 4.034822133963747 1.961999939018897 0.9891428046696917
9.871268072839523 3.447006654675479 2.482551692509649 0.737615116449115
4.724023376567878 0.6080051275869758 6.233997457316693 0.9513791633408355
6.741850399299986 3.319087230804405 9.498455964279552 1.272456561604782
1.204595934718712 9.787859894246198 9.519825735327462 0.757073667093826
9.37388315266649 7.98110699365299 8.185594547015954 0.8263082670648064
9.237700425854637 9.174451934130751 5.453016308608225 1.317436529872852
0.07797452217693235 0.7050454365700798 1.726515134348489 1.299118721650396
8.077860436789159 1.868445806595922 9.044666805324535 0.8212138829882039
2.624142184112305 5.338067716224995 5.272022779730724 0.8239385143533783
7.229376496868102 7.125235778070785 9.009259419859982 1.154006588421
1.530552080693288 0.2561716948002046 8.789572469439998 0.951066152932476
7.587894942200858 3.942668446088534 5.015315493305497 0.8801683650023476
4.825737281886545 4.868289413823463 4.131401805760897 0.8947105022756934
9.207232809746374 1.601691722399504 2.146200963013492 1.074283821204401
1.332532631866515 4.052224136581331 3.807344771766773 1.141677020681322
0.9366966202441919 7.30090858169574 9.67222556289032 1.074353706658616
8.196700162113183 7.495044312452884 1.899501130475919 0.9851071144404501
3.91314778316162 7.829601502589381 7.583521062919616 0.8222503202262217
1.715375446355333 5.217136139365508 5.603732044163202 0.7470296467278459
9.126678215941192 1.206990964539439 5.644377557210873 0.9337622296964958
1.827335625792434 2.652709689122489 0.8516124203759756 0.8379113787869643
0.1798483069350076 9.530400670596746 9.820762238219032 1.364849628074979
2.462165367154221 8.619658565881553 2.331492099962447 1.049641419922446
0.997348262280502 5.886934509014701 0.9153681147560934 1.042507572594439
4.155379259801477 6.052525652793483 5.032038716293821 0.8060341432970013
5.859851430136008 9.822899513914887 3.357590798412411 0.8176453431762365
5.546601288877114 6.254172648066541 1.20666708437916 0.8189598557404819
2.011647643363196 9.449432430049464 1.845846736253053 1.036434330017499
3.247850081532256 9.983111193069247 5.920876655854476 0.9500285495859915
3.353999836058419 4.707744469513489 1.214678952938619 0.9099347520959207
7.906315880987723 4.691461295802611 0.4868533644377704 1.336859327889831
0.8852228956911868 2.466956166011955 0.3310803298385046 1.208361983387239
1.8671083376378 6.366172686025295 1.021031704899151 0.8189413777591763
3.377103886980221 5.453532599257604 4.765547857944194 0.9712311139330153
5.569895730159245 0.4971338828063954 0.561983469511539 1.238647068749157
1.162115119329095 7.062516630192959 4.486423116787413 1.487668377780564
5.198613261837022 6.148461583485231 7.236967209609722 0.7178652439634849
2.426582492198674 0.1946846137936098 2.223289064947279 0.7322150524124245
7.793248549717118 0.8567521676362422 1.289157711943305 0.7134371165723189
8.959565967764433 4.462073785502588 9.57224014452127 1.24203297732031
4.865449028104746 1.467218135561698 9.857598387187311 1.486928666293772
2.758530905577608 5.098003369696144 8.165765031180644 0.7378674684754346
3.094259856713019 7.107502514346593 3.999175726509754 0.7820615707488917
7.510154463079047 1.592190842448862 7.556222394066777 0.8778750497239896
4.368173207971616 8.076600315958888 9.831419955335937 0.9633311985279663
2.236974454515799 4.68234190150254 8.984794358711804 1.262076976053257
9.774153983523508 0.1785354965627328 6.122793882621903 1.252740203930559
1.587598557330562 9.982206586402528 7.10279689128885 0.9630603442813386
8.115111889013715 0.9339281214034145 4.806737832259486 1.242183863719128
9.415222492287141 6.462480299679187 1.147768515748495 0.8997703303173358
6.996002032785332 6.904798178368148 3.083298674272766 0.7270041553318088
4.527594485526727 3.135922545830386 1.826362295100028 0.9496531679623791
1.344455491657872 2.125111033315941 4.137351931435247 1.009442753650124
4.331920288226833 9.377889267631362 2.724196914860866 0.905778325260486
5.494124505316097 5.567254877401616 6.791450352536875 0.7876595852936621
8.955829207842712 2.275736159642341 0.4145642450373455 0.7522417208482483
1.560155118117897 8.751014196805921 0.9996128335465394 0.8433569251989568
8.552426840889707 1.288008507807694 9.948984845889376 1.48213579983348
7.529000676330826 8.089829645444292 1.41298763504204 0.7459171071778702
8.002366682035923 4.231150062575906 2.892933101847206 1.17574551957047
3.556192890919615 3.986928671049176 0.2661746789973285 1.059339222022989
3.805417988865375 4.871066635265345 0.5193454077757087 0.7454170438887229
6.276299267949888 2.169067680589288 8.199221319720792 0.7439068121856008
6.657792271620615 9.516926067505418 2.604109516661771 1.353226164328581
5.491093440072863 8.849038546311311 2.956516932575882 1.334849823726694
7.205705655126213 3.587439949410281 0.6646470511647273 1.234633406780309
5.828989230206509 7.197295174386301 8.218710303205873 1.247899769434357
5.910691640940446 1.062771753859344 9.404136263367384 0.888768288618346
9.419872933187971 6.958877243888181 9.91878723823319 0.7134575002407321
2.646970782848873 1.030633019806373 8.364478993584044 1.08355434810147
3.967150986880028 2.190538094821837 2.797650943440525 0.7346112495766852
5.883071683173449 6.06530589410411 2.784494059428238 0.8190096340601861
4.834273443556143 8.687149153635877 6.18795289224841 0.7728508180647299
3.293900623471189 9.481148073547455 1.812983063567703 1.475714103475946
3.220497626114727 0.7581553070606774 1.908967645012992 0.9386975267232943
3.425976121120585 8.896167901233586 8.867972424681151 0.8726357065290677
4.115028317490448 1.440436278725211 2.47802394237071 0.8102471527762196
1.984095833930883 4.085571068126353 5.251380292102845 0.8790730886063973
7.320392181059658 3.071090287345375 7.425435193370292 0.8021301065386721
6.430602665452798 0.3222446453259332 9.740114995552981 0.9466199797803397
6.281553819266873 6.836989105290607 2.653351156142271 0.903242908169555
3.789664807146087 0.2177023213365559 7.794871534749384 1.005840986719583
2.758705029293869 4.574501730665695 0.3369543121423213 0.8872161710324984
6.224499297092144 5.087547367386051 0.05505116320312253 0.7596529348849614
6.124101986975211 8.103826118358731 6.305554515977311 1.283719014726471
4.604031866101741 6.17919843566306 6.678280149664799 0.8507202861834976
5.103089446392205 4.791553329185604 5.054787685383817 0.8490823287065313
6.063702525105946 2.033742403597443 4.205440177434449 0.7391981482350742
0.8170632930380084 0.8044123081489962 9.672691265644813 1.35622154732112
3.946670964575936 4.705951217733174 2.076980437010717 1.013112022657954
0.08627614244589354 8.682607450320832 3.129774436698687 0.7406707235493947
6.756008210733329 2.689842716354053 5.780018666244882 0.920656920503539
1.322498377325015 9.671005192251878 4.207061598426383 0.7590201401781564
6.414719951426736 1.579993123223804 8.782530993817128 0.84312882883495
5.820978212049083 7.865776100655999 4.679275264630196 0.7914170961638933
4.560609053224084 6.458492818755185 9.592483064069921 0.7541415190667603
8.593462909434157 6.387027147428324 4.878678525591812 0.8406060537277285
1.048897569134554 4.807941933533249 5.301425291988544 0.8497215341624387
5.752187100222702 3.781759805233574 0.4579515045622096 1.544165386606934
6.320281448273349 8.562129321626724 9.819772660299826 0.8447155935799692
4.197389695849798 3.668894232433627 6.041384061639058 1.133998132527024
6.934619981250708 2.132713602997087 6.750376053900393 1.270672530616795
9.924545715790371 9.822390501752754 2.899524809433442 1.511250371557158
6.114832467687024 7.736184481009423 3.346944241845228 1.258854556839111
6.225488611917007 6.524914429152587 9.188028330961734 1.155356069113557
4.63416873679912 4.488109386762422 9.737558943287713 1.373103824412486
7.803517138932166 5.644485821292882 4.612669437707553 1.230923334154542
6.724354733360632 7.747638594999389 8.323877120289591 0.8186112321107529
2.979658137199614 9.700872566709741 6.700265000916162 0.7533540451701025
1.000927567292045 7.598043046536996 2.066859832192547 1.002261597013051
5.433117701383876 9.927821254526171 2.128187150985818 1.259846343951851
2.548331711157967 8.618886630624855 1.361732239667004 0.7927330783994827
4.183047040868743 8.363413183444086 8.259310622118431 0.9248477228906821
9.203186822653578 0.6730113110722047 2.274504246526964 0.7209012254420318
8.14704693480245 5.537699462142215 2.514960735406111 1.394226642132826
3.363456206101407 5.678268499630645 7.746543854820236 1.005542017623196
9.962846891134516 0.9579633340362792 3.897919281980946 1.406476692248151
9.444053578908889 8.805250763299346 3.704526305432526 0.8775473622598526
4.144315614051418 9.609760328407589 5.447235962156203 1.093495767056468
7.025020049161508 2.33482987924216 7.840053514941861 0.8835472908068581
9.70653655939871 2.790990868385315 0.5662573129162041 1.035208683824614
7.597724629232976 3.777880268077777 6.680981725828807 0.8839532880323846
8.753619589219433 6.64302904041916 9.639803379555181 0.8261047303396971
5.969435671856451 9.492005188232918 8.281779925772224 0.9765907920482152
0.6282490655792872 8.079247389427419 2.919816624394305 0.8812283918973896
9.907814661348688 8.178508214538628 1.302284174870678 1.001169148575472
5.496822665052411 0.9761170318685775 5.649368933686977 0.7529311558469166
9.517587123977274 7.26351501471129 6.141422126427601 1.288960561231804
8.90284942200188 4.762110032613941 8.347149187784883 1.149155646637673
0.3355345420661626 2.769662661137216 9.396379047030175 0.8426710694323173
1.709842984041864 1.569641784457049 9.958481628168645 0.949508799259108
8.320278533329448 7.229030671712113 8.933148072085284 0.9302798897421568
3.232657131315795 3.663938945737071 1.276342005063459 1.096242029102072
8.243211630782497 0.2313985197934354 6.672285665218117 1.055521419521936
7.016056293804448 4.807236205224189 7.852581232050151 0.7346116868279716
6.448337098244317 4.726291542308326 4.065704184378358 0.7439597997724547
7.164237634825387 6.208526490175184 9.565301684399737 0.9139853647172519
8.848047561109684 9.356756043282966 4.240716816436547 0.9152465588063267
0.6033065087481593 6.851328301229281 6.700521054073532 1.236770225630389
1.177371228741581 2.172677261850381 1.605592685418092 1.06245263827174
9.239626639483342 1.991514667190784 3.893691352991886 0.7141084786110791
2.433807773176074 6.127513903002737 8.387318535175192 1.314203557517942
7.873265789004998 7.149752897213432 3.550965524544984 0.8772845046217634
8.751151599815506 9.895367709799142 7.496144450876364 0.8836985300704107
7.394359061089983 4.260567800311664 1.400177870482741 0.736023125695984
3.127300844370021 2.324542075061979 6.386930427738935 0.7828131446923718
1.810244203299835 0.5629804741001588 7.919750995581071 0.8992990469720531
8.614926664446079 2.544203782627848 3.544015383110879 0.8687619135973348
6.532182699722563 9.783535786572124 1.139723013329238 1.374684534964153
9.98402273307495 3.681780262674066 6.880855967254325 1.400931116252826
1.436449579913239 8.98592449964741 0.005701443113086402 1.133462750073716
7.092847441037927 4.514897985510523 3.522879364477962 0.77664149121215
2.072170349382344 7.556230846675008 3.882771568221559 0.750116468019095
2.873028568898308 4.338404164671493 2.169640411257645 1.177139437144627
8.562248054713837 5.314908931813605 5.772088088023917 1.565412119065682
6.821486833531395 3.951956516414587 4.028245431201352 0.7620915195588417
4.288761146434012 5.234646859989859 4.948631245549386 0.7538227677109945
0.7461196357679545 1.360531486492862 0.8740262776599496 1.13987033059507
8.424531900100851 2.360269136442092 2.515132332208606 1.160384202872041
1.548888018442582 6.004091143750725 3.912089181616637 0.9806954746286085
1.779197553333405 5.829720676896159 0.4058229818524784 0.7842927892991539
9.688696796408912 6.105428148724206 3.723409915675497 0.749314627397437
8.780736987818772 0.8308316382374525 3.986818544390411 0.8058235100620668
6.416333994623548 7.614074226467966 5.294656376160907 0.9332610976547314
8.76923553306758 7.899805577709197 2.497238278961391 0.7615913641305961
6.207557699831231 7.751513095552323 9.222465028643407 1.117784956733298
1.040340326375101 4.295685743217968 9.692529189720977 1.360565563356663
8.185275455014548 9.755913325134914 5.013426423895064 1.109541144094803
4.861520419404568 1.694479012114022 7.085910713418538 0.7192080623610924
8.337312800679255 1.704572334493332 4.030781620918046 0.9396943005243168
0.07950824256538924 3.63535504629401 9.467305835965 0.9238898263900339
1.075982065087249 1.964591240595628 9.10764886425318 1.229571325083881
7.092512573502564 3.120556558374408 6.591615846678891 0.7155996982406418
2.486645625262724 7.141132011249718 4.827916630698101 1.004165653831912
5.078266515686798 5.899107147915876 2.620434362201985 0.810102425586149
3.807955471331438 2.609618097506432 5.74787741120409 1.135171533090191
4.650621598270196 8.861457583937998 1.659308648377026 1.455157063077678
3.95889911943665 5.183825405416094 7.148012436099727 0.8178253344523148
1.131454852311027 8.009457846398771 0.3566584642261772 0.7649676020394695
2.519885165959414 4.609013534935644 5.685818769480163 0.7330972976151061
5.522051122596443 2.604738337619829 8.205714503394049 0.8314406642850156
2.354529057110929 0.7176477954468696 3.090203542230792 1.130042178426766
9.214380520165514 0.3798493224266342 7.012627130404934 0.7337956379116943
8.051714575586978 9.346415854338938 7.253607215747808 0.823144201009762
4.830662325853004 4.584903971281328 5.890190899671442 0.8730298303242681
6.466875996095435 0.1129833039591754 5.070095514202334 0.7674224041181957
6.177488969938937 5.589806374422232 4.24862657044183 0.7255797094267155
9.257387155119277 7.404968468504261 8.972223859609752 0.9098179406781253
9.543514462346742 0.9041203140699218 2.884918705522976 0.7145527900323393
9.912457376116823 3.361352582304301 3.275768284426751 0.782478843724249
2.148990646512194 0.297665232637454 9.869775609740495 1.419079711349963
7.277458985318424 4.773879023885354 4.288012074969684 0.8370804468366275
4.768433512229228 6.700271379792418 5.504357893917381 1.053843350142493
6.050751275843287 5.164247547730669 7.640227193255267 1.307535149805106
0.2874249049469979 7.247551930743454 1.43825207111781 0.8189352865079218
1.046600997618781 3.184686852199884 9.580331718551935 0.800958544026921
7.087054331276991 1.268705762500869 9.668487572104453 1.322014705276774
4.563581064978028 2.26875322835601 2.206636639139098 0.8868579272278597
4.92673180538528 9.981127533017204 3.23284959309711 1.001280773305365
2.784995557089834 6.206203433879572 7.329804467834531 0.7263633638762383
1.502436745230685 3.398866183160982 0.4007201954548956 0.970763433897506
3.387990328142299 2.267787559236573 0.9534673030961972 0.7758058161706964
5.511525057366195 5.971788981253626 5.254728378835471 0.8243486786844273
9.97916720488384 8.163857734044598 6.681653366777947 0.8508103747413536
7.846074086023712 6.316582205446297 6.646649542481732 1.343238556822243
8.054618494019415 3.003326077747119 5.771074294354495 1.578017779122285
4.064335510103997 3.130684635485808 2.945315500221951 1.102765174563094
4.215298191748945 5.620898242192435 2.345551924264374 0.907012646005658
8.619851229306478 5.640521474626822 1.212966165860244 1.32364398773334
2.070625830465747 5.142059542270648 2.567259076869512 1.137275675571691
1.81734922517973 9.37636340096082 8.030591355403342 1.176594502421276
1.964535229265281 3.546296529965554 9.514359131159837 0.9335365773752761
6.773582309361527 8.291458169747813 4.367629105845305 1.262870283143501
0.99610680151485 0.9213931527019181 7.377465448303689 1.07346657178126
3.844911302982711 3.749354001990712 2.071751786921636 0.8751465090316941
2.630892144773243 3.741899812636813 8.670927362726051 0.7906820717369989
7.616613590237706 9.05790392556948 1.035697704971291 1.139014175498238
0.03874475974599889 8.418054260300401 5.075884251643723 0.9297228515942345
1.406376280825279 5.810041403053648 8.047900159790863 0.8761924854154931
4.891376769682526 8.971069711993847 5.408014993669052 0.7186811065029264
3.16358252704114 6.311388662119056 5.510866125188174 1.29613355264945
2.06600480564256 3.930892345227132 4.410651360943503 0.7278845643302445
3.550567783497687 6.017143060659127 6.725247961182018 1.13518799708823
7.784720823577016 9.948848196334035 2.920707195051641 1.084336776311423
5.845115948116944 8.61131516641073 0.8660093325973828 1.11282969758366
9.128121445485116 1.673445265097009 8.720601474669767 1.220454420950121
5.784114124501634 4.388718246877617 2.644353825963606 0.7864391982538136
1.084846201112997 4.740150110615088 2.947899659684331 0.8206680254820086
1.333749592815759 5.613394403496519 9.209004651807186 1.322372523707502
4.236950834566521 6.116690597840391 3.287654598036711 1.107168932353811
8.745543845425189 0.1912422308519734 5.84823100043349 0.838677390486633
3.480821036415849 6.330604533985482 9.282891571367156 1.385366277229709
7.419945830112578 2.130903650829469 2.000786932426035 0.7416962750092031
1.870715552445468 2.605839925601513 9.853809636686975 0.9457742160045693
0.4232784379560218 7.702168665218311 8.594798328201934 1.382241630606452
2.4922817094028 1.339206511352161 0.4508175484894817 0.8971760256144827
1.226838268945507 1.674397361271122 6.851526551843516 0.7809986943296999
1.321463491534036 8.654026953718537 4.75500733554594 1.470905681098008
7.589532195614302 0.3888186453914711 7.751472106079729 1.362251611323963
6.328091286719628 9.528925339111261 9.186905276576454 0.9287309083990318
7.790325227016504 3.112670294907516 9.045459241202762 0.9180538521413528
7.610410633627581 0.3527847772346437 5.782437867117675 1.096629486190847
6.986374120489141 3.243249184239743 8.341915164756546 1.023462960057643
6.094129971220256 1.137642208372651 4.806452710710198 1.298631992913714
4.313624929655155 5.955433350312778 7.521231285659616 0.917519039736162
4.364236618232844 2.423764253924722 3.690606734287465 0.9532845299406394
3.775860165732619 7.481539711547002 4.901090596786669 1.535748893309689
9.597777711839969 9.458313554946416 1.140274759807475 1.45166809776432
7.164112697985143 9.306547829927023 4.872399395819358 1.076526338905142
9.33022760624023 5.022150309247086 1.796277273347906 0.7533843969222955
7.069737461835873 8.408506035179279 5.533050224789834 1.051835000087823
7.572254300088231 3.301211914791889 2.012551336427212 1.469748190670655
9.738603556814454 6.160867161385924 6.204550844835376 0.9161075973717749
6.757338306548494 8.834256395215457 0.6177505211035429 0.7810695332177651
9.591839537674437 1.714161884104872 1.052472111826552 1.180274588816991
6.248205539615104 1.360466153914125 3.413574003951819 1.240344704114015
8.385006541135901 6.313992110982377 4.088315637717376 0.7636016178824286
8.998078370234047 2.929277319261451 9.358401801594797 1.545990640590418
4.937077834650103 4.958734243984786 2.027202472998825 0.9299017926128573
9.453030142908737 5.964155870075239 2.127385426835377 1.164277868698667
4.595959200907776 9.779806302281209 7.699997970239357 0.794904849531152
6.185849477253544 7.762535599138639 0.4114309911385983 0.8120343715621622
0.2024026953403702 1.907886034636233 1.946024009106921 0.959576356154452
1.332958178860552 1.137845392677384 3.489441074170859 1.157644422101698
7.953410134090336 0.9489528809913496 8.995891278163 0.8087223829891265
0.09812596919688832 4.688379426424691 7.845340658716777 1.019827963146312
1.709401496307639 7.736470203555816 5.291357695253558 0.7389801676149045
4.206955789150048 4.193802120783676 4.858402779453789 1.25179094467052
6.309667834577194 5.298449573263817 3.320467695542358 1.055485895692501
2.607053174199328 2.308499020635334 0.3951897965603046 0.9262563840538713
2.683891578282886 3.134481274787293 4.786004286296428 1.012204145617999
1.845555658850042 9.743900623629324 3.385764718423926 0.9400525902804406
4.845418031879949 3.570987788552024 8.018884324540561 0.9223452074146149
3.569236851029913 7.124730712425206 2.316959834271652 0.8657394792680444
6.839353993152773 9.672072723167572 8.31077360546681 0.7290168742314111
0.5499320688814313 4.48367017343018 6.126311047554765 0.9584274065029198
9.570134977076169 3.715944265783218 0.2214274495148527 0.8630510524657641
3.610822542599764 3.415690133862528 8.111146174741922 1.515963625000041
9.750554479593552 3.790493897970308 7.973799549880627 0.7925221231372032
8.473085400723923 7.30015618602858 4.430677881009235 1.107692934939859
1.031663914315695 6.354171794438864 9.99710444614292 0.8040562992765901
6.401699667843732 2.803592174865865 7.437690152577276 0.7932106907835017
8.960379202282377 8.476213710597305 6.357256147924607 0.983109058709887
8.869877129133105 5.662188152364886 9.334187433645535 1.118499058638913
6.583221974864902 7.825235097984836 1.168680863385971 0.8684724779589279
4.960488591025221 2.999564090695658 1.089139158476615 0.7160622788502228
1.563348997288948 5.186224710176885 7.311116011899663 0.9163064109657743
6.273136243157878 5.987837866894668 8.310862948854339 0.8126524653567697
1.992027314383819 5.160846070810364 0.944266354636184 0.8111986237116892
9.616884221895905 4.066877259685445 2.839758823881615 0.7253072173806107
6.791156852849187 8.475402907101621 3.078302100321128 0.7686509678096128
1.110774182825076 4.146673795793522 1.558991270934176 0.7306934367340148
4.43015916873313 8.885276284287656 9.121491419536769 0.9199631326196834
3.121696641404278 5.092999251572095 7.035748505573634 0.8466319196292953
6.510208821950338 1.405009112556648 7.670270311320412 1.12958119488846
3.314863387339561 1.037800665354479 1.044169775420686 0.7804123314474407
0.1866346603947178 1.23687825975241 5.228349746272094 1.301985891754416
8.671927050947692 0.4966254599213039 8.362331335552827 1.077829400909116
2.037670987327437 6.039274550225318 3.065779583035926 0.8293093177077346
0.1441959139847149 9.503294874828541 4.380155232327162 1.47268456512826
0.6108840004772865 8.737234264109626 0.7137190677073224 1.008292949050138
1.730968083981212 1.197281661537237 4.451144702171721 0.8485292167962815
2.367897770767146 8.072865841894799 4.725126277841764 0.8497235093335508
8.490994505186869 9.303831606163316 1.53038489382244 0.7400616914185324
1.298078691878591 0.9454012795323042 5.358712443479143 0.8542260853051834
0.4240472293294772 6.557466477496981 5.540959678259063 1.087680761681966
9.783199420273291 8.424244125045037 0.223148627843629 0.8730250103470152
2.544870841075887 9.576501994224287 2.76454244355744 0.8229141154645612
1.818164343977679 3.349542452765701 6.796200347525825 0.8118828321693451
0.4627241789975378 3.933781197845691 2.067133669779023 0.8782973543979637
7.716098934379592 6.76199243617234 2.610173067128894 0.9711606014742499
0.5536251763253852 2.850748795955852 2.236156935434027 1.068500746142472
8.38712946625604 5.721243656318788 8.249334128667828 0.9622031557646065
7.850077791733305 4.240859955812569 5.800930314210075 0.8340216437082902
5.399822090454826 4.490975326605393 3.366271630249339 0.8241798948940574
9.12561054761967 1.579967952275598 4.696984886845189 1.033866673799768
0.9290254774500462 1.021177528348088 8.445349489884187 1.024076884296286
7.840700882595051 6.534305824030751 5.430564330609029 0.9751908464592844
8.988629246921281 6.00243543077509 6.746463152801139 0.8904736307869623
7.595467703279981 1.308432596240604 0.6439829883123627 0.7925771788142465
4.9048984266703 9.519353399205556 4.762929702519799 0.8285587465879651
3.666159639768689 8.220245558888031 2.400931285339933 1.252565034024904
2.605268629598576 0.07110710080146188 7.545837807738759 1.075981865267585
9.745010022077125 9.093630821743357 6.597581748817274 0.9813895868925219
5.503910197064802 8.154302988772454 9.923445689488677 0.953013841401073
1.659718621222361 1.815573040691586 0.8564854393378885 0.7865576811980701
5.715705881147469 4.389858341599363 1.698839017302041 1.055001044729423
5.322870865374926 6.110211073294884 6.110549696182099 0.9059803844510284
8.994063325123161 0.7819150785536633 6.393070617360206 0.7384290746966599
6.393777852605767 9.032823559522452 3.607881262250712 0.8314029809012053
2.974744842368365 5.764185754820762 0.6109281208543116 1.531315631665167
1.277329485567821 0.3293851971994311 2.408368154255474 1.453645737989576
8.882354325537415 1.673467141538311 6.328320159428332 0.7133567990613875
9.941496322414313 3.210449323239208 8.628027689076395 0.8489210657209342
9.323789822524278 3.074848499679109 3.864644489917237 0.8628312324489102
4.26775231340915 9.391359439271341 3.890858308239946 1.162811131510084
7.001855994825411 7.602656030950209 6.034177088106622 0.7151773851623414
9.677754787343776 6.922201406509402 8.16718171441039 0.8675102803068938
3.775221511279213 2.97723573587635 6.847596200000106 1.066659265206971
3.097025757171516 6.226872401475418 4.479222417589039 0.7324592421647548
4.919532229494093 2.664745029767281 6.324358997146182 1.327484348259768
4.097545860224093 2.230956303079505 8.763879230443312 1.225373210277379
5.551826948521142 3.545997649837624 9.083088455568676 1.222065768672102
3.400033344897069 8.820529958652886 6.634944469862554 0.8449509818863671
1.504102667887572 9.89492708571653 5.153136844623447 1.078404301471575
7.463643421089375 4.883299482276124 5.357942750952041 0.8707949973797084
5.143000297856486 4.640540409139768 8.480241149367901 1.309824741671314
0.835706618166362 8.627503704604099 6.572655521177921 1.036475228708915
5.71196420880919 2.131090243169051 7.164733562204967 1.158853781650535
9.723916335128882 9.757057133131372 7.360243364113048 0.9693850964735173
4.804900481678593 9.080336979340084 0.2618254606139414 1.341499671972176
8.563531104769117 8.130708379470853 3.508491773440518 1.30585591992343
7.744598360194996 9.927662184689565 1.779236830557989 1.12360978147181
3.168733889888933 1.166719251237514 3.544750125801448 0.7181385824506804
0.5378075857054188 3.970039023529818 3.093994374493268 0.9493560927400416
1.960789869229346 7.191827125202612 1.389869905308553 0.8633100758285392
2.787431470567139 2.413828542644648 5.428249162177011 0.8637220524223653
4.715777978827296 0.04168927916917475 1.20770361456929 0.9632923031265871
9.537282892017645 3.986661706651164 8.782919025815549 0.8677664608019732
4.213042046679153 5.616491203680686 4.187206608865642 0.9153704146263565
5.021710156872079 3.84771537732019 5.468790691541616 0.829172490098031
8.622162163112121 6.259084700543292 7.516779227016902 0.8388535172778557
8.118825186902983 7.611164097819297 6.036557208885474 1.454380684802615
0.7812120510929011 4.619422647314604 7.071521455923133 0.9278585459208142
5.485182642316654 6.481406300090369 2.050957389170942 0.8575518323794897
0.1961267754539087 1.45616901307357 8.813173282780753 0.7884086161143107
0.9735351501330736 5.618971195840929 6.331423361188919 1.354768810723676
2.697510281446676 2.788962805539799 7.209325041062662 1.159184820944692
0.1224926860449815 2.416415379885626 4.450544612693633 1.473308935001266
1.788730088398795 8.131944643915251 1.693177000455163 0.9694168995643462
9.291127516641616 7.312644958497668 1.790144118387955 1.193055968491299
8.707161636989738 9.342325477197226 3.219564568700912 1.105304157146268
9.942708780017744 5.582780774520601 1.014976398653781 1.107122984615976
0.4119764234937695 3.484244905913501 0.2671801009631358 0.7977492397145436
6.535927260134036 0.7092570390894704 5.882332499002642 0.932778043834266
5.608782908977921 0.5683711816232817 3.860944928471893 0.8681371850466806
8.578800938432858 6.514276760670779 1.945951353285559 0.8608297332260779
2.150837415032022 3.656173507604727 1.353101106068536 0.9151125012895569
7.926781021862157 7.919858487214998 9.216817742522085 0.7161099012044819
6.129754583266815 8.524648350497886 5.245206799610183 0.8927435985053763
0.9257764655091306 0.5441164537297627 4.530772336653014 0.9108700907002285
3.471416539344376 2.122099941500035 4.502192775220515 1.45707406414052
4.157577805672938 0.868807525656955 1.86508036890233 0.7374487709549004
4.565221323874682 0.4190320149178306 8.212058047543954 0.7470820332005232
5.528172558359305 3.182969028749748 7.344979181494509 0.9622636460611865
3.388973064917365 2.957189090924905 0.5097507616894548 0.7965616595285891
3.396751128875879 4.953243082623272 9.559979759249073 1.195082051987081
3.694448732028578 6.520644889964847 4.082092388250594 0.7898116546175259
2.552927973850051 3.602634989488234 0.3992887165718651 1.053332002444556
6.866119833499072 7.236842726867279 7.191926846681736 1.505701492426208
1.367445123277987 2.469519731410615 5.577773687215364 0.774981772247327
7.607942198242348 6.352054451923748 1.621468220972582 1.117609385674422
5.049948212091342 7.939627071241591 8.909471429466436 1.227279891456191
4.05118537030463 8.011911784670014 9.016019865153719 0.7170167557280306
8.112593355552796 8.494034845101329 4.823633247657283 1.374661412166611
5.286023596784748 5.761446987376891 3.581205691054048 1.118771724910823
5.335087650361359 9.343108631554646 3.974949984665522 0.8942132778298736
6.945182258159083 5.511587743729986 3.996231460289541 0.8130002772533051
3.982994691222161 0.5218837073687022 5.677797571889214 0.7817263182813754
4.709423109929209 5.339426463871884 6.378673585449506 0.90775740917349
8.97293991066938 3.489436319788495 7.472537907412018 0.8353795178832981
5.425379816294626 1.437199130274235 3.98760028673999 0.7182106301806689
2.318735143561265 2.985809042061366 8.244049976607061 1.020998858661197
8.690306131526009 8.317717971360862 1.108298328688625 1.396757522393774
9.258204632174206 3.318239532874289 6.02785365070778 0.831740808573682
4.029899710826466 8.32271602616143 4.042155225314167 0.81868724074717
8.332023502660041 3.685467219428079 4.723924785232836 0.7621235595577246
3.736854670336292 8.692901839363987 9.628937481436106 0.7817288063782023
3.300496772413576 6.865213666966186 1.246341496644472 0.7327945036904077
9.82033461242829 7.352889937677979 4.899064045751875 1.226370060099987
3.936315481597967 1.569443999278363 3.438908808428871 0.976487572592267
8.22544282946091 9.534749198654112 9.756721714841442 0.7408561665685204
9.166543911750892 8.827368954935887 8.164825776622607 0.7170710487894184
0.06851867627131858 5.880988398144519 3.038581113940099 0.8488491742983875
5.358111276289357 0.2341072084089846 7.92103220848988 0.9196203597531146
5.034409657096018 9.074182406189562 8.326901280643872 1.01770821767793
6.807182650346021 6.756214994656429 8.229699613259301 0.7174909339247154
3.348754340198725 8.282881247765392 3.464980237768812 0.735902270137837
5.888264142327538 8.956119710440355 1.850999448901983 0.9139023362599012
8.794308397164363 5.281282172254493 0.2122992709008343 0.7550682552844522
1.09225287728013 1.629770264569482 5.977866592105916 0.9066992811441442
3.225917500948849 7.434359916486699 0.7392575777639043 0.729625341218575
8.989150421051686 9.608957881442628 6.541394768245583 0.8041764767181979
4.093745001899983 1.60032791327181 7.84689160024201 0.8260088556954038
0.08855883123073172 6.077763388953609 7.066079187771587 0.7231118698068338
6.814500499490464 5.360729893046428 8.326529332043748 0.7177797685420169
7.18030136989418 3.209942209330814 3.902572355817498 0.7911658172502165
0.1609786921532441 4.174517576371817 4.987322975648393 0.9115321003051478
0.01168822325929297 1.475988754195116 6.639754934917942 1.530045693756702
5.008072966876554 0.7985091587934413 4.542111723119872 0.860696553829011
4.928184508549696 5.829680279044642 1.730971631947592 0.8699834066631225
1.310019457653639 3.168581025468344 4.738343734582377 1.343112283289802
6.081018189578539 1.552013484304308 0.2401611667556158 0.9646890739288365
1.006364767609367 0.5028467867497677 6.270008478260805 1.185351284433702
6.341138108831859 1.154598755808193 6.66701750860847 0.8224744214130678
6.541955059858678 3.892142472532323 7.23229780099871 1.38719155063439
7.25473447861603 1.332345893657752 8.418032500745314 0.9259979626566888
7.049907330121522 5.943561022242537 7.595595238676164 1.16267658575657
7.410974914967573 3.856379016189288 8.873811952623862 0.7516970500563425
5.609720515457898 7.727270361810112 1.971568397794358 1.507384589775733
4.603960618384535 0.9496531998473223 0.9204109281762496 0.8918422099067213
2.653204641256688 1.371584455380589 4.643088299364504 0.7353653354273818
8.708282474431666 4.030954432592011 5.487099412732085 0.8582875409534692
2.943715862491949 4.298579414112972 4.820678640112976 1.221418656687814
7.398026879677198 7.438799558685097 4.985428551510598 1.072846507798626
5.713064182653345 7.097788546595102 0.8805836646425236 0.8964736142069347
5.181630215990995 5.990555549379165 8.279886932700508 1.32553921617868
7.807935753914905 6.7241834632066 8.075636389088571 1.136624977618989
6.755432504821783 5.285631095737162 4.800273290979787 0.8159452589363702
1.622181691972885 8.482778863369997 5.957910423032415 0.8501488989676592
1.01211397164674 9.0201557294503 3.41642565726233 1.217501516182499
1.679804566061516 2.857220116328899 8.979955285257301 0.8396039154043458
0.6523946021093052 1.869799078555319 3.53212614331027 0.807821181596643
7.674108918585181 0.2069256190915658 0.4212362908775703 1.396290892081918
7.936618899786108 9.121046133771751 6.127360536223187 1.430360065706538
3.440200903002387 9.13356578857656 3.118779839063454 1.062902516992057
2.612691074963279 0.01839964409002138 5.007147408201415 1.105512518624219
8.66631260920715 3.530271003887987 1.982776524367024 0.7213036833636325
7.209481059207723 1.641666830088724 5.52524243611459 1.375140099897014
5.489346475333625 1.030121010214329 7.087123964782631 0.954499130709254
0.5020870902174279 0.08106998352871875 8.855487350833393 0.8419950486712502
4.989714312063369 1.691214505176673 3.027903036652487 1.236021436373133
2.824809092767111 9.82414430883118 3.805420907351039 1.129278193392726
0.8002581674351739 9.015385092123266 8.738787572187176 1.267010851788506
0.08789483108818774 3.611806504185359 1.179189779368384 1.110134997058668
1.135975405089107 3.239439756419876 1.369451711781695 1.057536552960708
2.722868737443287 0.7635424713875383 4.038864418384508 0.7299110668137077
2.133612533063484 9.371348356092383 4.444199732418953 0.7383610765295143
6.632368443230645 5.102221886105703 5.650942408404754 0.9068644862611256
2.197097655381429 1.168318877443282 6.994217219159764 1.264102712255907
5.913602296416149 5.347047781548163 8.690716923215975 0.732354929349637
3.993972584605272 3.048045194249511 1.047536900946003 0.7938720888377659
4.607092911183078 1.549744844220345 4.164554501075757 0.8843086478245531
2.254129093709769 9.376487649155871 0.8306862469969367 1.017648640773752
2.177486323027735 6.108102549766929 4.781321244415174 1.099178698943846
2.204752588447613 3.055900502057045 3.708286628734161 1.306783826308874
6.799485630281003 3.853134277391257 5.870282732918601 1.329384197300735
8.641324645951999 1.264303172113038 7.314914949550715 1.41593940669228
2.73682954659254 6.853472964513406 6.602477566554004 1.128294486604023
1.350063638480885 7.990251762065246 3.71377965944593 0.9101324496749122
4.054749008512695 6.860940436280062 0.4633155797812394 1.318908738768209
4.834671341624299 5.530793678183774 5.518795747798554 0.7600387854347999
7.115372460551395 5.331471129835593 0.05565036102736621 0.8337441916722838
4.531143365037419 6.490273076806695 2.226050374914788 0.924168159962082
3.201319401544002 7.709055960427944 9.608404847305717 1.368070546640939
4.427108543098644 2.078927334586314 1.072111916297471 1.290557732405306
5.770568790378133 1.260811705981893 2.254438491205968 1.067644078946238
0.6088148520107141 5.627100886959471 1.815291187370962 0.9380764283896064
4.760911858766973 0.8360632140486203 3.643238566129221 0.8750114860816304
7.959438242351807 3.146258434253382 3.273884684854518 0.9589791404086002
9.196410018260586 5.455509212786854 3.254123539227685 1.081448506480004
6.407938522294748 8.478462347512682 2.380352098600116 0.7754582883746469
6.627942256690904 2.419477347973792 1.936934365580721 0.9039319579446631
9.044530214393841 4.261966153705073 3.811412842039594 1.514270697257477
2.910164330743641 7.914704152464078 4.044994102600139 0.8293158769079393
9.865230871923623 7.632035154370389 9.671524062629395 0.9440921853832611
9.024756887900773 9.02680643181178 0.1529768398911713 0.9402523471783882
5.22290656973829 1.427069860113188 8.33347901749349 1.556028889915422
7.754483123921723 3.972071329972098 4.043792889307031 1.054946039042405
8.980333534857794 3.329190750337303 2.821491990361917 1.075562998812222
5.267843661056134 4.747123108103239 6.675006649935651 0.7713226294897839
3.442841817744955 3.4868136907778 3.964284541538684 1.271096086367298
8.30302304280743 1.99499017046304 1.270271204461141 1.393999409962299
2.126672938660248 2.407254061598667 4.572815943224861 0.8050529365742088
6.557957477381199 5.436126237359354 9.299991580063402 1.000178723371178
5.521317352705708 7.063763198511531 3.974278355321527 0.772301155106358
6.285043762922423 3.029068420549998 1.316107837812205 0.9120200147249018
3.744462475029095 9.383630760454098 0.06570109319552375 0.7148222936290894
4.324594582815701 5.674923581898526 0.1121076587155778 1.13334399888135
3.157695463304608 9.863929301736677 0.5923884948331593 0.9691669699118327
7.089514935816187 0.6657026310316561 1.606386669580943 0.7948431849360295
8.958488905851102 0.07002607287969087 0.1565327669935956 1.054346483512016
1.859769344705495 4.90669676145563 4.545556121345783 1.249428317537931
2.010923375832352 5.23109495865332 8.050859675738895 0.7333721117659626
5.868896493900452 0.6670786618484825 1.526056692534779 0.7671675593315315
0.6519603776189653 7.858677241279491 7.08793749884503 0.7845427637060211
1.497499747819071 3.759461871497351 8.61856407271919 1.019897692403172
5.252404501270784 4.215441739042021 7.377920859447725 0.931268878261955
1.691769643128413 1.049946266862909 0.6529762715431831 0.7478758719385984
4.27555051339328 8.605357064249359 3.224004360796601 0.8621563288327934
8.831930187308856 0.7062470494709583 1.237249873653562 1.318134781557354
6.611515452742093 2.240571458815834 9.732820508147428 0.7824389421115364
6.382750120611947 2.264981443567051 4.959631017114713 0.9240626914185203
5.752589800552776 8.510200946632466 4.007442789082987 0.8365888490523509
2.564038703919503 6.87097187157455 0.8975540814937745 0.7922447205158333
1.091555833544358 5.800057561164526 4.985669212439342 1.140129010707522
2.063985840671344 2.840265796063828 5.411535879901703 0.7307224004057055
8.220414034151696 4.613089004472023 4.75044432892139 0.95976303466727
4.589460609764225 2.488495192890043 7.620409858022025 1.208235619635139
4.296238959070112 7.199926262376126 9.282890183924398 0.8934464759287215
6.773573618826152 8.700867181438452 1.601213681879247 0.9574658911381736
5.020737814236216 5.59895996006505 4.648494635062093 0.8497897371871497
7.360764464856193 6.718719986655882 0.4083136934043508 0.8042425330611582
0.9825225538102245 0.1280096989617718 3.563280532567116 0.9186662874799264
2.715635261039295 9.01636686995155 9.763339089734254 1.331785403328116
