0.9997720297899604 9.168705447669829 8.3276111178501 0.9228338967506889
1.477998002096826 3.514402082670705 1.95861685421044 1.54306091850773
3.167049254287486 7.117497234706371 8.99476666175331 1.281373357584527
3.721092358283341 4.45538574841135 9.389910984757092 0.9516954263606822
1.563662360302267 8.751196461254269 1.759421388601621 0.8518339708387036
8.377668546297656 2.726360793060914 8.413223179860136 1.194402960259296
7.188326770965791 6.172409677303802 8.428796314091365 1.187450857990693
5.820975360977821 8.468267926176569 2.17619458222983 0.7880153485537006
3.735394606853287 2.228376056629249 5.211762405630639 1.182628325177199
6.140494895021973 6.287980806788186 4.234295032068439 0.7328125537994149
6.705216856468732 3.163357467868742 7.897904416588478 1.012728761412903
6.322561670594913 2.084168458515261 7.531601891054504 0.8166869907250702
9.878938329398132 2.483096600247215 7.519249102661589 0.8223704511682978
7.70410073969018 8.404363534150527 6.00903577330192 1.32762676060867
6.209420695138272 8.00363458249082 7.252788613821384 1.254681496885524
4.837105514537011 7.929494771894738 1.768518729936556 0.773980795586382
5.590223479057635 4.554163592313071 8.846329275935034 1.488419997869162
3.743066946396616 9.065504224711765 4.725568713573681 1.561350482369243
6.738334581720121 1.628137098522979 3.768486669075467 1.338149243092931
5.658634757737957 5.896290628717137 1.311074043310873 1.066434237794952
0.802055737805184 8.871487990024193 0.4266848803435097 1.036914408886637
5.028597988188364 3.563115215404236 8.300701729433582 0.9138966349444292
9.544549756228255 1.354227439141163 5.947591961601415 0.7952936480353511
6.462184348259465 5.806523503496962 4.841972951859062 0.7265265846109819
8.060452074459997 3.792054559134953 3.516776568885483 0.7798864189826957
2.793491359539828 4.717187661173254 1.728938816555653 0.7995650012152404
4.387572496408955 7.969852485066329 0.3099000699580922 1.018330983920518
2.060640023547927 7.505239513445902 2.361944409395718 0.7838521857124022
2.810545357734757 2.192125306968447 0.6485389360600934 1.404116388895277
9.141420585800828 6.891556467134345 4.233158236053585 1.278060111147392
2.778201571114326 7.36951383121762 6.287882172839451 0.73674334214571
8.770284393973245 1.483858128258881 8.864141946711914 1.227789395042964
1.2974532764991 0.3759433197557226 2.453452990716372 1.14593906155945
7.01317609937858 7.107620755988158 6.364590138545333 1.604635800416287
7.327781460269171 1.508984225486223 4.865132079139049 1.047854511401474
3.472168779642176 8.046475026494091 0.7085720189283717 0.8834931022613938
7.270037077222195 5.978610517776898 1.203353773091398 0.821931721835686
8.876906321327461 2.766716878019398 6.224440687436253 0.8092549004351002
1.096410423872464 9.989686197851501 6.581332254231766 1.194149818627939
2.546070144758317 5.747037292278514 4.335637318738823 0.8865610510193072
0.4133878058892659 0.258900127964623 1.933553227669312 0.8057133534990641
0.5273214391860659 2.641447304549481 1.691400117005851 1.036966764859334
0.4272459190950129 6.439965761908666 6.127108941312917 1.358275079969772
3.389407884968259 8.976436104761342 7.006145208225554 0.9815243542077849
5.808891864878153 8.561898630429228 5.024052198060717 0.7970932297942527
5.150230455497439 1.840576724384246 1.288162499157111 0.7918688729910088
2.308194170894042 6.72129664126459 9.53022284218952 0.8108465132473709
8.20582089244647 2.277291382081975 9.502764906282735 1.017100441968463
0.525077029441321 6.783398082686533 0.5993256824188187 0.7517127119216364
1.764936578595555 8.91770183866776 9.796579373430344 0.9727383874068897
2.230043443331028 3.829406761309685 3.234164655246711 1.387345058710884
8.857070318164606 0.3628216260892148 8.134980457851819 1.356095011601617
5.849215534498706 5.340377628599545 7.821181481772641 1.072655888957933
1.90172390836173 1.387688109528401 0.143795450804487 0.7803672100581883
5.498635461057095 4.714239623499065 2.832132295352008 0.8017226594715792
1.350087529637759 5.765557963006719 8.474638350497381 0.8643873065180985
0.5149004256848744 5.580515815685573 5.285807799277762 0.8196996180773701
8.104081758087046 3.861855574452302 8.837466883388471 0.7407494845760205
7.974148400296279 1.315695863562327 6.023330180562413 1.55771916803139
3.466782148673933 0.9562465641736162 4.046108749343743 0.8715663673823604
7.050551297635359 9.343266622395294 1.192005732557726 0.7516052884932835
6.087743095895946 3.618285739446152 3.301652219433327 1.60653403581383
8.424719277306174 8.896837367402911 0.1401198410213611 0.7952779935296177
9.882283498134166 2.323484227247119 6.389131366849005 1.373943242427004
2.29555250575425 7.801554189012871 9.898228942641628 1.409235290050804
9.07603880526033 9.839437554368223 5.323957988093432 0.8746847204567886
3.985925351767977 8.817121766306164 9.615254643545246 1.055887349998456
1.050413096223529 3.715750714854301 9.277203800430282 0.9450151062589881
8.662750753966113 7.708848896229855 1.429203765773296 1.195457081082699
8.120911504155783 9.492734646215187 8.521004843142295 0.9481592829335753
8.88368944466071 7.672906570093609 3.352067934160115 0.7718994002583734
9.712480585267404 8.866634870899199 6.333653430260717 0.7417361877460337
3.862892576103119 5.129790215253681 1.891895957184105 1.415936998873589
8.385364185211083 7.773144630377923 4.130488624651585 0.7634070295023972
5.513374568093243 8.232359226304638 4.257977091086568 0.8756993358517983
3.412812862482424 8.917326421198336 5.958104182060568 0.7502018265384994
7.797665584655804 9.289041702516458 4.414727707167647 0.8963322331268726
5.42694683649247 9.865008798308141 7.045505986351435 1.226348216734619
1.042215614049027 5.772033532985837 7.62203204551596 0.8521268397704381
6.091037151633027 3.74776091779734 0.9836455194247883 1.492179376716206
5.853664589807816 2.325489167323978 6.449105192890655 1.043611488139377
4.41630442236617 5.969477167031174 8.782018494882706 0.8700688548450894
6.615415065184948 2.731185657768308 6.973740267312829 0.9351471884457417
4.182311229220483 9.023850103706502 0.6768960133705915 1.035574495379755
9.506639259088345 7.367797786206605 0.8990610454564018 0.8244741187474307
8.976886616557771 1.934235567666692 5.789881215570615 0.7257986861284572
2.304335292250677 0.9511195979737851 7.711876534767532 0.8624398871192609
8.700295224045185 7.259551962916939 0.4798282656069663 0.8001043176038184
0.7687901253492924 9.953859735432735 3.736189193600546 1.565332239984951
4.664113503538836 7.68829034458247 4.382007679980201 0.8936761327666491
3.940394193112928 8.495595458669442 6.483869361095335 0.7849264640296792
0.3609134191397 8.762519198007961 4.872700928226308 0.7515687164938187
0.2024754907501969 6.323166714787765 9.090423015785818 0.798290999142879
9.358135635859385 9.560324482231476 6.120917006661115 0.7923410452595678
3.820141774926541 0.4969561391056354 5.04177948006817 1.225300713673778
5.50954464594428 4.354882759867999 4.092169815554962 0.7680968109322956
2.337560749317031 3.791873349457699 4.822302814318258 1.529660372376614
9.020281019563566 8.169117296440948 0.3869965577290868 1.090443894355227
9.926136512215942 0.7455863195840995 7.696092378601578 0.8655251074138249
9.383820421604959 0.08178348243917388 0.7838233011217809 0.8498863486237414
7.626350863717714 1.910812218336347 8.651210063684687 0.9478026690582605
9.834267711155723 5.630439363443644 2.500749597778914 1.075049780740364
6.538924614742204 1.765265977597071 9.132096411527749 1.235721280365177
8.081942196436328 3.312320431444917 1.997818447986432 1.228614981294855
4.544010289647819 2.139671611043475 8.378177519091206 0.7787144715979111
7.407792024818391 5.204991068123239 9.573502374874144 1.368262105071125
3.529941683444969 2.740575547494189 9.695846555972585 0.918042052314878
8.608451094317735 7.173603018152008 7.720853631809567 0.7632721046766021
5.108771377196891 3.045201794484859 2.672934167679477 0.927884016055566
3.931192398959555 4.912144724760435 4.322915014421276 0.7487348635432122
6.440349452899331 3.846169709850974 7.019163761546899 1.191675665066003
4.916487390316875 2.062983665029891 3.03550655860394 1.125928833654414
4.847746333636179 2.978007164522441 3.615290980334026 0.8655373679505749
2.485546466046293 8.684029743060837 2.600830486538587 1.562025573334841
5.264790810612806 4.717395666771951 1.727016755345412 1.362817219611022
1.19585649669207 7.270643849255835 9.926918268356115 0.824473318643221
5.809021248951785 3.351435126857146 2.088052295937024 0.8826237849757349
2.335020610269136 1.958039675976865 2.936270685717471 1.175805009123029
6.590608169552265 8.297550497341659 6.208498232377708 0.8490022443237257
1.809188924426235 8.449054302705045 8.706810029622632 1.326106708574155
7.211686533423954 8.339389919213078 7.804834367554087 0.9540263565834081
4.189597234490233 1.367870621954366 8.885257478208336 1.158755150345306
2.933616669137397 0.171930812890112 1.892561774080751 0.8769176773990833
2.223579085421847 0.191611573406224 6.076696694549469 1.190632995639735
3.458068482647929 6.919741875190356 0.3422384971233238 1.427489876530905
0.9474501862941631 6.941350498805313 4.257613772901347 0.830300084562635
7.811106437636243 7.457466411112733 8.625123421033928 1.609360223736778
8.63080107204491 4.17072397434373 2.331828580403997 0.8685354399386799
1.604936565487194 6.161784168083757 1.866713301374133 0.7354787521073938
2.947760529806623 4.919884840984292 7.867082251641826 1.040443919492564
2.643225788949315 7.751995896433645 8.177844662975044 0.9289624255193334
0.4938866603106784 4.637071590894604 1.892374851422883 1.380787691636936
1.428290682283739 6.63560014260905 9.042178200371053 1.154541144004732
5.331417997476689 4.550880937199366 5.310617598838148 1.202783275995133
5.170274428966106 3.770313671637354 0.08352422951344306 0.8356809168845766
5.820240193196439 1.574144662019349 4.955230620359696 1.609523371805873
8.561480606591894 2.391353447436606 3.630275838946705 0.7920685972966816
0.2751079756978703 7.49236212604291 1.579486878575364 1.130420931574281
3.558692429938347 3.620925631963088 5.37441448196261 1.097646523462841
4.883044119256776 3.473917196910098 1.643553944253683 1.134036108005988
8.384833411158658 9.748212583853874 0.9517222372278787 0.7782550606892682
3.566562592734323 6.063726614392301 9.260626695333045 0.796490002045174
5.602313620127013 9.139526678934764 4.395357461231427 0.7912644574350329
5.722819407230666 8.375776328237897 9.27542860894644 0.7256644132699396
1.729593094223236 8.009938898973243 6.635522671821835 1.136989006132612
0.04468252738030087 9.087691779981759 8.921915043618059 0.7735496156745068
7.512369755928933 3.137315287529916 5.587016499113705 0.8216271836091875
0.02048922517568608 3.548858732639359 4.761306483019573 1.064625115112483
0.1750975456480497 7.715455396610874 8.084774089652923 1.031711784247418
7.669792866336165 0.6455731074183934 9.906979060365828 0.7522182037175621
1.261835818704218 6.777774077429919 2.304450113234041 0.8952579860606166
7.800275006156998 9.510683671336022 1.515422732879163 0.8874654152339791
2.638081139370792 3.473543686179723 6.795813220884078 0.8644206141989382
9.292890575525261 9.337444785421766 7.230884030382687 1.374904480597539
4.645380089328764 9.766083858319922 2.639549303292948 1.465149564814214
5.522237811533856 6.038054528468881 0.3682308256061772 0.8095263140965304
1.592517217345165 8.419308526407358 5.670298947925473 0.8314235594828107
6.854504530072232 0.4004948514071016 3.473392836221484 1.043750273805019
7.66352708446601 2.368298585326753 5.097387312348509 0.740688701714272
7.606255937503278 2.563879649582793 0.3376378657453438 0.8592720787113423
7.357584967709041 4.151489519669218 8.797277439383203 0.7297341371460082
5.412258860844243 9.274603721953914 5.317292303032503 0.8080647160999198
9.22581678906058 0.5452833882782937 9.933267015090552 0.7403315928279499
1.883590033937999 3.867842361704583 8.974819213085409 0.8011224352160011
2.229554502108091 6.982233492895642 8.056553845829608 0.7467448925023864
9.906768272483088 8.267461765281389 7.047878187210494 1.026519629855285
1.778122685470126 7.020580667136966 5.955709290293723 1.145543905408549
4.580351396606268 7.759360122231207 6.223883699754968 1.187483784889251
2.199397264120212 5.165202971652366 5.272568236882717 1.316949245540812
8.059280153533326 4.29990892335329 7.382034148277647 0.9724663724952372
5.898438879131988 0.7988471278623432 0.7276019743030581 1.060775258705507
2.277709836211498 5.411629184020076 6.557856389852621 1.106812005068477
1.426162955165903 1.625593664263454 7.612320266012351 1.067305315509762
8.118934571049232 5.222666742317981 6.543185363309212 1.298005535851678
8.315637568308711 6.318535588218097 8.216589667771316 0.9654163090138361
4.807521561534209 0.9489768952154808 0.7915766998144335 1.008513905874572
4.528263641039191 1.494102427271596 5.238551589443943 0.8648821748076648
4.349132183047918 5.234505908520016 5.119037117213821 1.019215423487266
1.699770394977052 6.427530350158356 0.3454084797391099 1.263540199753365
0.9761999968068701 6.815728990967876 3.370686840578134 0.8511713434819019
6.37253535583812 4.355836518633446 5.933712758300295 1.108879241555652
3.264878084571676 2.414535686829001 2.700544754598071 0.8960339558842582
2.167278630686372 1.507507335194971 4.192084597579247 1.039337275863268
6.089923397334935 3.620137295543144 5.376482097988105 0.7572799396478173
1.436737350115403 7.612548254583039 9.21739485694477 0.7309870576115584
0.1409834299105661 3.4370251740669 2.41535898426369 1.145597489449368
2.390701054262959 7.0658210639991 0.8101611639739204 0.7723084222628633
0.001915705191992689 5.355448442401302 9.882626006138702 1.253668247826863
3.203410404927728 4.584758190661743 0.5747280117265741 1.532952894400769
1.715175847550044 9.519840661798499 0.7302046786570947 1.059386203640493
5.747207554676773 8.860783427352654 3.66729693969059 0.7467020911028102
0.950978255277397 4.153430025896603 3.069635128957296 1.124973651649187
4.31590687134898 4.056941440902822 0.2931106549819006 0.941007176920199
9.205534363080314 6.105341686365923 1.815540952841134 0.9489633609497493
0.9666252756009985 7.708882400261742 3.588079094436553 0.8527786618372202
0.332621159895985 2.413196106796791 5.249167903694071 0.8913947633901803
6.113131875168665 9.782972060070326 3.980428048059018 0.9825404647559166
4.036553576148935 4.932224233726178 7.531689005847566 1.150316277370886
2.515840031270373 5.959879339935486 8.50500771062665 1.451874814010147
4.244999429024584 6.138765311345785 7.848255283364295 0.9092530848186308
7.763960604860549 4.176000138415773 9.443020524931773 0.7560985462890947
5.916191557730283 9.064133595629638 7.498689494552402 0.7635813392593689
0.6263061740256726 5.199621958518605 3.108296144883974 1.023371971044735
9.457360244410667 3.971617054233073 1.926209583824514 0.7756352289810163
0.931738987921964 7.263069895907026 7.080004646078065 1.139138956294043
9.547465101744161 4.810126788289041 4.978580136072527 1.434678933412864
9.920331732827862 9.795245800902551 4.774807640751253 1.043463337530474
0.5483971807676891 1.356002061802065 9.475123819467582 0.8499624471915358
0.7492728064019871 6.535915055621556 9.801847556337579 0.8265980237422862
9.300468930508369 0.7403707559867889 1.831631897609728 1.524882739402709
4.64276531459872 2.45703055276626 0.3617616725784256 0.8031513210766617
6.737454418086641 7.76328935972463 9.766668696282007 1.519731560711886
4.090762064615546 2.664652325070185 3.173297454676512 0.8467368294995017
5.241651598881307 5.679691288765446 8.846301178653079 0.7781421485485639
7.882382482095324 4.981661969329672 3.829258476363814 1.084046878873752
7.14518161645657 4.639603919083085 7.215661430928627 0.9161391795441799
0.2503123452116718 0.3731853572683019 9.839329187308453 1.166441885260447
4.290584860642753 3.031542831355341 4.969903945218715 0.7911655540260008
8.156120428218815 9.747893223547392 6.267789067436185 1.491917329859887
8.405815405642421 7.796470273754756 2.713993157520929 0.7369876904508126
4.213390730671614 3.942239357523051 7.943861620719175 0.9531457861682416
3.846819382206033 3.116221203886601 0.8272099775960995 1.338173049454554
9.570432911579712 7.845466727658665 9.5922547894976 0.858883528901625
4.290514754568226 1.393969238622347 3.573936503770433 0.9556129504508565
8.225652718412331 4.761401162742761 1.854691116244277 0.7825652576339384
8.039422027264349 2.347830886274528 1.200265995715218 0.9400191992694269
4.262220635013239 0.2902271120076171 8.674792705122156 0.7956633031436569
0.9081187977999383 0.01293402516740372 0.5174892766453465 0.8037458251234927
5.151746766176371 7.624357590092278 1.035585371280511 0.7595752747575329
3.350105683194703 4.700825413989551 5.077234696803232 1.143869556295915
6.983207814954731 9.223324525900418 6.366316671797354 0.9187392887141118
6.970774140415534 1.748215395637653 6.841824117984732 1.098893257807914
9.161041163411314 8.771810655148908 9.450792066673426 1.093684906231185
9.727391628959973 8.645690323256652 1.296708106795109 1.286387507935124
1.438510097596758 7.979522347655159 2.796265342381623 0.8943006546417108
9.652231607249993 4.225599965752443 1.063046219829413 0.9752620072414098
0.5365674121265905 1.135345610382443 6.795186854413357 1.348239355087161
6.922268916122371 1.264163755009471 0.251373687995633 1.236452631775515
5.070375422278772 8.511484677034066 0.9339085629660003 0.9937119839943236
8.302946987050079 9.47223860665504 3.707756346767539 0.7863332452285787
5.599543539012961 2.584645426679121 1.011086320316388 0.9763270745149528
2.056090593061341 7.985466347418526 1.453016140109676 0.8445685657788862
0.1471706203522893 0.76468808678404 8.729116677543127 1.152291394886839
7.596804591237413 1.343793333180172 1.429758537138973 1.264475102307279
7.558574789362417 2.723359468353897 7.715005976916515 0.8807235140068391
9.679565423416971 3.782351550281833 6.092706791826576 1.549822277614181
4.833506474449148 5.77544684117299 1.832935753301322 0.8405482441301244
5.323502207260361 8.445005396366078 8.217317215335903 1.41435742999048
7.218633020900045 0.402015890597609 5.717814956164652 0.8349067169806922
6.954194333974189 7.465584335775294 4.195309691449843 1.235923499013249
2.423639701196674 1.918401493032146 8.00740956614967 0.9448099296430231
4.503912100722734 9.666723938869634 5.473858004325606 0.8084136175156912
6.173695871669608 7.974130749785886 3.264057177732631 1.288576359010348
8.913502029933372 3.544035716536333 8.840831566699357 0.7935369573188276
9.19389144708475 3.98275218525143 7.2912857852887 0.9893920893305188
9.405153443907766 6.750382735176771 2.927230690489264 1.28837009263927
8.07077618138031 0.2916677980588445 9.029446300553316 0.8585239277901073
4.161829333013817 0.5246390768709707 6.048327861943879 0.8378843631594434
2.761493695390897 5.90377077468197 9.889579478238526 1.134433550983588
6.132809246856116 5.04252289635138 4.999569687095399 0.7349644236121937
9.304236803206514 0.522798307856943 3.011743389074137 0.8086800129333831
5.013858105646804 5.612735631905855 6.909123600349797 1.389215461607756
4.181371390457634 3.153734627262216 6.033813737887317 0.865724031531102
1.39541158542888 5.168849439028373 7.027920859755706 0.7583589987485366
2.834189835399178 6.735811647467888 5.122670609093342 1.558968706427872
9.048344514824009 5.722574960144349 9.996872878709665 0.7630571189997222
4.068874411566144 1.423508780724293 4.478557504584107 0.8397783498295029
4.358720177744214 0.3221673120831781 6.920449206898443 0.9483945618151938
2.006005011769664 5.112485201234986 0.2333788136348069 1.107247929518668
5.569104569199826 2.942611654989848 7.489966675259951 1.355552014389657
3.33503726443062 2.748272299040501 6.110255498821727 0.7379749923055742
7.853313553648064 8.09282380003183 0.579336192456632 1.180883481679221
1.916764848958487 6.946661692000836 1.621089371839146 0.9623099266321825
2.852620366408313 7.447945092692195 3.053586365302827 1.128537112053184
8.033161017539191 1.617375295098829 3.429220732076407 1.008177899856706
7.875462472331806 6.288247598683061 6.736862843001705 0.8418176247513781
6.131191155752885 0.9274185851510185 7.097057791277026 1.262810645394453
4.180607963583187 8.206328488416956 3.853831250815835 0.8032753694049158
7.778362509833474 1.367593439147733 9.420296630746291 0.8797236275655276
0.8792875529852028 8.221755880620083 5.22599283648024 0.7884173429729625
5.762965058232891 2.579973780369662 9.315404585040046 0.9177174431997567
0.1729224984800959 2.466022946887009 8.357604060979734 0.7490120663019123
0.07759069510465788 9.511061006600226 0.6287887081141919 0.8795565794306475
1.136569376237692 3.690256993891192 4.129613073404853 1.176272357067951
5.434973909629625 1.768723983613906 0.2319454986739566 1.214427430391351
5.170163386829998 1.512853957504802 3.868776340237924 0.8460730431036818
7.211311263472563 3.018171902172546 9.050949229845843 1.476633916349583
2.002958169572788 5.47699908493422 7.543816725079086 0.8914966743063687
5.728803873614604 2.373373993374422 3.799062825186117 1.124751594806967
0.02682363599541659 8.764952913706953 8.009505853756416 0.9925947824879391
5.215834229521201 0.002567520504499488 3.95037347068374 0.7616360637716173
2.116972323793893 7.389816010540293 8.856231319788968 0.7925286206999848
8.159565336374962 9.15379247774861 9.386376078361895 0.8243581132699539
2.936879387695537 0.3149924940846449 3.444939342694269 0.837651704344375
5.934555631791393 1.595758088195891 8.142755070139868 0.8322414427980445
9.334012841016614 3.198281075686629 0.1889796871341232 0.7512381099835501
5.044723525707362 0.9218023143617614 9.894648261810024 0.7358368863874464
0.886888750204745 3.037626097996936 0.8234517908256078 0.9639537662406551
9.687967629190243 8.218638999858003 8.79789432660222 0.8839845787465317
2.902954950500224 9.086427268116427 0.2813058325605854 1.453130819067574
7.565426171799273 9.15064121420748 2.360907529246722 0.8115789687918277
5.423187532166321 2.855503185163945 0.1358452377945218 0.8227013901592908
1.573299900647136 0.6655845814090811 4.552777540514368 1.067857285764637
8.301355054342251 4.853107348830144 1.054476160070501 0.726092382780393
3.308169543110472 2.603536183379155 7.248655455395391 1.462328779574661
4.068885797657289 6.043561019279691 9.894657288686595 0.7371520760856014
6.451092939918341 7.895242972541876 8.43130022725749 1.079991161958664
3.401102914776676 6.322224015987083 2.346959720160593 0.9339604034373541
7.357337687805617 2.025173408254824 9.673077033548612 0.7324727060770283
1.969609738210193 6.694534548323816 3.929515924963097 1.305660946322748
4.524286470520206 8.716905930208567 5.690447553368439 0.9596228338565783
4.95288054159333 8.693162826745269 4.816271964185458 0.9242005791488335
3.969551782853746 3.322828503949047 4.004284370805943 1.122119015841021
3.516934207529633 0.594566607876621 7.92527419664011 1.247412938818619
7.390006478882746 8.537054607404919 1.580719136787139 1.007569924064324
7.689780354990137 7.52250157391676 5.442793614123383 0.7337072533900098
3.943964762612625 1.478907215053193 5.826051748818216 0.7341294174903726
2.128009095501108 1.186978045031624 5.07820778384681 0.7290129750176629
0.9689536605891135 2.949193981908821 3.121098147503067 1.11868003209797
9.760977772446179 3.213751402841124 7.152533886486417 0.7741081018066088
1.346051020703654 3.231624916838416 0.07538367862338079 0.788880391234812
9.216949229718914 7.957776952295913 4.041565828497192 0.8238241229388931
8.358991110605178 2.429926819950452 5.584196614118602 0.8767257223872693
0.4691448223367489 6.122844461616345 3.080777338050008 0.8069510333131383
2.873373693955388 7.407412791767766 4.059282097682115 0.8188623954352644
4.638461229698366 2.277783235499798 4.371102042421274 1.191921584604277
9.474930632250752 1.737047161298261 7.286381774699974 0.8732504985439012
6.494515820211441 8.878719127609429 8.155490676071453 0.9309076961070016
2.435199153442169 2.319626185862417 5.242193343005109 1.382637951888112
4.364072410234186 4.158413680355172 4.738577465201188 1.127731992412072
9.649792661506321 5.682712450801618 3.760501996890673 1.41090010057188
6.878619554841018 8.595491083474826 0.6897250809034093 0.9418529812389564
1.676554995835147 8.48435055161343 0.7308779097072571 0.9227222386890298
3.226658116255485 2.977125416868657 4.705727389730407 0.7585089574027924
4.744015849649307 0.7241256197836121 4.343626606743785 1.07893082456055
6.701380831205891 1.31948503343203 1.932636747388558 0.7500650078965138
3.494003308726624 7.852440272421951 8.237707182348155 0.742973696376243
8.350928762694604 3.387576891461026 9.714872415217787 1.204579213988425
5.994862968822701 6.693766276383852 9.725770335969138 1.03918289065546
2.340103666644842 8.705442846441267 7.449280177651642 1.207725332054206
5.096649855009476 9.049754422708876 9.969649276473163 1.17836967350325
7.846693364721844 7.151633413692887 0.02292145901611753 0.9530141387370228
2.662369804587183 3.548951283682211 7.950627878767902 0.7836598894429752
7.541936847198095 5.388319781288216 2.045227076936214 0.7355569403780235
8.284653461780097 8.192775352127638 9.58013202540363 0.9267515219610292
3.819205744105264 5.85800846214113 6.941727560655462 1.011664844941974
2.36116940225329 1.799341405601344 7.013349589565591 1.021429402187726
4.423656883279099 1.418974341823236 1.570663073373242 0.9336299455314097
9.562144714068411 6.702854455593448 9.997625154352223 1.349024310862011
4.066367365641438 6.390579709086799 1.43817655203748 1.212455510386296
4.202908853197407 4.233832903219263 1.200276567670089 0.8365996945196874
4.777804018240376 6.803325997648823 0.5109535532081033 1.176980667371326
3.647031686869421 6.21058246376686 8.469382212124009 0.7758718490318239
9.768448908768361 8.885616589997571 4.066097313496822 1.224236621937258
8.480937093855188 8.755968457414088 6.781280135460189 0.7813852563462351
0.5387456050198612 6.32698275043525 7.213947145516069 0.7615100793365356
7.428779854889685 3.567843071415105 7.321009673070146 0.8018315207709055
5.799741544595075 5.015544694058646 0.6880367430067258 1.001469541202987
0.7414736694945911 8.748253156788948 6.362705763178609 1.282923328658757
6.782740295063767 8.482645503469982 5.356256771684347 0.7416746020627151
7.012038271750367 0.2093051385253275 2.170074916587375 1.528912174689024
3.422305154069424 3.342886590759771 3.047485102136158 1.042446934796432
0.1189352907051955 3.511628309221738 3.570078186736686 1.045211154568113
5.191389484641228 6.225907604672196 7.914464447035405 0.9476584218268534
5.544704811232626 1.865207388458309 7.232776127040907 0.8193311252929689
7.359536933316373 2.359505448167963 1.957223085555293 1.007856673510216
8.394173380389979 8.62768564941122 8.770426412420573 0.8322973514984979
4.940368059309804 0.9189932574084912 7.850328573143051 1.50912228420716
4.140083413645108 8.103240944428666 7.4700672420054 1.204307383043449
6.685725422120899 4.283770102066499 9.441773768523857 0.922430107933346
9.045204406127759 8.568018242555764 3.24517713024535 0.9859709515413115
3.036957975619935 1.308505429088399 5.003693336267937 0.9707603610661493
2.874900811332141 1.283937406680187 8.553466796965028 0.9216350820695293
0.4357902630770371 1.57558682209829 5.638230379804569 0.9161743259345733
1.155151603176986 8.191884964410646 9.806829130007442 0.873287996082538
0.9094419397485253 8.298960383204989 1.28933057433016 0.9340684721008693
5.653279221218221 7.503264486187957 9.075008793162526 1.039514457772307
0.6873787827869449 3.139035858080366 5.966895634510469 0.7843914603959633
2.132471772296688 3.934991322022665 9.983443880044248 1.188042513461218
0.09164876759328311 0.3742350231579261 5.794063962500045 1.276043551397549
2.067075035848402 4.869651835306949 8.238502556985438 0.7888684204108251
5.181344102345348 2.568464439114924 1.797211670700364 0.7261560205414164
0.01144606910774226 1.784361732513819 8.79172106086142 0.865167250110779
0.5274350231756897 9.343853433015658 7.36530947195004 0.9576892508677288
8.809903521849002 4.75260269327304 9.206349404527641 1.588148155468439
7.294792121650791 9.699125736054457 7.114048053872045 0.8842518426338192
9.410440307437549 2.778608533242325 4.057093777163904 1.137198797427593
1.86887859012975 9.417041304028995 8.103708037087873 0.7884672974735206
3.279583560814451 5.598067132362034 5.926986589561568 1.241227246615928
3.563094391662074 5.794287477419442 0.4515587715462499 0.7547304514972624
8.335095117578078 6.237220598124206 9.371964507685046 1.307006247401963
4.125904901899752 9.429731444891544 6.324415209146703 1.073798955373343
8.198630458747928 7.407345449544588 6.232121160468317 0.8065698363079197
5.735250826601472 7.215202880139167 8.019679244318141 0.9593568156044507
9.099734449804446 4.864915569769891 0.5513683854813545 0.9052084438724365
2.05048151373145 7.680856883398472 7.551438173971716 0.7473882979330383
5.800560709606843 9.492398029062439 2.174877447833648 1.032067807455632
5.534616630715635 6.565080976132767 8.74625186282762 0.9095848022097501
1.377718441399701 6.227384181537731 5.070025041344913 1.320301705611448
9.825605410407432 7.74035610247785 3.434306425458271 0.9137132250099965
1.624588448001323 2.256926460567066 0.2932060952710169 1.027013464948101
8.985816520026042 5.809884915141752 8.633009017115432 0.772822009524108
0.8122122218571758 6.091170175990626 3.985083661277065 0.932744308076133
7.367206515787243 9.660321894351563 9.701688779592667 1.085602715533978
4.290295889632017 9.929909317040931 3.959050706169045 0.8428167809289671
8.881298675046173 9.495687666918283 1.646263135268818 0.9512689492605856
1.264148719842083 0.8877282876254289 5.695138608119511 1.20368206636616
6.945719514266195 0.06843079273323394 6.45119595735916 0.726960604066142
2.620611687917621 9.067825201897628 8.34620628300901 0.7491998938355955
7.325391513937596 0.6943315814842765 7.08136460615582 1.066819086139343
7.74866311866871 5.122028490954784 7.670589886534037 0.8234517521130971
0.5446061101765486 7.446456013562037 2.687921980043493 1.104204779010235
1.858646136808638 1.578779527688977 1.337786977927802 1.198749454412969
8.45286600737057 8.640113850662152 2.193334415399598 1.20943064840127
9.957823467603861 8.24265712229521 5.612960973923102 1.055464070716063
6.017263687799674 0.7663426655521198 8.594894313833638 1.023723858495524
7.485520868011433 0.2598439025811283 0.8081418639618365 1.199466259761909
5.044209694582992 8.714285351350156 6.847451723215864 1.189977767513345
3.518316156915364 9.406307897546714 3.361264699778743 1.210443220585087
9.636954980706783 1.942926409510831 5.39259337452512 0.7804422650230086
0.4219795660116121 4.861140764625655 7.379115820085849 0.7839980766004248
6.236678125643127 5.747130830282187 9.057578776621753 1.194357477305714
9.844230470695045 9.378582685478166 2.548096973771878 1.564261872788136
8.532598963217096 6.895689902489146 6.879970484638089 0.9350640824924644
8.070811560129529 8.687337359486126 7.886008148442715 0.7891129907133946
2.727101179784086 1.154547697203411 3.549295744018329 0.7715641658050864
1.111186408412038 9.692732463562356 9.720218397954923 0.9110102014877228
8.90904623329477 2.622808281045041 7.165540890833531 1.047684405730588
2.676162219348845 6.482192665159888 6.506261144594838 1.064877394172708
6.129688552970352 9.533442352801432 9.178080052317553 1.550888580905227
0.5761316758666334 2.672745428105712 4.145132222345262 1.104313302240534
7.519447721245502 4.004524735937799 6.30249295126304 1.361700027913935
0.09566167425803629 5.179355590327991 6.153323733925722 1.178383541045682
2.494170165991439 4.191685920920243 8.464533515865213 0.7664995469020964
1.199532310413398 4.869733217043667 7.906592186156406 1.011297083182767
8.401641706069586 9.866362115981293 0.01024778448024399 1.033029932121769
1.146167688571378 3.385896961830362 8.363763685190602 0.8704283445092221
4.897090098086992 0.4919445360273755 5.371888946473465 0.972106108799781
9.21339737478405 3.861041749061243 4.014191173874588 0.9302369903692974
6.285404241251196 4.853466748295315 2.585119697314366 0.7694448162687749
9.162104455600087 9.162036505824576 8.439952872189348 1.032046785498244
9.977336397048864 9.860606120914994 8.097977331189144 1.026353378319735
5.301066378647122 7.707102972440656 5.243449997327196 1.141676881751814
5.490074403029476 6.917109922751909 2.990561091339496 0.9994258102668608
4.690424455336496 4.185723946932271 3.41914584883805 1.342239601839004
6.748303451361319 4.618621257394938 0.4080622902354114 0.8949832786424717
9.46326429560694 5.935798183180908 9.25280529593647 0.7362253876492485
6.138433884173523 8.069481331621727 0.8211505479619318 0.8592124548214981
7.012889796404564 6.17097691837566 5.413336865899276 0.7712673933489068
3.316109244419392 8.656131450901279 7.989588213116142 0.7647615569095653
7.388738397948708 4.379796118052966 2.695505868787061 1.583090900583656
0.1691213007303316 6.736434555727457 3.768007887439627 0.8998971820013054
8.914302284313697 3.322220894137327 3.022153142983179 1.350349825287628
6.046450642642828 8.71225770482031 0.1404257985298951 0.8176639341774106
0.8729654674795428 1.222300923154954 0.521972510372859 1.24343573942422
2.952158515870436 9.946015820721527 4.881825408081802 0.7289879365075221
3.460878497309545 4.212510482574474 8.45631090047741 0.8841584489425238
3.797287096076735 7.060459486588301 2.700407576439957 0.8227834756810217
6.408195096218316 1.062523182729527 2.840209291033511 0.8968880937994921
5.132795237535781 2.706042303152352 8.559888295619169 0.8463551556857959
6.182677311785469 6.823120990220322 5.141021162494855 1.272615453640076
9.58072204045722 0.006599921999737024 3.951202027801098 0.7419494849798732
5.33779548496655 1.616441123549233 8.983293324390999 1.142262384413051
7.641139741798471 9.185362678019557 0.5719774650798714 0.9271735190468038
3.297604035578245 6.878330018979126 7.593581444029888 1.492197241998572
7.702592164748506 0.1181785784506206 3.929003348568216 0.7848194213228677
0.5067972059539894 8.471030280881976 3.235246277502374 1.000769910002739
9.392928516917474 1.311755830627712 7.999347524791271 0.7326599625599715
8.624806740437664 3.933035266226522 8.099453728373122 0.9478605090590208
5.623492385006464 7.212606479518989 4.094341394432976 1.145783539751737
7.846599180329194 6.86260995800156 1.096524303202541 1.191995998594507
5.04045834668792 1.336169876167875 6.307147896295252 1.48824088974345
9.693925600191607 4.695077110024905 6.97409440333932 0.7766349483576083
6.052633812433642 3.316640309390103 8.757608268319975 0.9158266745694735
9.198589517984807 5.01288192632575 1.692888866597227 1.15530945136504
5.364945135049543 3.365083703790933 4.609764425261933 1.376678599825669
1.173317021635705 9.334165965584386 2.458736470790445 0.8981222266416915
0.8376637258138941 7.621076470748819 5.972332113668621 1.013302105762279
7.784300649235067 3.859921947907961 5.165407758979004 0.7753330699918488
1.454183866752229 6.268590265853064 6.864957942376317 1.075070088378662
6.577814104366884 3.976055509331159 8.487749119177552 0.815648656089815
6.195843904193023 5.670478884405606 5.994317046607358 1.429253541875148
8.946224703635147 9.65017442111079 4.409995335082499 0.9093984930880528
5.018764301911844 4.582052197879823 9.948199529656561 0.8024954108126453
0.7446878990980054 2.304723029109682 7.210920501885356 0.8744596198712203
1.008580045930226 6.605359791777012 1.374141480030489 0.949280003797188
4.17355111079828 9.223624393498294 1.655648557450038 0.9103726737307622
1.17267731243131 3.040920743038765 5.114418884861024 1.132222656043113
8.065884078829406 4.38391015965465 0.2941629525077494 1.039300703053606
8.613101201871617 4.254426094750337 6.610112528516527 0.8206196347707608
7.240423031155274 9.699403669552334 8.743519207136332 0.7301708326064235
5.87006673507598 6.604432136961318 7.116411271387184 1.134209287954889
8.9135903225213 5.133616685272201 7.706237061096575 1.462787839683425
9.931083204989248 7.241773231171606 5.56550682242247 0.7286034722019359
3.316760423964083 4.014722549264103 7.323812494517427 1.130452372656941
3.660394453912054 5.329358860806565 9.658341137780072 0.8270963674088482
1.43364470325363 7.502799872537444 0.8351273087172606 1.072019549300107
5.177427812641855 5.295672690531759 3.546883878125664 0.7829341807614234
9.290148993523378 6.980515072978801 8.595513347080436 1.424404405731757
9.035832430591913 8.125589398394748 7.857150424067687 1.303841696515359
6.897788749350806 2.225890051403763 5.743532770063917 1.250792986559107
4.959467294530795 2.540047682616768 6.578367267902355 0.7532948189416117
0.6650274885595497 1.367411587798561 1.887851351470395 1.421771491533743
5.25075900263436 2.045394383456281 8.071859286499965 0.7360415563506325
1.75759633420167 4.579617089646737 6.188811443762533 0.8093835863636496
4.60670958300586 5.40455527279354 0.6565410798327753 1.448966242029219
7.195261202877993 3.687853353692576 0.1942609134522155 1.126846157016899
8.563947260699127 2.541141086424052 0.4005996003342549 0.9508391035439954
5.36769449761544 7.758084816109773 2.467207992733962 0.9358272826988981
3.121410236307809 1.878882888984808 6.206460787889577 1.030122781383757
6.961547047368541 3.764178846624063 5.325515429064833 0.8287265598872795
7.227088100824615 4.035898567887987 4.089865701316367 1.234923460921258
5.839394337485484 0.8289816735160538 3.775775702756855 0.9590345480786674
4.299732235772775 5.795562069755761 6.084677910266127 0.785488649091069
0.8407986982380855 4.308633865505802 0.4488189784189023 1.590140420877349
2.505981842828756 8.997221496065736 5.511339743147447 1.141093060814927
0.2572028024774053 3.430377899532464 8.712574899863913 0.9811976976179435
6.30842349417597 4.109840933623747 2.124064902288031 0.8562255553137721
0.8831416616292674 2.475271171860602 8.044032023497637 0.7487269855732188
1.386102786202233 0.4427866028789285 1.25812998372002 1.08951587806934
7.696010986966886 8.446067995761849 3.349284006660558 1.512430750342708
5.54115439459836 8.53816776145036 5.888752751819042 0.9620140724369102
0.1285247749101293 6.409941462896265 4.829113826396288 1.171797857642255
2.073660013641322 7.011384072869697 7.0836356770952 0.8491230909336588
1.00760723173752 8.364159655370083 7.579235023162755 1.228595090777747
8.688546103642091 1.675055318374667 4.631084475364888 1.589780342268302
0.7258663080659687 7.044252199225797 5.25419800616335 0.7272839351855538
2.762697820365981 8.44599128735751 6.446091405472942 0.9591140272041199
6.919678588350832 1.232881337656579 8.049078338510606 1.240525566092779
2.650798374731291 7.642600319596752 6.999280268872458 0.7598669191261294
0.6945224773278003 5.538292417871156 6.90022437531961 0.7878450266692871
7.938973743116344 4.546182469746292 8.288689074491593 0.8544171748286904
0.2621456090744945 0.4260037975619657 1.058250575748889 0.9670013630363125
1.670166900054284 3.480206170444649 0.781418218200166 0.8041845994716381
9.738804579472365 2.04161239804539 1.955355182475518 0.7851732395324837
6.378867985987979 9.910773265352578 1.101831570429841 0.9222854302956343
0.3048148191653532 4.537554052074305 3.984360815119572 1.069775428266549
1.843024158796635 2.694257557213164 1.084049295762374 0.7424268817034558
1.374869400805386 5.967929852356235 3.175333405988177 1.011301019245811
7.45335458630116 5.194051903244175 0.7727450740993235 0.9742577251359618
4.10711738059644 3.48398573230058 8.928672978095431 1.087618620138552
0.02665816694907619 2.620605368175528 3.188636019585334 0.798342129736801
3.947001289000873 0.4231880395286103 3.351441843436244 0.8178738962410345
0.2010233443196807 0.6624260522507153 2.796296443725354 0.9987925077036865
9.422844467742864 3.161849462875288 8.053261167524758 1.090255950976918
9.224311652685325 2.832786172531893 5.224717738232477 1.131150766313697
9.743757707909417 6.526531866714393 1.205042145703099 0.8267454027369873
1.020832575254683 1.519199366812987 8.57610321505371 0.9906470624055684
9.856519091310506 2.012192076431132 3.688282600907204 0.7396696863675384
2.063689903897284 4.355023351437116 7.233679245438679 1.342374470077413
7.64250228757323 8.823671636157522 7.13300698817415 0.8638129788560713
3.196492826858187 5.057275967515042 6.889193979419159 0.8897545554128965
4.090036158366617 0.159943960268647 9.944935741632138 1.593796666612602
9.135645177730822 9.277494515139457 0.5996149280942897 0.8217166486891552
6.933484708548455 4.943050859609332 8.371623986763954 1.219916719624585
9.056165100894981 9.536408332248996 3.486531681036686 0.7559603483980663
0.1615267913795615 4.33581815363009 9.245932572058681 1.075993306539998
9.572166346552507 2.600795974282165 2.55664560736249 0.729312056765437
8.254879002012979 3.313673300659523 7.501677818408268 0.8709630888482122
8.570719709545431 2.023345709116887 2.320325163868505 1.532750204636266
1.098231726252498 2.175803380534744 1.094638248736928 0.7423345375333259
8.874441019670774 7.971650143230035 8.930302411695733 0.7529939210211345
7.047156806323994 9.636553063203818 3.975526028124023 0.7509520838219522
8.477324937016553 6.803384960030313 2.151217446099511 1.086404507979556
4.239222587539807 8.332221556022763 1.396561077464892 0.8054141196275989
9.641992632704479 1.116514325126923 0.5596562059714483 1.097268299106158
8.903471483283139 6.684170954007103 1.111320805217865 0.8384409080774543
6.961669760537521 7.630490084667441 1.125215995588899 1.055988728922233
0.6560290467790275 8.357736443061812 8.644980326016816 0.8941428230738253
3.471941471018124 5.765002120860654 7.827294381240573 0.7604295380813676
5.029923680279244 1.814860295327761 2.116631075325214 0.7562406730112666
4.116105787347405 2.221690704739804 6.327680481675912 1.027431443533899
5.442695409098958 7.799582400060745 0.1203828622234726 1.073044432422015
6.197781820030201 7.869467879943605 4.780051628522417 0.8055303773990036
9.309503747920811 2.321334753852865 3.202938957188564 0.7304223610106572
6.878232230647144 8.28481368416981 2.413236088309766 0.9386454416372904
7.086738202694575 7.492687118281586 2.994615788929935 0.7572989206699772
3.259283865869888 0.8426612699734258 5.9992118027098 1.039231140465034
1.659873146498755 7.165940455372652 2.985241186577368 0.7792236904137523
8.98509667508106 1.573130815010324 3.388251633605976 0.8424770574724606
4.403811184262405 1.146901792586429 2.574720730852604 1.07249252540707
6.108704997509786 6.269709455874974 8.072821645793766 0.8758664072833912
6.770042865033489 1.101680982494125 5.549161213648657 0.7507982526461939
8.115935472581549 0.3186338945789235 4.937235781657778 1.340692650067689
4.822555467455474 5.302115599256065 8.163083092794292 0.957859883198763
3.239764472208062 9.771852316316755 5.772736092398359 0.9957739853671792
7.704661106755261 3.608011648795186 8.139999744318294 0.8359371959128007
2.613882548793828 9.886345398558168 2.59833644718898 0.7375594005662645
3.152200310844352 1.456126117161475 1.917370161741886 1.529903087071648
3.477954227167777 3.387758558721284 8.168648085361257 0.8111855330606317
8.11944157532591 3.416258272732321 0.8306720259469125 1.016702561822248
6.198191623044795 9.505870613444417 4.952117134344405 0.8468238618239496
3.519222107707535 7.702537509600558 6.711608422631354 0.8796896461038642
0.6376719654755469 3.218361407446147 6.860635716787914 0.9768897104920747
1.85231823853564 3.161547566587144 9.431967091063528 0.7445424715270177
7.164710931495618 3.089116223751384 1.107542563563119 0.9598845563000296
5.921123199056483 9.557504795715401 0.432091342342551 0.7536972934403499
2.292724835835853 5.718086112537442 3.40341885949354 0.842935720795506
2.886202685239644 3.448696586932099 9.078372926086342 1.275828166386853
9.771185759503737 1.0119883898256 3.807543641188667 1.2085029937421
3.458778783183549 3.525816739051745 6.458649527716037 0.8149064235978234
3.488802533082809 7.936768399697435 5.657677417694329 1.219750995144188
8.987537363884178 7.956455973460927 6.576836212566119 1.068091921425689
9.408761464862053 9.70672961952687 9.855796936663486 0.9254257219453389
4.095816457615561 6.230547642469371 5.239783044597066 1.009939598341928
9.269998209803655 2.98474763284718 1.343201163960418 1.484467518782303
0.05697166946329491 1.807489893745585 4.573544357692864 0.9643481899704496
1.522404697803615 2.246562176652748 2.190756544411918 0.9925597431255962
4.123431490589938 8.479025462054688 8.592880963850234 1.04170559171539
0.4752741061596422 2.262367113783139 2.566484770051416 0.8084403381362767
8.856813848231647 1.743772320999614 1.095493315071634 1.003852308761226
7.324205107539511 9.296216387438511 7.960764422710509 0.9284671064383917
5.490068697383815 4.644102786373632 6.341692400429297 0.8589725488300586
7.45345574844468 9.665971534619604 3.174804685406212 0.7642720517599272
3.689230631378229 5.241395316597097 8.64926613333108 1.150872951113881
2.720545432519604 9.522466772249363 1.28476395629774 0.7268174756845742
0.2648258506949752 8.472024094860737 9.502737257695406 0.8859941262094718
3.318555665907216 8.697917596931191 1.529835747071064 1.077586358545318
3.163435847498937 5.233347029961815 3.973101278675419 0.7473452925510869
3.115004242689832 9.51998490766279 7.769379403687788 0.8145900868635638
4.184196794632628 2.55243573532848 2.092524685357489 1.204159484674806
4.663147078442655 6.915349176265781 7.117942362157529 1.227534138153636
5.04537972653909 4.277612205611081 0.7350221359725162 0.7880205481534135
4.230981729652703 7.232735227426156 2.028027085274888 0.7255714509013298
4.592070343173204 6.922888377059594 3.725803003301439 1.032467533957906
4.885933572246113 2.524388123552682 5.607237405023609 1.131834704942456
2.452559913766365 2.577033897634524 6.371990515958266 0.8908968466388285
1.571906973646959 7.536180776472343 4.880753951581399 1.228688609763592
5.926206869094818 3.792303225587615 8.04569548454907 0.739435694358956
9.517797316190959 6.051014070571858 5.575991785293412 0.8513341392311211
3.690140694292731 7.730974528097676 4.492763178851255 1.011271357447769
1.723559986564034 8.560819895473802 4.850238079412302 0.7865735511104662
5.558409834727507 0.7925551143025478 2.007981956576358 1.496092779472306
0.8947287793860903 4.333994368975636 6.66702365036746 1.119698308746792
8.869854057619881 8.78684341280276 5.977937215060013 0.9002275105911286
6.01571678201992 0.2606730767705889 5.873642294836173 1.440655362206784
0.8574405263677165 5.840281969161524 2.270273363832481 1.020687289752305
1.994243281229341 8.008183550341222 3.737372572237004 1.213085055707573
3.555256310990709 2.398079734427152 8.65773701229428 1.222088755446005
4.934575185778413 0.7214921576503941 3.339126709465915 0.9167958964156904
6.27036982863254 4.193933186016256 4.716980311880469 0.970046071172093
6.522633658876401 0.2332713586095714 0.193355071861423 0.8914795704949307
9.276964794660431 7.019735350498529 6.101840994590287 0.9728755073417098
9.680997180680439 7.025257426687405 7.196183375297787 1.276819643945229
2.772999989087083 9.44593947330856 6.512490960013936 0.7572722933602448
6.361613626202151 7.30309034622246 2.136258247376811 1.306105190962636
0.259561032426735 1.612086030071546 7.861722640136739 0.9871121412511548
2.949292200548008 5.528672001896791 2.592780546679701 0.8863124690365946
5.624567134170006 0.2889477674107555 4.681081680486781 0.9484264119021565
8.660422988841066 7.317725145077058 9.579485558700252 0.8905679746566124
2.658784625131738 0.5867288379339063 4.342520628203197 0.9413293494429291
2.173439322970312 0.6685206304391045 1.888245038074659 0.9078701079090803
5.164888377713927 7.795049690604817 7.300146151250075 0.7560347185082797
8.010215010348691 5.429970304184834 8.460534238618932 0.8824602761771939
9.740831669005368 1.179180366162124 5.168822736314409 0.7552900188933848
3.774130748278187 7.432711646389321 3.549605879189268 0.8945885984910725
3.051908782556612 8.364277962594109 8.947555614494888 1.166059908756056
6.44839382347256 2.690155653582253 1.447310427871595 0.7653934494416936
7.580225269959952 8.678241303351561 9.794028304625042 0.8057706851953947
8.491098956270571 5.254866074445307 4.819539827388618 0.8110278532195859
7.629807375685586 2.148289300817416 4.238924086723518 0.8085710795635369
8.613633753729051 6.219120034202721 0.4531573837591718 0.7664404309920311
2.251084627544423 9.366701026739429 4.09857357193346 1.541925086051385
4.689759497153159 9.392157051457925 8.949162898049858 1.078622440510935
1.556623011515257 6.503698656336825 7.857003393691685 0.920072615677317
1.263740066125477 5.486252072856272 6.066242561592433 1.115827364351206
4.539652055842898 2.11335275141294 7.344021916851951 1.138838783439997
6.367024768920416 5.180237607925778 3.794933848673559 1.567991794992803
1.346834446331919 7.426995806944714 8.239015429740462 1.061995109216653
5.067487354919228 9.758520193899335 1.049278294921668 1.328047633456432
0.1914689983748175 7.699485261733527 4.541384763720232 1.348893487306129
0.4563547094913022 7.420963015687942 9.167754388997048 1.236769559956601
3.485137192927863 9.523277720262232 8.806359923406417 1.22787877166333
6.510792774982375 9.209611505897119 3.059898867128295 1.250017623486961
0.7135866268029788 2.247712445715707 0.3710268930810767 0.74649048079353
2.286303029389309 6.276869807745133 7.387556588717072 0.7698950131007062
6.872041268477191 5.578222781407953 2.6171786644655 0.794809380866435
7.247532884617581 6.927880513479249 5.189693639896038 0.7758306174615416
5.629357999890379 7.889344530079793 1.616068555259851 0.7898574692578961
1.872347684689747 9.153327195256891 6.441370909961387 1.062068306248213
0.227800941836197 3.419991129320101 9.739947325014318 0.9454462859450664
4.450741381651468 6.229346504141444 2.783191031362833 1.244831366538117
0.1724643927338065 5.374330640367256 8.473716440777176 1.40311089196127
7.409557468881282 5.724311843820913 3.294860811277639 0.888365038144372
8.796975480787195 9.763846836077969 9.075827906496601 0.7609602942237342
1.744950921657016 0.9097293965657826 6.852034605682165 1.0530530401054
2.961953111641644 3.305605173718421 3.89715043642141 0.7528243617409069
6.078884204533876 2.449522235971526 8.407945558004 0.9172760801152136
1.209752900411488 1.831503509330549 4.830507769413405 1.291442559626101
9.403362698915133 2.242273680766541 0.4824775717893826 0.7315616916058283
3.410035482303926 9.417382194576712 2.219485526704355 0.8779301238250466
0.06123134326805445 9.263449460725374 5.652455469746736 0.8850668348641214
3.360768990467336 8.0480439449512 9.859604997314165 0.7305595300598628
7.991332417494371 6.888154544831547 3.389311297846064 1.490482687263983
6.462493701822723 8.296534492121362 1.626334385109157 0.7600853043937013
9.117046442518935 4.833483792500924 6.286440577026881 0.7699462586003084
6.762878290435275 7.049608548162733 7.764284586649605 1.12246828109589
8.369060700266873 8.881886401494972 1.091581124607085 0.8987221109821899
3.790885363681225 1.256372700863472 0.792161311968742 1.025556201367895
2.626399511188798 2.827323483675484 3.250021218716881 0.7260541809413191
2.943578799077195 3.264028674749458 0.1353232940242288 0.8057445166076258
3.329062641557362 1.376565268406975 9.732645052929648 1.160881090593628
2.790716300698829 3.10146622058302 2.309658420993057 0.9122248686204786
1.377564763615454 8.936111088351796 3.301064036358283 0.9003980886183481
4.795533634331429 5.127698075330835 2.659968260749771 0.7694678399599986
6.900418189173283 2.261273399148206 8.210459260110742 0.7795089597023418
8.671963891325539 0.5077911901244869 3.798145093131549 1.161858407796605
9.771457379261397 9.758704303347796 1.430555240243114 0.745848469657573
2.4675988413273 0.1620555250769729 8.465427156631119 1.206451507740846
8.20977297220939 1.566346285827652 7.56377093001449 1.546337844779444
0.060775315512549 1.956874695241099 9.958678910096237 0.8624524558522079
9.514712736057987 7.988494984186684 2.385661180621566 1.242492144883047
6.252086226762766 7.945089291617082 5.570997870575773 0.7258614817484944
5.956852959096377 7.007665793271823 0.8648736156732661 1.261934266353615
7.126380298442944 8.242370920445751 6.881136336642923 0.7304135054441094
2.801912000879932 4.341333682923179 6.123857601444237 1.27804900217587
1.165273294311263 0.3676307287415847 7.904542601999855 1.499212387407185
6.953877558248243 6.870471271887808 0.5300177173161591 0.8154075019279378
2.917515790017419 0.06622828751479347 9.554693445076836 0.8398633171781874
5.517868851441123 1.309208552895197 3.038034492182174 0.7684823038097323
0.7815395350011767 9.403926868642438 1.442186120324619 1.217976015938889
1.346588409249338 2.152035231148967 6.188008315547266 1.456322147717578
4.813045306110855 8.188417680043001 9.334836631578572 0.9844299249577089
4.88485337379656 9.691431087402004 4.695082983773824 0.8944705811422923
8.581524841534909 0.761044574831532 0.6757154871975301 1.116531585312977
1.764149019045062 2.894102050684082 7.481971394855286 1.444188353562589
5.420777794720199 5.758851722016652 4.827198317629943 1.214639262776164
9.657132258128447 1.240645546279792 9.531824856773204 0.9220883941734409
2.636592786467653 0.5680413779792737 0.6817923596013442 1.589914745579913
6.644640480173749 9.050520277868481 1.954654178456442 0.8758814313275283
6.425086192685196 6.889945266790275 8.81730010779844 0.9389709183263745
5.072209417740179 6.595327646017695 5.860539570911266 1.344025485950122
0.2732176944987852 9.358761253730439 9.676413028120233 0.8034917275877473
1.98395044597485 9.664280736324475 1.845211792593872 1.058216424825802
2.722358936097954 0.5399140185226725 5.285062624740565 0.7346796152224436
8.718438811903928 3.427570995146167 6.666742594930101 0.7518029002809303
6.251019340878928 9.099726849068421 5.672086510268917 0.756030067036582
5.321767050972288 9.772690132449009 8.226027866774436 0.9239414930673552
7.817661640211184 2.688586433389051 6.591529719439872 1.353860893250826
5.95560787434873 0.9057583033637961 9.638618095318023 1.026474912310518
6.812613633067481 9.46568103291818 0.4513460775103739 0.7249700338324613
6.767575914828638 8.973169482531501 7.230197837157705 0.8891087141003462
6.85447081768076 3.294419279917873 2.086849173021784 1.066013228300759
8.174344865190742 0.3412863685533162 1.629657815396474 0.8522869450380115
7.31091097185733 5.768592971989813 6.137990732499778 0.7781522143915817
8.926020969634216 1.741478823738461 9.961268515362493 0.9395673565092484
9.03184561002799 0.7431094351840527 5.577322501795667 0.9309788617469266
1.885099683948119 9.681401026872264 2.972449495826218 0.835483766186887
6.018430141271138 8.971561851909879 1.171329600987869 1.058572711629983
4.287979905018809 6.734503526462905 9.524634447495746 0.7556409361322312
7.277994181646099 8.748613350546554 8.853378146145907 1.12830156136493
6.277209901106398 4.402186194441779 7.803747108942935 0.7246422600944186
7.124772816082109 6.497824239314046 9.547903883719254 1.10100780770228
6.611548512816432 8.725125601211815 4.2745608486643 1.307803137118062
7.733413945836786 6.709269460753648 7.53858947933193 0.9481622268418199
7.200778909740433 9.39370073689126 5.328259589279645 1.18885952882519
6.883572005375691 0.9133787663953075 6.298070044551959 0.7427378770796197
2.68769635420656 5.924952192698111 1.304197929755699 1.607063876854138
7.243065000552754 6.236143168465596 4.368637303285225 1.201051200259519
4.831444467364874 6.722401332126477 4.704483550015028 0.927529775973934
8.188317261495238 3.087563355061691 4.480731069705175 1.365959527742024
4.419480769679504 3.287188719595831 7.03659688172999 1.119136572032114
0.02530182951348103 1.991337703610248 1.022216566859236 0.9581831149887653
0.1472386480955046 5.833892779733537 1.554789081246403 0.8815669413539835
4.924737257536147 3.192634045051316 0.7104965737372581 0.785335861059981
9.300649360665265 3.686641342727552 9.540824837882466 0.7696729131654438
4.387047238387519 1.464167666520678 9.953203457236798 0.9450724188619947
9.229447901945596 0.5298395121364008 9.151383432326822 0.7366938995935067
9.399897954712666 7.039869906346621 1.837286329488446 0.8372357880594187
7.92637308338977 7.119402124953307 4.592402581770348 0.9115611384210005
1.028548814769141 1.551844720811487 3.395883483989322 1.597055621977365
0.5050859345612724 6.634015645166917 8.161692507211256 1.196648272340018
4.495266713168556 7.220875703555583 8.473030835413097 1.507087293477831
3.489461645847853 0.1201346278310455 4.145368606364 0.7434056398775799
2.62225227864712 4.907862488739124 3.348617638872431 0.8720551470943629
2.615293791750047 3.421281597076203 1.159649465158267 1.199435822048845
9.662774884220719 4.170589987140571 0.03362668008871417 0.7551976713364178
4.664984302900475 4.035013319776775 9.466726880850864 0.7625999445549629
8.108903600385087 0.9213331258774048 2.243971557169745 0.8017166069714957
3.825207067349967 1.642531637812973 7.943685148353532 0.8182529654596441
8.425994964716091 3.444626300084932 5.733334122346422 0.9929903359750287
3.107533233665251 8.051965707150629 7.500919397727839 0.7627117880751815
0.958156944264521 4.384548996849142 5.307385952790061 1.537637379210986
1.041894863237186 5.524490860989988 0.07356542704778701 0.8511813524513911
9.903492963052299 3.567456009106724 0.5412767047748579 0.744928613627082
1.000124428473104 8.614729637602277 4.198267066574227 1.091018058632885
0.2297304069490136 0.1372276174142062 7.10837357706716 0.7845019662682664
3.886288088711882 2.119441236410326 0.3226400980730237 0.8112506851522729
5.112258169814531 0.5051883952868819 9.077714324608827 1.057189988497637
1.832187961188772 5.792885362963325 9.474530080971221 0.8585247381947487
0.4424829670852648 5.413534146385809 4.48931298334244 0.7704159955624578
3.647901424820197 3.625326776470073 9.802513466316086 0.8109185750720795
1.893530194459821 2.679764419576056 3.997456698219459 1.310910903506707
5.752756759683055 7.596271120168697 6.271190586536763 1.013980037145179
4.286739943650106 7.195996533382595 5.300525119451114 0.8694169298486171
3.090267901319052 7.41798762256511 1.720953368602799 1.498629923618376
8.260413180002484 4.281670924092075 4.529084791265151 0.9869632050158571
5.003267335217114 7.889967206032276 3.476808592817268 1.032885059995203
4.319107953428107 2.932564844410177 8.039207528016233 0.9547120726641904
5.515049704256401 9.555314301562824 3.360031494306134 0.7249771943433605
8.590828651411103 0.9923720199999885 2.918623542094328 0.8030009659755402
2.67395793243545 4.827049675727156 9.26808196583157 1.242334669897573
7.371183822444651 6.426257657179047 2.21148286792977 1.205646013528288
3.316068536137927 4.275848383018886 3.884270304586481 1.153747678574016
3.448134414029097 5.717817054830088 4.666991197944192 0.9249026858783339
6.258233714944224 1.446396232860917 6.134478433340079 0.8701324917368783
7.669695933709133 6.081674399230076 0.3548963828043871 0.9540497926350365
8.949051818365202 1.813140193531966 6.634850849617401 0.774275736965779
6.580879520808811 5.113151487324038 1.586573093880566 1.34291554266565
8.244518120814476 6.328976432345867 5.545241892619864 1.604294205952642
7.742824341366513 0.7194435149345979 3.202234667446458 0.8644770866113071
2.663515061989327 8.173312348627482 0.8817415440019204 0.7444418552549084
3.563378667903958 3.77785659845898 1.935261175486606 1.198908773973829
3.921123030335083 1.896034541641941 2.892194258294746 0.7278670035123835
7.091785979304086 4.08126426660183 7.864932079009683 0.7508854578384303
9.966345057294319 7.599832469189828 6.341382550554536 0.8070326125199322
2.386242107492366 2.479346155865077 1.72382809325368 0.9107281986060505
1.351372624618086 4.833300578855584 9.144724003127843 1.344880996929654
7.677660592580977 8.338653917682242 4.723666384701622 1.051085984594556
6.22228791254975 4.936479981243969 6.936843189146349 0.8888661867075861
6.266057772032608 1.7639840901528 1.187076492551993 1.12268485397686
0.3660297421194147 3.57960857879108 1.41285060112404 0.891278178120682
8.968210632329397 5.399521213239507 5.716043047564423 0.7302305714922301
4.922537023391411 6.145332999796363 9.582500556587627 0.9507675027938879
9.219639408102859 0.5210142772055758 4.689507422452756 0.8966000922400976
4.767908580241204 9.022410399121854 3.779101505705776 1.170189224477879
0.7077789463576734 8.453104906132939 2.238933228843843 0.9796327198105957
3.284439771188771 2.143872691136117 3.908349342990959 1.505537099390323
2.013593254048075 6.080124912498511 5.920440001553381 0.7567442333776642
5.029796631906245 8.831903229862977 1.892328780952824 0.9711380030884851
2.220482439624708 0.02990740363308708 5.074482822446505 0.7288387305765144
5.975549586387657 4.402103094083097 9.980910120585682 0.8308165410744188
0.2559082476231578 6.615485179140904 2.153373999970924 0.9193370399092541
2.224496063794708 2.898217917720559 0.02852162917518441 0.7271365703293656
2.032404844233702 9.942456109220172 9.689406961955465 0.8836309388343314
3.054384864398302 1.525819670011545 7.556961859885669 0.7481267975847113
0.6580253294047533 4.243602743817968 8.37323439535627 0.8454548194741939
1.659589009710499 4.177330590177169 8.250906514535524 0.7544621905551291
3.989914054186662 7.742747569132301 9.43811647333548 0.864888375086494
7.976336652246629 7.803325739451172 7.192932499235366 1.229325596574372
6.702473115979763 0.8772289852355486 1.198136044217027 0.7604798349548481
7.61259426229212 0.2722705421286086 8.071963911521859 1.07337825908696
4.665329156301944 2.472899687633415 1.180901712395691 0.7509543295597321
0.5069206779818436 0.8484079771337426 4.72736591616834 1.082137458587184
4.056189197765596 8.303358614093046 2.614007244130224 1.595800521952877
1.558335279752328 4.965554029068447 3.952654350290693 1.477416860904888
5.928555106556993 2.772635593365474 5.48210792810127 0.9388301989435772
1.510514336914635 0.4734021059968707 0.1765016353866167 0.8077214465661682
8.474379343856887 4.452837704764829 3.264177830240382 0.8052123656928453
8.524992830062368 5.562195169245869 2.775689321727204 1.535857061393191
6.063869934160434 9.018665800568654 6.57951317602575 0.9571430310407496
2.675448908931437 2.786247800295441 8.270364185035682 0.8131379180802381
5.211562490053781 4.299312624352387 7.40705653032196 1.378462325639264
8.149696531954678 9.565453874756098 7.524552527027148 0.9746867048886115
3.805536173432437 5.141051681896793 3.21425869503659 1.151985951103343
0.01272164312815405 5.64326591120716 7.358500846260881 0.8345650343165515
4.272952778720904 3.463429578923104 2.651509445541804 0.8157611313452684
0.8913059280876999 2.5175378575621 9.274020881065917 1.420063642557489
3.806833467228923 2.079957126794262 1.171326793032962 0.7480003056928453
8.261001494966168 5.751058549398872 1.414309378943172 1.174574692635671
0.06303940226158988 2.740046970401514 0.3589816166704562 0.8523367482594022
0.3310488927102195 7.818738898333618 0.3979637087019871 1.232395989085628
0.3172401660256274 6.027388947863658 0.6780038303878322 0.7975573456999108
9.981169366247842 5.117352476710852 0.9391338729813502 0.8700107061855387
4.207055158700889 7.477220538312614 1.224633604378592 0.8563863323652753
9.212946766774948 5.954371652787844 6.613653344819053 1.266142443946173
6.995352322848733 4.967598997620508 6.414353832613198 0.7836297468075962
8.060131320262986 5.878407295250901 7.462533756132385 0.8118030542425956
0.8926455227434082 5.826358263600945 9.295755357665465 0.8137027564416501
7.184813405688539 2.209673877428546 1.022063905769048 0.774930811288482
1.878906046601868 2.829691635749477 2.833088094544101 0.7689330992682184
4.672122884237703 3.574563203714804 5.452792569244335 0.7841107503824791
0.9821253940745323 8.967315948872267 9.18918366796167 0.8010268864540685
3.813118799370435 6.781368462976038 6.19675439132252 1.231741623858416
1.285227369870587 7.652684104931827 1.905604890531769 0.9725164918728084
3.565920506646882 9.539936642232382 1.164218529547726 0.7378448884029075
3.777231804728395 1.3118176301466 6.938706434920771 1.167541343422267
2.770088197856624 0.8620199303566588 6.927273808781837 0.9280611652500514
6.138500766885437 2.212756940539788 2.46701775758348 1.529398553876524
1.592481651161253 2.247393659206009 8.41405242181734 0.7560813355864513
6.931047463747848 5.84062160093687 7.199308230931149 1.358228748782052
3.574671591117666 0.3957774172940431 2.535478436480513 0.9444503197958254
6.817259180610686 8.911783337119502 9.898028774129967 0.7387193170428225
3.882636705750376 6.775604208278505 4.497654596959964 0.8323021202830196
7.299464370653369 1.536400717361432 2.638508348522152 1.096040274379423
6.614498292801005 6.544261739287299 3.28491178838555 1.291147166106515
6.366981556326041 5.110403906734644 9.810547389926713 0.7269706936067645
1.970975531573517 0.5479555634727229 3.505332217343266 1.099216347205398
9.774903262963289 1.6176310154832 2.820748789595447 1.057196379490027
2.969134885911519 4.515677277398136 2.590393127943466 0.9083386196114771
2.230235053065449 1.309851686824051 6.028865616301185 0.9622415210546568
9.285207157983621 2.141040719199768 8.122919619028554 0.9308735534320366
5.069096126853193 5.464545445373461 5.800590817310508 0.813321308164705
2.265045908481447 6.409902903970072 2.603297706876646 1.23894394738201
8.93808815097446 3.929014720772442 0.45547657217753 0.8878288080576062
1.637963590565302 9.593658643772645 8.914018964921743 0.8611648902397477
1.721933901621078 3.496035922122132 6.194746831493798 1.290957527890162
3.281162882022489 6.315914588645894 3.557077323985529 1.445574776085533
5.178059679805683 6.827084552244837 1.870729516411471 1.252386242479224
7.972599315248399 1.680605175700125 0.3463077793145919 0.9922444253532224
7.327810122225116 4.989684061627877 5.171929770055034 1.598234337440994
1.840557093391085 5.013109687342177 2.412180243089207 1.520130782658345
3.759624027964847 4.192479609690144 2.844793789430769 0.7983547107333008
3.200307592964823 2.647976443480274 1.570129802862665 0.7244537480225935
0.45751078506023 3.147661373835583 7.792159037589411 0.8472124247567526
2.825549420259691 5.705852175441138 7.37206000763893 0.7650007426591897
6.857122908287429 6.705795245148356 1.341280108128126 0.8239530456386097
4.401086504272138 5.855055782338245 4.149115998140736 1.186553398058288
0.1178900729706711 9.585112055424485 6.508660868977442 0.7748042699265362
5.713644913512466 5.78360786431896 2.582487497663635 1.3713738719971
5.400571057941075 3.531840949023989 6.258248173644857 1.33460966503104
7.674125011960983 0.9781394287800093 4.087193066649324 0.917334955493054
4.493919021579198 2.415675857241126 9.36793928903151 1.064298014035629
9.199356702320127 0.686230161789223 6.794251129815216 1.41262535163322
1.247631750109572 0.6255511096372279 9.229373363673529 1.0969252946236
3.349216371974247 0.6108434108869809 9.058479509564114 0.8308784060719349
1.087771055984399 3.917766039882161 7.635220270805855 0.9056171793760599
8.794720639921414 6.325546773829147 7.484559600091993 0.746566899833513
4.304505537251352 9.40471624225934 7.721992792316306 1.402772235312155
8.321633468996982 5.914504576099717 4.152940073271777 1.021605873935167
5.279643587296158 8.713465904857076 2.857392121530002 0.9709717988986165
4.520807196554678 1.807748715513716 0.7957173223615864 0.7473228974549975
2.346941883324481 2.132636716550895 9.235410467699108 1.41882103814189
9.646446759578387 6.192617983106648 7.816859334742811 0.7461012477985893
2.694594121474636 8.145941956324677 4.717376248462305 1.131586507667229
2.357687416492111 7.900486062115925 5.733016915988618 0.9714873331576821
4.92689973935499 4.935718366199192 4.268447007249563 0.850631327330339
2.62680693292232 4.82210815789457 4.34188600326376 0.7586672778629608
2.311087997393073 0.8454923018809534 9.387591629558285 1.060125664494634
7.016284478181435 0.6188797621799969 9.128738425068356 1.203173925469484
9.545631007790789 4.21824860392703 8.2525183061568 0.9733474695012516
8.776120725554931 7.826446080260465 5.223186799738219 1.495298569608068
9.288981673386377 5.811443133555077 0.8506422948625847 0.966593952067931
3.50762122834192 1.173859339860787 3.067776361959892 0.9008756809387541
5.255877654878734 9.341459259001626 6.118869546411105 0.7361915212013681
5.467247777902933 0.1514951582851276 0.04493109544090434 0.8826800418503478
6.578845438102943 3.281772719471864 6.05957899031879 0.992705529356646
1.467613862950707 9.309613253604482 7.341848893562906 0.8470857971966581
9.318501711864043 6.790243762077985 5.249301667888316 0.7475166389714786
6.48957461673832 0.009736751051777626 7.86114406876094 1.180601734327198
9.824657166942375 8.745835309706594 0.2368524744648803 0.8033195859733055
5.957901685807964 0.2285323906612768 3.040490506014994 0.9104493652780725
9.389085525601539 2.590579858292408 9.301884279166018 1.361920753284408
8.341765714497555 5.376582861667281 0.3790004124905566 0.9233739970524275
6.893881811038129 7.672016298866169 5.212563266556076 0.8008802158330712
6.709916197315646 2.843422279779658 4.520140891069712 1.442566502101086
5.388442687174132 6.180416974807343 3.710014811271977 1.034789727491901
3.215181753923684 8.308853831172659 3.708331376996506 1.114767014335762
9.332110841659814 8.954682647609101 5.104618813875299 0.9854953786879741
0.1748281008876251 3.961091281553158 7.376689206484618 0.94786425949717
1.19079970754621 9.565634267619469 5.263500683957492 1.522693222354651
8.194178676968901 0.4206189989263542 7.241817536650632 0.7444529252261743
3.378497852383049 0.06040590067780682 6.856629413143239 1.04887584893785
7.80695762483552 1.058109316695711 8.639063463364353 0.7546197995440218
2.548141803404889 0.7243508626477735 2.727573881867171 0.8239986504201621
8.406853178202388 9.901230710933893 2.690338540017588 1.378748317542524
8.325805751762148 9.091193065051776 5.199794005764381 0.9926246331195089
2.009996856788348 4.480378256625775 1.182158232480899 1.096723576316366
6.421987821435406 6.140718761908528 1.844512602430343 0.7347214396571805
9.597768986560238 4.523672861115556 2.99106326526022 1.323157697143188
8.903085613854829 4.78896225111183 3.972403016491687 0.8932262647768773
5.969994938052765 3.458384225699817 9.720084885066552 0.9653837107106459
4.371508505179629 8.00949938106125 5.138496288189283 0.7659463315562324
4.335002022749471 4.435573960552913 8.737391841616665 0.8060984457923625
6.473205879335834 9.704056388937115 6.921677385024857 0.7425281355129358
4.246037596139809 4.499740674976459 6.226934072315715 1.582461457138836
8.65399235267695 4.105607940115462 1.347356711570503 0.9709592434279435
4.464469026954731 4.264741185602713 2.346590836215825 0.8193384383889166
4.65000455202371 7.261934689423117 2.833756225173452 0.7703160118269556
8.982325112143164 3.777343759536741 4.947244321889296 0.8603793158846997
5.545698593800484 5.331377211615743 9.799331443675975 0.9119995571329129
2.729912006354582 3.260753036489493 5.858686680439027 0.8514733550952972
1.741935808708978 1.310459525544747 2.379322691237594 0.860089958044425
4.828819683843119 7.318247532014483 9.584117480390972 0.7796025307125259
6.500154356616293 2.532164280031004 0.1939402145535296 1.319524202715898
2.564473767626327 3.902741083027874 2.165239325916447 0.7324708728387251
2.295844827181334 9.953760043227483 7.261781967714254 1.156250078021889
4.570493955903476 5.17656799256004 9.370010555921787 1.028974967091681
7.634065490218763 7.600402951450577 2.256965100501114 1.059479832108849
0.560980414448643 9.795629123400458 8.925608887205682 0.9406937614931139
4.954661585013661 0.02310442024671344 6.184304645111784 0.7303150629977125
1.392319682282639 1.539845996453954 9.508351946298014 0.7553703515466254
7.47770046737481 2.789349816684321 3.188035484134708 1.568949128977539
7.404485475825445 4.184421971900003 1.252585706657615 1.185062449049096
3.970486437186554 0.3905137753390364 1.500697233691622 1.196313890999381
2.32574268783841 8.809390635957474 1.294062981837069 0.8702688778994694
8.418012909217186 0.845016787491164 9.706860151003259 0.7918374885765146
5.279219420513868 3.967608274199569 2.486965175813586 0.7388368182016163
2.4552864426672 9.283428507891879 9.152134754961784 0.9216166053514894
1.937851377793676 1.178432679001257 8.514198036994264 0.920161579586284
6.565142244599921 5.882577488685382 0.4157297182801367 1.23769385768402
4.48526247607684 3.29439590371092 9.825444930157202 0.8502054135904128
9.643276410733874 9.853272236653583 8.978409129848949 0.8266671084392621
9.193292940986241 5.918143221509979 4.784305387814855 0.8289572185123435
8.613909973873811 8.726227515887393 4.232301165305235 1.032246282125543
1.299133896751269 5.500230282414102 1.148674266100826 1.262858752274882
8.516104442071237 4.494030316634621 5.656095629639594 1.062671665896689
6.790374318218984 0.4367250643306286 4.67893469639549 1.324902226547385
1.98331305698831 3.072002976266235 8.636701630204861 0.8217376043035437
5.167452876871518 3.331340767879952 9.221738777554792 0.8974286810359998
