1.753466966981495 7.539776684177055 1.755790269473709 0.826064165668819
6.908543863363027 2.102163973379588 5.522630688949696 0.7895871212784368
3.216141515499431 6.699370854660423 1.998389852274823 1.068358572735541
3.052045965983815 6.34086509985876 9.390443464351993 1.24520894773603
7.067264462009451 9.18401854662914 3.37894604241125 0.9188228811692942
9.375207517941529 5.954209038810275 2.552779764747655 0.8340361299361916
6.001235629201763 7.6941215035818 2.236114386977477 0.7503886567416465
1.136645059629042 9.042899252885789 3.068343051362509 0.9847154356382954
4.092280520344485 3.36111172449036 9.058328714227162 0.9319414152219772
7.843261432071737 3.110512217449957 8.718782886182199 0.7854550526543475
1.880341492265987 6.609511362996998 9.534555743358892 1.109381858015861
1.334501905878306 9.392164742113465 4.627572818378984 0.7798105328496109
0.2676284461457223 3.636642535184824 0.3516874106821034 0.765538998655481
5.90192226794562 3.911448508584077 1.71983102690249 1.01085757922041
6.697737983592194 1.751876204160653 2.817228393442674 1.27157951685433
0.6299681184300765 8.502951017394679 3.809108840839122 0.836429171231835
3.221674542479879 3.85031272728872 7.270395491082468 0.8094104203212352
9.302349550425264 8.005290297448415 7.667400976230044 1.002890605691072
7.3110006903622 9.051490998855856 2.528271155193649 0.7785538209218343
2.126190927806659 0.560659273192734 5.525889538703751 1.061060592492104
2.845932261048939 9.049440881800509 0.7635079640921227 0.940111465115343
9.49251547120293 9.30199234915654 6.678523255023339 0.8208707590797493
2.505618836639794 3.616114147206674 7.633011248538091 0.8051286136910735
6.405615108315865 6.946561818767387 2.814335632422296 1.264661040365067
0.1523529732652351 5.908517638755671 4.086429682458835 1.21040679517594
3.437301035353601 9.00665121068119 6.093373601903788 1.605400950020472
1.893375848265666 9.850036070662423 4.07108418910916 0.8874414191671086
2.329349278913188 0.420550121164095 4.591574873570482 0.8323371432453178
0.4132866372198518 3.680207577844254 5.656772880098651 0.988900202512169
0.8938078012255103 0.5999997405146008 0.1640597296261193 1.602487397660806
6.705595675209482 3.336177181658225 1.749276198682015 0.8659516960926618
5.668538610815848 6.865499353501672 5.922276588121956 0.7680376614071703
7.885359240359706 8.538758264291717 6.959652750285339 0.7515766820421038
0.4152903680460097 5.116758423947124 4.81924082039147 0.8948091045106153
6.421548462942568 3.068734586130483 5.037958396457264 1.498363111681875
0.06653955420360069 3.836081220399348 3.982027716495836 0.9119253642816648
3.40698725484138 6.279887075018249 7.467804968030805 0.999365322863442
5.835628059653485 8.686010004535078 9.696730618084098 0.7643339875055908
3.951974065290576 6.503713031749682 1.014675784454464 1.343594198930519
8.049848679828054 5.260874437422046 7.588242624255246 0.7623945156861965
2.412783656461309 2.789216400115514 5.631973934563438 1.370598832637615
0.8672473994603426 6.421093675505676 0.2125521763794514 1.236049034128361
5.411321410799482 1.755760273390026 2.338728312028571 1.341787538131498
4.185504057238802 9.138634012966548 7.072677705290113 0.7898924490378795
8.488336632576285 5.695163306662555 8.085978837444701 0.7712673538830568
9.135577801450799 6.763162378391785 9.424782343616304 1.055974223211593
3.19946708236749 3.901525189851384 5.926578452615288 1.242601715849347
6.314187293924967 5.836045478546352 3.214537638492221 0.7277686046981798
9.149388728057636 0.7354905988668082 3.501222095515974 1.073592746047588
2.77344541828182 9.278920988489427 3.874484597702443 1.047097388898261
6.386220843101123 3.569738883399823 0.5550611564129105 1.510284847976826
1.566946448499613 8.238446898138784 8.042876514665057 1.300485489076895
4.854841592337708 6.854729750441273 9.021948562991135 0.7537356356101745
2.56436383962833 8.538161092451343 8.349300619119338 0.8032466133305061
2.213525731175395 4.729303954662914 7.448896393733902 0.7394588067826834
2.053906581166233 2.928713005910987 1.814675759741362 0.7596349027972649
2.02374585035015 6.707146403875024 5.729904690689879 0.8723375215094866
8.026186650022051 9.151723178561021 3.990175363308199 1.195399000512951
2.549855197840952 1.567519071505506 5.685800905318116 0.8701022084118946
7.112901935337502 9.282697460947297 7.273382955147512 0.9889784792829552
0.3406220590541476 9.196551145464136 2.309912189213224 0.9210162358154432
8.724987311302616 6.460471022236791 2.80581176996394 0.8083172700176369
9.883654257076389 1.315738666338145 4.173734699549221 0.9125764314696811
3.230918418794678 3.209301557782046 9.090171376503113 0.7540742400323099
5.408179535578695 8.224305266062714 1.61718457180301 1.150117849334988
6.220728754470805 5.038056452443518 4.802180804375435 0.83855044327652
0.7449694393423002 4.63562132112965 0.5521982494430488 0.7676413338796683
0.7398356448195499 6.611854274268603 6.710337736771431 0.7789750661233067
0.8478518968965366 1.943514202174421 4.61636124774885 1.308952351902437
8.034117586432949 6.337945996768881 8.277124246982536 0.7556265577925713
6.72828366400237 5.863277272117374 2.328647787853028 1.024701150717675
9.655377348594408 8.396085344178811 0.02938814791769606 1.051208739642459
9.314393899432057 6.137794039894206 0.9553356335975305 0.9543851046593909
0.7990978786118308 8.182734925558975 7.14320109007419 0.8169962293715662
4.200922474728891 8.830896478995383 9.236037693824285 0.8478373547000916
9.135889870299239 0.06370762115093909 5.427691032318382 1.084742443468183
5.391620727368176 1.019546133568106 9.727009317405841 0.7748755660535622
5.46646137937747 5.53840076183694 5.096377452564359 0.7517692659208899
9.858048638623623 8.344242659553053 1.951793341556555 1.097299506309242
4.713501687195829 7.25026909409184 8.324115157837156 0.8210782771874603
5.216238513321539 2.991113206453599 9.504432130698383 1.522839867645368
8.775951135073919 2.30206403814595 1.768387756732213 0.8196729107273588
2.276983004498307 2.554363371055427 3.388965208981191 1.177683533987804
1.753569180422614 8.932837131743556 8.980139080832352 1.003515559432609
5.546210491801948 1.779785664081512 9.338142376904203 0.7874321577277698
7.699499453055656 3.982564651909589 1.664868422449282 1.445267739541137
0.3778197207892598 9.28775102914198 6.351881081949185 1.020306666723245
9.63565570939873 2.25624711666882 4.711382073273508 1.130800618809853
8.04281115183802 4.841477669581623 9.358188230071827 0.8385860324098794
0.8224461804049021 7.505238270251586 6.423916792143003 0.82345780538789
4.728491821574502 4.131339639437995 4.037255753574469 0.8071650144057632
8.468716137777601 3.634904661355189 8.842576883658108 0.7886084572064385
3.624210008970071 3.138506059541731 0.7663933888751008 0.977469794369632
7.866916738710947 8.428442042355352 4.875666123503511 0.8525531714757089
9.370323180379447 8.667022923304328 3.915633094128827 1.4482349583975
9.210559349001429 8.207335534454108 5.017655245412549 0.9107608256451619
9.764513150378614 6.202919818861988 1.743004572399749 0.7667629304942444
4.923092820922579 2.650824492197943 6.329911482331768 0.8080005330483147
8.477028971367004 8.483514357978196 7.600989086740735 0.732867985659044
7.28222249738544 8.249769687549357 5.745556566855843 1.016122040305507
7.230570089308131 9.792280583860421 5.721965997912871 0.9763566603176804
7.819668282056573 7.409746732978353 5.898001200971303 0.9678809624318676
9.61003327150523 6.592727980004545 4.846197273010608 0.7329626865367416
9.674532251243955 0.9057939111779068 9.74377010088752 0.9492142715755966
1.664478334311154 3.058280095009792 0.8426375916718621 1.110747240806056
3.054225120582202 7.933998222915432 9.030685639902385 0.7277223617461334
3.215906052894963 2.170135118637564 7.933186596305131 0.7792958229882215
9.506845336940499 1.038986120335879 0.7531756975870575 1.024959558005475
8.637969676540136 2.838261374431891 5.008866474212375 1.187910991514466
4.788422932211408 8.140530482660537 4.57534709113474 1.052191431837158
7.375954867145497 6.591776471918871 5.654751027672065 0.7987282298715802
9.4304594089757 2.141791786265081 0.9555711418306024 0.989002260264059
4.321683502187156 8.040921619306992 8.172378776414288 0.866003237317484
3.740292929825284 5.651747273421655 6.810092120504064 0.8086177804237344
7.684185607575442 1.364750968715716 2.361094796341323 0.9510417156939034
9.31213805791584 5.414270100372196 5.001203223897044 1.367609609099459
7.600715301077717 6.434040437485191 9.010503167014775 0.8252901856458901
8.767413756946416 0.8386215822488053 0.1237370602571841 0.8413254022161009
9.250895811662936 5.636841676136332 1.809485528804399 0.7235023628037154
7.178525979372767 0.6738886576116244 0.1517882975220164 1.589584663127213
5.807532287933149 5.946824439810949 6.716760393218688 1.59601514507143
1.362544070637551 7.004594180445805 1.077377692717119 0.7621529590928826
1.60926942800356 7.643802239513311 5.910891211600434 0.8429321866893987
2.36777110013129 9.381723602858134 2.315231888825382 0.7792357468329509
0.1841956416208013 1.887717144070135 0.1243835747272459 1.163948187051645
2.021152104990145 2.093665284430284 4.615283464928274 0.9399335621001048
5.79113350838295 6.820958922794805 4.843030177838755 1.199313313442837
2.693124821573257 3.593684866078002 2.534371641672832 1.47907472423798
9.805435413205071 6.308264740284584 5.866826348158391 1.226050643083564
1.070826401878112 1.729831452496235 9.542647363099135 0.8303843096039815
3.825430293694973 0.5148418135434152 0.4349683336691945 0.7887922951198723
9.922082679060699 4.792388422051129 4.023191016028739 0.8857378958720031
8.884223759280015 0.1623623348129255 7.263822919095265 0.9733984692482686
2.979505298583131 6.516857858607733 0.4217589967725189 0.7809727324743698
0.8488523170410578 7.668594279667957 5.146248023934585 1.193585797816183
8.109990187027972 3.436093401353979 2.556727655623953 0.7423090094483149
7.770248703906306 5.376559454202064 3.523423966858461 0.7301790946142855
1.588894045806113 1.832245083459136 6.968074139934298 0.8644161492293544
6.858864926455582 5.247495635666981 3.098497923241037 0.8630999389718028
7.159045639873135 7.341521583214886 8.787483230071574 1.185647815296636
5.582284353250115 6.055894285185613 2.469271366141721 1.16733283068143
6.564999307562383 4.385427700596522 8.494210375164393 1.021820648773442
4.363724430947141 2.219562513256705 5.286071315876116 1.321400075472951
0.9664833195735091 1.749182660779757 6.21962650644639 0.9646942107899603
7.479400328800604 0.8989482149783545 4.358579130174423 0.9884506881452964
8.230356313321129 2.087841163969698 7.236288811168132 0.8686960573949534
6.461481817744661 3.688042618043142 6.438794303188885 1.46589673347825
5.024727290598428 6.189914078944061 1.486847068936963 0.8671191336578821
5.164722278066071 7.485635714143416 2.235769088115954 0.7725878274063396
0.7163536397388305 3.901759979458571 8.007747770970436 1.05193356258364
8.696446095667747 1.182104154272455 4.744485962471901 1.563216451552577
1.272707867280083 9.194097691994381 9.879138393849724 0.7658907086623923
1.764651203054375 0.07358302009537911 7.833247006613039 0.7335063773115602
1.852763030931098 4.121269029035621 0.7209253147756257 0.891963849873731
1.124097766300674 5.763680150458351 1.886699085452243 0.7875907464301166
2.469531289038284 5.158605635174168 9.25556206900456 1.224597600523035
3.770201622713723 2.360067091841399 9.764289689286199 1.530440799058603
5.190398142506004 5.638609030957713 7.852740042179123 0.932379838897763
4.536102645528075 7.509240101252612 7.242904136055397 1.198949153481369
0.1923949758580202 1.142131404185775 6.926936845115574 1.228567262961132
6.475157578748076 0.6025600695195654 8.167982678881437 0.7636945759872861
7.339023307075812 2.877779509085697 0.1426132475577413 0.9208971353732656
3.246367776681775 7.813783600940748 8.116038977378055 1.111944714048097
2.159434857046243 5.803542895067398 0.2335248967749337 0.9569073746812141
8.624648740998198 9.483623503270813 1.271346616593202 0.7893584199078838
6.701585344998234 6.139769163363195 8.96698549160719 0.8661546054783911
8.846076569856306 1.213842728588925 6.436360068538105 1.574472488718573
5.760979600860122 3.434381427372271 3.698376107693744 1.520049187670607
3.114412007776233 2.00697029592114 4.874876865276751 1.132884753503851
0.05194678917869956 1.170714320501054 5.481477935327376 1.364707658169684
0.7208891703553 0.1960522967968592 6.551455023102108 0.9044753251006855
6.258557979964107 2.053013114487384 6.80854021874225 0.8428008498008858
3.025336170271848 5.777538071441058 8.42207705058661 0.9044750292994859
5.57604512167501 7.132131355408509 8.758861123608733 0.8072189880214657
2.160471944511926 0.8393832828597804 0.66378249938588 1.085486822666276
7.101428544463715 3.130960313549501 3.939528448008271 0.9801195168509123
4.286318195005775 3.12002620517092 1.527475420914723 0.8829356146554592
4.774305523387748 8.855521862998319 8.454985736889086 1.016076393045828
5.720683671870586 9.842133438754059 4.918119255044751 0.9856846651663563
2.154223826090949 5.383898280236459 8.146256682919669 0.9737752455692228
4.097163735657359 2.231110078836422 6.443688171655737 1.008753598927713
6.719646754604967 3.232281770841241 9.057454321239723 1.495993818062403
9.648788825043303 4.44195447282459 0.4432519750053909 1.205919574957271
3.324813714248498 4.053194175717493 0.6047334716232899 0.9142242075753571
6.029780236216031 7.732488286881679 9.864441438482411 1.001001918596101
2.654415338779481 2.847598593885139 4.439454913238015 0.9340981289505534
0.3225312847625306 2.25014226655047 1.946994188310094 0.94999528496741
9.745308553017583 4.833094725016212 1.782029198624154 0.8201920553478715
0.7699638928688713 4.534257435187056 4.199058621716373 0.8614853173158679
8.6631450679205 5.546355542388636 3.168698455653718 1.092183655019242
8.151671500670085 6.565442831391707 9.68228313389479 0.7469025958473465
7.564698608261111 2.193797557915821 4.588947722775881 1.405075848400409
3.259158920852935 9.032951960449408 4.789387735124507 0.8753849054281837
5.765112068656626 1.467280335229082 6.504069280137293 0.753263460021122
0.5163126514403926 7.318261561322401 1.691256310297714 1.257613973665821
0.1842222595531928 6.188134003462771 3.003517062335233 0.9467068461786198
6.426581731240631 8.42705318732509 8.403647830664694 0.7296102506971804
7.898155043781918 6.154817142359411 3.288588166003385 0.7404837894032258
0.228292030598124 8.572359796154235 2.984182741738263 0.8813478082027946
8.035919866364042 4.623273495767517 5.912214913541233 0.7775246555700184
5.749396911994523 7.861972415041226 3.263453078453107 1.051470119215606
2.77898503553788 7.61198098872338 6.249200488629494 1.418887008403699
0.2094030042149187 7.2707840348521 5.869169449604668 0.8178067106726287
1.388616600740435 7.366635654714182 2.464141851172257 0.7291513369382254
7.341621753607191 5.312106808291478 4.306151710987696 0.8868868485472913
4.065541612260562 9.01062218718517 3.996273268258345 1.29522777619016
1.683889218603029 1.760497556147531 2.87815551850858 0.9687395791417569
0.07670890490876327 9.841411172188051 7.520882982938962 1.403251523639518
3.947475644520069 0.1612329107239152 5.756375916135227 0.8837893676127252
0.6514794547272141 8.774093638014588 7.784310249298357 0.840110810079738
9.781884417306182 6.180773280211441 9.957701740757065 0.9421199904256388
4.559780021471811 8.752985591137218 0.001569024703116373 0.8205832904485471
1.676106906286735 7.8487970556577 9.266756628889798 1.154633254442633
3.760912569592072 4.492341012297413 7.734459616200564 1.035101527865154
6.709695624116235 1.017236543416087 6.664723972345042 1.029701209382577
3.940759228985191 5.521481414450816 8.05920059568229 1.074081825684652
3.141307033674139 4.850512567275395 8.434220153191225 0.9083053140024608
0.8849748317070251 6.449193865001584 1.311309467602697 0.7233265150154187
9.097778907276217 5.841892035503067 3.983523008697953 0.7865996132167683
6.89117798801236 8.12632388782589 2.743625645965783 1.222002241560831
9.909277293098318 2.128203689482144 6.322926627528517 1.111746326239366
7.945294846712979 8.454904775253677 0.06614588395496558 0.8933968691745695
2.184360630325495 7.598927563454009 0.9927715910447178 0.8753050489462834
8.492811067300018 0.2144360624489705 8.662673980423049 0.7836392797323278
1.949969454744472 2.530129954038399 9.902419000014069 0.8126989853213034
0.7824809721581606 4.389313910480996 7.048311478070464 0.7431014849271675
5.560494686257134 6.021577149033052 0.1451191423728138 0.8272470171204334
2.652165471090139 1.772508449000822 4.00493423002724 0.8282210363010257
2.601514213637881 4.285045647582239 6.813410882070075 0.9251037039240004
5.856982613465098 2.828282146675119 8.218652160933704 0.9591078670319342
6.397349589494677 2.066757068810274 0.0943228077144176 1.511465221712535
8.181794190733314 1.523100220033249 3.416219897215646 1.284553906893684
6.844280507857189 4.233533476563609 4.298811807383559 1.318130256075184
4.59447730133022 7.654470368538913 2.971876692017897 0.9031340705394381
8.036557087564734 8.057570711003066 9.109070492974324 1.105416995005011
2.687568864246272 7.48074664328367 9.938472004746467 1.340294805064275
7.33704418228575 4.376326171584118 6.284327363606691 0.7390442701144941
8.036723766050203 9.581510463836862 7.932170337983562 1.286476649191049
3.836954754332523 4.601413372744299 1.162983642333878 0.8936292607317379
2.174756508201205 1.085337542840044 1.865921794792971 1.215995674957325
2.468115933128103 1.243039449948702 9.061166355108428 0.7698233480686002
7.318748796419555 3.187118668120328 7.946825669347797 0.8720456038821899
6.155301738107146 7.842213702551716 5.59701717184605 1.113963558080515
6.759363068431202 8.965438683039444 4.685207116072893 1.548341963324623
0.9336242325245948 9.957740577193148 2.870130566044306 0.8253015826913005
9.792881054780477 8.755877745001069 8.203657908300025 1.012580912066828
6.943809273614591 7.436575678146595 6.025780490424757 0.7272904205743317
6.333232432554841 8.979688206733924 2.959838821669809 0.7396274446332317
0.2751999786411908 9.498200244071858 3.281726289527491 0.9250606610509718
3.967461432453768 6.937871866413225 7.974636419020045 0.8943932011088311
6.432224796877183 0.01137139670249643 6.463146889169606 0.9653047960797392
7.468765998750808 8.361323890694111 8.01235886622127 1.364392200550632
4.932630983605758 6.713849016143055 5.583038097125081 0.7708454461578216
1.443379147431148 6.889171701163174 4.269941861072134 0.9345395635720057
5.258738774422823 3.115946110483204 2.32598968582572 1.311584094658912
0.07688515284750121 8.255956269497601 4.755710386915336 0.8014972152422333
7.629088586433186 1.441445164303464 6.879962992791924 0.9304720002751271
8.578794851031848 4.179059710411115 9.479296500816343 0.7647682547182926
4.31939167213429 0.9313634620362378 9.531637390023493 1.326620125375372
4.884505227219138 5.443271237343343 1.915057078977507 0.7570970460589356
4.402129157967115 1.037060763854096 1.564015149532061 1.468458821579631
1.072758000886861 3.772304633533758 0.5252486926112532 0.8118635828379954
5.340848618168809 6.973800058539288 2.95802498000448 0.837984789335312
5.529122307002603 3.198871035162582 5.958884598218415 0.8004617363365678
5.037389939085467 0.5758481418979268 0.501945084323049 1.103642224463978
4.592829508303057 5.014318050275918 7.032389415533666 1.281641041096589
6.288829933364968 2.567881617068512 2.11465268771704 0.9809282166309927
5.48419429309112 8.647082649721249 7.015711675509291 0.982995578922147
4.728920226119479 4.848344505133554 8.120333084776503 0.8893930899410876
0.4750995130273895 9.217708652538676 9.728441110228925 0.830585725680093
8.362280941411335 7.079685318071162 4.232507771050344 0.8681209539533783
9.659078044644009 9.866441775520643 3.777477414227183 0.7554372011624774
6.352490005283393 1.528758949507912 4.814319066087127 1.263671554647071
0.7051470155194796 5.35771019447111 7.028291139868051 0.7937807895098894
6.170736079108778 7.786052659176085 8.953183251056672 0.763010084275962
0.4786116085284221 5.235188806483463 9.57252370807424 1.450828499854198
1.267493657024409 3.961887738586491 8.987280171826129 1.118467500797546
8.138937735291645 2.642742506753333 9.754717055165248 0.742892709136916
8.701089139481612 7.640986822002283 0.03412051773795555 1.168172788806757
3.911629928817447 0.9586774588480941 4.878739139958366 1.411402255145922
2.083570996564285 7.467267909478111 5.012016622353325 1.172534791877535
0.404249856301564 0.529908800270239 3.546951286679445 1.158888372121543
1.105171324592858 9.563951988507018 8.319519317043287 1.08841352189924
9.144890008402927 6.693637938043307 8.081488819635055 1.563465252271566
8.235575220432015 8.075584022554319 0.7962058041438126 0.7656680890962614
0.5809674229240225 8.955777905957335 5.307586760158566 0.8153228849893893
0.4737733932032751 1.454916645089517 1.125949278431549 1.045678696653324
1.314783344498468 4.448205640300914 5.252386656201414 1.450542692289446
1.14140796474152 7.294323940436605 7.293153636552346 0.9763216624969114
5.48294763104799 8.857045699993831 3.181254078670052 0.8851810752118647
7.387604222134627 4.343630617941288 7.434205594485236 1.421354617650023
7.118720014877645 7.99448174371452 6.791708799986338 1.069451217276097
8.45389512422801 4.933896190223735 1.743517700995695 0.923909569626748
4.608424361689283 0.8766532165957143 7.308584090882959 0.8389340202289645
0.4579186975858885 2.767359526800335 0.9578475357389961 1.257513133103176
9.401415938918436 2.089746903360023 7.64218704777264 1.550562994975782
6.49927784495074 5.245578811532712 3.956968203925897 0.8718587259914647
9.777697294243785 7.418957376800714 5.041153229270346 0.9343629849801698
5.859591724316496 7.485864747026408 6.840904924659877 1.441250320406499
4.147077859126353 3.870638169190128 8.341102846867642 0.8004665514485484
2.373276460556919 3.52088679568339 3.897040588570309 0.781161283530113
2.977178977254944 0.8958971687330176 4.102079075377551 0.8277802893226978
4.649252742485558 6.078449632189074 3.496967345782859 1.255565926566645
5.534228013753215 3.379783248761881 7.398382783330752 1.056542191936249
4.477792048835775 8.097573303990995 2.107270828045189 0.9154043414399647
7.679671425410294 3.456865490273291 4.837524217382308 0.9783684615750408
7.845700670870566 8.983200828304582 0.9506877285957782 1.114205126581874
5.313758850472879 9.020224061629245 4.168434899085764 1.029270598157617
2.309257344145525 2.832227783661872 7.487311827403913 0.7493710020222774
1.683080188395741 8.014397331670503 6.802154181832372 1.033421009808093
1.667211998188351 3.674380878910704 9.938342450750159 0.7299643582416379
2.76130649664985 5.079314424581977 6.522917479817468 0.7540211532429952
0.09445779699980283 5.566150365268318 2.224265850507722 0.8721131773785097
1.623849503176034 6.035449961951247 1.105331038386601 0.9687531950740941
2.817411886682179 2.81802924811799 8.369409103604799 0.9231325737040917
5.193806291273987 8.184405359988441 2.589636691701982 0.7646879307602253
7.016658110157002 9.657970258417663 0.7956441439726271 0.7863467321566958
8.614100850012228 9.594911953902679 2.237422965685878 1.052564995789681
3.25393375096496 1.330513538300389 7.993183985824538 0.7905509885770435
9.068277312091659 7.856886942785174 2.191809434879048 0.7733030347067467
1.298204278381835 5.482594123860764 4.262217617514138 1.216398323362887
8.257475437312463 9.554630397268429 5.877902952164408 0.9105140949036573
6.890638064379184 8.488857443178379 9.434777804877362 1.383359492270787
4.342225572719771 3.839147207367747 0.9007637086552068 0.7773382180018327
3.814749171308317 8.233961104272144 8.822360384878035 0.7516767897460129
5.506841101700774 8.712019295636795 5.209552094894736 1.074562643528595
4.549133659155701 2.900628671532512 0.5913985627960606 0.9237952937143371
7.426257198540551 2.811321045649597 6.950054056231756 1.212515781033193
8.343196414035248 5.355527280402138 4.184238683976639 0.9853262903223999
4.7793604871113 7.326709827684293 1.360843283743703 0.9976772856595905
3.774631769642744 7.01413140081831 0.04037825956031194 0.7337789823226083
1.310408471999724 6.98629243352429 8.426456254690486 1.305910109024587
1.77291859499363 3.234898905667403 8.210136997460511 1.153511787688459
0.3864219662550184 2.956817335026316 4.208432557616823 0.8871344967663871
8.312040797537245 8.423763281112656 2.868536996844873 1.487643807711676
4.874227160978606 6.820810270556096 6.454548763418203 0.9546992473246642
4.091619959287996 6.450082127313261 5.248092441369603 1.076878126811005
4.831237186933568 7.729715089262437 6.243482646892899 0.7672872269090272
0.83824394932428 3.089467160510764 8.567907284118279 0.7483757192658484
5.857888077362497 2.85411554815105 1.338647508105593 0.7298576095775223
6.684816218718829 9.640685687409102 2.579802496514658 0.9078445165386431
4.877873766605596 8.286335541107098 3.587440839914604 0.8566669314100279
4.630560594638559 8.519422302885349 7.493747291174603 0.8325849947403627
1.564377700049129 5.657982440848417 9.496124222583916 0.8423770913843427
1.521313075719375 6.021281726895893 6.224414222579874 0.8336984562282932
6.170205953955283 7.824867215332492 0.9898819774137269 0.8979286034812652
1.452685135439485 4.923913488983622 1.340265571037868 1.196109406211916
2.397105064734888 1.396603145615766 8.300837132236579 0.744058870271294
2.719335529358684 4.55183427976448 1.450477567133241 1.3518167701721
5.375776649154203 7.975934938970912 8.035594492365998 1.180184517354735
3.945346385080099 9.695583489054693 4.940087641074254 0.9299688213482113
5.948016462263064 8.461174543697634 2.519514924016166 0.7748419683827313
6.422075691338954 2.317829837558642 3.929975666028685 1.066454924252902
4.565456057212581 8.410117203885036 5.676754635463549 0.9994322270221837
6.215088601825911 5.100185429294311 0.5039068138224689 1.45850787749343
1.878421845464844 8.475755333898656 0.3077017978702146 1.243617540024902
2.02241806952917 8.573117954976482 1.539127842419945 1.186246944366594
6.070170026199299 9.880609046070889 3.64493858652259 1.442633739446029
0.9081215681971168 1.532400277238699 3.467498388831967 0.9382563879636951
1.880502682947937 2.048318139861334 6.217900473138634 0.7295120260502946
3.558989893929455 3.07626396209431 6.670941939037264 0.9829800446306217
4.059985027671435 4.408212981735781 0.3033063700122441 0.7654083141818474
9.016524713307827 3.202622181362073 7.445751473114224 0.7514753351288408
5.892930190318715 4.602434690312297 7.425722209155943 1.382915391356218
3.432537496574763 8.812887925297993 1.949281780371766 1.591693804929723
5.895645374768411 2.441847612786995 3.107731398193862 0.757434688751029
3.930421902613838 0.1104538149030765 6.87608205549118 1.191771210765073
7.761620339957978 3.846426985765376 3.775298390949021 0.8913332602508229
8.244728939699115 1.418469182922651 1.121403964094191 1.572133369967938
2.763547755257496 1.061132288284237 4.982653751043302 0.8141850126236763
8.797437729496492 8.650348422215098 9.507527205867518 0.9461612945750498
4.908523540009652 0.2876396188166708 4.209105683805332 1.211229892202365
3.621871366181108 5.399507883080187 9.057028426208287 0.9554903935498598
0.2001934676070416 6.758039662240238 9.000901305635884 1.188260596768332
6.193190018882904 1.298522215038111 7.629386837147143 0.8931049565123229
9.926478432695314 6.020627613864769 7.09786969964302 1.169437380253565
5.104046620365303 1.993074849909662 7.326289845396142 1.553854032199622
9.245951818626665 1.785375477044826 3.668310383584845 0.9102442533416866
4.639355009704005 1.105990062843919 6.152461210189655 1.478565648322565
3.493505322165419 3.132384086638131 5.017122978521326 1.113771658218673
5.070925618608014 9.568439151889526 6.170811866189425 1.592797500113823
9.479438915050469 8.066309104055799 2.897058165169119 0.8806708110080804
3.181310502621572 2.366975227512803 3.924059228632621 0.7414179470864906
9.238437851304479 0.4904506317685708 8.165962030093178 0.8217687110550486
9.749065433045519 3.344534717852667 4.769619021585243 0.9377910076975687
8.759424423958658 2.800109369156917 6.412778304204743 1.485816740811192
3.680699048665967 1.584857600286006 3.815950269692117 1.050046872431658
8.3649489504337 2.67269408379273 3.039291492798555 1.091386051148471
1.640046185386106 2.419908618492314 7.601120973281871 0.7880018931894859
2.492805711908669 7.319913719008178 8.753392583281713 0.9871304016734695
2.648980787297838 1.945170051605002 9.553732027795929 0.7802426226718199
0.6823471347122723 4.624176511335424 8.596847234376874 0.7597602176148995
0.9752967023137726 3.718529749958127 3.889386994021311 0.8418377716496815
7.846737949723133 8.965086674125574 1.941890322175731 0.7554293922472324
3.977804617151884 7.846989897750555 6.329459855126661 0.9337854045620656
6.930832956946468 3.867366728605668 3.218160081403112 0.7840441818246469
9.503003599760278 9.340570238473511 1.615448128589079 1.053618184980365
7.755667104609064 7.281532885952274 9.750195401988215 0.8656299880984324
9.503232674444423 2.350963690977007 2.688832846165026 1.037339013186732
1.050613161458931 6.221307092368235 9.126774312172957 0.7852498242071664
3.052266081267877 5.267193315977576 4.113601639275335 0.9115884642667461
9.671489096958654 2.927847530067978 0.06258787976108904 1.08689039755332
2.51648393638741 4.722365263203037 5.807907749671777 0.8691480836958649
5.685869020815133 6.370442235946638 3.509366569859675 0.8599612219157895
3.515389612178541 7.187935877767483 3.836381842270138 0.7428488846287021
6.288623970429676 6.906544024439079 9.326993152670054 0.9709529858809086
3.232816486484102 8.234620691237023 3.776960858948085 0.8838294401756912
8.697955061013683 4.627163027911945 8.353356558003682 1.431808761944819
0.9465481088428908 5.304657570164362 3.035438005114967 1.303258323297874
2.165102047232195 6.752135144892889 0.6594052706588306 0.9085447979885612
0.8214162359487343 2.189717801046033 2.740759836322214 0.8927586636266152
3.164268502035057 0.06507046152445461 4.444950280488857 0.9731966719064661
1.715509030163602 1.798487766664157 3.818579899690155 0.8040090776264875
5.267329710961117 5.106389877983693 2.720974021278134 0.8225006597104877
8.18132700353506 3.430637451481575 7.153096139831518 0.7376373667592212
3.741333518777203 8.302725808034197 7.250306372847555 0.9419042929365726
8.117661316580508 3.625395998591395 8.058239635290601 0.886778828114691
5.166245783448783 3.420700271494545 1.168656119697338 1.002142660087198
6.998969179937167 9.67768115779484 9.446673182200451 0.81318056140746
4.91018498830345 5.112018283305497 4.234327264722892 1.050701411889071
0.5559598059550597 6.333530954634699 2.131277105884453 0.848686360241532
0.7212762513629845 2.062249972558626 8.328904380943142 1.223346009438033
1.645989761219899 0.05683817022862248 2.327626466979625 0.8712090832655952
9.028220195630386 3.070703681757146 8.404301878388631 0.9733842947298622
4.15176151543552 6.706035567069339 4.252780005516154 0.8446669814344313
2.839085126944633 6.161189728322823 1.189905506826364 0.8780174587572487
0.6169140561548192 2.913368093033387 5.084893151205859 0.8410716480088113
7.350564368150592 7.125370954219155 2.236406587115102 0.8311991124671878
1.641840342517269 9.524194603399444 1.601175898440743 0.7337479058039839
1.118204098098488 2.617898067030924 3.596783648781035 1.064777029038475
2.325765551221474 5.522872853485836 1.089664595136063 0.7220089155651598
3.78152804511498 6.736599262629501 6.345032254460581 1.201623045057532
4.125198788016999 8.866031820453633 5.019525753512724 0.7369582583320687
5.635590492066481 1.350448113684497 3.664018807003969 1.402494401575293
1.934268241195078 4.552702202172497 2.513605696970311 0.9125889146983632
2.987427088392319 9.606042760819774 2.91179213755507 0.9577594545457222
1.537227697159331 2.811769162471843 2.56787760464173 0.9771439532452666
4.152570325657097 3.54331057099661 9.999062785420604 0.8918624618891837
9.032124433233317 4.079268971676265 1.411046907349254 1.151537561602201
9.94378801262714 4.311853772078061 4.896405515219472 0.9441013874970224
5.930295612509315 4.26340776128288 9.478349553719561 1.148766357044572
0.7474829075422363 5.072649658523742 2.027381296814983 0.7548679261336874
2.555937458121901 3.931278152869784 4.825511217572848 1.244638691562997
1.605620441136426 8.50982497561292 5.131085907840355 1.019781637806585
1.10912841830729 9.815176269495829 3.713322654666311 0.7247634080426555
6.932143671155371 1.905215940542184 7.455591272972006 1.008728364551425
1.227317863935012 1.062738246449359 6.811735262221668 0.7503134327651149
0.4323615910142375 4.454647802671369 3.436620024385979 0.7718947757863743
8.536909330847472 3.112903733041223 1.93731212517379 0.8017664479914024
2.647895086277968 0.3142222312757904 8.367300449954312 1.258466177287316
7.024253626912658 0.9955118075704373 7.572167263895443 0.7875312807392867
7.648217504481225 1.874522356921604 0.01729383222305647 0.9230090195795866
9.161791071136765 7.535996989814532 4.347419343060679 0.7935461109534536
7.429935830031317 1.087915763610053 5.584160081754932 1.430706263290958
3.868192621644065 2.500814154750981 7.421504150579155 0.9582718442736164
5.931519329647946 1.05178714325309 0.4687402345810643 0.7720256843331542
0.7566967263050518 8.186527281655346 9.922372526415357 1.155746769328845
4.156596388963812 6.988927098042706 3.365510622987798 0.7819381736209822
9.150125246711207 9.19929037862414 5.906044262031738 0.8430888324746127
6.724965596476804 1.463342914268685 1.439769493580613 1.454101643355142
2.425191050718497 2.203529709524746 2.266216000879807 1.071212070562961
0.09186632442639954 3.047265174647381 8.08013464166466 0.9239462871820828
6.469303949793873 1.572518030080337 5.925945007534858 0.7464505599207969
2.388284112539865 2.11869468271987 7.944118876070635 0.7975873333625233
8.664219634233918 6.258846086300124 4.630375532304998 0.8314629368461423
4.270897549647679 4.603482919055364 6.003838400526879 0.9749920088372278
5.475145719813908 0.6888129704562329 1.868798886426219 0.7235363733325924
1.357515306085804 6.43265238720977 2.763536228954261 0.8533604652395029
6.269989433080419 6.695913155919861 8.383492455775199 0.8506286444308526
2.302889078400088 7.024711970282266 2.629489190545467 1.190008848007292
6.648088026211624 6.427569345074733 3.878473452269573 1.107681647535683
5.101618449589285 5.058534612255422 6.061111604903343 0.8585869559872596
1.430155242902089 0.3858675620689322 1.367940352830426 1.017091060676024
4.868442246459958 9.753721568512811 7.685654234725128 1.313317569939558
0.6378228167701805 3.676590147347134 4.700396131644817 0.8248709362996709
9.480038958813266 3.984718509147719 2.278753434740784 0.7772513380580853
9.873760495906252 7.293437779287329 6.90832293150257 1.30672056654051
3.015249463770523 5.856654834985799 4.758438357140386 0.7950502147151854
9.712689410006185 0.1791937741896044 2.536455142536378 1.303318852533871
4.639377589509656 6.263266773173673 8.402226940291531 0.9591882250392678
3.011958759043526 9.993218184076751 0.3970753769254843 1.066156140765424
0.1863386374535791 0.32918040808682 1.367334192683828 1.176006222513645
3.715894689265753 2.836169475410082 8.339077496741286 0.8112320233915117
0.8974736617518454 2.910602882494735 9.666756930688068 1.421162800663084
2.651209827831268 2.125869535223369 0.8850420956173821 1.55978259596972
8.263326053335597 8.046438445160311 4.090313918610631 1.020842982703657
3.14449076555688 0.8416959658262768 7.300048875639261 0.8762950433549879
8.27355106398398 4.549887851313218 3.389069858293722 0.9588967681270374
2.98412793130248 7.118976379725884 1.051428320486868 0.8919405758859341
1.47354357862011 3.76181257932374 2.607692865279059 0.7330670842867066
9.338692279239249 2.989100562219015 3.742340323830611 1.318431070160888
6.321948645050774 2.739677916899533 7.350135390281429 0.8790746648067014
8.544599384056641 0.7067042806375723 2.505669543647834 1.182543752000154
3.870157066660663 1.430199192402363 7.33735892485466 0.9421446017001454
4.905893547724484 9.863365938050011 1.26750385981943 0.9474747166770824
9.952654809020606 4.711152493938516 7.552527442883211 1.267325301270095
1.017607357142337 3.066223367169127 1.80496862611225 0.7694398110212037
0.2574033018036292 9.889322509646746 5.464857618823657 1.089358459313153
5.787211438741345 2.067864349788001 1.11188212140532 0.7872508721956104
7.663680990084649 4.055809758311873 2.833557460310537 0.8417608626011909
2.41576166194462 9.761530717280623 6.054760564215974 0.8495802473806906
7.140935580992872 6.732590147581257 6.754783655909398 1.285976013519463
5.98178269607296 1.918430701984868 8.22501345086498 0.7865397428260572
2.248476008648089 9.311356598771864 8.025533869436089 0.9358857942826779
6.641382776802447 7.622105834035709 3.623812509514035 0.8010523716897482
2.985978545965372 5.278305518645816 7.438158394529403 1.060719658887543
1.86248893330238 2.129083412983389 8.849929055920589 1.246671634701086
3.435238522255667 4.240547618474315 9.445999783749688 1.338294054914639
1.608135213267698 1.480160872768551 5.395849340133791 0.9805038295271576
1.374881413396185 0.8507447505634225 8.652473960895188 1.439962995844848
4.565050503796927 5.597369633335553 2.590852750807898 0.7219065907832447
2.488168914622677 7.286970766084463 3.864660714812631 1.24623409333937
1.976205891404758 9.64733876179101 3.115214585356568 0.9854073840434416
9.429104767184612 9.763739608353767 0.3297935397680973 1.573557599966387
2.663398368008254 2.666540890702319 9.220771797075754 0.775030605183243
8.538779568144225 5.615064429867501 2.244230318264712 0.7369835660096652
1.700939313958078 6.87086115971739 6.561717825478143 0.8741121821169981
9.826082992768839 8.285433107422644 6.013551951286516 1.308610798526981
3.671021800476298 7.549887153280635 0.6582196266569118 0.8366532393112652
9.148994116922275 9.61750221749349 8.230371714785056 0.8667048113302362
7.531455206942794 9.10192061486055 6.357199478040315 0.9245723587863913
4.783669533288417 1.84464990244058 9.238127954852112 0.7257670149978127
7.869911579058753 9.262782631851628 9.117109401878128 1.124422639326104
9.312737257777723 3.825565915769021 5.676101014303334 1.136840011489392
0.09752893949048659 4.860298764944717 6.128220563734552 1.523171993449264
4.630563430944917 9.146752103600383 0.7574293486220007 0.7819536796161765
9.129883206938267 5.061735793020473 9.542206221374069 1.099740434695807
4.625314256462661 8.937463481095334 2.557610597205807 0.8400497059898226
8.82281096910002 6.373184269928389 1.836687489129507 0.9369134581864504
8.526908666029103 9.260687275359116 6.853396690268132 1.083165302908954
6.621774285560766 0.1240086161097542 7.480754157067338 0.8146461785200665
6.750183762053775 7.384302092249015 1.62059983187469 0.9303683306763075
7.452885990788272 2.357946193313123 3.408265943092485 0.8941994586256806
0.1122960113882465 4.554821075386702 2.536285879312733 0.9145950818865196
7.926628967435967 7.180654722311969 8.123883553499741 0.7255222207364828
2.751446889677406 7.691118764875951 1.837729548914976 0.9898916521346719
2.593010917681552 6.15299373775725 6.56274524793649 1.374664341573712
6.943414101501904 7.465298816076094 9.800124000229848 0.740902279768469
6.31765946411389 5.116998364290492 5.760354167192896 0.8623839746511285
9.831827607320248 5.003233243799314 8.653964160286931 0.7444454697309277
7.595317684961628 3.741438296263718 0.4735245708187541 0.8829211146695621
9.059209145735608 8.41621715282699 6.809920429738161 0.8299994687981818
7.802363582943539 5.309311594998805 6.606115451339268 1.173948145880325
5.570787651175535 1.254050642613679 1.278412655045873 0.8706406366098254
6.415088338480722 8.550202414285193 7.450727456755851 1.011627835664092
3.980649639954942 2.209349823207643 1.115657123931442 1.083439174922179
2.781310791574703 1.266125282841846 3.019544025571 1.327471176491202
9.096304129080513 8.987777872697873 7.61866117963548 0.8170804136597416
3.318444524107712 5.363900948397869 0.3610391137133384 1.475240149123642
1.467219651253516 2.87869930394633 6.657788790629737 1.285144792825934
0.5406066009435528 7.697080926295097 9.087871559640512 0.7733434175851864
1.407133268676978 2.144401606186535 1.676717541860377 1.17156541672053
2.857384619728086 4.392649473302858 3.668596416823331 0.8885045015629043
0.331101856367132 5.517753292425644 1.052792973023001 1.361775406147252
0.6279534887834115 2.197645816200462 7.138321559309738 1.025010963866992
1.60056921831588 9.228761069536965 2.301477773318894 0.7320167578674833
8.943782188467093 7.009637129376936 4.948288591934128 0.7979318050691531
3.88999774018692 2.4527132249189 4.320366408782423 0.8371528046855002
2.895354456179954 8.560845819668476 9.990187630586922 0.7708568927460036
3.885076005644534 7.226369220460747 9.044040151908019 1.236273406461222
3.85415646005569 4.438434053793327 4.790124299824917 1.474012564919183
9.737791010089435 2.423671586444562 8.999653273358197 1.208141589319919
0.4505354486425728 4.039423595075411 1.422756484884388 1.375099740081433
5.403796975824803 6.86360753056843 9.778343017155159 0.9609893303848789
6.402500007265684 6.662541695860589 7.50111871319557 0.7302164342276184
3.459870262993202 0.9634337919622605 6.475394265287669 0.7979929448288785
0.08133166395582481 3.438057338107814 6.868295905763592 1.519221016009086
2.325428054908868 7.154758740911547 7.521152698998965 1.36491799953207
0.9091918158444445 2.972777475919656 7.668082621635833 0.8819079193061982
9.497965136532114 5.846812976484229 8.992667540634439 0.8385823054698558
1.554838325121975 4.650723638646839 9.909257303975416 1.030084604191106
3.450668784825252 7.598195840765587 2.818121902649645 1.33709663202637
4.571249479084378 5.812786620642223 6.216932184382715 0.9504765426555719
7.170710711192693 6.494595298221631 7.97302098025571 1.07048972055125
5.935419691811858 5.082749567846554 1.82465724268713 1.178524200221995
3.460534345861581 0.08961492337003164 9.261595147711214 1.067505602861353
1.565843468701204 3.126094856015382 4.619809460196572 1.270422401594915
4.987549509232712 2.417585230776817 1.399891555292379 0.9924831407704207
7.67343464776551 7.964228537956233 1.716923180563055 1.125618501686903
9.03634134163087 0.3331553718178359 1.498644983467819 1.068236740216018
7.851794805339297 3.648700687627043 6.403443281045813 0.8819675033423707
1.303006098510989 3.363435240896748 5.697538298521477 0.8355859905326213
5.867773703310745 7.979909877383747 4.428449093109006 1.096357221477003
4.657475159437918 2.397690611254765 3.39215130262172 1.456888568920312
9.248673383984686 1.306555292960888 8.813384110921968 1.20840806676436
4.095286021278565 7.754806340764718 3.721286674180319 0.8081668320734193
2.628164399722484 9.292345817935875 8.865309797067004 0.8213912215426493
4.296730949850518 8.253936439802397 0.9950885559291633 1.123358538554405
6.637921944342039 0.8831416522721715 3.948812126955842 0.8270622853832822
2.610082632741256 8.364977113128417 5.386213939922261 0.7806441875268988
7.53603604671131 9.494362672017363 0.07288792782373822 0.8304637966148753
1.679129032798775 8.956417713627932 3.887090386977445 0.9231709791328243
5.07983204406661 4.101766280704718 0.3001093499814034 1.147577125894429
3.94151168108034 9.324877147721025 2.891872632168883 0.7372681727498493
1.951511417940595 3.123232356276975 9.318153858623479 0.7935075085535734
9.843657708440654 3.883362856908803 9.090647725017977 1.604084986919848
9.59977721787936 8.648752202096025 0.9715828491110136 0.7974387583217601
0.5970904273566835 2.820081166564944 5.947679323957274 0.7972062289094738
2.297768401950098 6.372924415502398 8.532893031708674 0.9420256354811034
8.859876986368187 9.966752137105857 6.360418849202286 0.7301650844090133
9.864664568918808 1.344288856309629 3.084039467880904 0.937745559712548
0.149958083725642 2.151362805253306 3.604777175968112 0.9813189258132088
5.506665188236859 9.163811370883581 1.227291863948444 0.739273507245051
1.430556083767318 9.286122113174077 7.100177755178721 1.423287030004269
5.256212589886815 3.030123148651374 5.207340324890851 0.7466241020791472
3.761145368406751 8.136254781602803 9.830525818283899 1.103318300665914
3.253872180201415 6.648053946847943 4.461565611704886 0.8772720706344616
6.680474653669901 0.2921149033203252 4.868643616919378 1.087457859205635
0.0857718444202782 0.07395784197400725 8.948093564231025 1.420254711310619
0.1100434429674424 6.595249278371796 1.058536592499011 0.7632479580250668
2.606666004814385 0.8744702932833448 6.409543943277692 0.8763198039529411
7.58671913318543 4.158601629605931 8.663028694351221 1.010085655963976
7.119225102644617 1.542581971650823 3.843210059662495 0.7276902933519451
8.672336409450406 2.268964078018786 4.138484028575752 0.7507758069842539
9.049002414545264 6.760809674794142 0.4223925872977541 0.729395947785674
7.811671153069409 6.221903024482908 2.338555699297643 1.125411812626211
8.471249992495002 1.837749572480577 2.41000392572613 0.8303371859974792
7.520906968736066 2.440463013843445 9.343995476318922 0.7691259342153376
2.232172766271521 5.766709037445487 2.155326592709534 1.427460670450776
6.332516568476461 9.680346175492842 5.585168469718982 0.8124436973324575
1.000430569802767 4.389521395456323 2.369036328566272 0.826888955838628
9.36643206873512 0.893732124007004 7.45820093957707 0.7428484165625437
2.201543586762304 4.31991368782865 8.386637988566237 1.129950869547074
4.562327541928134 3.224386936784445 4.518355479297122 1.191076582946044
5.478126302588733 7.374204836597062 0.5870980908313062 0.7653395514610483
7.441957123463999 5.708848041490667 9.910416175527775 1.446251366965926
4.561419913518254 7.367803036723906 0.3333458554899605 1.056951998285957
4.730182030344051 3.998913835226985 7.611920757770325 0.9719417202333341
0.6988366828602178 8.66889779997898 8.864485505252508 1.121790441066238
4.564333275981211 5.393198989402791 5.268248208029647 1.022798146827022
6.018457922586625 9.491554971334592 7.195204307301488 0.9717284019822863
3.186227065966329 8.707697394439142 9.121781766412601 0.8063755478876085
8.581741942315784 4.165487727123059 2.506920749352599 0.9625593320536886
3.187334163515853 0.8742740757426903 1.108040746873815 1.091078040559493
9.419066396473905 9.046263142371199 2.676079466606104 0.9355951837728936
9.711176028991977 3.493905069597909 0.8558855640349784 0.726572627406229
6.449818206228884 6.674761692640853 0.5385176928059043 1.473625555349554
2.819101786146335 4.908783245599535 5.042890586174155 0.7835914103318168
3.380006302678218 2.85850148880374 1.733277493550295 1.0148614590123
5.167161629416928 1.240776295894239 4.919724501468865 1.103191813163949
9.046345768139579 1.536410947829782 2.868253602571114 0.7264412549780294
6.05757516453483 5.211450066417672 2.849313317997658 0.7509721657813833
3.073954911258642 0.07045055283746104 5.386976220942458 0.8732975427227708
3.753526849161261 7.541676325735874 1.613436106829503 1.008376464129537
8.522945250084941 7.782825013847124 8.251041349140408 0.8776908912981447
5.636335299981056 0.5812059954527549 7.029279634016263 1.235631298640844
1.593446151425676 3.918560073942226 7.293857916405143 1.114810031299826
4.093992295696895 1.395943891894797 2.795063589876012 1.090063523035825
3.565607818673435 9.22239521107047 8.106991759923591 1.548749592920518
2.459467792882143 8.418805684333051 4.451645144883623 1.056115096126766
8.774812980977805 4.123321834820033 4.465188926996097 1.512201267362464
1.498361624859093 6.410622523894884 5.069086295971881 0.7920982102598421
5.847880938030799 4.724188446329343 6.327871319171138 0.7662157838365331
3.340806727504007 1.028858145342801 8.884290529121172 0.9037930212956725
2.267070194554877 6.81201206890777 1.623422086068607 0.8099742194871832
2.992750561963885 8.111629861170734 0.916594566037915 0.9501185527062737
7.833728110370117 9.687175325630124 2.942995742467321 0.9895646148755943
3.803781989747196 9.090871949349776 0.6087253112691915 0.8354286325844141
2.22385689754027 4.08554824729297 9.412229389492872 0.9064339493259704
1.232222638754529 7.925573032093296 1.091622319170523 0.9043329240456802
7.305793911680683 8.251781431564426 3.777521090657183 0.9520308444529579
1.016709725944545 8.354945409348103 2.192714230928899 1.204351354263285
1.284638943813357 5.41346642118241 0.44266814110142 0.8018660231524847
2.054966153047248 3.853345459605151 6.087634428691405 1.007014046050133
3.993552178515053 4.714942560432197 8.601342571740307 0.7793887163234217
2.181183892194997 5.681345228615749 5.373362879524284 1.251125527490446
8.283851229098104 2.817388727868769 7.708431352147261 0.8244693718730272
2.182203700716737 0.3394897997814939 9.599897629788012 1.170312022517692
5.982176261052856 7.134595772026294 3.881815057071012 0.7824579480541863
8.487028309424323 2.960153347901537 0.7879360416353532 1.467071510646598
4.764558117731392 3.050696416582462 8.193991286480276 1.169604257491383
4.396904323839036 7.290063561227187 5.720729402979075 0.7838176643102402
2.519799291931646 6.065071230741833 7.654196527217965 0.7587135371431211
6.505817177171417 6.697295080974442 5.6285045856754 0.8970703553952984
8.652263757478506 9.039302849081162 4.941162547772779 1.029832353012971
5.155684752675908 9.116170934819703 9.342641648903301 0.7907859408466229
0.5644573862510893 6.571583048872043 4.942749284207595 1.053829349738643
4.938337778366423 0.3104386292209793 5.23465214365496 0.7539257981143813
8.885781992446994 5.587348911509847 6.210293572832386 1.144198726979901
7.633798723116228 3.264189252089689 3.162994643196735 0.7733432680176971
4.760026311027569 5.290104365244339 0.7805428922384362 1.413521391789084
9.729609107981346 0.2165000945948859 6.312387148396223 0.9751099241421519
5.234742926676426 5.220967258295082 9.614394720770671 1.060359238677282
3.669936020434919 5.482021845526488 1.945992941025401 1.423998310617194
3.901403060601738 3.417725071130119 7.605317937870203 0.8603406158284168
0.3251828530960199 1.331732958129707 9.123266470859903 0.9806046072349286
7.601243231682713 2.326297855234564 7.955181468902709 0.8254285045605447
3.740293397022199 6.229393924787926 8.647462382935146 0.7513541582166202
4.518293936584403 6.256951041358243 7.300244213056218 1.139388135091038
3.450034097090347 7.293677932845207 7.22879474416132 0.9226741369628659
1.418137020680196 1.278438940602631 1.099420072469515 0.7831427945602405
5.340011082573999 0.934005929185865 8.484345318605849 1.539704803757118
6.20937114716038 0.6348159075920113 2.492262490902031 1.15821821652468
7.048110863780755 6.529382814899554 1.687316028200876 0.8367899721452844
8.809422500778014 3.006718113443708 9.355917774959925 0.9136421410238317
9.14129125604383 5.048746239432024 3.821161634624292 0.7565529944049492
0.7359382017213811 7.015952036537512 2.724587761258008 0.7798806570258093
9.656616726690094 9.082375146057194 5.12732933101358 0.980521386740655
9.469346758076629 3.76288857285703 7.881453030580956 0.8822585802817046
6.456206799977116 7.565394833015089 7.930578909114627 0.9950095393763538
5.43030748281523 8.361219213830589 6.138745973754618 0.8159355658507076
1.616520667174481 0.6706180299340159 3.40491583469824 1.210231649352602
6.73384981498139 5.941491838181953 4.892543566527059 1.090285694649706
4.495544500841652 9.869261868490417 8.857609178918462 1.112405577363861
0.4489815593706826 5.747824759785892 8.274306422498883 1.284452509048631
8.29620006775524 4.709291607641918 0.5130506262423939 1.391034568137479
8.244613380957915 2.02505072560142 5.594693339435178 0.9050728758402377
1.097510634298189 0.544238663966803 4.698197547120159 1.483913224822637
6.997076639671159 8.934395029187018 0.4466016897136649 0.7797079338319449
7.204812873352963 4.50164572618801 0.7105975823124467 0.8185419762648833
3.101632754163889 2.986179765733122 7.496136395915097 0.8269603397398601
7.126609547811114 7.409737657883904 4.73518269382898 1.573007745642864
9.285034016547726 7.439193379458883 1.204882825085452 1.32767189034871
6.745270263348214 9.48656330064059 8.381766035983702 1.336716329170898
5.727986709014168 2.748349676336357 6.618899687214722 0.8115565210571267
1.298483542543628 2.416830508045741 5.57140107316817 0.9297050936441377
5.394556653355779 2.328094793859257 4.509401155482914 1.170417129490471
3.56100559518125 1.616618962192449 5.865629158354725 0.9295060514295502
9.959388799637326 8.605715611049913 7.181834017159927 0.9782899830764628
9.033713563342396 3.360670584214573 2.63022263541309 0.8542533464767379
1.85284557171731 9.808332769983263 8.847999071465443 0.7466536369968034
5.422519481258392 6.7424560127734 7.843293480907366 1.127662037401582
6.054231415371092 2.284106254474006 8.949728092993022 0.7718106152426415
3.426642559457794 2.515425233228369 5.914711354540113 0.76096342611889
7.021590858928903 5.045067364121301 5.036592862828077 0.7667323850660773
0.3674647054221525 9.474557228539549 4.340555142219887 1.156804230457174
1.295942686485123 9.522470394079507 5.732542061277438 1.137991996419251
1.085463377695853 0.4348709224906456 7.357503390039775 0.8949708170444022
5.354729251238158 4.225627053245336 5.156667420188387 1.58678443952361
2.455618937697896 8.425804108944099 9.326873427370829 0.7544899151056915
7.833781843925907 2.0904628536585 6.33985389544302 0.7560825380134656
8.969482622719637 5.516213013541715 7.335551072088738 0.9734777500571165
3.38024939576966 2.418378702275228 2.934335660420125 1.182418565263111
8.261687259293605 3.806084266522618 5.570286397701444 0.936657856501356
8.917510486412485 7.350578968639542 3.385945982502896 1.106438085677815
8.349915310014662 2.199518494196343 8.699882099524039 1.259206579891754
1.682722793676218 3.816742184507503 1.688303438628439 1.111541631297948
9.577322554133033 6.984183391448751 2.468089430631356 1.221834544877005
1.417128028006235 6.71238696245605 1.922875561040969 0.8910184723657626
6.339321869197305 4.560159957420299 3.37783709681713 0.8233654409346374
3.229105751169405 6.18785347686085 3.275758270323253 1.550066245487282
5.778059956486701 5.828427909124201 4.262855391705771 0.9058553298436024
5.194456827365105 0.1283695621234271 9.526252292075728 0.8337466300578189
0.2437177373657162 7.315434339979194 3.839955567154828 1.594894534595918
1.417912862837337 7.950515719480278 4.164913685269892 1.097519078073673
3.087816412769005 0.8702957736627781 5.71632772968781 0.7735626483471524
6.749844837641343 5.014050696415813 6.638069782280565 0.9654403611326345
8.959291579938 9.872581027436146 4.355139542522053 1.027719010148294
7.795061491199511 4.642974447379538 4.141325659939321 0.7330949569095542
7.537799218096405 2.551443114103474 2.057481853262214 1.438352198467756
9.476346239424473 5.447532632573777 0.3320993498968738 0.7542081209508185
2.595767325753177 9.891903098883965 1.484284432679447 1.128982839889028
6.381492867616958 8.857054509229142 6.290453634780095 1.306212967071477
1.669191026037744 4.943113116089674 6.545210972218789 1.345299886338082
2.075678369088566 8.761486237388393 6.091774096706716 1.110878815350304
8.184659619150205 6.456901857653589 6.135892064674167 1.045998386043853
8.199865481472505 0.3671647523362243 3.839264801298431 1.014052166823076
8.124108014915119 3.016865250190277 3.966940000908399 0.9001374046961186
5.91604390158413 0.05132628269014727 7.924261778597925 0.757798150953914
7.440748804448202 5.379277252910743 8.494898223048123 1.394514092369922
6.730634565996136 2.883844992944447 3.048876004185382 0.9757907401172623
8.254059745576152 0.2123151838468152 0.7180509592027318 0.9278052142713719
7.572048161360612 2.836233384018044 5.742655733042959 1.170369886042892
8.737462884305989 8.750459932385761 8.495097687079037 1.029842400235963
4.24845928860795 5.003516821239228 9.690159587756463 0.858845063726893
1.443359637725298 6.117024151049436 7.363261466742589 1.327725234318447
3.001384539738411 6.609590708265828 5.434851319708745 1.095385848565415
3.209487145763613 3.743302894910649 8.276608292337833 1.031168727553226
0.4813333008830001 2.143885203096705 5.574788717446445 0.7330174190449192
6.750100678905427 4.421996810138583 2.449947568934885 1.107627453020154
3.491616534496591 9.189283464874578 9.816509474064297 0.8451176640746806
6.465730063961916 3.572694855067352 7.821397563498004 0.978493465951119
5.147552493204939 7.651934878664194 5.390218070677753 0.9421652902380171
2.563038177928212 3.248615383629932 6.690144099728104 0.9100229231561401
5.760775458052099 8.749283353827565 8.808959227115603 0.9238625608130098
1.649124862644699 1.710721962489707 7.955000422057803 0.7229984392774349
8.800827878354784 4.685954838398463 5.661436108970793 0.7926285471768592
8.470442810198321 5.933388449319478 9.024231815901555 1.103821115457315
7.143141343310471 6.06202340972656 3.149026425994232 0.7673360202363362
6.166016994451312 9.377217576062902 9.341480794838587 0.874168957840305
3.097554520712284 1.105956609549811 9.946820429454386 1.221187396178264
8.700174894357314 5.927035160237888 0.1193328873904664 1.071564641197094
4.52482593613526 1.175095495711166 3.738914212515907 0.8012180535621597
8.503909721706773 5.678103679592302 1.153705838912031 0.8763050305927156
3.581263180921367 4.838726377751668 6.683062506881429 0.8005060598107838
9.913992460199221 7.262870421670637 0.1008000738802195 1.192714308758052
3.146361117952511 6.701721968969411 8.311559740843489 0.8596479840872721
4.591360055794089 1.749170539600653 4.368092732120612 0.747512931076933
1.563875307856719 7.416453758015686 0.2468385855238342 0.9327133908588218
0.765147551840506 7.371519528440508 0.6284635437038466 0.780330830393193
1.25540052878522 4.920159046160285 7.759670581936365 1.1512885810014
1.024282392490492 8.419688405855542 6.043110967141058 1.054995760104582
5.918462041074697 0.6920053023678818 5.71849709397207 1.259345934638042
0.1566265848261139 8.010868722140694 0.8178469472363582 0.8426701150730795
5.316817062173011 8.337416305565478 0.4749879765100363 1.079360270587419
4.986098952268952 7.956943439941799 9.283147752916102 1.378321276688968
8.787133143845541 4.356076044484039 6.817352123963028 1.528375555962246
2.582179986044129 4.407471137844445 0.1676859711394552 0.8550276259319135
0.8217452329718 4.092479153620257 9.828758451485102 0.7573739849168991
5.466665910185835 4.44910152165848 1.122944407169595 0.7535458214310801
0.4727298557468929 6.704041066840541 7.663843693533667 0.8325296479592315
4.99368438790764 1.808827402462264 0.3838275520952051 1.328529694014136
7.923461879035097 5.595752390049271 5.293538255603815 1.358220081317808
9.178667430460697 2.047418849872102 5.588581872651719 0.849402533345242
5.527511905228226 9.56520474969938 2.225425234124126 1.362740589959599
6.324193660312997 5.972068643343284 1.46839614573945 0.8269635656517774
7.390981882236936 4.569307950268529 3.431763757036722 0.7768068755700106
3.939490939528055 1.359988489432956 0.5321272453909798 0.8436819472153809
4.691674392047304 4.339089917380509 1.934620108245532 1.416813995656211
5.584212338751137 9.695778286382954 8.657269351512531 0.9439898469721644
0.7245944153373585 9.085651181367316 1.007326696199256 1.575630124251665
1.292612403582229 4.26687388959953 3.251507720793955 0.8326275761448568
8.278452031595661 0.08262209879651761 9.736734526255649 0.9982345755505252
3.333674464500559 1.647345438690071 1.985018945233473 1.081861066704654
1.015434128848705 6.829253832788114 5.843936814944282 0.9496969236956223
6.994691936445919 1.505026469264794 8.743370072149633 1.563142459290102
8.397409171438214 7.699397047346861 5.043013010709505 0.9355605158808487
9.003087881670046 7.258579635978382 5.922745055958513 1.182490360663735
2.439139863294363 9.256258840100669 9.724916387093895 0.892887556865365
9.007503263930118 0.4368302809918312 9.30448034053739 0.776568159427218
7.307383330527895 3.05461643395191 1.063213083716362 0.7829829680280285
1.09708729703054 0.7933751166303693 5.896640152886964 0.9157667079648687
2.667822947971596 3.315107316712356 0.04675353620306356 1.235839278023102
4.359654912638166 3.405548516173313 5.826239311521184 1.226508783399019
8.975946501277546 6.481257709256516 6.77122743775687 0.9240806260474154
7.682619538853551 9.05008399211982 5.446821446232403 0.7981328214990759
1.444681009385305 5.001998980954806 8.827632072889598 0.9509760033914287
8.325834203575738 7.509490150341498 7.071621960983294 1.434373785952872
6.307064422610889 0.3253862120626772 9.086961267221582 0.9643876150436214
4.724547350003561 7.060162724423598 4.829887794362369 0.7396678861814443
3.151156101800566 0.2311557385113039 6.25183712301428 0.7556240550380245
8.488955745733811 3.588420388784741 3.387602720393843 0.7758790711050636
7.174525901680643 7.96691012542142 0.6436513163673618 1.176868881584002
1.743268025637354 4.151389511799199 4.092798945058083 0.8786930867273793
7.150996468353227 6.737498979475119 9.605843328154634 0.7379735424307745
9.749488313742658 5.266732234537175 3.147052737402342 1.054852878648446
6.945754245592569 5.853533316177415 6.007380649223098 1.00611262469478
4.862392709234777 9.590869673226205 3.317340610970338 1.007716788119412
5.042645281208515 6.552622283567326 0.6353306208698585 0.8740810923232014
7.240575396190578 0.6216666055589626 3.127460870249918 1.216560512371677
2.280155403807305 9.440642781348632 5.025094123479567 1.227078242843255
7.619628094891585 0.3615953159438113 8.859430948226155 0.9385258678402491
9.473242556535062 7.846292642979059 8.943031647917415 1.335485826804669
7.719821387151285 5.05608587633621 2.549869667635039 1.152196037874758
5.194714145786565 5.973611490457011 5.649990675937343 0.7225577253037251
1.836635456992301 1.217945544073001 6.28522675462172 0.7976744281392456
5.715456707985139 4.316220759791066 2.692477197600425 0.9437153583904015
8.353914448446192 7.219524670776022 2.250922083118529 1.099503207590689
8.105615167988018 6.223677989589364 7.327628473373964 1.1080911537853
2.855168285559725 4.817431529055971 2.608986597744964 0.9113317127715767
6.56310970826472 2.554890207287936 6.166297940974737 0.8130687809150726
6.691167964407069 4.508143254427603 1.395982953654112 0.8432761064241365
7.233354154016058 9.991401047785592 4.045079457214669 0.9362620908765334
3.654474100775626 3.791098173620423 1.580109767782955 0.9178539695211427
9.720184559355594 2.808944121145379 5.587062336385697 0.8829048861950487
1.163205686182276 9.776245933375472 9.282629636748286 0.8284102951111671
5.688022773115025 9.054921571201996 7.957649403755076 0.8497579199152628
5.575938985174072 6.139521152058273 8.959043805113913 1.155225389819728
2.4780131661015 0.3025329338316629 2.611583048559991 0.7935436852070999
8.420736383937514 8.377796056169259 5.942628444973362 1.259534788730989
8.901444531618843 1.934897514209736 9.920130157716224 1.295179997257327
2.122189782745923 4.985542582376737 0.5676475926588531 0.7678655530306308
3.808919607021344 0.3455668802037049 3.455413035596247 1.407785745649935
2.843269583553426 4.397574634623859 7.688012591344607 0.7298380931234133
7.117016499836701 3.484085187373525 2.534720818835344 0.7336515254632048
4.360024442149736 6.155704443803958 9.710420452571325 1.388907475745822
2.241706375194205 6.527086896910292 4.608331894102743 0.8174428543938279
0.1633550808997353 1.002348086526778 8.091587112416047 1.068332021035882
3.795299731828986 9.923780040237531 1.204994975031781 1.120573750133156
1.948988946477288 6.307186087394641 3.573157531525492 1.007448988383489
2.705990668338584 9.842001321621126 7.11924649218372 1.293691570923666
7.062845012489659 1.911074438500815 6.364216533695422 0.7849450524775746
3.471373505020359 3.418577156218259 3.781135792221008 1.361799222160991
2.860373987931403 1.994047330437032 6.825655342443155 1.518399124675536
6.091279083637452 0.1838344359521316 1.10729635615786 1.35994271532731
5.576565175897198 4.918051072580867 8.643475592846908 1.049200736918183
1.01036945318969 8.036459392546472 3.186553158039445 0.7397425815824802
1.645000152780308 3.45648764814087 3.422728042353124 0.8133447999412278
4.520604204010345 3.552084226780375 3.500981946183424 0.7622920147331018
6.250152485583841 8.661314451342513 0.3702738785945592 0.7471054320648015
2.649063571736106 0.2630435681223142 3.559131888599533 0.8800094585392813
7.292614200752746 7.362086561690264 7.603874115905836 0.7797684167874878
8.601116960690465 6.423739044186617 3.648171164779984 0.83840547839133
1.005680408672023 5.680799475437722 5.403676063231402 1.054977887788961
2.990725673337612 1.851653246494173 8.706848390375729 0.8680280608596196
0.68258803970769 5.90769894620079 6.293946001855341 0.8126596593633846
2.228994889766384 8.378293469735558 2.928141984248746 1.5201320898802
7.773076331755831 6.260859017614608 4.203382797197911 1.082334926872493
0.3636495936534801 7.7976869747466 8.000282620058474 1.179000025331285
4.82539695752444 9.423794194266977 4.94087773909228 0.8599363633872568
1.455352914937033 7.287500619238623 3.335202778724267 0.9701469997700116
3.369661727426674 0.4365507885499143 2.160279761225511 1.131913828645422
0.8128059069537219 1.048588963378664 2.330084838780322 1.463964800542821
2.207056954819732 4.890122831332249 4.420879660145808 0.8783848312552348
8.827130347518199 6.298298015123132 5.461628541455899 0.7948813133065776
8.18498082351212 1.110156880682194 9.3261816508259 1.104013877915344
6.626329935508283 4.328834142334404 5.420513486035566 0.9209505905118491
6.262580308211353 3.479615460413586 2.517967334846906 0.8210473292227828
4.656238152298793 9.029575632478359 1.656473429595781 0.8604061776715412
7.371145212730694 5.432665648167885 1.33890170171001 1.409007615113576
9.409396160703256 6.461315390045282 3.33927339693373 0.7852820963996183
1.893042538719746 9.671098359074918 0.5344879797884862 1.135529083360437
5.769167757916386 6.894607902937956 1.672616747980913 1.130616129649993
4.603252825211494 3.185602176451078 6.988181800194642 0.9682643679315924
1.932388312733857 1.411384824444535 9.779811318458254 1.018374675074678
4.733656901857654 4.25226773850034 9.169554069858318 1.164877626168567
4.605229940853995 8.481494884491916 6.624065559443462 0.8272992212842709
7.135851028712839 4.88706012562584 5.780314493390651 0.7235026665529313
4.568424822927571 5.34095638428503 8.880038079685672 0.8933552356023777
2.213664137764086 5.219403640522045 3.390095138853988 1.192353896676103
0.378909170622157 3.348474762433229 2.76023174736715 1.544199166189439
7.369824511262832 2.23878192748409 0.7948580666244631 0.845872030876434
7.674314216484165 4.455940267681717 5.116165159621305 0.9458199923793824
3.362235988737285 8.855808674502056 3.181910874004688 0.7593288430421693
7.142979792897978 4.396138402806665 9.679155968444748 1.210309864285885
9.83106076030154 0.3999216323640287 4.579369256316716 0.992251003966564
7.700949580536053 0.2610093536974334 6.756840999090759 1.405448239906339
4.988227907588486 7.202192425036346 3.897453207419039 1.17355147747436
0.8467417694744662 9.899841389665891 2.014758308511994 0.826471599910328
6.629590451386878 8.820151901405708 1.570071121572305 1.505697555666672
8.220325501968356 7.064610219475152 8.927454745875604 0.9033586719908602
2.66832085321612 3.398338243373398 1.181068604529161 0.9786562197122912
7.630172777695438 7.194830738777299 3.341747061164232 1.365923727704138
8.145547793197593 6.864251072668013 5.251907669149468 0.8120645580875488
5.889006016805406 0.3258571997016502 0.0009180081533544105 0.8383363110580283
2.084152225205735 4.177726108533609 3.282568453597544 0.7235398279589554
4.925260283860523 6.137785529301913 4.620896197371182 1.011529617144031
6.186044688462789 1.069664254415789 9.535337635408098 0.7483448532746406
5.628787601917447 2.121346210301676 5.714015160203841 1.254255198916112
4.934663732098317 3.977592427214686 2.95853919939771 0.7395488855064229
3.946240447716072 0.5850791558598245 8.073460445609644 1.212946348179556
9.223096922457975 6.712649966688393 4.164422892802803 0.8062169671465536
7.315461701564304 0.3313321541625769 7.920956524680386 0.7578006599959713
9.399450147230281 4.198356738021823 3.248510648936334 1.135846331111446
7.322834225033835 3.815367171312465 5.650291375796999 0.818482211490994
4.026303374527775 3.996922902586413 6.788091613814972 0.9596277961901284
6.423352922328522 9.631501432862153 0.1501571677030778 0.8668258962714684
5.984214816405928 5.977563937795716 5.49661855045124 0.7757065620297999
5.15725190607576 4.00308840899423 6.529372437482039 1.170271305939921
7.859873329354686 3.498651080667528 9.567849245420618 1.000062492558972
4.270483814043579 2.283557851943685 2.16880554365263 1.06386460535384
8.710091381779309 8.507880240214496 1.545324697619775 1.140817817397279
7.971201042900342 9.926431261585956 4.910790252846947 1.16906165820058
0.8535128735137821 8.599823391020795 4.614603712495772 0.7728828511357155
4.96535177757026 0.5883112175007765 2.801432316778151 1.191434208926356
9.133286357426753 4.925716477953141 2.452218408001029 0.8834495284471875
8.327951437115095 0.4454008928889797 5.70155254977869 0.7505678106736681
0.9552988404878527 7.266844372917634 9.653601034754921 0.7348337583287717
7.485116377176372 0.1756773441016491 1.776499631488978 1.549629432206348
2.504160878481532 3.477339751506507 8.85353510379049 0.7848473021746105
2.006691425774926 1.190528090826272 4.320749986159673 0.7559279256408381
1.041054707665269 1.321099687465911 7.580667886427145 0.8403377137473248
8.761713868147478 8.682726790910879 0.4886990287578575 0.8988679814678496
5.232338409279385 4.572201801324433 3.418530661320524 0.8139490684665515
7.973541444730309 6.802184662342725 0.9143055807576983 1.591407235937134
8.889485402788063 9.557386465986761 9.166102547974385 0.9033421151679137
6.449133207441831 5.224688715282051 9.223248076030792 0.9970432422483094
8.348053965760046 9.244098526667722 0.001767961524311579 0.733023964426729
9.236080570958112 5.127191735347031 1.145158361978501 0.881866471320718
5.867082331588599 0.6424932188004506 4.467581529158243 0.7462969911866218
3.452220515202431 5.445074160062951 5.738290223684592 1.328880148122197
4.118953675616142 1.829584625968086 8.392180047416998 1.317338334949529
3.933387512639768 5.702387783358635 4.418246092421278 1.086106883246294
6.271194893613443 5.981337870599589 9.644324214025291 0.736986126253993
4.031001551076479 3.368646419019605 2.55319272684351 1.181788032418209
5.649588370093459 5.981228251600122 0.9683971525247771 0.7724984014089474
5.547761123471838 2.737588401327486 0.618028564273928 0.8154375603301688
1.562048331123305 5.880197633151597 8.634578011626347 0.7572014461718055
6.157367721263521 8.632768402392761 3.705099435688778 0.7980722503126093
6.668594109918174 2.605199507162101 1.155105734392408 0.7507884914871266
0.2742328552742224 7.748101081337032 2.651565646492737 0.8333012357829082
3.558944128189119 7.764457126358207 4.946355788055452 1.579048354425414
2.062337337205722 0.9585736829311299 7.39530243451674 1.262691219471967
8.231521221375814 1.054243230346017 7.88672342606361 1.493652097105481
5.162900493919841 2.139565669619129 8.555058712574306 0.8235775903049519
7.052466304959964 5.666867952011531 7.333974572542138 0.9879594683845186
1.282711588872946 1.998701970694876 0.4603964103583225 1.050046058320427
9.50740662452483 3.038655497628318 1.754577807128533 1.101419184186239
2.341869734499248 5.780993401834889 4.227958118280019 0.8058462961276455
0.9743856962201247 6.315918052975105 3.549297073417501 0.8757663153179167
5.570602271421611 3.846479632140222 8.390976806255447 1.051298863625907
9.422103311450051 5.498558699590931 8.131519487236394 0.8027692667893381
5.568741233234531 5.477277348038573 3.454956563500552 0.8542648683439924
4.335772268108956 9.744140691858307 9.979838602264964 1.125953434400996
4.32006090089138 9.834916973164214 2.200928894990632 1.066279041609854
4.119649596526667 8.481053335770126 3.080736699541642 0.778475723759454
5.821594456377259 4.681090871243764 4.046182121251064 0.8388228296726749
5.415601799964874 9.448585686855065 0.2488431103315736 1.121920880066207
2.639380871802761 8.523905800836165 7.277047634496064 1.246861617561065
9.737729099732253 8.959271468843445 9.200534954483484 0.9254170839884205
8.900963887352837 3.831796336674469 0.1152353623645552 0.77524313875083
3.532643382718317 4.369618744144413 2.211618478180468 0.7812448848044334
9.494827625847044 1.409820936646406 1.903913704378513 1.322497926708954
8.8870111593268 9.689733914348022 3.283777895067114 1.076277823274462
6.233871335590162 5.688422798462338 8.052471981120711 1.152973207891692
4.408914996344226 6.642108432332115 2.315392082965321 1.33219092819051
1.03715677332713 3.967404290069721 6.315976082075687 0.8814552599628538
1.696451008638223 0.296536772348337 6.469881654098601 0.9696753867522323
6.744540763304245 2.537408096087758 8.113799934824693 0.7995453894303158
4.024951354382237 4.784969787943994 3.270342810817102 1.597236492528241
