9.055714846341214 9.153384130291931 2.385292569374004 0.8583695530618425
6.324288687146219 9.87106322286253 6.142209165922744 1.108906366394918
4.936124050605109 8.319793466076968 7.888431667152203 0.858216696109981
8.245782680442471 9.999771958211804 5.401748641452781 0.8412217932535829
2.840291296947627 2.677157628747576 2.919543586325422 1.095267372143102
2.527526345068301 0.7484038857206843 7.127600939887106 1.35894876457912
7.12574828665772 8.438377598936851 0.9266023738316531 0.9146151073193287
3.540837154500618 2.794373531488268 7.265477740388144 1.038456218390895
9.63623773875795 0.2984316894651762 9.337927006315704 0.8238828639823201
4.898483429956221 7.805649831490395 8.600911849677905 0.7852637311143131
6.056906312385676 5.216208326542567 2.633557508884028 1.221302811184843
7.371124423679487 6.677815232680735 8.179974298931675 0.9296594850650292
8.934561149042271 7.885142237994496 1.547609823585865 0.8956635786518066
2.95624886744699 9.12395353328931 2.412838606610839 0.8142070982579391
5.895591042800293 7.264767527351193 5.18236486228045 0.7750617433423858
3.09513487486785 6.514407544568517 3.394303490047053 1.094906611986714
1.957729866743494 1.131736046382344 4.573489677918876 1.013052535634717
1.675408793018197 0.7420841443151205 7.985179409914185 0.9313386636779443
5.86002373440547 5.036377617381363 6.193727646337885 0.7733844194896659
9.978667695845585 2.519567148879469 2.394921574385498 0.8237534527818848
3.541483266272146 6.899350214487545 2.24719352830405 0.8214195879635012
2.20284171600968 7.463062447909246 1.70375488108066 1.05698765038606
6.610046201643946 2.010339825181836 6.225435463527858 1.355882682877635
3.531192577542995 6.905147631253981 0.1969734908433707 0.7419085420668599
3.379613660244875 3.561881463110744 6.509838931533483 0.8121793859409354
8.14772952401124 5.007912881090224 5.083763056757144 0.8999051305921648
4.134564247372118 3.080081121634474 8.942298586583229 1.103353603053143
5.148009055808284 6.059355247403415 7.551299214334716 1.20207108122608
1.124173975061157 3.303338599114365 8.549388531812383 0.7949859521111503
4.670563002380288 5.348858660489973 5.397608818189423 0.7294715471313905
6.167197460405944 8.081071442219727 6.628590490442838 0.852030868966406
9.711497384803431 2.909923766926599 9.354422277601794 0.896743245571459
8.201122676004871 2.738107066888889 2.016538936250126 0.7837324439667256
1.378541735641651 2.743599336963853 1.898735697655699 1.136980455980872
7.927496151316039 4.917683315022028 3.518481696855541 0.7474708503873145
9.240653384379998 0.6305971150855139 7.038624472535788 0.9452346915799555
0.6970670290520797 8.276206297192193 4.350349445848297 1.099338573444209
9.083305268486203 2.334141374168455 0.4339600192464166 0.740971794343428
7.951011397339522 7.013872776562122 4.851231552249805 0.7368420677467812
9.398277823710053 9.172187231416279 9.073592028468285 1.471266350413663
4.049742147119483 0.1484309196300015 8.238805541401401 1.265325102725682
5.674835661770706 8.005862602227651 4.144667858760429 0.7877984463702291
1.032501517554157 1.484445704847436 4.214030615799539 0.9644875592985019
3.878970892824835 0.3215141701314694 9.333352577800104 0.9251770188397679
9.210425529627782 6.182115081357164 2.896691866823438 0.8279118910282068
3.307884714003053 6.243853410254586 8.768147452238766 1.241320599694071
9.622908775713466 2.111385046426459 1.712178999877971 0.7644726356889511
4.868604681894315 9.453420475733745 3.38623452519432 0.7869713358833924
9.56709729408424 7.037587935968268 3.299511834643031 0.8661563688380752
0.3438878156314906 0.06702058604718508 3.6457517786597 0.8544564997829137
9.01561649526429 2.351842590239653 2.41500777976775 0.9917685438669736
6.555060571502473 1.840263094927928 1.065734946111273 1.188089130792283
4.847962240422192 6.609492844224953 4.075052454642145 1.057159749953129
4.925772285158462 6.808996490805902 6.471283925744733 1.395455837255803
8.716178912929795 9.157629572019449 4.169149335927241 0.8148063868922389
8.122358326281178 2.750631968148857 0.2096428775148784 1.337109368757385
1.873640174001679 2.087586002918168 0.04080913118084228 0.9077852027863206
5.804751080892405 9.392650823828848 0.6992759345826438 1.16553490010915
2.052800828813657 5.63803395349788 2.555631700443265 0.8650124674224373
1.255277384473825 0.1013974159499742 3.136326330963693 1.014779166480612
6.220983608770163 3.597334308186301 0.932705472473816 0.7807443220340291
6.388467098255153 8.81753761129783 8.86692347687854 0.9018056290913763
0.4572420664451604 4.336988239900539 0.4019597076806214 0.943511473259557
4.042845000421406 3.164911362378031 7.972207067462514 0.8137330395722204
4.821826926484743 0.3700357613719796 9.786039349705883 0.7568545156431433
8.167588944882048 1.954538981690712 4.182476645145372 0.8152641191660425
8.929448275382118 9.037258973787424 7.931299327922415 0.9517083072008427
1.823280046382476 3.059316617325423 4.160565149787637 0.8407575043141042
5.3462553546207 4.294770267611512 5.785574438142222 0.7944141778752035
7.346912714647129 0.7036752077524822 6.190328820315229 1.420686981919596
5.596298528073782 1.714818904759637 0.8693709567486307 0.7557271882041458
4.216073948265489 6.089251612021384 2.118768344347789 1.138082481356098
4.762995821636324 2.682480598816469 5.216958455404515 0.8067500099533725
3.69218231935149 4.099811274308299 0.2998788569429123 0.9052618837462963
7.126693623911842 8.596382007816207 2.894589858186766 1.573842270753147
9.960115539581095 7.853779115362931 1.400021484667345 0.7335770108744156
6.914887604443987 5.102378085256232 3.435466882554316 1.094486950682531
0.9508501119222845 2.636583556273116 5.537811236109236 0.7486431368744957
0.5762598089920956 7.668156715992319 8.154568591366708 0.9093354824661444
2.276536856309187 3.598069692929939 3.395666691611978 1.171983614542922
2.503383814819677 7.259916146452738 3.476983213066508 0.7710821826527953
0.187890927798251 6.709963042771127 5.654441672505013 1.516136357315519
1.096494754322703 5.317614806194677 4.362595613497313 1.039881393323199
0.3640881639766813 2.840028951777712 1.485555042595866 1.018284111625497
3.830969159264813 1.880279138873748 9.049863523176406 0.7489917295069508
8.318087767870294 9.741544283300813 3.231949471526191 1.455742998117319
6.625160579465036 7.361299677941052 6.400703328235021 0.8335584809227009
9.205473390931672 0.9036213932420567 6.175137167965267 0.7352707687277173
8.076491052158612 8.615611116401169 0.573757991515178 0.8872125184245098
7.323880180912622 5.804329953345666 8.430511524648429 0.7782236287875594
3.558172959240672 4.090573565687258 4.011459841781367 1.276596241418897
4.04406386226978 8.834026487591569 9.801058981752355 0.7485311971484506
6.375601143146903 7.715163165569411 3.409966792176284 0.8807448314075791
6.162993809238221 7.713029775304455 2.369933849244161 1.170465640321685
5.783102045850683 9.632426678584633 6.954810038945936 0.7805389564734363
1.782298189681172 0.2422655020545261 9.131070320450625 1.530793981356403
3.661134011767036 9.024743949166927 8.116571424074673 0.9004825074830736
8.363828567406511 6.504359094789653 8.023262211326889 1.072876409465547
1.078221616460233 8.462311115857171 6.824129849905547 1.154279907432621
2.712873298566561 8.683177525055655 7.939406386908122 1.04385240615509
2.358121428335561 5.33463967303739 9.185352961591907 1.467998071453531
8.60097037345634 1.514238257040921 0.1716517378747995 1.144734046696422
8.183562713345459 3.245591009469646 5.213579813835308 0.8525812963116111
8.72781984064294 7.069784698254307 2.446578551044014 1.324003816445136
6.75178546541177 0.1839527685702758 7.536771339580501 1.591151909966429
3.261494004092078 8.613247596601896 0.5057586795965507 1.250815149159699
8.543548021766219 8.819695193829173 1.593806547221031 1.099338893710772
3.256141278250238 5.996700963982987 6.618923419227913 0.8505624052050108
7.851080371378144 5.839914474930546 0.1301702967009244 1.52515324708328
6.320393146690457 6.898302618818617 0.8459009406842699 1.087830778288085
9.579444346053306 5.120041265255562 7.055105309577325 0.9432763071621436
4.491972517334072 4.303421126984024 2.298746696610715 0.7250881997305115
8.251626047119817 8.86785550968785 2.523102723048769 0.7333741196278702
9.463735364060691 0.9404712563780027 4.667808587864341 0.9621268932153373
2.342847349866885 0.3928624375826362 1.47138184379938 1.190611110139415
1.992293505766202 2.999879640698127 0.1371994395719223 0.9136370715259533
4.309819467818393 8.435552907014817 8.437918815449166 0.7848135439157735
1.005445199310476 9.547716131847789 2.40948702884365 0.7648514648725622
7.157351944848322 9.643065671099768 5.439501969787547 1.015505742397692
1.538023232562458 9.228216304318247 6.110164167744257 0.84152624946332
1.073620546196362 1.925578155407154 6.277966859371726 1.055631100081746
2.895513640439282 1.542585547107898 6.486497803835982 0.7378668291010377
2.670023544511773 9.192064260414886 6.265530143611024 0.7308711075695565
1.160928504420502 7.355866911721924 9.650243985504098 0.9169582425842782
1.345309921253994 4.614076330260763 1.154744454362756 1.402694074121075
6.807674524609689 8.509721478116839 5.013246222535598 0.8213512190390085
6.696809551693494 6.172552175960813 0.3377567873691134 0.8064488770164626
0.7559077488515609 9.237272731975983 7.629560190486973 0.9952971031489026
3.029625020471525 9.540960212912237 3.29704125682889 1.010897262898561
3.139950795408559 9.714757031089565 5.722479463346051 0.9247652387871187
8.621830461336428 7.646224606140244 4.606597013445277 0.9873708292374029
2.76796663072236 6.8531979271626 7.956351567183811 0.7859571069173837
7.337033100316508 1.514158846468552 1.637029387958825 0.8141089930779194
3.049904505471686 8.437060510168148 3.134991138327974 1.106876484574366
4.190367083418473 0.1818343560722868 0.3396882606577845 0.8696660011507127
1.314043634598052 7.684444125377852 3.404972156381394 1.373814156608098
5.938202194758733 7.050852228311456 5.974194191140263 0.8214884025045982
6.67852024234307 8.628981388527491 1.645808197736569 0.7944600208903583
0.6486318660261603 0.2718901375426452 9.683470957349485 0.84979881724483
4.124837858051039 1.634821408553199 2.083596538524632 1.068353758645005
3.259749847690322 7.664866836532547 0.06042512705137559 0.8085255129224374
6.314391535069615 0.9751434004052939 3.673552771232633 0.9794995460325998
1.466134136389773 2.992030953646237 6.748487641764218 1.008015779713636
1.321709834050717 4.829143129201232 9.877168857068073 1.145431162070274
0.725106824586309 5.416944194804867 0.5700122332465162 0.8948739370706444
9.950471413402488 2.809941912497766 7.520427235726079 1.501704464941466
4.60618909898604 9.209826936604426 8.09631229944679 0.8855868831659899
3.092071671984825 4.169517870638145 5.985843092409333 0.8025745089807728
4.982131226366678 5.025892599137216 8.003567897274639 0.7811909119371507
7.196384699501942 4.196935617506534 8.936771904841402 1.392424343498035
0.4011919642472606 7.068094947718051 0.3743697972307991 0.9874384635923575
2.666529575825284 3.452152961138388 4.409585532422772 0.9181918907107661
7.8637084834389 0.6820977360196467 8.523128171898973 1.488798032913763
1.856841588783605 4.751875787439083 2.368654528246973 0.8404410055286563
1.254379236742686 5.738459433712983 7.345894106645938 0.9426459565082389
2.886334465719337 3.895511965541933 7.171778674224247 0.8494797641355235
9.170269191476217 7.322428445824758 9.615189973206004 0.8960168772284188
9.523096277887399 9.921294457097833 6.402444526838232 0.8044519420462802
6.076145708820367 9.697570686109696 8.663533043655361 0.93163934894919
2.020757814662499 2.284336408782268 3.481551932861274 0.9806312214858
7.804201267230626 9.230302660189224 9.736704068204604 1.107148158047216
3.430065825967999 4.814977736167225 3.274315905347863 0.7374493036414212
4.538952558757715 2.245204831386176 2.890615419001431 0.9989510181504473
2.004629731752987 9.33385373144438 7.117773622612655 1.307564364438853
4.688533252528167 2.939843756454705 7.245901993770412 1.141748108416044
1.626203630588011 8.012827351484042 2.282856148112249 0.8137902486585739
8.904432697976969 2.016712510840943 5.992303137965442 0.9887870271549475
2.415360271293612 4.279951394628632 1.866643883143286 0.9063443640553831
9.435541844104323 1.591182452713801 6.756286271566052 0.9118164867746661
5.828606775990665 3.612427877105828 4.935679469958725 1.481044716622667
2.031153632153397 8.872782860215738 9.048514258954825 0.8918222700791947
5.478732403384558 7.787359558450585 6.110896101381105 0.8494143423238256
7.739160459019262 9.679200035533881 0.978239512755924 1.450734596034071
4.793429827563869 3.335993522778276 8.287114678767113 0.7341151898568037
4.321898570525617 0.8029144606385719 0.8996401215881189 0.7782429958438154
4.058133294372793 1.503211958841522 8.173389570869924 0.761973046160709
7.234390611471486 9.451522893818233 3.754965378302249 0.7631704315645157
2.770251704588842 4.4379180021942 3.329550298463045 0.735746131830347
1.213212287905753 3.093550606045155 7.716597832951566 0.9058987354574402
8.144522235790523 0.3932523101063445 7.225348141841212 1.071850592185933
7.142953547493232 6.463092868397301 4.113551607519558 0.9096804796181965
0.6588669937543534 6.208971185052019 4.591978999184612 0.9262844407991896
3.79521857708976 6.740884514356607 4.271600672160589 0.8954407826309863
3.089181921019949 9.722717500696234 6.653498514727341 0.7996250633173337
1.831987036515301 7.09603035181732 2.551928911255101 0.7989028398156967
9.305301951483365 5.709392444261485 7.939829773716427 1.186040060170671
4.07516714398768 5.084814240647357 7.278536959184915 1.495236838087709
1.960073520258004 2.55347303763671 5.802228829436607 1.256003013570239
4.762768458584729 4.224062530141009 6.581412378448058 1.051430994598886
2.20836905933294 6.318954841410442 8.620937242150195 0.7735760111104516
7.376848630240961 3.379079566519426 1.767573203352139 0.7796473658461679
4.296384729490616 6.374464074460091 9.442387203772423 1.117514000472199
1.98100785570069 1.135140852429602 5.874766606524314 1.421829953515191
5.019703383130838 0.8639009139651199 4.582387151540591 0.7469249929971635
0.5614306979453032 5.4394319365709 5.356662548226645 1.154410196454765
7.35538953523065 0.5673936808464075 3.695728788269438 1.181117151635985
3.875965551887234 6.580664056238201 7.463759221066299 1.481950650874554
0.4528562476456011 7.83122315100711 9.890080032645145 0.7471225149279644
8.070095906118324 7.995101518329157 2.23299130280466 0.9261316993518525
7.856028517548108 8.068803757571249 1.308395444371123 0.8438824232936685
5.216984703317166 7.462988462460018 3.234768313484286 1.305399784172841
8.809220990015216 1.767587226527753 3.307637016134803 1.104093247814476
8.024906400101843 9.536316526781064 7.896695997489075 1.068230339413437
4.602872735009965 1.502609876752287 3.921905970440491 1.237986149277141
8.760677782354209 1.380673444416843 4.22499755469334 0.8025169653112613
4.37212468638517 4.40352208067584 3.114513722119164 0.8192539510419137
2.289348957922262 3.646088688853219 6.317325451151166 1.176739189474426
8.90964501104528 9.913947177878688 0.9849697691673909 0.8775245403378975
6.639204798834119 3.902479268629702 2.739135668952592 1.584011428745167
5.809666776271071 8.516361049737165 1.446958303198104 0.8800964550107941
4.222769585214259 9.659900104747557 6.279627134564186 1.47365041404657
8.105127216145924 7.523341102926434 5.509380896957371 0.9308656466558558
1.38755707302767 0.008249945370882861 5.399025584790121 1.205411326465765
0.543052755224811 4.808538254685971 6.764486283831195 0.7810934804378648
9.9481498682271 4.781281094546195 2.505169798627926 0.7994714010034427
0.5015054906185945 4.013308511443916 9.22324019324552 1.45880962550846
0.6548762095592664 8.518833005253454 2.448956798147737 1.358763824143624
2.849900260008028 3.500898450301251 0.2040638671776174 1.019329445393089
6.931385427295592 1.233807727507518 9.366518041609179 0.9275677257463992
1.298918326614669 8.396205058107316 5.603196466050001 0.9458612051983365
1.385838133958515 4.760455723343694 8.79692927991856 0.8320029000718993
6.656560088580901 0.6274972103199883 2.886701775205651 0.8139627997483784
8.334094484247315 2.251200874011237 5.115484968979663 1.093475363265454
6.877041550926363 6.986656025896119 7.334155921388287 1.077223548040747
6.607000781480936 7.785992461026396 0.2705847405421136 0.9157990768572498
0.44606045706305 0.0121637356168125 8.539385533062797 1.359742242732133
3.529896094675773 2.981318605294643 4.53021974555969 0.9185393343400187
3.037473138759136 6.042813585443966 2.364704856607783 1.132394407719999
5.190701353222606 5.038650761274779 3.486865920172082 0.8890324253559078
9.533720962434298 8.450365859739749 4.473291401149128 1.223520257947825
0.2022349889737496 7.909998054542361 5.0624307395678 0.7453051769079495
8.139494472651846 8.583019645241844 8.669958514613485 1.336935797049686
2.512238708452295 0.9466347011716314 2.377052322179196 0.7393623319644697
3.074375070784418 9.736252318823535 7.63113896972353 1.11555902356612
4.368969411458883 1.170244058626041 6.314731360110946 1.237101053399143
5.423005827081517 2.866190506730003 0.9965097497853537 1.18275437736918
7.803143351920641 5.597776911667181 1.323162813915449 0.8196589543803197
7.06835932483722 5.058207019650673 8.027355394575864 0.9501791883273183
3.233532815781204 8.336008095315632 4.941503801323621 1.039303817203429
3.477401275810178 7.300509736396266 8.347248519913624 0.8469813565625971
2.943504324469387 4.733725024274975 6.784181246828542 0.9656965464626046
3.341157029052626 7.649749043095071 3.934903091164888 1.170736707823332
2.839346819851119 2.478631410674845 9.340614102140231 1.558041655874307
6.815232273584211 1.107571741062482 0.2951489441119626 0.9194668219178024
0.7441106259157604 3.830393689877492 7.001204083110756 1.215459354165978
0.9599198580237112 0.2719585398120283 7.448582495958627 1.033930645725571
9.450643486331403 1.524333643137885 0.9157232535449134 1.021857010106005
3.795564116219683 2.492095197943243 5.34242570767672 0.9633403387825136
9.42174560739498 2.869075240388022 1.740967110759015 0.7432416388562959
4.348982309530752 7.840039354114881 7.091565352354729 0.813015939161482
7.901948772884824 6.021325639003376 8.95935157722321 0.7248890539770483
5.50725469120149 3.135077156247037 2.42090648537142 1.078861478175936
7.741487975694961 9.259355519446357 6.575635833215624 1.558684293364105
5.798065511240615 8.113171158167455 8.968452864666654 0.7877171606841535
4.954686535852567 0.321453196620306 7.752284785811395 0.7400759099415436
5.985474608195461 2.704028676586594 8.444826027088251 0.9465256466191786
6.492820657100082 4.537057055294035 0.9467089885929558 0.8775170871856931
7.190542267785214 9.520323429713288 8.727888067913634 1.158464287414218
2.021958367983231 7.706531767289673 8.981245924707466 1.081560735473731
7.220935073020058 7.823534799346065 5.345787857398574 0.7223881565276091
9.391339806156241 3.654538010692145 9.088908136888653 0.7583240221731168
3.874868927721715 5.037514095630108 2.413112498174486 1.088762204035414
5.403309285572071 5.056905087927034 5.463419434881414 0.7967283627598725
1.038334507240937 9.710543361612126 0.2847151540963744 0.8464797211448051
1.359117995257471 1.193348569353914 7.065121899333572 1.069516983109549
4.049206426711133 2.901541473145135 0.2823969933883197 1.534793994528263
9.375349764554258 9.507418416633937 1.602681495618526 0.7700481274595213
3.591542967488768 2.08687177479417 2.693066043986537 0.7353160783713548
6.622825032008678 8.880814575185459 5.85433717245779 0.9542154270147752
5.173502128178309 5.223992583095496 4.478580496517515 0.8978093275558627
8.585892644357692 7.553203102207529 8.006618897742339 0.9634604930578272
8.320210786759066 1.95932254483475 8.279826744462394 1.005159177979594
5.929941799803285 8.697343661328318 2.286797466107546 0.8038153752949502
1.269880005024414 6.975067140353171 0.4195873373117764 0.7325889661971566
9.935469874796697 2.185782375156444 8.738430439538467 0.9670658281626946
6.78729324971895 2.077829104016367 2.039681347102389 0.7601794739925692
7.532569054352236 7.691924869509424 8.040996977021825 1.109324668029271
3.130679769908077 9.887633100493705 4.130664017863009 0.7630521389078148
7.268648172628646 8.793272755425063 7.798724998053554 1.029628064395737
7.431189501369447 5.780226476500838 6.089804670203786 0.9023494864796814
1.874256798961482 9.002919647263102 2.967725280977748 1.413772228721532
6.295822504679662 4.396203637173128 5.763460836023587 0.8040835253838177
9.846232039094673 9.26217103656119 7.912752061005449 0.860373441134703
8.354199137320409 5.584075981959044 5.803004874385645 0.879596410189913
7.28839149405293 1.596817708132368 5.125034126052821 1.241281776105768
6.532316247645458 6.895832945735714 8.259274416866537 0.7403151933194444
8.30897576012449 2.819442910631256 6.037212700849818 0.929993180070192
5.580935775255613 9.737715403254962 7.852671648363557 0.9359585141578942
9.586747332672781 8.041436408975297 9.840622078759182 0.7818508914731714
1.719123791971742 4.735232566751908 6.849417521373794 1.402580577191442
4.2810773876441 5.939713402646607 4.653906674470977 1.009782656031568
5.001728511301732 2.242944185986614 0.1849876404211337 0.7318670222418217
6.004305978653623 1.470702437379755 5.184428877371006 1.203224064829635
5.543436992020577 3.818673430654809 0.4236281527057206 0.8632424438626333
8.177683226864755 1.822167514186019 9.296754208637807 0.7951813807839239
1.139667981135738 1.112833585631782 9.740687959594492 0.9051780274244959
0.6149989899467623 0.9562557346168554 3.314852093411134 1.065069466267041
5.02323435587637 4.03242307452961 7.670288373312376 1.132091052293197
4.7409979801509 3.118242111199667 4.451468756775716 0.8009029831821031
3.989112223481569 6.044853295673152 3.796679412993134 0.7862503685180681
4.405886112747964 5.645593688337351 3.026923731787878 0.8185028049450626
8.606993400295316 2.403073564154316 7.1089749865992 1.372381066017291
5.899792774252628 5.469933596025884 3.62043661425212 0.7433785120596034
8.471529528700488 6.401843949408993 1.480369483433397 1.040680153118153
7.746056441889869 9.455182129114963 2.27166345993729 0.806754889241469
8.349526637502585 9.665488938750329 8.863952122602962 0.8294111476399352
5.65926399669019 1.293475676976962 4.204438508154036 0.7715977506017487
1.783498625023741 7.462543750738333 0.8287737813845042 0.8390389010271337
8.961459333467692 9.260659209042393 5.933563780395794 1.099624691071969
0.9199458288764029 7.572858864427718 5.194147394929605 0.8154035297131108
0.5787929546996329 3.350922251533499 5.332722982266619 0.7464594666983679
4.212815195699996 7.364718109043351 2.384537078744836 0.7334524572975494
1.789116101050641 2.889578341191392 2.82434284468088 0.7930722427676286
8.418787660497554 7.312181683344127 0.6307591362862464 1.361842316890558
7.554083389192011 0.4860272663114429 4.894733087074068 1.054073144355183
7.63355700661084 6.623852452536458 1.00350200777322 0.7918303429606236
0.508161749471544 8.350898688564438 7.658081674765412 0.7350419295985015
0.2549990082591402 9.164096509748436 5.497548500611884 1.570751718190065
2.143628503327982 4.049542925359658 0.2893913451089791 0.7367251792339706
9.642517376484582 9.241830032838962 3.465050417757467 1.299243717033462
3.40497287074725 2.086638597901888 1.202406758181219 1.141337310130325
7.219683052290644 6.637562995272311 6.561114478100814 0.7228825760253019
0.5159250657633518 6.686974291348879 3.57917860371342 1.144456600701069
3.892679181518752 9.071363586170698 5.276548681284697 0.7365281869890093
3.530128886003813 5.110127159768298 8.334069643042534 0.8253400731574478
7.055109869768209 3.470350906005606 5.109529662986781 0.9583237590168991
0.9265341780940384 6.169400834342333 9.679264905300638 1.419081939264041
7.597081044957522 1.633083369004563 0.7041216260843319 1.018605884108678
2.923628650246206 1.599590814119172 3.1199369853075 1.019341667106768
7.17181236616611 6.976558119714773 0.1309249297311665 1.016595105844818
1.358428858133139 6.042409913812593 1.56739514719982 0.7837298730263885
0.03011376762930951 1.918420536873473 9.90291533262798 1.353862169911631
9.480045214501407 1.156487802184151 5.515656369821916 0.7455083046827962
1.990520978113329 5.500075949987699 4.703193314068583 0.7365312839639179
3.052827235228274 9.72402242212164 8.881456904207262 1.158092151773818
8.791408629437605 4.333301117962423 6.748145515534742 1.084290469586684
1.283140321183363 6.77472328061387 5.056738779144661 0.8934262218958275
1.504455963781558 0.2309201462991395 6.575088740246693 0.9418042235694426
2.522365858332901 5.473449449177523 6.407738891305819 0.8530441042158696
0.8691731295026051 6.313038385542901 0.8764066964024952 0.89866355404247
5.945403426408705 0.4742832956807941 4.444286062507079 0.9514141059964585
0.2050975081000661 7.397155741154964 7.024224267879558 1.425773446247381
1.177222414039705 0.9207945260971417 2.069691437757613 1.580451692762925
7.452935872835867 7.396685554451376 6.197373321774923 0.8410066999205059
6.722849496339422 2.646472969151771 3.490439786151513 1.00032483835558
8.779208964478808 4.398208619242718 2.349925450397537 1.157666224154978
9.612817048217501 8.625108905013885 1.773450132266314 1.060041432005497
2.896719710997323 0.7535391020379356 4.139853942797155 0.8807697931051806
2.107926679784853 0.1483019088312543 2.588067700231428 0.983458794332517
4.591348701025599 3.44506939764201 3.01496775652664 1.117911897693672
2.400348761198444 5.399156729092763 1.536381623404228 1.276264561450114
3.999845993898805 4.261167687667211 1.360823311757624 1.274931349021511
8.02237415203556 1.783863670193498 2.389334260639804 1.208187650836481
6.409402519656219 8.639989435706262 4.080609319725197 1.059813568543711
6.903830048739479 9.008824996510526 0.249630260935656 0.7676935031612746
8.655969353615616 4.009786722957729 1.276989450164372 0.8125848470039607
4.091191665300328 3.165746644082477 3.845923328265126 0.8257922414443468
7.4712657789656 4.864897896236767 5.71313556188367 0.8495437121469014
5.976197410828436 4.90602941148931 4.871576218753115 0.748819657457968
4.881493653784332 4.882842837291406 8.833001217916836 0.8406826554521679
2.303984134302 9.968648112790934 6.120821545328893 0.9353575445053943
7.606265582979075 3.248306105126337 3.407645662839955 0.9830163147547839
7.958523116290475 4.352194815538934 7.543151630857946 1.148288155352127
8.092119905006673 5.696459896320471 2.559823291449363 1.600352794757983
8.10451930697309 6.561315476022777 6.016881035630282 1.082391681525706
3.586970143069675 5.648984914942 3.161910895003832 0.8116226963356092
6.489597142664236 3.844543532756021 0.01949761825187024 1.142846105827882
5.55412773051594 1.935376965443824 1.966174673996505 1.446713802155378
6.878206049895009 5.92566055093863 2.719477803131506 0.7657567810361769
2.236564149539517 0.2231273208298246 0.3557420061120553 0.9629861926295137
2.889000569237078 4.278358790574171 5.013517708532119 1.112959358105621
9.834682417989992 8.759370553259673 6.879559193922216 1.359411507080473
9.372527722753405 0.2329112653549237 5.505184327572561 1.07600295613928
4.600071039747043 2.379083140795408 6.165727465960638 1.16941931434363
7.069866005628899 5.066739006248945 2.46011982459232 0.7304287456372611
7.414196795911892 6.395315150657814 1.820643726402188 0.7874342734052605
6.847850166620431 4.751971471416468 6.730126469959559 1.42776438930506
4.189114285118867 1.924236911826721 7.339044196044048 1.049369592440703
1.281968537041828 3.723102296016085 0.2454940526740312 1.079815204176921
6.522432147583396 3.430861635780709 8.383509215106296 0.7514272624410961
4.764709797832211 9.46337610519414 9.898768939178526 1.032539931672335
9.347252062765842 3.410692551737 2.826017089770339 1.2748184978361
5.701786395582265 3.15743079279635 3.587275645113015 1.245089546800132
9.608964287454466 0.5029674295480446 1.717177240112953 1.231586350781222
3.066624373789305 6.584836472741641 1.177048909997911 1.40892873874079
3.425913186952604 6.217508281962099 9.829330817361845 0.7825557019646966
8.103976436634213 8.033808848849697 6.336584666025478 0.9644195260340355
5.569288812738666 4.325239729583863 9.561565146079968 1.030848195903036
1.078250142228829 2.707926529357549 9.486845854974515 1.342736295771666
2.946278229513567 3.1784343235695 5.43143157648535 1.154459657895339
2.270028964575782 8.03832096781538 7.080869507034161 1.166078176116026
9.264530641275073 8.822369943912497 0.1642565494998594 0.7622972234182714
0.7834864380390072 9.579509019609127 6.668375498088089 0.9551860799744777
0.9716130775629017 8.722896302704932 0.462054146516806 1.134182971801062
3.976546015937369 9.372154058057305 0.6492183334540891 0.7261472888507848
8.040846353641788 7.139485923548778 7.063166193958866 1.263632583600903
4.190422539772101 3.386975303221664 6.496485005409334 0.8060340085838559
9.092320745293181 7.946246764651904 8.915868348777723 0.8471872063271297
6.580959674108588 4.724649829389953 1.80490565338162 0.7593062277552791
2.329255850374316 6.757014028128218 9.867845147195746 1.544558786123031
3.584445120960236 7.528849161052439 0.8213519676929593 0.7456160721847515
0.2694788770178824 0.1598311207889624 2.673244282154299 1.026766671920375
6.129628626943449 9.738453255211642 3.476705124822539 1.465800126363779
7.1846913690258 9.813392356845927 2.996367341016695 0.8008265517401226
2.860280587953103 0.5871816884384851 3.205763674216353 0.91846128402531
2.861677665765661 4.409467059101612 0.882636315720795 1.17297553019515
5.575144978201437 8.901315443114918 7.397432220185552 0.8976952900737112
4.835737835742787 1.275690572811535 2.765272493594403 0.99057710622405
6.197654748998986 8.002466665833994 7.901271630462272 1.449750549149788
0.1700608062938991 3.245596417526007 0.3664947936722029 1.260264992635127
4.74038091797802 3.62071686480963 0.9241708595409015 0.7953485179514034
6.308355615165742 9.154141360703516 8.007358492610733 0.7825904544082511
9.991153662299103 3.720309986754557 4.709513289354777 1.043898569715436
8.849508815408257 3.535101262455704 7.569470194751786 1.082029592239919
5.306447711505325 6.167357520222673 3.089807658837536 1.2318128040991
1.495699935760618 7.337230477742223 6.184679764808894 1.441448112531277
5.80235351745312 2.146557863944976 0.1845575724533455 0.8090967911559496
9.123127181954652 5.574548621677446 0.03554104783708656 1.023094442628864
3.002283466173923 1.081397495313591 8.575565297396343 1.56767725027797
9.526723964052357 7.672188222108384 0.6561176280210512 0.9068841797597645
5.722538598928423 7.648802610886595 9.697367216218199 0.8793979302989618
1.916472097239454 4.661217684460026 4.648057848212932 0.8802110317035529
3.212251591556989 9.279778073360276 4.902833413223733 0.7928816796412806
1.113852765383544 8.366869346285977 9.347376121785702 1.148594472269585
0.2376543818185528 5.639153676058551 1.747002137849648 1.520699016445902
3.616700468286627 9.574850473076086 9.908698111850191 0.9187846240860784
0.341401918587414 1.045704717969641 9.19807895261243 0.885559451592786
9.233397003343461 6.860644608205778 7.343951711879853 0.8447005762441958
1.777916287812561 1.164498641933088 0.6837758936429617 1.07543562029746
6.08481328543313 5.699276902063694 9.033333797458004 0.7472591355772303
1.404542009079791 0.4555024356002324 0.2326102526214435 0.7271058868486632
1.273567607011782 1.499589409743011 7.96708965305331 0.7375480937760479
3.628444983727681 5.046026250477075 0.7233735928861396 0.7684306378073817
6.785869400276537 0.08511549448855127 4.42030982628008 0.8502674257594305
4.824028636553862 9.242676334848271 5.147473984378787 1.134540499951852
0.001793114617487657 9.915978288256808 7.211587391051443 0.999339176326725
9.773306392313215 7.669158481503224 2.248128314245484 1.013027094939986
9.413537823340061 3.923345868399903 3.812961424166394 0.7995515702012279
7.468615877269491 5.557073024637234 5.215053991754103 0.7327961924579168
9.859261074685616 4.060975981565481 1.527977630393063 1.576992929907152
8.599770718692833 0.3395613071032344 4.439717487248136 1.101653965132902
8.638301594753365 2.199705947229199 1.304221134742694 1.174392635636962
5.157467991607803 7.266556527998405 5.463478784575797 0.7296568127378493
7.108231021407708 2.41255057986328 0.4318096577163577 0.7931067755396444
9.014857219206567 6.962529578110398 6.419083179282 0.9556424269842481
8.620515443388884 5.816570836872552 4.71135020411614 0.8257053513785237
1.844854260800111 1.107219158180597 3.389619872858173 1.281893529860831
9.816661825618182 4.85162354446693 4.73570438031869 0.9860719789763727
1.406632282717618 4.05175486569625 8.143191169033214 0.8345056944630843
9.049471005653698 3.203766346661132 0.8848396314434193 1.055349148238713
3.620504343617671 2.268978402319955 3.716076133987499 1.178007462612982
3.719332419756113 2.841752874921886 6.164863533092335 0.7237260002817117
2.320891668338767 7.762856747952418 2.730429377172994 0.8421617492944798
7.185475360183944 3.329753394152684 0.810288537547097 1.105359529997884
7.822976713009714 1.095937524768442 9.651514935005977 0.8396100106721113
9.558098854494094 0.8741322567005028 9.966283292426626 0.8239750585812311
8.11098892579894 2.632226662093214 9.078651609637957 0.8520372696260626
0.2443555510731676 1.877325562754054 6.754025103249453 0.742888414163523
9.230567051567544 7.967124935477665 5.72020848857711 1.469951674284712
9.318115075820165 9.958302217065304 2.644329888263842 0.8597459321251308
7.572479302657701 3.489945689175558 5.956679060033393 0.9250783561302558
0.5124405195875503 9.534157924102098 1.398203241871356 1.443619404152917
3.813861981038842 5.092299852829842 9.555053595098041 1.520437389808829
3.270523143014515 8.82391347368559 5.775100298761342 0.8496148237542512
0.813636766072573 7.247058000001477 4.386264572210663 0.8484575046129815
5.509573373050394 8.559346563611552 0.2252060594586835 0.7643068960053389
2.770671172445817 7.133572795520751 8.790691498018468 0.8062501600150985
1.029015945494031 5.215348274034933 2.833088190380237 0.7831432685572887
7.418441522135796 4.245045262850847 3.698655783153088 0.9239147563158192
1.480498847337913 4.057674326499546 2.882405064201823 0.8680217672262166
1.860959805519536 4.984914627051542 3.486829197915527 1.30540144196095
7.684051914849239 0.7268154345091737 0.4439997722556077 0.7915684732101984
2.387209020197896 3.053474307793492 7.281925222828263 1.029034632022296
5.14089916458698 0.2214459893693888 1.460574328338193 0.784991381867108
5.194896313992233 9.265402742147415 1.735733863061706 1.112225543066242
5.951280243268676 4.67549537798038 8.441961167862853 1.391216446569036
7.516300095125459 5.898038668063982 7.29443900645984 1.400529160094378
9.945174867664974 5.016971779169901 0.7475379216719824 0.8362116129562653
5.514154100019121 5.963341676177174 4.104971814722063 0.7694283310588397
0.2453639754543313 2.563744582443954 4.806824197861869 1.17288451679827
5.838862939056983 4.60870606380012 0.4047198307875832 0.7597712926497368
0.4768224939176402 4.845727768289399 7.943822327460183 1.53645805105175
7.842786300486266 3.374984650644287 9.239972528870334 0.7226186074389206
8.398247988665663 6.650843021644378 3.821537212736708 1.534253728634246
3.589657864443448 6.279994056299789 5.138254805540599 0.7639941145152355
2.268914971307825 9.451265560745023 1.949138919166983 0.8372907481203775
0.8581582612052141 4.496060467149772 2.268783199672009 0.9736217953576929
8.0564275849946 4.514355777210077 4.238244488637246 0.7433456050148368
1.004059723013199 4.682349837940476 5.962367511920085 0.8075177143944088
4.321990854715818 2.934128780161894 1.808404126795106 1.495160002670038
4.038104205876052 0.3589089399127987 3.397963227913509 1.417171928777315
0.9356287074742897 2.127386874087886 2.966921106236053 1.402358377504853
6.969553144797109 7.026596763902499 1.525908607189324 0.7725041905563366
2.545644390406587 8.96032234185742 4.159512961164617 1.238092023955536
1.230942727648764 3.202935394298465 3.461885554551417 0.9853859834322412
8.804493185205565 6.515525378151726 9.871227077246079 0.8277199359856593
5.073432582902432 0.1706369675225017 2.545034217466085 1.233920268432683
7.251096949618887 8.219127133911666 6.048411191822567 0.8336543134867729
2.377109553419784 0.1969315294448326 8.116604670746387 0.7383644040382337
6.881243386337005 6.290962267707806 9.226960876173015 1.231544921022819
4.849640628955341 4.076640619391623 4.035830938224687 1.255033402165983
8.594954558920014 0.2500420066235698 9.823777760968174 1.428873028730625
2.992890966115762 4.438574967373121 8.658720197256594 0.9220668154892142
4.345731085660378 7.186061486820935 0.3994090510911164 0.8992689244865064
0.9390401021997929 4.352746132861082 4.96053397257006 1.211787905828543
9.176753204166193 6.085776216961401 2.070440537809358 0.7922859910280509
1.757035861924061 2.033245867176746 4.33228814240876 0.8202398670471727
0.3100247416178836 8.023855268803679 0.6255674226059604 0.7677462020284129
8.512335620604894 3.784379048783227 5.878824144659768 0.9121692095421953
1.277441915120927 6.185526803314344 5.794482498469729 0.8451345988045392
8.437267229237289 4.019749362372936 3.45097521468763 1.180053575629133
9.962286727423367 6.041195305132689 0.5218956088590776 1.034369208973515
9.731646601060879 7.160648814625919 4.393105244511621 1.267600367826139
0.3309347615870839 2.996434323870223 6.237126621084629 1.156831014397609
7.286829132278826 4.256175500319259 0.4928854220168044 0.80676444858767
8.966998406431104 8.344036951433488 0.7581380340607424 0.8193711623835612
3.068356784482377 5.454833154529194 4.266918007364606 1.535596066668058
9.337492787726978 1.915272874320491 4.948812617887672 1.011628559577597
8.455469071925078 1.080199871785508 5.424004480040187 1.284241612001381
8.259473639887757 3.471103410229192 6.72722183409825 0.9092668458182047
7.420224762627265 2.641233114640646 4.394602913178898 1.205960360731775
6.766938776839505 2.295824723462736 8.256176992722494 0.8090282628032901
7.468901356958206 2.023997514772073 9.780068973212124 0.7577877488498942
7.084595383651704 0.7244880960546596 1.183985974014196 1.004232274473656
4.141696066800547 9.954564081056949 1.436933969984925 1.213241131121411
1.184849599196524 9.217662736868192 8.818311070845889 0.7928276730507487
9.987711749924491 6.638106435258304 2.527751378365929 1.007993643064196
5.339106894628123 6.747345969255201 0.2434838584441557 1.179096664193457
3.406361727230096 8.641542311728637 6.916177000744914 1.38047557836502
6.715558938959631 1.306704203901757 8.426308345122331 0.907284459087057
6.712627623172078 7.594100472856223 9.14293344356752 1.28207015944535
2.617587014869774 9.381889583821579 9.874783234061802 1.079345946421079
9.685709260588601 2.425072322529116 0.9234209623358203 0.7801901605533353
8.766622874040618 1.209250814162047 7.742449677470459 1.009162137126617
5.686840681925383 9.224614650311318 9.473076997521899 0.9987150502962582
0.180592163831661 5.496446296702932 4.063740612053228 0.8567452561245311
2.609028760515137 6.811203845694803 6.757479088023569 1.204286243165299
9.264853051976788 3.005361224134239 5.458974517795531 1.298551348765722
0.9950537815775795 2.141527170042787 7.28593812500431 0.976268628734018
3.243722524023371 4.432864342507824 7.777877858313015 0.7833708327982775
1.745831293465397 2.36101002919453 7.764076613375236 0.7332205613471933
4.249190406404356 7.051571544971587 1.477472815202138 1.078489518106967
7.986396655979055 1.139879406381958 4.358423654121628 0.8135265711762782
5.020741930022914 7.29895423533494 7.744931424227439 1.175187838313981
7.728267478593809 2.238865409275318 3.381133844357831 0.9966831492694808
9.130610212220537 4.577406575646883 7.808436328596356 0.9763136335396322
8.87783690123616 5.262109792550049 1.247745721469875 1.383641359372541
8.783498158473506 0.8544521261195193 2.571219319414101 1.119056648868461
6.47836103499252 9.004949671443432 6.912491108155832 1.051775295674816
5.063315755916935 0.1953219773419024 0.5714716040823742 0.888110363921109
8.05184734228458 8.736469091419014 5.099863494791308 1.535779356390327
6.73162133918986 5.365079975780375 8.753522847463632 0.7373674485201316
3.472409490582467 0.9414829192056151 1.50660448724831 1.113843434020143
7.2260603595638 7.550614523938363 0.8784469719756305 0.8259787127351487
9.061843777054666 5.193531059116765 6.297098696394055 0.8099222395935521
9.609636005890049 6.274119940601289 3.774542945444622 0.8249453784283582
2.140820456227834 2.034820095070184 6.883473625833043 1.122234124326412
1.10107379552203 7.471945177461761 8.788212017449805 0.7296185296665592
9.556396403085813 8.555879538613235 2.694004489138042 0.7232802324501922
4.361781938068167 7.045789963598406 8.620808397251748 0.947683440678884
7.844601836057246 1.369628923841515 3.26695236182401 0.723075011479146
8.928148052409776 8.30742918178403 2.289870271231494 0.739029331331147
4.795357561570713 4.620342858310371 0.4392371184760058 1.208958039155426
0.8878855292921028 7.2476998234388 1.679587716389627 1.492286900583899
4.286290856071209 8.819374732147491 1.341370751498605 0.9464930840079762
5.118134782353912 6.572805970891175 1.242838097749847 0.7681293940641026
4.060763676371629 4.187110831486518 8.471215534186557 1.262860343508772
7.694287599301927 4.515387613257296 1.638105991851813 1.405520736856911
1.768439389680074 4.392887086237387 5.702368228062923 0.8621969573367053
5.098522964873172 0.9617243518608176 1.016616385573631 0.7519113663962127
0.5872261933546108 9.322878722036412 9.529611503040298 1.029060925038943
0.4867658069364822 0.8247038666322892 0.684727158253795 1.414056599743368
3.474769992608508 8.146031561044222 7.994548265728276 0.7746128840268238
1.813797934720059 6.564944552335663 1.005115891566128 0.9417655482645005
5.491605532953203 4.245858155390888 1.63886391970385 1.584550201631252
4.114667497131365 0.5602633898868326 2.288130470169459 0.8088841492819886
1.986938130011323 2.166608569923834 0.9227726554482141 0.8297565038327663
8.526315395830375 5.204151800063956 7.233479112941229 0.9473845966148247
7.929384716312183 6.173728894223038 4.963184795843851 0.7681058102904096
7.000705538846352 4.561042172118938 4.730959125840617 1.302448576530104
1.163607153265463 9.400137038087065 3.915444238812481 1.038211152868454
5.642372840796307 7.786360661501308 0.649268057531831 0.9617772436149212
5.047398973292237 1.80607095145783 6.945431546629467 0.7683760031313864
1.692963825043705 3.692510756044978 7.310634690996093 0.7689114036474046
5.500270936019776 8.915162425484095 6.184262043631858 1.345302549174972
2.858277979513445 4.395155027514944 9.835212479099004 0.8646877893639984
1.692935915404484 4.956439672321805 8.036154988722107 0.8299004848172842
1.75827998659576 6.113391259341578 6.606257032302416 0.9670212645314882
8.364185393964265 0.9422748250027391 1.311468517359252 1.304960640579343
7.836309173851804 4.13820847145402 5.352649287362809 0.8737780753657221
3.559461471685264 1.265114879804936 3.920535494486908 0.817361988778656
1.396170656100135 0.2233187813883897 1.032513529939368 0.7898109100693179
5.464729147908292 3.555167889989054 6.973146159964468 0.7278385428827093
4.306685536686877 8.081450308465328 5.825635109485736 1.59275699055228
0.6822057057117659 1.788951710702686 9.075321314795326 0.735190387004829
1.193047954445675 1.848141447009662 5.165115332699806 0.9910072084738325
9.497375948972509 2.444909980917608 3.177492139767045 0.7691059700737054
5.817149504934043 5.656434467342002 0.9654599124952212 1.549040000118998
2.972464971823454 2.05386188834727 5.681842459448201 0.9805798522850324
7.743602396898868 4.527189014544488 2.822634379873556 0.8471775330807919
7.46919877549066 2.786563850708297 6.718991406781249 1.108102808145144
4.880540567528855 7.828620858655081 0.2055088687937312 0.7294174496591358
5.447536174542858 2.317052227092445 4.509385627921733 1.181609129301929
5.44938087769938 6.197420472819759 5.255951208058177 1.460774838181486
8.23520692131185 5.237565697127093 8.341797040986933 1.23954403123052
6.461956026926129 2.94588761810572 1.691161891230608 1.190981457686755
1.779928372128754 5.660114397536055 0.4965224197192974 1.063882027527564
8.48900765007463 5.044903803573069 9.433068426048996 0.892372359686682
6.264967902550424 6.92431611066423 9.854529177467048 0.8166960541848567
5.500284137435063 0.7193004212246967 6.950697476330279 1.286262094522533
5.55832656341761 6.726607787062089 8.888966202411105 1.521399133828989
7.964980667714127 3.601981798250212 2.487459060002157 1.047998014931879
5.630512800758989 2.559584168760033 6.763619478916048 1.067150747821725
2.034482934227986 3.812433651547438 9.152945580637651 1.532887623755829
4.642577373383861 8.81056839508673 7.059796940782374 0.9346281219445183
5.994946880179436 6.888600933176495 7.699570588627366 0.7624332598859631
5.332546332992616 8.914538154972517 4.165188053211971 1.119522234663985
0.3229008934235345 9.134811764813778 4.243002085340325 0.7316166512962344
6.641967894174881 9.976502811388091 0.5767176306360866 0.8480945023105555
7.061998081482923 4.126829485896502 5.698344183010016 0.7543172511581473
8.971707387837844 2.334180910103312 9.48810129583363 0.9342838819645836
7.638328857105516 4.717095011286173 9.877455108263689 0.7413478742270977
6.346629701073219 2.531528207774252 2.612669474181612 0.7861003060917308
6.751666892970082 3.577425824522964 4.041675196480923 1.051078067088698
3.215135836314504 0.09885394166810113 0.6938330004100934 1.050429795120435
6.427876170187863 7.904848502924121 1.247384723578229 0.8528970341704097
0.6397692685117928 8.787851481018395 3.498615993551011 0.727599291487497
0.2013042163698175 7.109465314652216 9.427346288098931 0.8218611433410942
0.7801617246872206 5.224464677674622 9.088447015989605 0.7648262650195348
0.9326482754020471 5.63651168934611 3.514526572759639 0.7560065400380757
6.402632896526574 6.104143805078057 3.430648810761753 0.8890482176767717
1.358489108389972 5.370603710065598 2.063691095432672 0.8213026097818307
0.4661643085542844 0.7078522444662827 4.301761274866813 0.9002064824273718
6.025923086111304 4.47711606598669 3.894429915860584 1.205418444758996
5.018435931456518 9.853157395724798 8.909730169385456 1.114036530385458
7.773483381480333 3.693448193537398 4.469800944484387 0.9752457320415531
1.91907927533525 3.579837321368872 5.111575452008405 1.070145915166113
7.225710131422133 0.2494868172903153 9.658052442553341 1.158152261555134
4.29458339180857 2.431386678646357 4.58288923899593 0.8229565540196585
4.59673777421037 1.812480480543905 1.028519092854484 1.184125113435323
5.833250908038243 8.487824697205212 3.211238842396447 0.998628423797383
2.893827149841997 1.257480328107524 5.067031045308274 0.9815839373570382
2.063456380657689 6.41294219673927 1.998072024731564 0.9757957617909876
2.474751942994973 8.29254965827111 1.121453866317402 0.8036497933269376
0.3724815975108664 0.77310262779826 6.243475828722856 1.563758514642285
1.699830828656136 1.666429020612026 8.914239413714791 1.246936732819803
2.373374989619632 5.139427824641002 5.311756592646931 0.8090625011373205
3.520662932779495 5.230395521321851 5.72384348101799 1.47844704413201
3.60099184678813 7.236901152397771 9.316021787719183 0.9620881417477745
9.38200668499239 0.6284780560358039 0.7188616303211814 0.7725175505996412
8.895783523429284 2.874286649472003 4.104713229794657 1.477801094507726
9.091399138010123 5.283281631235584 5.291603327955262 0.9770565654186236
2.888227292384707 2.691363884495279 6.458185490948072 0.9937184415250216
7.154639099218045 8.024765124639698 7.015333486799304 1.116940153273522
4.055791702846079 9.459626891510274 7.405206272575524 0.790169873935595
3.445084434918611 3.774376793073881 9.435356702617291 0.9654326999501375
8.999067394636118 6.263537915387432 0.6999261284639036 0.7981667233707201
4.31831227631993 7.956757687963147 0.9252271408258372 0.9312895447569302
0.4459890799772814 8.785030126391119 8.517925250315033 0.9805772602009715
3.716997045504725 1.512016552826618 5.593536937934581 0.7919174397796385
2.851022673258639 7.794811550341613 5.946391778046938 1.327492781659691
9.778915847771877 1.490961450959861 2.649329374936072 1.207189637806416
4.877259147057377 9.6710138695093 7.314581629736065 0.7861246145616212
7.045923439313571 9.258228783638202 4.544666167522402 0.8681468287265083
7.86395432734449 1.863194653012915 6.187486114727328 1.073923679339753
9.452399576192894 4.416550676525766 3.054780614106257 0.743547877194399
3.050165151757829 3.386864157127698 8.25296924982737 1.2606386033186
2.043823313944304 3.491260821788862 1.117921180681554 1.189392412887892
2.646958792866333 5.675891430063023 3.197093047883561 0.7276894296561461
1.081607287121861 1.806248599274307 0.3310789497870448 0.8412008200947251
3.218884510771522 3.357456659025293 1.236158438567043 1.090125612311918
5.017729149028989 1.273727776913139 0.096334180036447 1.071595279821218
5.095162972345921 8.618203452916692 1.026461097824819 0.7543489440361395
4.709339463263928 1.628710695475072 5.207034174624722 1.204296961680214
0.5821867368864586 3.397979364038972 2.58506443764893 1.196438788480607
2.218262238765261 4.807539625690133 0.2383194676852951 0.7413884145875796
4.110548914216498 7.993672979812207 3.104456582987081 1.105530508506359
2.703755825399016 2.626717307706282 0.6490248476833205 0.8139926158352033
7.60261563930593 0.57142295834544 2.37114411692434 1.286442795320803
4.217109446316679 6.733000174687878 3.09857430395253 1.136958371502222
7.005439242052001 4.07660693239662 7.819227224060208 0.8475344522782596
2.931642375272813 6.756645779039571 4.327232045889532 0.8040199323618582
6.328513460166376 2.857078001036866 0.4130696130253508 0.9362389971940053
8.507149336453866 4.020272985984351 8.644732076885363 1.262370777341983
1.142551293147402 6.227366858502785 2.648722146154085 1.238158863235867
3.709871577396356 6.765689191621994 5.984777447212934 1.166955748213592
0.9730289508274703 3.55953074514501 1.307772411331529 0.8153313755394607
3.849330400317503 3.792486932935579 7.286128214069924 1.011984178227589
7.299491438231382 5.991978105704051 3.437223940420403 0.7252692577535746
7.305117036030557 2.692755230791561 2.513350654477928 1.072328572606235
2.728217329209741 7.05418392692171 2.462185471429352 0.8055029788373667
6.186281222874325 0.9476583858480181 6.111882164944471 0.827589633881302
4.667494205005271 8.347157542403327 4.719085322811725 0.7436177975254485
0.1428604126327493 1.440567674990828 1.637224811043642 0.8402475375119268
6.524736403668382 1.876414851264986 4.219337902596523 1.095249092580208
4.430549584885141 6.938023791127637 5.145627823614594 0.9575295544092312
6.445577864271735 1.160750323393306 6.910935810967636 0.7668720378763599
9.618125359755954 5.997555375200951 4.699083715097491 1.073921440338111
9.176636369482829 2.006137446711717 7.974924887519961 0.7839381135472558
4.793730189837103 9.412958486014778 0.8577165639105988 0.8025494360579313
3.397020559912417 7.258251080996853 5.013212423347717 1.048589563173227
3.636121692691836 1.992787472827694 6.469899013626324 0.8741999861527495
9.778074554352086 9.74008234810559 0.2688126908224775 1.235534263083973
4.923300192867327 8.622558275194882 3.310544864392111 0.8206801351159054
9.695200463618457 9.920260619864401 4.486431009807719 1.082008697390615
5.32515494142746 0.7175023944790027 3.509531572269895 0.9848738214420668
1.349995180155107 0.3390699335047509 4.289046794856308 0.9796761399100026
3.10195495697832 1.845360070086388 7.377948224876464 0.9520010220796018
1.597913887059379 3.997110159042524 4.117344641119958 0.9062186322999816
8.577668461357725 9.920439978851562 1.964825539849935 1.094721885012605
4.963745020666413 7.427571392263617 1.039569762630851 0.7271317340298707
7.437465768512657 1.829263375604783 8.79272557722987 0.9457470292571145
5.003194129722737 5.05050040338453 2.584376263185812 0.8770093560928174
6.014074134437641 6.924577148826942 4.163054717564116 1.326290767059858
4.971269858897788 5.47047969472574 6.320105754609933 1.17552196517963
1.560733259714179 6.989022578920117 7.707264089715594 1.578204474879902
7.474730761457693 2.441916136366545 1.425295797723446 1.070682007274057
2.25201236620997 1.910044472906818 5.004531470526477 0.723852151835187
5.04530403215889 9.984375113576265 4.253382919539392 1.068700089120083
3.010566898012925 0.3808619454387141 9.741333825961673 0.9448255796897654
3.606119625575805 0.3192878345682404 7.026602962520709 0.770780462301367
8.43404722539667 4.71101479237884 5.879257013751117 0.8504305472534744
1.486734396454484 9.049711487699192 1.86736419009129 0.8430125027143107
9.951864589619809 1.993815986199073 5.819055370879138 1.057658426855298
2.496453142392356 4.34411263623261 4.052229236567039 0.7916269053840153
0.4392538060830131 7.381011159231569 2.80900734266946 0.7319688987836172
4.193551958965043 7.851959426832791 9.01055978901169 0.8126164653748621
3.497118252210833 1.240664096761538 6.870333384509921 0.7539719714444831
4.564233969323994 2.082952794331619 9.476941097004129 0.9339900713072958
9.861244809074135 4.258861884485115 5.917799224865402 1.548586991575003
6.52761838149509 5.366870830087107 5.549973851121936 1.114635037764307
9.548424527368716 6.935040423883988 8.45891584274472 1.348243898373754
8.139531884005434 3.201269833150409 1.26242065392555 0.8847880849252212
0.9459403697151314 5.50558666671979 6.374137327243566 0.9336068880131219
8.623253524416489 0.2500032167578792 6.292955638471989 0.9761009935734797
1.578391961221008 8.597049361793623 4.022692199582337 0.7498462119268342
6.409760040782952 3.414559505180887 6.278166607265951 1.37750941542108
6.183335516245871 3.722731387969572 9.062178079955844 0.7394416425671811
2.47859874938242 2.571816756038507 1.643160065424305 1.052290762944465
3.489996979308127 1.000971787302412 2.63381541029499 0.7530820124670559
9.853040752424789 8.751984842568227 0.7609149978694618 0.8910282423952184
7.78020113603455 9.703917851067743 4.370240234970449 0.843376222536567
0.2622557520802593 0.4280762668257321 5.074546791167579 0.7343112815241594
5.337395577661249 9.157822464532375 2.754951946707581 0.8453254661152017
9.993346158989134 5.453008088074132 6.234193966784917 0.8363180637755095
4.776301667847303 2.602000141441655 3.738311784520609 0.8608920618285363
5.599801445568256 3.000404371359908 7.67714327118785 0.8331327632416587
0.1772913229060102 2.973321521061873 3.675862716045112 1.179780196267004
8.189977134062907 8.354256298338381 7.443659301736121 1.054697891077949
8.63995920726658 8.209673480429709 9.762529782572861 1.102347150267768
3.15991991957997 8.396660644900617 9.124521258484608 1.494680201713309
2.476785500755788 4.723568377568772 6.030581473489662 0.7798105034075677
4.740794598279582 8.107036268586558 4.001437712788446 0.7500825678065898
3.60433305844977 2.31666736987389 8.265030494337228 1.053521247484061
6.926955486977008 1.606632572250642 2.943596230372334 1.17528936653888
2.44102767579522 6.361091391952065 5.422125950741259 1.552834645877598
6.149838100486437 6.889897890619432 3.100693993131064 0.7688886539818544
3.599243877374176 7.561939403602563 6.699545439546473 0.7980869011965287
5.753055662523197 4.283902786692397 6.492812306690361 0.8028347128755202
6.750107358414509 9.187655863927819 0.9822108383204675 0.724401386350526
6.290133277739597 8.486196800572666 9.73788500818768 0.9125729281651516
6.550118240419955 0.5141606639943219 5.248689286155425 0.9700929618020501
1.986995495469802 3.40306587948332 8.026726732783274 0.7732757672494401
3.187492247151815 0.1125110200752222 2.302624084782161 1.190967015076114
0.6971929951912825 6.73950446198144 8.638644449457022 0.9344808501078626
2.512909015774957 0.1956401100465344 4.996885143689093 1.174785750643389
0.3134505650002495 3.053406878257818 8.618697608533781 0.8006660108007295
5.93036165650057 7.255914976298909 6.943058083529539 0.8802353827031272
0.04565152290823882 5.712861724787786 3.083171920674628 1.083531078357575
3.165245130588835 3.204755896938706 3.66353167340545 0.7331831614705393
2.880395915634623 5.558678400320175 0.3920773327637295 1.107768951131882
9.411650552173315 0.5374867052563448 3.551275518701299 1.19315867330243
4.544568661166417 4.727313860055562 5.844680928749186 0.7245592018995692
1.561895914248593 9.847824558409933 1.756779231430295 0.7229142886485735
4.340848887594978 7.381666060220979 3.831410819888435 0.7865798435042983
7.463142371576832 5.315577952145082 9.104993881114968 0.8351228907788759
1.519495296649296 9.698295038627061 8.057728013636428 0.8668262830212971
5.980756548852904 0.6500085493584085 0.926834953985427 1.09520900977044
3.915027417250146 1.478597396286797 3.109688600067523 0.8122803433668208
3.154793773673144 9.30280825347112 1.482032041008906 1.03080030312919
4.154324336140077 8.478837281824212 7.678038892790583 0.7409363101783839
7.092734746447618 5.225882305462046 0.9143222139858509 0.9122162238520273
0.979601126619567 0.9712942933784685 8.639458492111819 0.7860774085627913
3.300501615181981 2.52029239193783 2.09879656179654 0.7445868576855231
6.210132465848133 6.097127203280802 6.624353787461112 1.510052336812519
7.125701339058201 7.845191312735618 1.845580608166536 0.8941754503282583
8.758408496014727 3.360114270372183 1.872668045463104 0.7879986268614732
0.2982582208531348 1.408547770147953 5.009712280609976 0.9309469556473019
3.38257396432398 8.04861915621494 1.876122093906024 1.559922275663868
7.30301568666255 7.030951846081668 2.805466094254636 1.48903130527188
2.577668941326227 2.39356318797746 8.087223739389652 0.9307824145403871
3.179044542496487 4.714793914675139 1.832125788505953 0.7364422149758302
7.320554448573907 7.70371414409837 4.176509835553993 1.5121122686704
5.455742835205238 8.862930250826038 8.518763373606859 1.046279299056224
4.134219552239792 9.180177691419081 2.564498807930119 1.417052010026297
5.403686542089762 3.047725162808588 9.514637176627106 1.474604578497484
9.982239812797641 7.990405213086757 3.427751767115649 1.188869814454569
6.710668741949366 0.4335336971484272 8.770241726417799 0.8732144852662431
5.608379839602339 3.576252706058474 8.402073725311432 0.8754053491913959
3.701191177650061 1.713832900236539 4.714896445217693 0.9656604417057658
2.093592990387723 1.885817576200227 2.456722081416373 1.115839559149585
9.561948989072514 6.842980235547019 1.39904859144442 1.279949513279151
9.70068541199997 4.056304859584352 7.137844366870402 0.9041444582251104
3.325728645190935 3.847385371877237 2.548327028428113 1.466357930585349
6.875642706443097 2.836738174044899 9.266557467694891 1.432519206365046
9.165670353520696 1.268738180613092 8.972955896192428 1.406000016706158
5.027130416313914 6.864711204988065 2.257192685256869 0.9585064176715173
6.603381870955321 9.440474461575809 9.597138309475383 0.8524406507005602
3.956890290514353 8.961689522735432 4.039863536584678 1.50807792444559
8.836881925446654 6.729983816356294 5.110262219691746 1.112229180587471
4.845189373090496 0.9891964457029534 1.816305270623528 0.8946698708647742
8.136196535875806 4.712648424889121 0.5340597918290968 0.8649147606657331
1.330093302645816 8.947979264101406 4.801605810198581 0.9049891944578738
2.324691685855674 4.24464299335949 7.950760759979876 1.019562585637443
5.059615519721327 4.060159071731734 8.834673415565119 0.7568616890543772
2.2941787840832 6.485886654340343 2.840717702434127 0.7499457902593073
7.600124782399071 3.060103684638393 8.009304919299176 1.449010487455083
1.481166953339423 3.827670298254944 2.01949687416874 0.8835518409941585
1.181853196756599 2.724606864878937 0.7606421655490692 1.105123938737155
9.466098811494943 6.837543105248152 0.3330365830388038 0.8206064301459388
0.1666273132535401 8.605498579129769 9.924474251566338 0.7781811320614939
4.182404132318789 3.766098819264061 5.314955432350197 1.543019287203742
1.778132518080473 2.738096661420618 8.562836026489967 0.8851756580147382
5.179443163412537 3.349132206790343 6.105692681276685 1.05880258630013
8.656214030816773 6.140895484800779 6.879536832016302 1.026219896712881
8.906738381860114 9.559751434122743 4.96302817837924 0.8145893653277553
3.537028662826654 5.476234153282542 1.51286607077228 0.9580173172808332
1.359658431694591 1.831978034702079 1.30785318927724 0.747872122470076
9.033085010900725 5.206774098302003 3.781169770148282 1.511336075489067
2.666433687310376 1.816218219334433 0.5243739496503019 0.8029960004022965
0.3296714990536065 5.535548207109202 6.987165626949846 0.7495875741376934
9.106653974207255 9.112208287517596 0.8786012886681671 0.7365417832970123
7.321782238401886 3.737317918524835 7.027812061238194 0.8230220574959595
4.135723433548721 7.701792259179818 4.658697166718545 0.7840678049915629
4.428226443879079 0.3595357347942441 7.176627078514522 0.7719885188723705
8.083887501703559 3.840709544157443 0.4688244592329494 0.848667008570777
0.4639134706383075 7.94897203892925 5.918290652837026 0.9739513877832734
5.230713377065953 5.906636779776973 2.038773829840304 0.8618995472565252
7.385710369328056 1.647399245323901 7.437671968100488 1.524373085822068
0.5825802201075347 8.332775622796436 1.331048129155233 0.7926265731691485
6.35404001886914 7.94051769552481 5.698515950727431 0.9959492446637794
9.404043227746222 4.89968452552128 8.87162131413921 1.231122502949862
5.842996486896128 1.006392191463933 2.685910334700463 0.915379478171115
6.536012468491608 2.489257651914355 5.106909390112099 1.012271870514167
9.877051578136571 9.38744679818333 2.339119397813555 0.8014994792954745
9.71695841774055 6.197685341270384 6.818332562544063 1.043072424494215
0.3603846223844831 6.225383254088118 7.724835833648793 1.120253474986467
1.550143577695426 8.306487653702932 1.285958122326589 0.9999662262910349
1.597820740519911 9.198464128398086 9.806427056725477 0.8816226806404738
6.528907482571201 1.121891487186383 1.965650346110658 1.034864684608819
7.425527051517703 2.606358583915382 5.599091780028211 0.9488432822098399
6.351351484569742 2.796787815529689 4.278691166572487 0.7297231385058163
2.705639214589088 2.669485893351249 3.967619002954819 0.7746670017985648
4.532528405302294 8.719042394535425 0.4407515321678268 0.8360363083885772
7.916155763789259 5.128223968998769 6.446271012657704 0.8353989786042179
0.7682037154435206 6.358453201978438 6.768883593375203 0.9375584529712583
6.51019276627976 2.78456330707465 7.376648083811607 1.081473655826821
0.6603525667653409 9.423334446824315 3.100653028757806 0.7402156010567456
7.697817432677492 8.786210746996305 3.951329603334426 0.7649207536890633
4.041299755437736 7.992631024377854 9.9124811514285 0.8696608347573574
5.700183300897405 0.7064876031692713 8.342996746646591 1.203629170181501
0.6871322218269038 2.062582653816506 1.862750419111594 0.7458353049826723
0.1124333542417955 1.267415666836199 7.781725375944156 1.588765269014127
3.708581316421389 1.382308005535706 0.07724659174630055 1.511205914733383
7.909153344246891 4.223092331947792 6.369473464932855 0.818359089539647
0.6405950818690809 3.673819506716254 8.013015723756924 0.7975101123884225
6.447268534921758 9.794017304356538 1.943733341423954 1.570617894994357
5.949415786731725 1.745652838485174 7.674253565429033 1.278718038151857
1.052148408966139 7.742938245765135 0.567091032712238 0.7821047155068745
6.699998167927653 3.924639823607393 1.499452073810685 0.7952420056446655
4.648475560198337 1.053586059056628 8.952765479725736 1.277351936739085
4.860598475434371 2.25503843714972 8.319574094405851 1.381252799538447
2.725405068767576 1.778186273972709 4.191479435394723 1.033552191261029
4.67588828153666 7.329212124963966 9.516692442421027 0.8993235067609772
5.667349522938583 0.728652230161656 1.849547800870426 0.7934666528275764
0.1565654593421217 5.137392635166862 9.787377596447566 1.063670566662144
8.856469031215727 4.138888164093022 4.838894713887714 1.347325179844025
5.07418641402982 7.489903705440031 4.573892203446534 0.9708820537152186
4.391319765527286 6.091960390774992 5.763076404303416 0.7611751291830433
7.486779680593474 3.659699478560048 9.889797846369936 0.8156590090991165
6.333345259979833 5.942945484569806 8.005162942282178 1.232806807909721
4.902660477822465 8.434650738853183 9.437448523574474 1.167231200213045
2.272303024639797 9.421552916924608 8.343318426239328 0.7793312705104527
2.76872912351942 0.979889478440098 0.7163719783086619 0.8560238958480797
8.815360353245367 5.978324581535539 9.041800051778578 1.069568060413389
9.890210911039281 1.738341814953571 3.932448085390102 1.290254151310502
3.861956561882255 4.213856645979552 6.480802232843144 0.7331021464905731
1.548657108457411 6.702903817978656 8.896880462274067 0.7979028591398969
9.230723122053808 3.327934111277466 6.600936805075649 0.9988616465016605
8.916020333298086 9.595886240979352 7.083643555968238 1.03609857256803
8.093234629311993 7.155044760755806 9.100572930447713 1.463473824532554
8.145445700033052 4.134386377634741 9.638924006555138 0.7504344654119629
5.285750080424813 8.066956168331798 6.995372455287205 0.9991490276476895
2.283330954554425 8.982519743629679 5.379573117797778 1.205574306741317
2.587270037715067 7.712820900373423 8.090069906948038 0.891293632877571
0.6178288461125303 9.818996094230824 4.541592093572865 0.737546852215075
5.404239492324567 5.633207479735269 8.51233608480908 0.7335036177328765
9.218803896045104 4.279646281635186 0.1158733203451834 1.507969254710896
2.259586948800588 3.35030129929067 2.239442968211738 0.8968283538730956
5.045066659114504 4.514473131093617 5.024952027727258 0.7364530771456047
5.87825628007459 1.743308899069266 9.130216719624 1.346942119362167
0.9913522875319536 3.342825634993725 4.515892415501552 0.9469774655582097
2.100590277107174 8.211669404824651 0.09554640403970027 1.299382886379051
6.265968615134205 7.874696091191788 4.731271532279421 0.8549367865945127
2.240078601130594 0.05297127091272502 3.81726192516922 1.083583593841682
8.67732240998116 3.272945293329999 9.400887873457329 0.8245167997608314
2.243899516152517 8.529295998066779 1.949543185739807 0.8797569009364139
3.135812388628722 7.510026103625089 7.403865238940309 0.8085675944926873
7.0744339114808 8.656929164689524 9.346117328806223 0.7635225780675998
2.433489591564999 1.511901544464151 1.430957753287576 0.99758573535825
4.099194282664594 7.671985950470542 7.840131629641534 0.774742823456825
1.00179095331178 2.445581189858891 4.096584172828778 0.8517682769273432
1.398757625103292 5.894895284514298 5.018185920940148 0.7629214544314302
5.650881183611897 7.25399077532339 1.548895861683417 0.9128071583702152
6.573324523926598 1.905652803102492 9.989283466021147 0.8189344608312216
5.385771917009108 4.207244626404165 2.951197256512978 0.9333055450605684
7.814058735717625 7.197228403424509 1.671685082208906 0.9445360218273972
1.03747626305395 0.9030316845576202 4.95334865384892 0.8301273701836012
4.736900207981845 5.68734355471458 3.887045014533767 0.7830087287496049
2.689003390848284 7.556328112021349 0.7053216112195171 0.7985985870322532
2.096825323015907 1.565822229329701 7.819954155088328 0.8792800685436155
5.619575194482272 2.498467151447567 5.633653352669379 1.040816449976617
2.781323664542636 4.995591836103871 2.604970045538523 1.037836962843774
0.5321286395920977 1.957662826155404 1.025176378091354 0.8747832485346043
9.126644386292224 6.082998651549041 5.979837676272955 0.9327720512777096
2.410435578457753 1.223198114649994 9.788174883562856 1.083588764628036
3.253832180168026 0.7499996502854067 6.07236163837003 1.133701207207296
7.369302595187551 1.581843782271778 3.910502293193978 0.7644214107201728
5.619388251859189 4.960025615527608 7.216748230662454 1.15603348102881
8.595731437640467 8.202434957552329 3.421361116273829 1.547625606661488
1.835367773208049 6.376267268888436 3.92960031201464 1.559065200413683
4.468605077069227 3.95336025262342 9.556671597111603 1.059165413644531
9.118795399161966 1.492233380369357 1.865692657343324 0.7772781842028336
6.043496973831717 9.420084461779803 5.038158447271861 1.280694432459258
6.607854412481637 5.134305761296281 9.807342807539074 1.354118101513684
1.503117301552185 8.430765850312795 8.104201640698337 1.357404803525027
1.922358406712649 9.327664931625895 0.939462342185613 1.215235806474942
4.808926910497729 1.197803680899944 7.756841028843551 0.9755534127932179
6.727049952396555 0.995408530592643 4.51850458925648 0.7691395352022335
4.178339336463732 4.912932041490944 4.668751835590489 1.011258178925903
1.184544236237997 3.646616332197853 5.955531540115118 1.024219501085028
0.100615332312094 7.961315238608141 9.058830276612841 1.006843768683994
4.057159486457087 5.909637069210523 6.44103545289656 0.7320137373050196
9.155801429124528 2.983850179996169 9.998250544716264 0.731271950496323
8.598211985476214 9.234226525009115 0.2485360238033041 0.7376696353795804
5.293054550576751 5.469809361682073 9.632869460459768 1.259086648813431
9.641104419670198 6.402870229601273 9.520742292558026 0.9577994582088197
6.441586658606793 5.72077890912152 4.416153751766436 1.183318886785844
2.330919854193181 8.016972702066553 3.606397913185649 0.7673860109737348
4.322717946012788 5.962636454029743 0.6929419862896824 1.469933205338332
2.612805645874755 5.675695929170539 7.638516135596496 1.589488523287307
6.186172317114385 6.437060062003792 2.120804102526645 1.277136217349688
3.812767272916944 0.9775803418073326 7.590437232015523 0.8582603523805227
5.992377010293902 1.359979267049249 0.2411391474352031 0.7792147204522656
1.331703182413408 5.8211947926946 8.483882822321082 1.145600180457899
8.32697063086246 0.8699475709545079 3.63863381560076 0.817165969177833
5.457794548108551 8.212760970687524 5.162992541145715 1.012059181695798
1.565279435492656 5.320693763029237 5.638357325354601 0.8968223894239973
8.375786732077245 2.851142255031871 2.994429438030395 0.8452399621700353
2.005469246625357 8.506457144150941 6.24143323730013 0.7707630975882408
6.928291134356208 6.68234816293142 5.345616589335767 1.562380030197048
3.102569463306655 1.661280630508667 2.118958047420075 0.8777110640250114
9.492736867887732 2.453002535285941 6.488284926216211 0.7525131835375877
5.411358251609316 1.609185841182245 6.101181248474155 0.9606582623953237
4.406632912742985 5.740584507914477 8.461238229690489 1.190428701323951
4.910748913754817 8.079772078293113 2.046100216759848 1.339215647511215
4.108523895942439 9.255240395276378 8.98818630615542 1.010061834058654
6.244424669572902 8.501459551220126 0.6785896997693441 0.7925940284289845
9.269664816456647 5.338478918889527 2.445521859491008 0.8156464933053393
6.061737818882904 6.137658951492979 9.805096416116786 0.7668826299288011
9.653916177897569 3.856312450487248 8.263629609250147 0.975724768417591
3.903665626585874 0.344074235011772 4.919537782626309 1.580790217550539
2.277175384806212 2.743681412616807 4.786436190347869 0.8023017840004539
1.854588461549988 9.597081124631694 4.581352899036698 0.7598540690672038
9.00208640233901 2.86170668079551 8.514713517994094 1.188165506260684
8.777539202943849 8.6465475222056 6.64177435562548 0.7641599752000576
4.627260045567246 5.199817467153066 1.689282098717885 0.9483703707002299
5.914353196434832 0.4335999335535667 9.639818909662312 1.398423747541641
9.017759274947888 7.83360840973371 7.008354490930766 1.046331226483096
3.081712533300115 2.334922913606075 4.825313928178453 0.7333031780050655
0.5116428376939886 4.38234747586228 3.595409980293647 1.580502631158882
3.351799562311834 7.335906205677949 2.941868434478385 0.7787999662148585
6.904543098463352 5.622341014929678 1.868358670345117 0.855166255050963
1.442758297577703 2.667739242154069 4.862700783020985 0.7864520889203556
3.847083872664563 2.848772338858558 2.848376205246691 0.7631182380937249
8.482797334894622 1.244713769531726 6.741008863312482 0.9487559062448625
5.69363506209886 1.911930483004842 3.332960042451341 1.259449572858095
9.572316040582768 8.142237411535946 7.990648833334331 1.18988057685856
7.571075598685513 7.96117965950544 9.969332284574984 1.082747784770521
4.149935194605563 5.075492258645429 3.666262087806886 0.9176222404788665
0.134406713731251 5.844594089260235 8.74623105746673 1.07320879216701
2.024059051498817 7.746242619426556 4.725763390426743 1.556584486220253
5.281493506801761 0.4276259314568476 5.603027467876782 1.423253298768348
0.8983274632538651 2.331791198727684 8.325086058866612 1.077534100886539
9.146367351845626 0.1728105617526809 8.125830365220244 1.280451451326057
7.073837033178513 8.418824920737867 8.594073240497812 0.7224614932738894
7.526066929665525 8.769449690932419 1.723653996293092 0.8824079177016648
6.115253579755154 3.806006813417421 7.558036921299771 1.05213976834111
6.948705881193513 6.134587798322267 1.153643656117264 0.8707222330620331
7.626237772457094 5.542109161744464 4.22958208093625 1.142308525077548
