6.569455611947479 2.431829060555247 3.811229471355446 0.8878330077924951
7.479808604710791 3.868360119552915 2.503704639289549 0.7727862603544938
4.794502275370456 0.3474191259903359 3.296105329492357 0.7821617212110533
2.944106272108251 9.884640735929969 6.887781285873389 0.7627135394419512
5.444195280667921 6.196954141599265 5.442488982542487 0.7552071825527316
4.534699874217923 9.996302316846073 5.494936225440251 0.7429799797727938
4.336630680052338 7.873633055125728 3.021925409357053 1.195011656195915
0.5057054077487522 3.371613968447245 8.434381439354137 0.9034544737380958
0.1030175475112505 2.642723943494568 9.045865623894304 1.008699636305172
6.564401270255014 7.763406095248078 4.324220071711591 0.799787348782764
3.626844839160859 7.046022054160582 7.562054421657801 0.9933088451222568
2.784452977443743 4.181541634895982 5.402960631660863 1.235160980763776
2.516741795096143 2.439985735323043 3.656205767359638 0.8945981593546123
8.48004939016036 7.227794944453689 6.947488618290305 0.8316772100129449
1.819292424841484 6.501259414167141 7.873104324701092 1.321362070353733
8.734821394476665 3.651220848805068 3.760593168273866 1.299049032806434
4.941974346541541 4.873828810225151 3.007799256185502 0.8984979060033899
2.168993311764669 5.992838336058903 2.489422995115655 0.8238663705237914
2.623164702295593 4.684275483673121 8.809669634947769 1.27174531720399
1.781785960305603 5.571436083900706 0.1653911252633156 0.8589779996600143
8.70428852312263 3.66772925085433 7.923055459519537 0.777575123455066
4.752875480480492 7.518203730222741 1.191608136144484 1.393676120865322
7.574962265672667 3.14914283113698 7.127449025433957 0.8754332548221528
9.940862272750007 1.069500611945768 5.629988063250559 0.7272283520019508
3.405168497243561 6.151050613057354 9.632008754359189 0.7561812687175171
8.908927326560539 6.947259292698051 2.193890228929781 0.9036420234838989
9.314274562843954 0.3316130711303633 3.385803129593125 1.532269651501292
8.530689103737325 9.908228442493783 4.564460448354134 1.224860616408034
0.1230138752112997 3.814865928629681 4.300157004668348 1.542563851743743
1.383032018207349 4.765337064345918 0.1709385433041399 0.9050256440593368
9.527558191538679 6.910943626319003 2.911873662176197 0.9531860417895839
5.665223179504079 5.698960047292092 1.744465627717525 0.7203548040683982
6.168561679111885 4.950461145164263 1.45795849268066 0.9414823005259991
6.611047435014332 0.2635954849791389 3.342854361628345 1.223236791055992
5.187925522999567 8.57854636883844 4.865621134364599 1.287781654964013
6.570743089649513 7.095923895933742 9.483498232637777 0.9126498940110034
0.4610737649095786 3.397270234904507 1.028055406715982 1.03605854630614
6.290710040080675 3.347499036574328 6.230897193704839 1.012809371653661
9.84151854866437 8.054854182145029 5.427112874245806 1.110676807946624
8.942071777342827 9.320576789165518 1.779543277186797 0.836233061375708
1.511303197729817 9.150391547414053 7.727611112796321 0.8040896661712614
2.978712753022439 9.024271470471822 4.67132948348974 1.561796674704581
4.268660243100252 3.173301034679026 3.305736542961259 1.105543786612105
5.577008944731642 5.944784551626401 3.135187122771901 0.7301636818168147
5.245999933971601 5.907117554970454 0.08475813733080928 0.9990493898340405
8.061030767322205 7.75280241659878 2.69498654337276 1.561314560301773
2.898154527917019 7.445451214548128 2.671611572517561 1.50284166082061
9.319134217711166 6.849337623991139 1.385265208917086 0.7655438258153044
9.300311633187434 8.533654276078714 8.649644882245253 1.239924765733692
9.652645894081225 5.746434709169868 5.768931137562008 1.022640766779923
6.778445805790903 2.427665222207695 5.691313982593027 1.20235906955831
6.730752599861667 5.368525249493739 8.89026801504327 0.9845834595327234
0.9192886838941983 6.879696373513963 9.597407276594415 0.9180743182754334
6.307736901928774 1.405149637251998 3.591625119774851 1.137589220676478
3.626956312201837 4.07669795034032 4.736749079549975 0.8248171103223896
2.597515102083605 8.601519384639628 2.169014525151833 0.8873470496659124
0.7314978877246214 7.486588846191697 1.125323413644003 0.8122014215077431
6.552343391085964 3.200645176762791 4.141082510276431 0.7254606905759855
8.374513742441733 9.486198282693531 3.554085066649113 0.8319086176529079
0.2965883476735387 0.6225169645785555 2.561717388743184 0.9288192454028071
4.213481071610437 5.95429722859585 8.230774856961835 0.7289823295599268
7.860919696990496 3.872345698535065 1.817471706991981 0.7686921316331778
7.472217064571858 6.676531112242336 3.158906349051021 0.9442523278243999
0.7741843050140707 3.397105598798891 6.699157801666102 1.086622480064267
3.956594529798754 7.589974832705536 0.1450231675074543 1.044024873519977
1.896441063181885 6.881995081236426 9.120886514286186 0.7588943624449441
9.749663660091016 6.052541647938807 4.551819852540747 1.224440278448307
4.027766690820575 5.51550727584181 1.655847832119912 0.7966444059420065
6.123935503201408 7.590329257328568 8.833931453294309 0.7235804014484796
1.963568083749657 8.652900907586773 3.705699906782557 1.216503522246162
0.7694341283137329 8.219576133954801 4.919818043812667 0.9014022253522136
6.761198791774849 5.193319218374727 5.457759239718657 1.468188979800916
7.995380351919878 4.148819139802097 3.060185249959396 0.7215047402957221
8.154027114623201 8.223433119108719 9.308081133902409 1.361641286314333
4.242916542820145 9.11288836394565 4.452931113066336 0.80450030150216
4.769324161437885 7.169409816310149 7.058812691224419 0.9164224028398649
0.7519072632963375 4.293972733327945 9.507306856107361 1.121872979563932
8.180105459070139 0.6380808022407169 1.826126365593699 0.9004928695333321
8.225489207730659 1.055525661234945 8.014371549554852 1.040536038482953
5.286047175285986 8.587323524676846 9.498854425055677 0.8083181011811827
2.187951154191665 5.70116002662329 1.489713522416978 1.160052452306078
3.371030426259216 3.552336986775548 8.687603056188664 1.057292680930616
3.433174170480219 0.2570716068725709 0.2708772546937432 0.7632350850386483
4.317243692367183 4.978020706551889 9.567681172003198 1.016725632012467
2.831118453107374 3.484188805081364 2.084883491583951 1.125416772045297
4.435539056410225 8.448945508091448 0.4715826363626507 0.9447357894589954
0.8860938733479662 0.7056047896200013 8.00301565539008 0.8328998904276945
7.043025846476952 0.7494245531483612 6.440953107670031 0.8805664617181078
4.041334008108612 3.352861813771018 6.23075109470271 0.7760011450608153
9.10832435104914 5.608934545614749 3.888374754468915 0.7852553420843028
6.914041043419138 7.356321868608466 8.694403085921515 0.7706114784907632
1.282489007938445 6.019150874470942 2.113343690251746 0.7351371430128293
5.218615342248085 3.187032256443151 6.325894163322686 0.8970951130177873
1.819707308504956 2.262049104037873 0.2687057800554093 0.9727465910929224
4.83648166965697 0.8662602963630994 8.923416267478817 1.190974951969609
0.1339727500220833 9.665796666548539 2.672021019343595 0.8783293646753652
2.402946137583127 8.518913179657217 8.280651660732444 1.378679653668817
4.926127354805715 3.28500909139933 2.621751681596349 0.7459865429883322
9.203906370996336 1.300457308134713 5.470974197657175 0.7689046965468094
9.684520245497337 2.218339706036012 7.361948666283347 0.9138278593926458
1.771676506800198 5.359328380437203 7.408652602272441 1.079303088000077
5.550059980259083 1.716250486713954 8.933008144232485 0.9581917325347308
7.778667030931386 4.814018660645321 2.038401704075673 1.138574087091699
6.359245815842745 3.153063142128436 1.385398450496469 0.8496069328814697
8.299338717511938 0.6386649397110733 7.177429490293397 0.794522430218339
8.333887870698579 5.587775917439384 2.452667018200324 0.7804240239292739
3.210434501238487 3.433601927668505 7.743735844746413 0.7675796263064353
4.321425552253847 2.290121927005116 9.085614751965549 1.590228584127722
4.664998697262368 5.830594365533084 3.770293843735667 1.446928289806685
8.574874457182338 5.883676246598197 9.75175978067843 1.518609793990511
1.642267730669176 6.457380097604259 9.795460492314694 0.7733975369907501
2.755171736495658 2.708822400290608 7.367991270919119 0.7582601604643635
9.026931342555439 2.323779705331022 0.7562683060207676 0.8540945767586122
8.844187594270686 2.228521170614688 5.313412695544123 1.097567859909968
1.785504759232894 8.86754614643999 2.162180367792374 0.7236645908329558
5.697731918435666 5.450878162328665 5.889138541017153 0.8012345489251378
0.9606466890567167 2.463506541043995 2.753271992798434 1.031876660893548
8.124197557455552 3.64456084492544 6.566323648784852 0.9415381043223338
9.695263732889771 4.514797584693252 3.179521412540697 1.183305371274039
5.509410199445463 9.420216713357993 1.564473466686536 0.969354547872378
9.303689321420238 3.983321725426161 2.396586738009854 0.7240405110018627
8.523881037920024 4.184202675181737 8.742957252049964 0.728647588614637
5.712682727293181 4.514712694449673 2.900759253891778 0.7553565324000686
6.522598003669112 2.774422336825251 9.663543826768016 0.7186215855241835
2.329755492855853 2.266346452392231 2.011202252680242 0.7262582328721964
2.022519237715542 6.898878101161627 4.088915704917675 0.7630324896220809
7.422316746444921 9.552072401460888 3.169625060965376 0.8658745289511176
3.040103669419347 2.420077151821747 2.657240010770345 1.143486887690875
0.5223572421146494 5.058747285733506 5.119878018170917 1.477244539846752
8.977717865510856 2.705142667749098 9.289265795966726 1.135531809472238
6.069958654368016 3.714912825298438 0.7644280351422927 0.7903541853576136
4.807366818530126 3.338785117968277 0.07415859400503377 1.388574545948705
3.285499516249864 0.1216384297594419 5.788413454861619 1.525667969869809
3.619390460630575 7.422519737003086 3.633544689960264 0.8024291208012539
1.139811492582603 7.622429205659464 3.886392723778515 1.394340146350657
1.218963709789491 7.038372038915753 8.606703890058201 0.816321034230714
0.79662858616662 4.798105436287686 7.55864670457238 0.9123783079920845
1.00711537422163 1.222870573934375 8.626901846861376 0.7664095368431726
1.429943306571283 4.961656769041321 2.035134820804534 1.177344337932914
2.154263928413362 7.647723683141293 7.470041050811633 0.754723409127546
7.268864852860127 3.835409178869666 9.42382079645358 0.7832000927628565
6.069630104287539 5.394867871873259 2.565682162367373 1.029331783190033
7.187525402164806 7.252380135384879 7.536393417582373 1.543897143845736
9.740105869504452 6.316201574256654 2.018613213409617 1.017917569048727
8.400137401768761 4.738095906185977 5.777442271268784 0.8486226584803327
5.989974029783043 5.336281703982366 7.742035161107313 1.460209130586667
3.680703567993183 9.390620230340103 0.919209641213149 1.383980850093764
4.215675563850062 6.484188588903076 1.492710725725565 0.9688958568888264
9.048699947113336 4.909893950465455 0.3569425911595014 0.7458503313106395
6.554682611970494 1.859938047418193 8.339535700384804 1.317701486101208
8.567695734837775 2.465414456472027 3.295950670649657 1.110042689545252
8.375357531413746 1.523916187762896 5.938759630597176 0.9696806608294404
9.427139689085131 2.845241301628224 8.223330476950425 1.033187995115243
3.433724681873505 6.831322366237215 8.619208943246198 1.159749167884138
3.902188774634229 0.02716388336783671 1.879390415512585 0.9026856712570247
0.8354489008490618 3.733629843267689 5.674128063341475 0.9525866908049092
8.813764036272316 9.986155670772844 7.305958697869266 0.7778223192775098
9.113296818162313 7.238563015832851 4.65477654940046 1.31088425171797
8.168529531010224 7.215272006158064 0.01053522919582273 1.049693459865515
1.200849714903829 4.089300670507841 4.880963564508977 0.8667017567280981
8.933927091718719 9.471873749463166 8.239914494965793 0.8206505780358863
3.473297631802366 9.326131178818727 6.616754394656539 0.7418660184255457
9.672928574426914 0.9292570362909902 9.750672357613364 1.238092986961642
7.820298172508964 8.091360078763085 6.355204898206427 1.498055011741286
7.201242974034366 2.644662848811861 4.572489837444111 1.039059335725139
3.760657664533057 8.160773047417797 5.805202003592213 0.9135755031269071
4.071948448998964 2.213854967172732 3.195051250226202 0.8168315930817991
5.737555750332532 3.954741029311802 1.638393672804176 0.9460314166728691
9.719305373100768 7.268812243345673 2.073597751372061 0.8114802520713913
7.194767617721139 1.460179141005424 9.54580075477123 1.058087820718568
9.824378943059878 9.239417775782266 7.899000378436415 0.9555324412267023
6.794174984534867 7.017903192978347 3.809167715086278 0.9275133928280734
7.661077780740462 5.023865014905849 6.327160577088315 1.00990465367041
2.523901126623522 6.946842638439386 6.901510584780802 1.098810047012881
6.962378978307418 8.706213307573659 0.5267697578828179 0.824396365262414
9.675059986624477 5.778310675278322 0.8742142506035222 1.431501734107384
0.05075386732191878 2.308687697120804 1.256780716027424 1.204306654831112
4.600211980586859 6.876020489489965 8.201166674890951 1.23724141748198
1.360621169767859 2.092232918441729 7.401588812487907 0.7596516396130399
5.586268535341677 2.628773682776469 9.36984451127892 0.997302509300946
1.738114008352154 8.528470631564357 4.836560620772086 1.064854470341609
8.992921334511099 5.274368309667636 3.155717064102341 0.8138498884375076
0.3873486440447149 2.290194600648944 6.424914904878785 0.7831815939776939
9.287290836034492 6.247835830865396 8.435848185554097 1.489792201121349
6.454080054463081 7.833502266439192 2.841551466888425 1.582958364095491
9.249728184894806 7.702514482557983 9.772567983237094 1.147895301699182
0.9365193906164093 9.569157227876911 2.015330312176115 0.8234647437556492
0.05894205589974999 8.994134501057706 1.58775482699142 1.405292890342127
2.882790873160758 6.504500859251753 7.809144532093081 0.7334277150735364
9.929801670549439 7.740695969279822 1.268935658932593 0.8323905577856713
8.151446400166265 7.135921174022561 1.272460520423617 1.437959560536338
7.279404123117637 6.536293884198857 9.675690662226938 0.8361239520537258
6.811805233691455 9.723133786932998 7.567226395076269 1.048283755230083
3.858789072397582 5.035074382877411 7.619314332925777 1.322967728458931
3.406360811355985 2.709615643778149 6.142206335665897 0.7506277329716211
9.135850720037521 9.495518410087671 6.487346352398138 0.7620424099319466
0.5724991219330888 4.90790170678916 2.793239449462461 0.7515165226382362
7.733474989600939 3.547185083011373 4.542936838817243 0.8735578233758202
0.4825519000342426 2.694380014139468 0.421653541762308 0.753901570364326
1.401196116412375 0.2942991959611263 6.051317693534529 0.8223524701357858
3.292184087165674 4.266076322117415 9.478126002157691 0.7599517945712824
2.755584726188907 3.178794067314295 5.810024996707736 0.8905956114380493
9.646479104861951 9.779631747830321 7.113060791730173 0.8928105221327487
2.808942017261269 7.394185464642535 7.979454730913416 0.89706561542884
8.982300750904161 6.322689361254965 6.289786874458937 0.9631351471558011
2.927662844047585 7.988992788867668 3.881589598119826 0.8043231843621309
7.675751161044821 4.430121201673982 0.9982021784731365 1.043413488014156
6.799993664830712 3.638995196602449 5.196745751296827 1.31262444231961
8.129764308102194 8.918711243419486 2.992586081396744 0.7978899346922701
2.635139001931091 7.631507654289233 8.903778858960383 0.7838817376516041
2.17446527521984 1.232442871384443 4.697471465160256 0.8038176749652493
3.854267803572599 6.709609641464818 9.919602775384753 0.7280071213095574
6.812546055398827 6.463466902676442 5.595142495556913 1.047161322675803
7.451617467163363 5.381417540274015 3.632876529458487 0.7233078990442254
7.572251599462461 8.106411224654646 0.3350630417139289 0.8176452058938679
3.457705026595738 5.149314515026808 1.218370475932098 0.7579791664399452
7.808250926762989 6.410831383255956 0.4386126016942393 0.7226163731498191
0.1641605444079042 5.494406362955889 8.270139560835482 0.8001759720051786
2.52106364072167 8.296260337545625 5.726394460368787 1.078518372878864
1.982408134307635 8.35062307030906 2.676180007725058 0.756929884823458
2.699817252261532 7.354045319651308 6.026901324713317 0.8320803754883326
9.35865414587405 0.446099538231628 5.220536111814829 0.9417225943260276
0.8335884782264213 2.542403339384339 7.060420700069086 0.7245578924592948
3.274671517368154 8.915628345563023 5.914589284747872 0.8617892329431263
7.280227390740269 5.491136752116955 0.3548355212668053 1.365673541813429
8.614211181452749 9.340473988143223 9.070796234907386 0.9150839804258466
2.78707915930008 9.68932319453336 9.944897500350315 1.027933598766009
2.840524814696967 1.140606407083082 1.053338298564518 0.9287297071884301
7.316648907238219 8.938233991884884 2.235911186788496 1.328256909406966
7.586681419706107 8.196564246968844 5.177494549854385 0.8324118954947478
7.368838101908537 1.667430318787135 5.993736516422516 0.7210770607374041
9.777342054451411 2.916729188160985 6.692569125958639 0.9528853070933344
5.804166003349748 3.520311498779936 4.642771718917778 0.9299917847317277
9.579524525070598 4.946367521093212 8.140401745773522 0.7903231854487807
4.365532280687579 8.792369899929762 7.326801936153705 1.207337726839281
1.506655673298668 6.078934338293311 9.007669279930342 0.8670269566198322
5.86529304505184 1.014889802231064 1.171153366621448 0.7792486712009173
7.914596895942039 3.909685043999265 7.583609987914199 0.8556644481141774
6.286122624387856 1.946856719374235 9.515660755282068 0.9160757877413507
0.8332000620947944 5.80399429568331 9.816666108395811 1.162612971971611
6.44837074239945 1.564096819104263 1.175187709406744 0.7849592438915223
5.253502920573556 8.872346538562246 2.850128308128056 1.494929816916785
4.370169921314465 4.982401725042132 4.649823015593663 0.8700580620766259
9.138641943045194 8.826526768499596 9.772958623299395 1.06605701116311
2.444175097454315 4.626750258654417 0.05689845467727217 1.211757671507185
6.702243834783081 5.674766454119845 3.565281323637541 0.8204435110111872
6.734431803332812 4.869023215506161 7.015061066654273 0.7508328796577548
1.749870793049406 7.802066823685996 1.732835134804542 1.372038170268147
9.810222275299338 3.13558551515057 2.946495837662231 1.470418637716117
9.915812950974949 6.478615129475425 6.390883425950741 0.7629348168022363
0.1744842927853119 6.918154807716685 1.413554844638084 0.8259658133372889
7.383567495648198 5.030448543090599 8.305219266343519 0.7249668195773807
3.927940097048967 4.482929445513111 3.613978422936605 1.522523507852693
7.835772322363968 9.630721176162542 6.53838227631615 1.493832904743701
5.472746019409137 6.88000340246832 9.207542735108987 1.285768447257983
0.9826811325330709 3.887925536861858 7.85295991251012 0.8294522896716183
5.299718320898596 6.89380169013268 3.091159320969159 1.17590061254033
3.641781616012675 6.887557201907915 0.8298150382573688 0.8675463597729598
8.142338504483401 5.191768574472874 4.184110827090196 1.022959443990776
4.347840766706823 7.56147273619497 5.457458856367694 0.7655260481990097
3.166466872104708 8.858756811273361 3.183724232497269 1.373760236563031
8.573975445267171 4.6574245436593 7.032464543711349 1.350900764235382
6.775024857509858 8.969961628981897 6.728105124251544 0.9895592499760663
8.814037454187718 5.269997836075751 7.978668094608013 0.7927049556706809
9.406047182897687 4.389949934475339 5.050463842030015 0.7660048254872878
0.5846918879282925 4.531266552741801 6.454583297066091 1.177645756796859
5.891902104491205 6.268209312180253 4.064223579571416 1.169885583680735
7.020932050989848 0.8979460261619343 4.046517297781437 0.7205174755628242
4.756642217914306 6.93294606873661 2.202735076437388 0.7903030367977283
6.852869521565757 6.506300703856112 1.087094659685468 1.015720687971676
7.977873203687708 9.876515901395262 7.931431813029683 1.288937898911103
0.9570633560769426 8.487804991030607 0.6698153629874193 1.279019349135185
6.411034723022785 8.629941374929519 9.603738122718955 0.7668604382037792
2.136217378366156 2.118458680434393 5.545234769226083 1.574742343649417
8.120428438513338 4.637960741464361 8.124199196332322 0.954871866802623
4.697024727532435 7.272735422974878 4.296024207970528 1.570906504866865
8.887693647500521 8.737621658470067 6.131829256544128 0.8734314574076896
8.58330923157285 4.088787443124072 0.7130471433160723 0.9321744125630927
4.1940442118265 2.658716349432821 2.165637495983005 1.338353417871595
4.609060277507204 3.957751690908614 4.723400095611975 1.113455591150023
8.964002900011167 4.806192535891254 4.222661586206265 0.7463250257272571
8.419610844810869 3.176470593415044 1.20715732327321 1.133381262016694
1.404707272196822 9.732240918036451 3.370970492237535 0.8944775507140456
6.419748324620625 5.467227673767264 4.400181477172573 0.7398779906300879
6.011688338273331 6.248147453499844 6.07669530787267 0.8251553304014374
6.121488406181816 3.822396879155439 9.606123529949638 1.470300150855883
8.04411081569997 3.160858938649801 8.059189532982469 0.8817090690445258
0.5845458330235176 6.183012879778948 1.597314229463682 0.783816393204812
1.638158908226642 2.500615850473711 3.51941704291435 0.836675353972444
9.311296162079682 9.083222597431053 5.089197203674363 1.199410536914999
8.982709109168223 3.280505440128245 4.922070453707232 1.044647152046233
2.103871090743892 3.408097148767961 8.148466711950546 1.54736980453488
3.897628237472492 1.189365898133751 8.709389501985374 0.7870836400359156
6.028023232338219 9.794395975116933 8.375430397691728 1.107982788951971
7.541763177421776 7.072492503908432 5.573301744871156 0.7986453414632073
0.9380022287727241 8.881293425389272 4.171749865096809 1.045149519468146
2.415017000301094 4.556128241056218 1.850739813478258 0.9516834567437917
5.199744389641632 8.555406577193294 1.696119291496656 0.8548350202717155
9.69740610765551 1.842265776471909 5.213273058368135 0.7555494688707906
0.04660557131313525 7.767520849252032 3.065044559548429 0.8016100405687189
7.588372316578877 2.694391497656904 9.147412262297843 1.581425643708935
6.506893453186774 9.055928605013627 3.204432798866273 0.8914339942906178
6.757835881438695 0.7175336423256196 1.305198188314407 0.9824250069808073
2.622327783089171 0.9486144730246404 9.439306579122018 0.9396511454067933
9.297072134832863 1.349502234065104 0.7974775056490091 1.04441923363563
9.743905351574798 9.761919821845941 9.00009745015972 1.415213414654019
4.444206330789325 1.52117676229465 5.094042530935114 0.8766398816735889
8.567212092006574 1.344012689714517 3.240981473120381 0.9443636605680186
8.741714108264755 0.4839318768523893 0.5389057236500727 0.931452833822716
8.795978679213784 4.18366772505613 1.750058202080217 0.9289379336002297
2.877104281295513 3.151227031838949 6.626341051296817 0.7298955296269831
5.463246517880308 2.581644737689689 8.256180200985705 1.183542278658821
1.247718111244481 5.681902781939155 2.993508679923846 1.095656814359558
5.067494880732038 1.292715209186686 4.100101382421052 1.16850747512556
1.790677437192987 4.927775479590111 3.413061565905378 0.8379224361975062
3.782356156991598 1.473502679937462 2.5315513000643 1.114055995234809
0.8706828144010204 5.534291656998031 6.149288001774763 0.8225962350551984
1.102110088491896 9.164188789091337 5.046801770753835 0.7302667197724928
9.013524843022452 6.056422267198498 2.71333541371778 0.8719578534681666
3.410433693696434 6.885162981843684 1.799204059433634 0.7453572937924667
2.018024362493089 9.401608517373932 5.651131766994935 1.20458274419657
9.081947428591324 9.217828039480805 0.870445035626245 0.9849335521680685
1.676316893706433 5.462103183318538 6.413655540873568 0.8389828714260564
7.658197017952242 4.102810970553456 5.831219814899649 0.9638787134801833
3.690362913798448 1.640066932399369 7.971927863080768 0.9530818778376818
4.986270134047214 7.443367430435146 6.177348346699239 0.9422835217096873
7.09115581631532 6.775307090580626 2.134146640708658 1.110687393703484
4.976452917728931 0.7511155713925799 5.033829128134501 0.9235720241871795
6.625881558585137 4.467453535764507 0.5991560143361696 0.9991389533441956
2.974913278481655 0.0004861608702588782 2.463105203260034 1.216909855437471
0.3506875122902908 1.282496206526953 6.478433029025232 1.033782787763298
0.006925873927933202 9.207063138009952 0.3533890872373013 1.051463896090183
3.7675552634548 0.4552737770972815 6.967307531130372 1.038319960934828
3.634180340438086 6.560939975504182 3.984629008562684 1.014350323876408
8.588882219029555 3.86290577048636 5.768486824355684 0.8214977432833706
3.9410298618021 5.670350154351298 6.313261074760172 1.109428776006182
1.985959629633498 1.757309597144895 1.227745105857843 1.15299576763172
9.402720133492897 5.1834177997329 2.132071150679666 1.312906729469885
8.948924305111714 0.8706011976713279 1.509812304330127 0.7490322819055927
6.004861206852072 5.871062024336928 0.8866893134386933 1.101922964447334
2.790962818622527 1.570830640116314 1.917057899086752 0.9151591605952777
0.6862900520376514 1.53632263936204 2.62641254764335 0.8008750647149879
0.7375158822990802 2.768828346117352 3.745683040437045 1.005486865718473
5.859511242292294 8.390929598199756 6.01618352769266 1.330871947983643
4.761406841777787 5.43492541982327 5.693380715652666 0.906320887659955
0.9132169538064783 9.339676127014677 9.605329821464155 1.207911597605268
6.753421727300069 3.599371802606591 7.007415200922667 0.8085387685406239
1.90117412149167 0.6538270039769245 1.000543239193279 1.033995997112034
4.305716048367001 6.194562076666138 7.255652478263015 1.129175161865128
7.219153107908891 3.300066860757398 0.537068768924841 1.472731777417722
2.567454175008432 3.606247789050458 9.370403868787786 0.9889863255934134
5.174512068138407 6.023554412286675 8.59643732120947 0.7862395928186543
2.353084080714936 0.9055467223787561 3.345623128487453 0.7262514472218045
3.125863944867344 1.675504198662537 8.934195831746248 1.045122101018026
0.6083752229171979 0.1893749480917473 3.469607005610861 0.901240103726949
1.460834660592281 8.049223073249257 9.378094696333278 1.581173699162525
6.3259090760565 8.561253057920148 4.819202500785176 0.9105564394678614
1.843449792518915 0.3276499661734489 2.743117070457971 0.9900619741607907
1.668794128635643 1.361175870035236 7.927503792420387 1.046486041492725
5.684932157382146 0.9487343271129034 9.505020207273098 0.8021792983589058
4.308818339353761 6.241292267669237 9.208589755529749 1.170483567772373
8.290581497947867 8.847233504691403 8.381497427437472 0.8441164954214236
6.142108580769972 1.143925772729677 2.290371220559355 1.400961503864949
1.878790563882254 2.877413611833308 6.791693323249444 1.306040320986725
3.718879352440466 3.69529955548865 2.582622228356798 0.9167301346020726
5.877750000942372 7.148407271122298 5.678089883587449 0.9461294367665097
5.822697582084235 4.114377617578186 7.082212374414238 1.285404177811303
3.133353563654858 1.062986227960653 7.396762391555832 0.8277988544808326
4.074628867183328 4.455537650487605 5.809782363688321 1.453827808919551
3.251709468804332 6.110501304228968 7.017433072810125 0.9949434486914361
9.386459830220373 6.853842677831306 7.166781578665304 1.140942230127904
0.5257556951913001 1.60812348316333 7.557865314293766 1.143121783691973
1.469618891348277 0.913964599850009 5.17462765136016 0.9650027483986761
2.838420928569248 2.391341109557415 6.571574775552433 0.7294614168062119
8.113097987464354 7.614795187772548 4.999586707334413 0.7340961461086696
6.220626519390064 3.345384548955055 2.601431198652048 1.471810191963683
9.027095285882659 6.780760901951385 0.5071397324247784 0.9497918411387906
1.637901724522093 5.098001528830014 9.298711438997428 0.9928949560854952
0.326473011737145 4.149123092290721 2.097541695362201 1.300626068450924
4.325401699716017 0.2522264320170708 0.2233784228385793 0.9009750627134577
2.794857042648542 4.229979389071447 4.230589577508535 1.057607606862577
0.3562423561043526 7.237980906527965 4.843683245953998 1.10491781966324
0.5494657891355059 6.22866531553675 8.80415667058703 1.060004267791238
0.7573937662038366 9.859488849977224 4.355447523131101 0.8961114518333227
4.794232068893582 5.586118683370355 1.338271243440335 0.8106631398944411
9.943634737502249 0.9707492383020477 8.419303366264995 1.240123358754126
3.455682173672609 5.574179520643236 8.667201261547151 1.125010661638288
4.296835809638014 4.831924915903332 1.369279996237469 0.7483299769534895
2.747506416544786 9.248225660548126 1.610672906545385 0.7604956107806388
5.2644815108353 7.822290392467089 3.413808981515063 0.748395891311442
2.14902421170992 4.073066358705743 2.619667556788789 0.9108845659394664
2.636416223950195 8.894713365738887 0.5484919692201196 0.8625865663863539
9.062919982235721 6.331563423922113 5.303268963423053 0.8476314633960413
7.209342467402395 8.264754667606617 4.474738456639667 0.7347914251425754
3.55893187893946 2.420197641691115 0.01753477182559693 0.7770710707243365
9.670481903225442 6.998566614851374 5.691570663926809 1.019387765277969
2.452603489655004 6.909908606323447 8.609453174208522 0.729398375772785
9.658895148059825 4.469128805759198 0.03366239938983884 0.7486522112101969
0.5497683177757262 6.325577975729891 5.498549167613895 1.120809091782901
5.183955067322544 3.668720877101311 4.011834668690085 0.742585715263871
1.675740125388766 1.547050693640976 9.349605706306248 1.254642800368249
0.4623332854166751 1.66308839893573 9.260123629799054 1.076542208111853
0.2263117825906213 9.964273782797811 5.206568290653711 0.9532758105765472
6.71783520052907 9.549281395066826 1.189679724203384 1.324868459951104
0.3881530341334727 0.09445894843495894 1.769600836498801 0.7391714339914226
1.309250256937047 1.136612947871273 6.032199985147943 0.8064734286055386
1.602552534662861 6.503381587349858 6.451505842068554 1.069402823700955
4.442003927475248 9.70872848191696 6.442094524098239 1.176227761512314
1.83835433927965 4.952919207315598 4.548360731738908 1.288585365345823
3.745149088306199 2.805526397597701 7.106173690504334 1.264382897207369
1.383827198109508 6.640204480780802 1.422140253274646 1.057578825361793
6.430955278371822 1.103873342164589 9.160217285200947 0.7565345750293972
7.353674330739772 7.328944826960218 4.601344720320499 0.983648972060633
5.059316304281426 6.232285861351298 4.732833588629377 0.7233678652041835
5.06325410108816 9.77053629310614 4.760505648801783 1.068742026085847
4.488357630916099 2.10480485339553 0.5044048810504775 1.095296039318782
4.119631044174321 4.080054435901475 9.5719678060732 0.7432673627452334
2.526451289510122 4.379206508129176 3.334834317346987 0.7669902401555109
7.546132660999837 7.989915719243856 8.414671648260221 0.8145917294777801
3.998758078339455 8.838737471649518 6.371073765020293 0.7495153843775644
5.316561443637899 3.411828329714045 7.683014027698896 0.7720568152251509
0.437747735754217 7.569875090685791 0.1546039009239986 0.974448458365024
9.268015566950789 7.718235036329276 2.654955560569362 0.7908030832944246
1.155771190831472 8.842181397074327 1.686213855548784 0.7775104170553583
6.115946911534176 0.5402375070120968 4.594473403200481 1.445441546668712
2.170493628105737 7.482901648562862 3.542332153975033 0.7231594754026275
7.841000627872539 2.1100922491464 2.715620437323055 0.8164884937409195
8.568577936223784 8.23951556786084 0.5861695674887757 1.184526317726665
5.915379679334375 2.069806522904999 7.375438856651095 0.9868477108967391
4.412382883758359 0.8498562217416306 1.847821560313417 0.9872146844747736
6.168224162767016 2.66389350486553 4.677897089397052 0.8916383385936505
4.120884832894259 9.719296629748472 2.857512993076183 1.150235572111917
7.708701265292548 0.4760829053196813 0.9969347909225901 0.9936453368718635
7.973805094169755 6.030617518623361 5.666710694389359 1.291507844028494
5.92178672530262 7.089524194284897 0.4718855484997619 1.359866268111031
1.858967790397086 6.6472548859629 3.161565176050531 1.113424032019225
7.108980157169912 9.195486794603086 8.829722501541365 1.484609602447436
1.929407479202508 9.662252550925503 8.266373575108233 0.870559388220929
8.926933818895074 7.498920775163337 8.723862045741438 0.9090715483825307
9.477764743087652 1.77865315906666 9.047822843563923 0.9090562050606776
1.001757086921405 5.672581262206392 8.033994288949572 0.8877673065340683
1.535475576566953 3.678310264389228 1.730887351816845 1.344789242284734
2.332088190185437 1.379472603100991 0.2688872682662757 0.9624787325190537
0.4155582147821613 5.027949457035064 1.471911102142955 0.7673962517440766
7.636942118190772 0.8340350930501839 5.798821658932957 0.7949116204225372
4.867182282143168 5.890881824518155 2.3809132340395 1.285157057322169
1.587486851230885 3.737610225731275 3.730396408106515 1.525439242812864
0.2233816257180732 1.012322098512295 4.473961075735987 1.542683058660927
2.360573939312963 4.533418808892185 7.775103065975 0.8265742981849802
1.671659617939585 7.603011231168468 2.808720650339923 0.7809459807516004
3.589326238849209 0.6523455341192297 3.328779701351681 1.136428312883782
8.560234630787583 1.609520778961193 7.055514758609646 1.146174024657018
4.197897403106627 0.6848976899182224 7.954899472649259 1.085454148088207
5.808774290853713 6.791817810613875 1.842795220841323 1.404892277459183
3.109112284783697 2.395264311626161 1.617181868771644 0.7619316178369255
4.596167232490752 3.843263281175481 1.618688136833719 1.303784462629096
7.692638335917312 2.15747261359929 7.709735879366859 1.247196982075009
9.976713642736614 2.872264014586916 5.540347038125368 1.319000922363815
6.30773376187082 6.475612195565716 7.772978668836783 0.8040943661436759
6.040848233074977 6.109706245750283 8.644810928899362 0.8756703935328374
4.441283841153184 0.9221607579090951 6.040144500959763 1.209605803007927
5.116423593501799 1.796075251769175 1.568742074064675 1.380318094167575
3.243500307057909 1.876784620737452 7.196891827202241 0.7831876139715006
7.929435415601165 2.232181280708212 1.021314693418957 0.8978447072285894
7.875235491698652 0.453181539859453 3.606339940292099 1.279609264601516
2.333821398452751 0.4225276554803969 7.644426505756805 1.220745228229055
1.102554277147648 6.176031814022006 4.232958167174833 1.513775608576487
8.832553292543485 2.017705224123842 1.930165712890582 1.559340700148134
6.634800970147205 9.931321670215951 6.59482976728329 0.8960575320600624
7.565201551422545 1.763016308284114 3.788167849955757 1.339010257152482
6.7757643603256 4.259760452581048 6.2810701962886 0.9622783607303559
4.214987517971771 1.497543332175564 7.058642823387857 1.117926354017961
8.739487848796333 2.844747226865807 7.244669483319726 1.312077462454516
8.593284548874143 4.680938222446788 3.50917055601655 0.738268605009467
6.866001961983296 7.831595641446095 1.347728670287989 1.439961914278607
1.356889155673229 9.460548486068607 6.72879798166213 1.190995799771668
4.366563666960692 3.697520144708278 8.858488139912756 0.8387508011371265
5.984778429133012 4.476758359884959 8.481298916403167 0.738880352623571
2.644497303998987 3.977359715088693 1.011950721106391 1.081533471916128
4.942761870831172 1.159888470974896 2.549913281659884 0.7595373232774255
2.357015893648968 2.890367182483766 1.196222312512406 1.116879887966499
0.9820859968992524 9.843354577534399 0.8811846432381421 1.374819337363382
8.547735671261352 2.496564861742249 8.359474253293346 0.7909196207617718
2.80198918633497 5.531047947883746 7.795352744869402 0.9876940187924784
1.913715478474306 9.788366885240704 1.790892292114394 1.165249212942271
2.45279308575871 3.786919864500572 6.348811704639533 0.7915084033523681
7.228245252422486 0.2499712768200968 2.23731712761425 1.24607879200852
9.971229509238531 1.194884120481899 1.695595668843259 1.155300861958428
3.480783052720531 4.041887878570375 7.07429492928989 0.8475667392703473
6.7985523554278 1.132796843782407 5.51625744983248 1.018680245343679
5.308994459648787 2.93813445554199 1.879701033502597 0.9528449461350336
4.319167684944056 0.7012075117154304 2.726815300059446 0.7197249365677297
7.250286450030961 5.744616122559007 2.705667608724552 1.137262770639511
9.635715069900346 9.915815796182592 4.494046762950028 0.8452446141497556
5.912285434131747 7.079408742831644 6.823753440573014 1.312142877482106
6.884220851757478 2.229640929473098 0.05643148938480169 0.7506333574828047
8.573827698472908 3.381593159964646 8.687476099056228 0.7898410556869185
3.479291250135359 2.217032955152164 5.122050374806794 1.160672690504298
6.291066805150535 6.074655557187413 9.728061959598895 1.176616809807562
0.05808119828323854 6.988136863237692 3.795206523353172 1.072853840498879
5.481753430171596 0.8590363980917248 3.230973127579223 0.8658188236061999
4.35769120277952 8.594145690061984 1.343170381776564 0.7884741334425581
7.919503220312423 5.086280587449961 5.103894639821246 0.8204280154800349
4.529747740590324 5.333494017662811 8.669248171355509 0.8891492931722538
5.839737914140815 9.304944264695646 9.387752453476564 0.9877618711974243
3.483876503329628 2.518698031033889 3.893177346485681 1.049475345798478
5.962297471085183 3.622130140020676 8.253454884820769 0.9616088959391094
4.202027876947867 4.869796256517698 2.347741072039159 1.034122378500794
7.719010637559616 4.834498936476755 9.246690695265768 1.26861195405291
4.707547289683956 6.769419373326448 0.1374590122108588 0.9753030359023035
2.550218002714593 6.811595869730707 1.330128593361186 1.111165563124652
2.228498884540659 7.750427262982555 4.308629494065369 0.8395186573735874
1.776583545323738 3.415047756944885 5.759936832926699 0.9865940455089112
4.774174425018202 7.824421471932879 7.826285988146675 0.7206819643127136
8.478114348535586 3.38927219158068 2.50536327345451 1.273259265395367
1.024013194749748 2.492199412939891 9.69778028996914 1.001466836403272
0.1502707467573539 9.244393755990817 4.58563550809127 0.7385976689142005
0.6850552307603353 7.964120679053868 1.88864169332506 0.765804175493859
5.593184794353235 4.254283327533155 5.65484862475502 1.485656702843193
2.784537314770656 5.763656575822706 0.486790903642722 1.096003545552788
5.551818257511417 0.1223034854353788 0.4251031476296574 1.551597610268522
5.173463052133749 7.664380484222952 5.363967760259428 0.7391717599283525
6.756166022891557 4.917763801120725 2.125883679268523 0.8003567192902502
0.06190454865775408 2.115129337291414 2.321090810253539 0.8779909186169239
2.931476185462354 6.306752413478764 2.159687702735019 0.8742229585802218
0.725477344183757 6.974242943147379 2.574296417193122 1.465270227183509
5.376633868317056 3.421800391433295 1.052283555222683 0.768042508137272
2.940103364075612 6.103438791034856 3.195681619860706 1.171458231933392
0.6096216669251375 6.608752398593005 0.6111203965404699 1.055372315945229
2.275727560000894 0.2648328464953897 4.868563958336713 1.138147563058312
9.825539628907077 5.543706553798195 7.114681778934636 1.559650864953806
1.914660347495233 6.345644431529234 0.6272368907758308 0.8961779794215531
3.843719466094915 4.562673236829234 8.691719372710748 0.9823069343039766
6.829736633482833 2.160902737239413 2.82708772005812 1.159057262595729
2.318294351542169 5.105650358235954 2.649826817034302 0.9270931511399383
5.457266696189056 0.1141422099552558 9.152595878850725 0.781770840287386
2.196341669556543 0.1087100023326426 6.55526754080637 0.8634396838901999
4.953579575232345 4.389448850103125 8.133561708918313 1.373978915065635
9.179387304925408 9.276121088176247 4.006250256386959 0.8522968896416989
1.498002189053521 0.6663253561950699 3.950220315857831 1.253727780393672
2.604500535986369 0.130030702372782 8.801578949758131 0.9300417307568445
6.210341221698448 9.666267036869309 2.398050262080468 1.074884824854004
5.834573738375052 5.190432061464577 3.629793261019369 1.075264268526322
0.3332944923582271 8.94507033308922 5.337776894793636 0.8779336904585255
1.226787860386511 0.754988179111119 7.006302196048714 1.21290871055691
0.3271548490447085 2.821048791483537 7.659576566446558 0.9142181919069348
1.166429510926977 7.856031346721741 7.883803379813291 1.308937844847685
3.168571510468593 2.55825614556061 8.203310515666189 1.077606402227284
8.26822952052343 6.006493642130678 3.442137007079269 1.118862512316606
0.6523523647694074 2.115994446843802 4.397446511892421 0.7458825632739572
3.792448393126482 8.086617808939158 8.307216468352591 1.423944509390868
2.741016148085782 1.663736146928638 7.959309166375927 0.9137985887152932
1.937527523662059 2.488269959110033 4.298431011327041 0.8005767252879068
8.150585196704748 6.836563208700572 4.888805316929172 0.7880790691479245
0.3888376248086178 0.1693267620588323 6.371142598525573 1.106861704065284
5.319763442524705 1.710779592762377 9.850111920878533 0.8673195015453931
7.694858709258325 5.910655193809301 1.503242517580956 1.168984966798228
4.447316420001269 8.21673014650322 2.063693688928383 0.7944532535510337
3.466611159881342 5.617127030392302 3.928231333296961 0.8417922822538383
8.959633183289835 6.887453780666147 9.318199219461404 0.7350432787461596
1.491461198285328 4.687676674038741 8.304863585805146 1.072218231690853
8.192236717780167 7.061410506923615 3.855140171590062 1.105493782170702
9.545345472284502 2.436243010541093 4.208550212864497 1.395477616011523
1.967282837181087 2.723090405950854 9.334918153648898 1.024655871930678
8.798665718279127 4.991915828298681 8.823674522166877 0.955079570096791
6.806273709300871 3.003782960664611 7.861843755425992 1.135582901903284
7.373963113800583 4.381461078465102 0.1096709107617222 0.7193163404352113
1.804698915187652 9.063922794443911 0.200481807146109 0.9153886670475438
1.220401300782968 4.204238840189497 2.67797588157757 0.7878679405840767
2.988327899551089 2.740278644137485 9.166360566771301 0.8578220985251866
6.835342475785297 6.459640662624198 8.880671497641323 0.8852829682498689
2.726122464272019 6.167987242059461 8.469342584068922 0.7549647960667885
4.153259813719352 7.74063774623051 7.312942451045616 0.7560598624068691
2.772876750105485 4.978298560967493 6.615608752493616 1.542596766957661
3.283580351377156 5.444374211993909 5.649272184167529 0.7766014252507361
0.01403531482826792 2.063122872803192 8.253969368167638 0.7750999617782196
9.598165797855653 4.43298987421367 1.081373851953534 1.180330186328279
3.672851123508235 3.050194280408979 0.9234623495796168 1.405645504928175
9.902419095137169 8.096254736999349 7.599622250276393 1.263250957922949
8.589471874851222 6.109197041232819 4.449656404681877 0.9588068531664379
6.669143637106838 7.803036115996001 6.355759361689356 0.7226990428495867
9.655901116157454 1.292904125016161 2.688116119711726 0.8994920465630092
0.03313183006871001 4.070178850687578 5.454548079594884 0.7761271964441427
1.166770472137029 0.7565043693923967 1.885464450305471 1.227813438936578
9.287995887596336 8.853789536790707 2.901483526339717 1.463787766865451
2.480740123240831 5.811892575811964 9.362856776152849 1.174574607412213
2.699365643256876 4.920272366774849 1.084329005988567 0.7827895488434464
9.081178927010233 3.749460120454193 6.501550691032297 0.8719920174561557
8.720822786102161 6.022037237940234 1.822621977133793 0.8787023284781575
1.550249249711422 3.538483943013918 0.2601359456885777 1.488195029256904
6.746236152393967 1.731545937177853 7.295558546654417 0.7286243518928043
3.246337318912259 7.431566210332786 4.938478429670534 1.528588925173102
5.985722955390611 0.2737383842872099 1.557550990444929 0.8108430955928527
2.720472695138484 6.241921489584842 5.93890740042361 1.216669615388965
7.192300215323118 4.927249010771838 4.380374579351807 0.8627064583417854
2.854420745383694 0.1854422491816621 1.308320785515451 0.9992594340181528
2.670744054775071 0.4864555094336931 0.43201496689386 0.7804832573184354
8.713299716509347 0.009049436254818799 1.339417509253122 0.7855415471743403
1.919787082214405 7.398672631009219 8.430010799328301 0.7265717252110948
1.607341258147127 5.78847178654358 5.449597330505336 1.164597793937665
4.023977446609187 0.7218172778318799 5.017693553441402 0.8321987036230565
2.775493168229453 0.7187019713166309 6.675472000879111 0.7922815729274726
8.767032997287926 5.436558686656144 6.182605479952537 0.8407877692148094
4.951388268386029 2.602257376033943 7.154222339447977 1.10601143143249
7.906186282555831 6.905509365624548 8.801786490761785 1.333541631207638
4.722150497744552 8.239126462957376 5.797907379365091 0.8204583467837421
8.122228299301602 5.684633511758062 8.463551822256893 1.019737664461686
4.085588219928783 9.872736363811338 4.773474528340514 0.8297710790449727
8.022389463045256 8.24840073530039 1.574664771951449 0.8410551101592753
1.991295306216643 5.561093152605697 8.46660481729843 0.8750296259918805
4.331670326095106 8.083089827635771 6.563441173989727 0.8375872571601014
8.466395277686399 4.261013371645273 4.815402025331847 1.088586019358002
0.5175960688079995 5.5700432297312 2.219631456269278 0.9236142951461531
6.245344131179799 1.267053798532681 0.3038453398910879 1.061674112990903
2.986357702477994 9.36601444570524 9.010734096839798 0.7871701642435105
3.492364831282623 9.062231356893273 2.038488327093585 0.9386779860636004
7.257080915683011 1.45447517862575 0.6678667015753914 1.084537895573763
6.878306002973376 4.269267219160096 7.844704290342053 1.27151578776908
8.338232095439436 8.392902741889227 4.137834770482118 1.563581429970747
8.819364620720689 1.213081119042352 8.876195895030898 0.783863544901117
6.972002104189939 8.860404506582185 5.629763163470566 1.151443662961614
2.088187618919286 8.100940505918137 0.5603488283004376 0.9999606707886232
1.633396702591499 4.598480104533553 5.796519458314555 1.229516103354081
2.277732777865734 6.006833118742487 6.920494178539711 0.7236918472065619
7.964377101324322 0.8871651440488626 6.500764524043694 0.7289358618866069
3.843626053168922 1.459318669631338 4.199593221766669 1.23268533717745
1.647108586072651 4.186115355764369 7.016929321659712 1.280866840795966
5.163432010334139 7.707918138432166 2.301576813915296 0.9054657085556035
9.941974773568699 3.737913206842221 6.268527219058258 0.8597085658068078
0.137317215916507 7.478429226818988 8.815753597146413 1.426466226022466
8.751987537873688 9.818108082512028 5.645517041925096 0.9036465660536595
6.247207738692965 5.220286920752182 0.2452593473049258 0.7231056220434043
1.909466495616958 8.38458225054149 7.272384290640711 0.8014672472587507
3.310058789363587 3.732585201901217 6.317121412169413 0.7615541416835593
4.971492212309624 5.108479727170267 6.771145545381692 1.343980913903271
3.206136995073444 5.340325925625814 2.132269015399186 1.10244237101615
4.688951485179821 3.450892407817928 5.62568511565697 0.8856691836593044
4.282291149883325 2.324931602589286 7.849138251753292 0.7735040258849031
8.488910630264764 0.6524675395363821 5.439525569327393 0.8577583277730594
5.901295840570033 7.321946422726553 3.859317351986986 0.8977908022090886
3.599779365428309 8.46550549957929 0.2249645290950086 0.7671057715925377
9.821028410689566 6.51865576305333 9.734264472826121 1.22972176366199
2.830850583559249 8.462479400616125 9.553203614918093 1.242057520376081
1.99282666861447 2.937514696290954 2.670061417521816 1.139937211576388
3.176945209774552 0.7925075882557209 8.298316082608435 1.000776318072951
9.428025175756103 0.1982389562475085 2.02656614046305 1.156273671512015
5.287752952532243 0.3064821476358881 3.883797238322835 0.7308035649721114
2.083895370782895 9.351559097412949 2.821068628233003 0.9805512366158314
5.727592981264716 7.510832362308504 7.989840484402107 1.087047621849251
5.816610051189614 2.998067639489238 3.870467053224532 0.8685468508215012
6.079640653316551 4.999421130213586 6.519860292811257 0.8366430351331703
5.023657106903721 4.055212699415897 3.290780665891867 0.7311187942757076
7.993216576705297 3.04636300783132 5.434729173768952 1.197699183159028
1.017560545963743 9.501251289376315 5.76912905559946 0.7264733201774184
0.9096383576224654 1.845963869601444 1.805567834567792 0.9732027681157542
2.938643243997306 3.429921140739392 3.36883844129743 1.265260679591792
9.555627572126816 1.501538807447889 3.566030685341386 0.8230759415628883
5.633855331946021 1.71709132344295 5.373635338882532 1.424354087506875
0.6119439106235414 2.98351882443145 1.942367113181447 0.9006191777846352
6.712003553826593 7.755323405794621 5.382112623974771 1.101154642452518
0.4230352236515578 3.287153845172366 9.776358098762843 0.9419458430579786
9.368246220340749 3.31773431042362 0.3450276637403504 1.346633561132875
8.982899134329013 4.430719828586435 8.189775260451224 0.7302326476860213
3.292385199301303 6.062963673432587 1.341397331641581 0.938939311463741
7.171549741384617 9.443306287205949 4.38206571586908 1.56286520486616
0.806057155215727 4.933252517229523 3.779645772630762 1.151778630767708
5.246674578325703 4.692537930475696 0.5930888869309159 1.591032017252998
1.027786448737584 1.781544769228466 3.653593456326062 0.9883878524922693
7.102219335111921 5.110941629472938 1.370991615949962 0.7864989546940314
0.1336492714797743 8.887066156337967 6.503491327342084 1.426478710889228
8.387164689441464 7.924993625042775 8.185901810377576 0.777741128758957
5.328411883447237 8.393209339984791 7.884620958942265 0.8291858675412224
6.808576020893848 3.648864472578685 8.673942456004172 0.7677766939077734
1.111325639150472 6.066115943375329 7.183315446430107 0.8038706547479788
2.766531478574433 3.045823080869113 4.60785958880556 1.187888869388414
3.631702350135824 3.300827681290076 9.693236883796926 1.02818359658794
8.372343068249267 8.934193142219641 1.328665114940838 0.722698206685813
4.530693722839116 9.303414351686987 1.881186774971864 0.9581996879299747
1.885552356695334 7.78709324540647 6.537024230639867 1.056235507754939
9.502723264846956 0.08517841693088002 7.934794634974773 0.8018415677557413
8.551675675267614 5.114309325470521 1.185590107802968 1.174980474392482
2.718712850602904 7.086809501648271 9.980165327257977 1.592972325213396
9.627999705939791 9.716862779665913 5.856115686795206 0.8474244460795519
2.359863149846589 1.171779328106779 8.565768920060563 0.7951759207288971
0.8379679521116534 5.276109631152386 8.809441821591809 0.8475125256316539
8.746269775316989 8.142841102426319 5.380233733801957 1.026378008198233
6.492946618448487 6.896476535664703 4.735975482535753 0.9234594615306051
5.965294035308598 3.025271584464622 7.256096244558714 0.8889435283517539
9.055509382890664 7.527296851783156 3.47321425542018 0.9151179331267589
2.944944776753845 3.694799946257927 0.1750159386015715 0.7511807863633597
9.434857303952395 4.602825773925077 6.044153411116698 1.151193796207718
5.334989999358527 6.269159219824982 7.369927589596291 0.8899248219005693
6.665620965688566 8.122889540072661 8.32981138941113 0.9430786844261938
3.611086434215212 1.302587061635551 0.0162545171358186 1.368656135670426
5.571131499255327 6.533400539528912 8.111994746115803 0.7261358920264595
0.7508386630552066 1.825311793016516 5.480672280757479 1.166768983138156
8.838411804609242 8.854522219239913 7.317214051859454 1.366821344172692
7.766141716104319 0.720219594417929 0.07814286663655023 0.8706307169751186
6.235103161559469 4.47039717208553 4.483762977596227 1.085535839263342
6.680418801663981 1.710018533065413 4.630482240698667 1.065603148955247
3.218227977794784 8.01106725249041 1.25349686020374 1.541876584927203
8.331161088940824 3.798401705618737 9.67260528602251 1.209152611264327
0.7235240973870705 0.5335771996669703 9.19674261030312 1.05560725266016
2.215214663407755 9.725819690604787 0.7355618002499886 0.8933957464057669
5.761221301219018 5.844050424913456 6.749064327765189 0.741010924875638
5.852043075627488 0.9167758541867088 8.535800929053957 0.8931652480136557
6.381910423309859 6.465151013968474 2.994067520631409 1.121956668736099
8.96539934893922 4.61409373654285 9.616378281008274 0.7585397051018021
1.375649427949283 1.696586052135854 4.582270612550064 0.9359856508715371
7.172089380124801 5.979893097182745 8.023640711470952 1.104498575198582
7.466026019314967 3.156570070003435 3.445996032312485 1.430853510764899
5.085286708458316 1.450400424257973 7.87454989960009 1.222619379008532
6.806138031396202 4.062635771211304 1.607094852561468 1.167307104361038
0.2958875073794842 0.01999041201066087 8.06747971118172 0.7737550407873584
0.2284096100468302 3.986660446234993 0.3115214411462275 0.7943260244406566
9.995835716088694 5.813534858252201 3.244313421946252 1.377755436238921
6.724254177658773 4.877535425246468 9.652832909999868 0.7693466125387595
5.279842345134607 2.189937400560752 3.023985812009139 1.534990660195697
1.298188803392395 9.994611750085769 5.085003025708914 0.8793127549586086
3.850364723535296 8.260812132888871 4.01280260560788 1.039546872210547
6.352031755369595 0.1962889910101451 9.369685339836039 1.007286875915391
3.523961565782284 6.126644944444952 7.894885550535309 0.7203868461645326
7.350854370601207 7.492090746820891 9.518899373344938 0.7720428850029224
3.675563267233163 9.03515467565812 8.896709474304249 0.7293670782209025
6.926170300794973 2.294912926865942 1.036208606065573 0.7956834560991518
0.4837670382866088 6.710618651576576 7.723822828271962 1.2415184325215
2.238267129691978 0.7888960962378311 1.958474557353003 0.8839935484024132
8.533432918219404 6.111920612567579 0.9052761270517207 0.7748015702892226
9.751049815013488 2.129413912622993 0.03843850347215572 1.174441982038227
0.9525922001035114 0.01985254401768888 2.710355545051907 0.7710258021515566
4.839347688903522 2.753095067024849 1.096047535974656 0.7479693932996178
4.917110378560127 4.245640864692636 9.270186367223317 0.8522666433865181
8.964627729447091 2.92752175444671 6.054041655084846 0.9141100042194837
9.375777828400578 3.72427587689518 5.655468301224482 0.7392726824228463
1.736535524847018 4.066775847091151 9.167611745365356 0.8285725326728202
2.565223256507093 9.969440071109091 3.674190924110625 1.224314779995585
8.07147258021555 6.452035280091851 2.377760435117968 0.9618665256379901
7.398263361488611 2.868070794679872 1.900413647058083 1.360307324938335
0.9581433351826074 5.311855540329638 6.904438317814798 0.7313017412944297
9.061103420723425 8.122195277930759 1.718246576578885 1.212054707983718
2.071436797537889 5.713159752510657 3.624848523905068 0.8340802882651471
1.526492493801016 7.198181351989732 7.136351357678681 0.7250044215026922
1.943778267187911 8.866701480362611 1.257837972641658 0.9049513846671371
1.070996032325897 2.680482793099409 5.93208148877447 0.8345358054974314
7.528674476414863 8.804772592378859 1.14614549822098 0.8071240741299973
8.533238121150086 7.125805403538291 7.838510076666977 0.8736919316136558
2.622762353701329 2.063996783849606 9.629961294551148 0.783559589741878
5.678896391117217 0.3902271892472564 5.986169620012654 1.441931938928454
7.471407318339825 8.681187519560716 7.579296198418913 1.245382072130823
9.183053247030887 9.789387472302568 0.07720683263386929 0.8846003574281156
0.9844342654272509 9.768461219067959 8.5431045262208 0.942520179090358
5.941932028821646 8.469843442548466 8.878342572588556 0.911741695269932
1.122112302763043 3.887189235014703 8.676307085723597 0.7309127839718879
9.098909824776602 1.74095097116828 8.078837312359335 1.090747613155128
6.904185651000157 5.926906418851692 6.730884537188111 1.426205889539008
7.311328315439033 0.2498451791885792 9.458910308616568 0.870806133532097
2.017860348086652 6.792296615865165 2.188317039578092 0.8425987015809415
0.6335616596409288 6.239533057828916 6.467058523616611 0.7295761812475493
4.42504350854629 1.302038772944571 3.291613306441699 0.8611363689741895
0.8596408832379654 8.676591182415999 2.849277248170738 1.526340372282931
3.691479225741641 8.23742831456485 2.305790577845056 0.7497982076538388
6.15085751042391 8.849025225748763 8.059841538251554 0.8525856922645062
2.792544410638127 1.123081843182874 4.036337776792061 0.9235328884820873
3.983484622560402 7.403654607623446 2.127390787841513 0.8697233762607165
4.016398543062106 6.670035829964704 2.925243473770159 1.212625411199307
4.442211140639666 2.30839613463155 5.995425218081023 1.40502306996362
8.665296397852925 6.785232328789093 3.018656325098455 0.7625997359788982
1.748555463170274 0.3329678367900457 9.854876816446133 1.316144267100734
4.878376984229036 0.5673914571596006 7.077351192961685 1.094921935789995
7.244769140818532 7.146211275485777 0.4219837121896974 0.9380445215231455
8.716506881832922 1.261513157872716 4.446341453517292 1.45175810057671
6.716249884348613 4.467332294911896 8.866903074663043 0.7890183476812361
0.5969038234899937 7.43072422277411 6.492059357406294 1.53370675335362
3.092459840733832 8.249658440752318 6.962017504217168 1.576239645323231
3.417856009408466 9.586181049928962 7.92285895959283 1.466016516861025
4.129844342163675 8.788557498752612 2.596282252392176 0.73796712805597
4.772732731533242 0.09467549569032285 9.517839883374306 0.7293572329987938
2.132630900555399 2.269318038312806 7.72413469621989 0.7380133698205863
1.557129166395593 2.500814124784214 1.899053923890101 0.7990816322579296
0.8306495759284649 4.355504656762523 1.06096644713084 0.9457881424955245
7.365233108651354 7.741441344753515 3.724108161948636 0.8341326250642697
4.59757378689914 9.319125069138179 9.929035277207552 1.032492524621325
7.533855105999541 5.08617997862806 7.400430716358911 0.9664017127181193
4.208434785220159 8.433682917055451 9.461209240794872 1.080180952844077
6.163109040558062 9.398648570639775 6.126262869069979 0.7274824154430281
1.797440303207238 4.614429306441519 1.030623068070341 0.9953472212648224
3.822809573260923 3.424785510609648 4.220593965973699 0.8491008131535842
9.737048949325551 0.2741163053684914 0.8824076909729939 1.169469673362025
1.658555276532013 0.5201616511963059 8.656019175229222 1.037466553291762
7.039732379377154 3.891259722387907 4.18703353902245 0.7742044576293814
7.762758975094908 1.860965114359872 5.119175716677501 1.124391377174678
3.328682861038368 1.505339320167988 6.19393036594747 1.281833883713346
2.897491118260172 1.030508925948511 2.691639327696106 0.8575396647989733
9.832455604758428 5.219060850317772 9.301788774969287 1.326764796734382
9.835929352441948 7.136885393443897 0.6771745747594204 0.7922813505850976
3.741792257932297 6.102301807922671 2.108483325676046 0.7278062119856359
8.330328249591107 2.780332113762226 0.2209390655866583 0.9367937587210546
4.068269917973788 5.776446281200347 0.4805018763647018 1.401856814057836
5.759375247762197 7.922290752113974 1.674608643993392 0.80444961377692
7.528110590316794 5.898965469328115 9.187178500731218 0.8146435610335511
3.937343378551956 3.968085511331421 7.924983002795954 0.7760142002597683
2.849219478795513 7.099596650533471 3.825282061390582 0.866610878710091
0.3718687355587258 4.90105697285143 0.3569929848859343 0.9891241757598676
6.634396697582718 9.412080344566697 0.01304428069955677 1.005488965765228
8.00761389502224 0.844024673739332 2.645093228008027 0.7503601906282584
6.32038106221987 2.268825619923287 1.774985390081386 1.051204562096936
7.869141813993033 5.001858867505549 2.978177989328642 0.733026318004414
9.695362883371859 8.266854027659795 0.5468510632627244 0.8863367100098887
7.325058840175042 6.100720705970666 4.44462525298909 1.415407302350164
3.049050877912354 4.422537319873889 2.604954178764759 0.9087902299195594
7.124415723290037 1.109139432683365 2.908921869035772 0.8825343778768168
1.691352559594244 9.578222471021954 4.270275223485383 0.9746323511104475
3.031534040230051 5.091341779954054 3.112134857429021 0.7243318841338892
0.9588178421253091 3.404034956873011 2.750321420498973 0.7748893817308237
2.029431492829695 1.666888706035627 3.868990863860109 0.9464492602171903
4.578213832379542 0.09095238646812054 1.245557452698779 0.9197860176369937
6.355074640969074 2.903882634779577 8.82904211153374 0.8909707359989147
5.275083267123912 4.861959930279887 1.93696973253096 1.043432043779617
2.649568342791226 9.277123410242792 6.432796784459762 0.7728606689383279
6.862886742193597 4.536662128183439 3.187585081294806 1.429701745190594
7.55300676628115 0.7309097415661392 4.822496555481781 1.143855882304715
0.6793262394001176 8.888495918589591 7.586635030308946 0.8869617141847216
0.1913910476608449 8.460452524318701 9.628277596499057 1.029443957742604
7.220285156199594 1.24301314453396 7.686347983699718 0.7775073616280398
9.796866241981963 3.95838033653124 7.49777362900945 1.564871410983979
3.828360731999156 5.57781766483193 2.922654009675873 0.8909316913495745
7.985503882082792 0.02174513188742178 8.963456322816327 0.7510914662085534
3.747676245296252 9.655437900147236 3.862253484538493 0.9460012932705637
0.2018837500044468 2.028302718079998 3.251057580131228 0.8683027213500446
8.116493771019291 9.043421527775394 5.351013004672947 1.119743792761492
5.859386043088984 2.434027937020441 6.343326971315917 0.9458466103826233
3.519478962165091 4.317492777961897 1.758171344873184 1.005942493134683
2.045166159134106 8.744580403565825 6.50028362652969 0.7921033103283779
7.211433085726947 8.524209817687304 9.726210740857271 0.7230945861200699
5.819937546986742 7.662100621832402 4.854875360449832 0.8644262095817343
4.873863207109963 8.807573515327338 6.389505436048421 0.7932832674342939
5.605564835948492 9.973821496930114 3.232423512894289 0.8225951753256076
1.134116659781382 3.082691647951755 7.533923255212857 0.7442666337027691
7.433545772786898 1.50387684420806 1.882148504704169 1.327408874402375
5.818889770461116 2.026554577427121 4.203901572125134 0.7992468308290659
8.546549140781666 7.134544846965129 5.76509615506247 1.10105737282824
6.939532718236431 0.0244651143718877 5.609394502433876 1.123091467012056
8.270646920942296 6.08541058992145 7.268525349617037 1.456462192402182
6.165769799660537 8.721741737634517 1.846023917740518 0.9919028642439808
4.321732126936809 7.345249923927447 9.150231066693248 0.9134456508774029
4.760960318405309 9.579384105862584 3.755920807986189 0.9609056198610731
3.71567101567309 0.169629685295134 9.210232508313149 1.368508404665242
4.368557164565726 0.4753803489813635 4.083741405562114 0.9475315938800632
1.837356961469547 1.594993733285879 2.700684434990972 1.389023119729188
5.650606902406379 2.99502513557931 5.471544297394052 1.022344789441156
9.960985254900349 8.055810074362507 2.279445181861247 0.8512671973691326
4.989004553311718 6.311404923301442 6.308849367118068 1.16517455438791
2.923290627836521 2.103113966086535 0.6543296333667936 1.012096973493661
4.895140808396985 6.859692040065221 5.423145182400009 0.8168001792466222
3.356252130491294 5.034551727494292 4.762496495184655 1.134136886474692
4.826768317484899 5.489048365501915 7.855479165257974 0.824902963449879
4.712347688162376 2.608490347716119 4.534677309547604 1.562111329090617
1.680789088702626 7.223184108093431 5.284822620350396 1.592036381879635
1.137644456015082 2.896888898995496 4.84790934514719 1.257397957180311
6.691630864575136 7.891347203560568 0.08614212647806374 0.940953020080793
5.690795229957918 8.30658181833198 3.91898224714941 0.8504565525285526
3.596879716616754 9.171600412662501 9.719071684962456 0.839016062588094
8.268689835128257 2.644403724056894 4.362985859140872 1.097538786091622
9.231251368337135 7.826429915190665 6.490921246983381 1.162588653197126
0.8457920619384696 1.352142692215145 0.5252904776667333 1.587112785698452
6.60969778056262 5.764271209644842 1.784775470060718 0.9768600629138645
5.863131965212649 2.473673083185469 0.555161721119668 1.417574548044396
4.821580364980336 0.991734006294287 9.973060574645249 0.8524876494915816
0.4951875087219282 4.428691239894923 8.47419899385908 0.9431956689572752
4.766015698730859 9.29286581762817 8.603267789778947 1.548247410813948
7.666030141850618 2.250777214287127 0.2403817626510296 0.7216914162561017
2.258381273603775 1.629511576069743 6.932087630577704 1.268390133349295
7.347464421181901 8.591105842843001 3.340837808878902 0.9228172044253216
8.655210058984094 0.4313903569543387 9.504438876874634 1.039549985175667
3.539112438668153 7.710958529323166 9.317876679431123 0.7532195323629585
2.492936351696531 5.232265310893792 5.422482047310802 0.8480647815953621
6.253734659244334 6.922433577837133 8.494372743212129 0.7537153769352449
3.06090555985486 1.190910171955935 5.083189534083815 0.9917153353614536
9.171496211237047 0.6375330012533176 6.411726632561669 1.439819034242907
5.245390319000733 0.369190540455796 8.017936112637837 0.9285106894683526
5.160585210562329 9.341359527412392 5.723288067322598 0.8884734772820161
3.804780629620299 7.01195888739031 6.310557454577618 1.490605812266932
5.192741088641473 8.067283945042435 6.943287971065299 0.9932066603786667
7.261312060476429 3.352556831240453 6.270793952569205 0.8955501653265672
9.433028909286362 1.930280396539967 6.258163199413 1.163831527760593
8.465259113718385 1.621537826692901 9.857460419308003 1.409243143549341
2.191518478441328 0.853125576122945 5.919175761903278 1.013150018027239
9.185212427756397 7.555008831466628 0.923005369433918 0.7269882160057293
7.410337700561815 4.084670526769052 6.937339835318761 0.779200964700374
7.75607335414089 6.853557964718807 6.478307522288214 0.9195764738201252
5.778140504301763 8.585226712972085 0.6218141233347196 1.516975963744036
1.424886359670516 9.036822085656476 8.512395851112927 0.7380182843057468
5.062136936286562 6.380908587554234 0.9780699824096917 0.9585578735630247
2.003945925335472 9.311996227318984 9.192833776456107 1.077156563357826
8.216204079439477 4.81389636614287 0.2382627419800432 0.8837059488136684
0.1415705359858577 9.336154222338253 3.6760425002743 0.9907452918025497
7.526826303630618 1.490414743501153 8.576073406302392 0.7285536185601343
5.355791355721207 1.321295564561009 0.6083860750356451 0.7784404155629344
6.546855011886588 8.438868215435608 3.881229401399227 0.7883957505279899
6.08766314558649 4.515219597415094 2.197090271968734 0.7294306118436353
2.697590822993353 2.872923961131504 0.04044117223594879 0.9469250404170106
8.589832873547715 4.561433409653667 2.604721433068815 0.871191326855279
8.930158058576527 5.280633788449935 5.090463971891669 1.104980731152091
5.810445666280821 9.320737781979055 4.007555655300125 1.160154633878947
9.487242741858962 3.34339862566404 1.641991524473743 1.153758071171077
6.029729294092915 9.426503180576944 5.213917351850374 1.042974897821845
4.276122878376288 8.794178995041991 3.425489369613084 0.7202953136759389
3.296113481528042 0.3987078490988438 4.470573794061305 1.006678490807198
3.727389633220687 0.578170070844054 1.097817595654258 0.9295114618261783
1.109227411324128 2.34163314981373 8.435513734559709 1.374427124007754
7.398606370040187 0.5387879246060856 7.243825121657452 0.8703859191365695
3.273391904670944 0.8417197695979206 1.906726006373636 0.8011207707721708
8.243429507869429 1.29244672278686 1.039155122781218 0.9254731261868473
3.718816645315318 3.331283429287317 5.324315116181138 1.019024811818186
7.44111670882116 1.477864278745036 6.888672405656377 0.8889440044924984
5.232030662214857 3.414532822191843 8.879133997806646 0.8984146400535488
7.877149887133252 9.619012911861526 1.488137709554588 0.9280877820529054
5.302964063568441 4.009377300893614 2.387967778699131 0.7470265238144066
7.784984698021723 4.272594867039166 3.914811079293985 0.9271144708937867
1.979960282332617 3.797731696655764 4.89950429398263 0.7638271851850635
6.488161789535278 1.595332510556489 6.409955210888169 1.003333704948906
4.525754230186702 9.773592099551957 7.44607253099377 0.7514216202198273
0.6635903997098558 0.7334242803790236 5.59063880828869 0.7458162623839757
9.786516603201857 5.044733539233553 4.093064851799379 0.887921000828469
2.668923944099357 3.855305105075221 7.190232837752744 0.7981108319079471
3.770097579061723 4.391116162330928 0.5239529724634827 1.34165730971184
9.561543432443179 3.855051744522654 9.029264100897342 1.449324257759759
6.870090861765104 0.402254760927645 0.3212267164387694 1.01630750481576
1.158988424634307 2.56016981129407 1.041260653838765 1.056573175002895
8.910511204512826 0.5000176419027902 8.436980922188875 0.8636544717332552
7.665137270916396 3.873152326112082 8.57841866139168 0.983748707401219
3.98142208287553 6.137998353182665 5.087392231794235 1.408272315932622
0.4223192824528288 1.13481941561458 3.320004507686332 0.755610708856857
7.924731644859656 0.8860396615444222 8.995278416881638 0.9121315049736205
1.205562855460325 8.481358754385631 5.856036305599037 1.137324268737553
1.184399050322293 1.881170068261209 6.559431693364943 0.9830546838218687
2.306073960833877 2.129621149680494 8.614195687074748 0.8689244598214414
6.780519183303288 7.989843617496306 9.185895102428253 0.7745192337062409
4.185932930097668 9.06426118394268 5.439320515943177 1.138962369188808
9.641744021976704 1.392158574220047 7.145500718039449 0.7525702673437589
8.946805282801424 7.790409397036141 7.419427856860358 0.7346668397525711
6.766295635774115 2.532934701932645 6.845085804317211 1.068028615532379
8.787922494134637 0.9076474919798028 2.423866958230507 0.8306657846466039
1.475525690173869 7.26392826453665 0.5576064582792717 1.035541852901668
9.14481609624861 6.483515398664119 3.764614626307393 0.895339190893079
7.51483440071602 4.366557262565225 4.91036035438901 0.755958661685933
5.020762974637588 7.968908986734656 8.738747700468464 1.09392743686201
8.15247421674721 7.922938728415027 7.438587764770427 0.75012455562755
0.1430201988790447 0.6338941067508175 7.354708309925873 0.9526584747294986
2.759015010877083 5.148600415710454 3.950727874904207 0.8281251971802756
7.903252140759642 0.01377758989362321 5.418065475070855 0.808030043839318
4.5578200615294 1.07716662528098 0.8421140916714853 0.8735971464414313
8.259329594499384 1.786313422625336 8.694406494228982 0.7943990211856595
5.78317050680158 4.084909862614357 3.605285870618715 0.8082281060684144
5.186051162685253 0.1965243896808788 2.309220169995848 1.197522908450749
0.5572713058578493 4.005621853820607 3.100990835054966 0.7423892604550713
1.112227139891099 5.563277637702535 0.9747284275225343 1.198756512203693
2.685758448351448 1.986230933282591 4.427172865740309 0.8479546091062183
4.824243336947969 8.421802130041858 3.854199859741886 0.8289769443882625
4.822444496816511 9.265348675607017 0.9594107175219713 0.8356145468841599
5.305793151118186 1.546804893133248 6.635798638983244 1.155323014869234
5.118561191121756 4.57371712619307 4.020139199030091 0.9341928878706711
3.092351010360699 1.743212698388935 3.422988580764581 0.8509993988721454
6.21807196942021 8.209780884822539 7.241973170808541 1.116843821952535
5.548976505437994 5.173273862654729 9.161405134413373 1.352806629700295
5.180809770430697 0.6394064937653199 1.432477804120859 0.7185555064023181
9.117269779744278 0.7999456156407792 7.617348182180074 0.8976590383896746
3.154034914522901 4.246248566162729 7.945370581448454 0.8438929812577608
1.30394629510319 9.979488492451559 7.72828209855953 0.830164941261074
4.182449053503405 8.189401208762321 4.94094771278828 0.8309381506509114
4.50867525570037 4.008175311224966 2.704148821896566 0.7228316831498146
6.857760553031225 7.051184725291744 6.334508542025428 0.7694422924757693
6.17490244780467 0.7858390879157451 7.323001958792384 1.437740629918297
1.166277396369489 3.246830486532148 9.158514100450795 0.8368046102644676
1.139879782718397 8.349809194758221 6.94237008619609 0.7402179760609421
0.3257469760519005 0.1237376146724467 0.00139361518693204 0.8396572197348774
4.486154500361085 3.242651952193358 8.004199881606565 1.009330875035492
9.862391945467309 8.247732845485418 4.100009190551186 1.370686587205787
3.791185760730297 1.651694788430206 1.33981218420524 1.204256992205788
8.353627005687398 9.788762182697983 2.499299259648441 1.201847371507745
5.596237592395286 9.406795666801022 7.144149270194546 1.508996059076516
5.436602189041238 5.326151032993342 4.803225883522662 1.18558071098023
8.354947130046179 8.824861550764933 2.083715608455221 0.7329951455501601
5.584470518693168 6.773496962392088 4.941523288676587 0.7624417105862825
5.897316103282066 7.89915835491084 9.582556696579596 0.8699495280539492
2.608517615103056 6.102650340417521 4.592781647420001 1.42187193560016
6.953777451514592 0.5663179102571603 8.447824861809696 1.266250163430092
1.058324863126199 0.7979263006005788 2.989997809030072 0.7941783958519312
9.376295677845397 2.054294841859906 3.002833364875891 0.7672699856767048
9.36017744583685 7.3258846855847 8.011990793662161 0.7507130873817325
7.971151000616208 9.466760419951271 0.1914394170114297 1.584025902010661
3.304235984100997 5.182312265712943 9.670501196503363 0.9151077947802866
2.338937508497453 9.291094834971638 7.313685662043053 1.011169347352745
0.5142811964324634 8.714335454378196 8.598259377804654 1.126259635107983
5.007285000900413 7.739664287471581 9.93257704184018 1.033158649865921
0.5292916392223823 9.733335157053615 7.326339643795214 0.7988943059188381
6.126219567497041 6.050360721993098 5.018363781867831 0.7844805820416746
7.881260304144989 2.375153119103333 6.442932758676005 1.175870490375139
5.300682949767097 3.328862414905693 3.309283833985731 0.7648686218443251
4.545831045137422 3.841568387856263 6.984399286407474 1.252266318070002
