8.467587543442034 4.522169080056809 2.974539703780503 0.7759331381768423
8.254699075530992 6.030437802535431 9.163955821693154 1.013895936808468
5.173752241537864 6.255278631036165 0.008865779941735763 0.7452610769651189
2.788395217805061 4.115836607250309 1.375726071909722 0.8435114539392948
6.174362132250145 2.046166149620261 2.423146393104172 0.8604786495976311
0.3809042195695155 0.4928471946182666 8.820403473869696 1.084538972936886
3.229596739635804 2.694379687984598 7.799478948990083 1.163771123620345
8.524843803364515 0.7751538831351378 8.813485620871944 0.9087078436580509
4.947494871811513 0.5002339575361159 7.133629389284961 0.8396117376388337
2.743692444897396 5.502424071530345 6.002723228995292 1.100674704154354
9.45737283167932 3.320885122320064 4.692057305513288 0.9779311095478969
7.096785718092327 0.3171442319797302 3.910550496762145 0.7849994193779712
4.549342678070733 7.778252086563874 5.666059336655126 0.7922351152522679
4.70825103889912 9.506558711297716 9.053349678315096 1.015555210250554
3.501178614897495 1.164522869788125 0.5104734449739122 1.18427279161971
0.9519872255640048 3.141754450327306 5.943483663843477 1.296548614453046
1.518896287507305 4.442006013828917 0.3294935036358315 1.007036104519604
9.801041371292877 7.449049991183247 4.629058315153568 0.7798868186490385
1.302286040913692 9.872538797603308 9.129684800912058 0.9245324957088824
6.139757803784573 1.476811056574919 6.684971432216328 0.7571701299128231
7.098419274174709 2.532051028763873 1.075919315356082 0.9463865087203989
3.046199707770786 1.732898864097668 2.923545895973912 1.352199269382703
7.928413918481553 2.446226853833869 1.596779630414472 0.9214524860539615
6.978089809532356 3.781427241301625 5.637708346725178 0.9182385290166132
3.072728725818949 5.908607327716581 2.325289773974155 1.435279450523589
4.702850883245795 0.3987659981009206 1.837647448391125 1.372414805321016
8.71293620464264 3.132835090078726 1.699035345352382 0.893677716994655
6.951601799921393 7.871143841813497 5.869265382902129 0.8718589980809665
8.807261086332865 0.3834654562861683 3.924786475720246 0.7718769300000056
1.685498383525582 6.359339954433826 7.285393257698876 1.104182243746491
5.882285179075312 1.346085888940486 3.692756865785072 0.9484557280053553
5.791904775502443 9.068905712503943 3.897392182084373 0.7692519336407035
9.758992349477174 0.4299042429347566 3.568583065123323 1.074281201700663
0.1897894590231108 0.2617717776879858 5.429167555078864 0.7518448900186864
0.4857006708276146 3.464549878200823 4.871447279394337 0.9149752979746242
4.615846555855084 3.934483918471972 5.343613152870018 1.102857654055172
0.3324666876213411 3.24657932288927 7.808439273161291 1.003583687784264
5.081913299960497 9.408393062668745 5.787620645408787 1.116626983044438
4.674121018710274 6.616758901331301 4.132724022592178 1.625068501773272
9.359215069204577 6.729052726430871 4.294597907160954 0.8910969330125825
4.039976414517009 3.678569812549723 6.141375241894696 0.8200594903903933
7.021672389563325 4.119323488443224 6.591891122734103 0.9920007733517625
5.227178140494835 5.566181378044732 9.525224202240056 0.8056754721887307
6.309682720221376 4.181460748484959 3.840013201959162 1.026437907437995
5.993719602246815 1.016239952596002 1.604832842913945 1.40424799913588
7.551017848544814 8.50876889207531 6.638273644923442 1.382057422578739
8.44851616058293 6.003358599990579 8.166779958225055 0.8997508635010993
7.924902164757144 4.917364338561086 7.963739620187833 1.265759238832972
9.586503447886288 8.362639892806467 0.9690216907288585 1.547576684235014
8.287390867482081 3.946776037790914 4.050734115585512 1.631076558140689
8.801427621462185 0.5652330242218628 2.811321452704681 0.7615021498376927
2.527057608213122 7.158216588763906 3.869327448467917 0.937341349938007
4.867004310029764 7.250578494808174 8.747849786405562 0.9808866553688719
8.002208394045445 0.1244711532237841 8.162551557509298 1.126934462645304
9.707596008625508 3.940204872010816 1.072398477107951 1.087218588966142
2.789449456200452 5.003638486126172 0.5128531583626339 1.285254281457399
2.846715625890037 6.365808105271882 0.2019528290279593 1.352898973692169
9.56898934406192 7.202509728981314 7.842607429401735 1.005616842591242
4.634800686729848 7.390050811703067 2.893844981777667 1.232246738008743
1.863380345053057 6.452993709677778 9.724662300896044 0.7843420050671116
5.036228970839381 7.09983208240416 5.253436605052078 0.8467001629702398
6.247598557768254 3.072915115912046 5.640785395117604 1.02521992312727
4.037727339977565 1.137980409157395 3.595790249994834 0.7442025423610955
5.818054218983452 7.548894891057342 7.510017811097841 0.8759228096564554
9.640398356370772 2.109368643793709 9.651758245428256 0.8667701358510915
4.206846439076116 8.363466123335703 6.902377344529357 0.8873331228851631
5.341230115108853 6.103226391805819 3.079760552323997 0.8673764154034777
6.508923986141068 1.955781659448871 3.186963464718334 0.7722759192514468
4.996960391465104 1.870061269039996 4.181841345353106 1.243870947211862
9.135320856089331 7.587807218847749 2.72283202052628 0.7615987856739779
8.250786175990918 0.02261012022364062 9.428699917399049 0.8888463535541832
0.4889514946747663 5.018195572214788 0.9263000354501083 1.002770575782761
0.6390174098104373 1.255210299746982 3.011564829955017 1.448498442728293
3.972347240740264 1.100373689647289 8.962646535931167 0.8656495627406375
4.917785764707049 9.303355442267799 4.717067800496183 0.8901899120964182
4.852781165031042 6.41401131777572 8.131988665510098 0.9895820828448103
9.399815571725963 3.639855391486473 8.461420841836954 1.316970212114077
2.313663789107127 1.716720585595948 1.946844489732758 1.024746559237939
5.392057075449673 1.671167933365436 9.802315012567716 1.116339442583264
1.701935946731205 2.182989066549795 5.624574123458773 0.8408795423778194
7.965220408530484 6.287686434876626 3.59255880086204 0.7698373610529851
7.854622183040189 7.915868739067141 1.365499693665074 0.7652118631205759
3.632514125612774 2.217152804029354 0.6873622861495909 0.8617563901113343
0.5685769826924979 5.040653444670285 4.099463823564775 1.137900728319507
7.428003056048886 8.250009734497096 3.171355265767598 0.8632471213443356
1.545793060543925 3.415405777598164 0.08300102096307048 0.9425458044028262
1.648934240604349 2.677793744210117 1.663223442580381 1.321163601652497
2.947387949888657 8.011566406852552 9.115098499197414 0.9499061372126621
1.581046831555844 4.293676713758235 2.609096759842833 0.9220607711680937
4.237259595745424 5.185631362959323 9.369766024840676 1.142656700648202
1.621553920929104 0.8984302040715231 5.206492783251268 0.8369009269845649
7.30413778143827 1.701484421767709 8.769512989861568 1.053622635889069
8.587423868650891 2.169171548678187 6.315408469670227 0.9229280995999812
8.691197643836222 5.255001472464103 4.519935668533922 1.079074493200637
7.277699240536649 8.889836738726222 4.281948912024264 1.615752512301678
4.27304273002972 3.281200574107324 4.268099621837091 1.375060376001081
8.717052309714299 1.364907391513247 2.611781764087678 0.757744705513804
2.112067289942502 1.300721891427357 3.605640306656462 0.9092204386947967
3.230112777979732 4.961525027167649 9.532135162117772 0.7947191480017429
4.147974778279315 2.113932393869899 9.587811049775846 1.454407096010745
1.646519893343402 9.440260272727349 8.407437946286519 0.7706558601727682
1.064610506655753 2.611852227543362 4.869567516441832 1.037742212457222
2.484605432519251 4.156061108172111 2.89364884601116 0.8911621197231162
8.728302587836753 6.689609681433951 9.914092231624672 1.143364818038566
6.040773408477384 2.337080410115059 0.6507467012509938 1.318169357222191
3.751474240299999 2.852731841806047 8.705467872008754 0.8011552729812632
5.828504161847024 3.5297338837349 0.6975722960985364 0.8825797229760817
5.630832275431102 9.599791764421749 6.865698709935891 1.198480912969582
3.920738826422263 5.39970601595306 6.354965582484877 1.218184433165822
8.427392010050356 4.173091803902103 8.609668855660754 0.8412346793927898
3.918287466010445 0.7352480008415019 7.380182984144696 1.273514489176357
8.96839514034834 7.907822674038025 4.204771529106286 1.17438333307731
6.597709328826506 1.965860745237388 1.585875255058541 0.7984868111383315
7.581222188118228 9.632141952336386 2.309753549273361 0.8389591920406478
4.537215927149897 2.528013973476287 3.459765415586861 0.7767384667847428
3.115083586941206 8.777131037459721 9.799753219819062 1.072013375997502
1.308696699359349 5.194864085866444 2.536745938762759 0.9199179816130374
1.380544322011526 1.716616902241397 2.139594889434484 0.7777514978303399
8.319022365860283 1.35519397675112 1.545411417770005 0.7824939118380483
5.392654908444351 0.05740439918198503 3.919915904957042 1.30279448040111
6.188727257744772 6.842294140903146 6.038882833485312 1.338759347102123
2.590698633695057 8.493962667512969 5.561491016716269 0.8185006685985297
8.572914167745738 7.639358572384451 0.3110045826673701 0.8401163143203573
1.749852751698041 3.148443450942039 8.933486852655175 1.312197224391814
6.04373890294609 6.347169329905711 9.661292609499336 1.055651330913385
5.067341198612504 5.431851641358329 4.654501141703726 0.8855579783971683
8.07827436958854 2.170776756016889 9.17353813546373 0.7483326561362457
1.59843331558519 3.747550603483373 0.9748940071862777 0.8186380412082106
0.8176540889619566 6.234742456260658 6.721628531325935 0.9292716725375982
9.03736139341953 4.394998215045866 9.387206860108286 1.029187785428063
7.047849398524351 7.617756203430494 3.620268001786168 0.7373227843850022
9.029689040413301 7.67164199717657 9.421147062748403 0.8250815662237714
1.056240323757222 3.086929303222743 0.7950684892293347 0.8646914990076376
8.312635113546282 5.234353349251893 0.8697623577339363 0.7664636624447013
5.393992193076481 0.9176270614529791 4.73343085180482 1.007767952320171
1.352025388568905 7.788879237760374 7.455076508456599 1.557018280364981
6.017221534583457 8.584711988177515 0.6106244401973692 1.477561351866443
2.201451735547586 8.741496504315714 6.810074050443894 1.197756556951114
2.623132066656557 1.009971037583753 1.269745583195601 0.9620507801053613
1.524758331830933 1.907668778044996 9.108910603533724 1.096127313449604
3.567653932098869 0.8443495730370743 1.57233255918619 0.9794832065334127
3.166371448573432 5.88495613988165 6.887655459275929 0.787066527072152
0.6740331926811494 2.63662086310271 9.764315621837483 1.392614256777506
4.077267910275574 5.648408031812893 8.374892151625819 1.023585492415717
1.909778677482594 0.409934723018448 0.9220929974375169 0.8926716860237474
3.312098038118468 4.283769704017738 2.803996671912522 0.7415275429267633
9.351732005369941 3.584288548655298 2.067459931853053 0.771669837967413
3.994509112600958 2.770862731533098 1.466266680029009 0.8492129161551716
7.143674620345859 5.637419528290088 3.672913335817282 0.8951234488874545
2.847607864979178 5.017065959731851 3.195824181166028 0.9653750500467897
6.193909595609234 5.032501583804471 0.8707028026324292 0.9093017205439951
6.805965037937066 0.2481561326529802 1.029742375680592 1.056764124180449
0.6883224773422513 2.019683950848628 5.694692685512742 0.9589162987447953
4.682754583317461 9.150137154700989 1.05179414717239 1.482807921463118
7.084724345677617 7.095201638544555 5.239174200881451 1.0543909970587
0.5029548110020965 7.256830397097109 8.08402562198202 0.7437433502668166
5.655490130035043 7.035519458488652 8.169414951082906 0.7828321539657005
0.9266538312283955 7.594131404446293 4.677729629035285 1.197747923979658
8.879031744537844 6.192693808158673 4.978488319690535 0.8499233252246128
3.746302255355501 7.596383358379226 6.273505254568662 1.020871368993821
2.435074032085828 2.066331057865532 0.8978296917178251 1.068861350500719
7.917156562713302 7.712068411406162 7.320435761309276 0.7891005876545645
5.638446168485975 4.16327032661401 1.355878588626472 0.9446935244849647
8.003270396117914 3.036345706852217 0.7084822140261537 1.114364110893304
9.871354841224822 1.040193908216769 9.550964643290412 0.8937524340312518
0.1235533827279689 7.519941230018536 3.422233330469981 1.510021540737464
3.053769101589199 0.8319366302897768 5.949442413316445 0.8471740173558923
8.50141947645244 8.549754875613898 7.512846549977931 1.102857838326968
6.772383784926392 5.657388001976583 1.064820389143511 0.7896169281170388
1.304637166363645 5.437173910717624 6.920911405058558 0.8593671436378399
9.389104528361825 8.938859068963227 2.037896959009763 0.7752208075643535
7.87742955145392 7.685528219326729 3.877204517098932 0.873003188683909
8.985551022082298 0.4720237420777085 2.051037441361444 0.754684991469957
4.196236019016196 8.905653618404587 9.876753849414294 1.042090720518385
3.735958860516273 9.947057889244956 1.528817657528193 0.7989583467972168
7.207053868016233 4.587130533263708 3.920063722567563 0.8391331231710176
1.370879547010264 3.772620226113458 1.86932985268573 0.8970188112735809
1.622929685386104 5.435210137044427 7.92210385290286 1.051938661816801
6.80564980263875 1.23113448926199 5.966226334835738 1.204184090484898
3.221817141380254 0.3263103474641971 6.745345280633506 0.7373085018732781
4.653135816861096 4.529534909124582 4.4439553965816 0.945255465215907
5.782611641116391 5.98407466207342 6.826344821675931 1.00198341061763
2.271370013319603 8.992538328385358 2.060202573022617 1.331466981414
6.646765760828612 2.24036149981143 5.935262150314693 0.7878507312635522
4.521447782786123 5.774666549453602 0.2039341573697961 0.8861598958645831
8.346189039410032 4.716340691274603 5.309914836255004 0.8644545378027655
6.282629387296171 3.200368215622508 4.458698668034409 1.150290316569692
5.420574766012617 3.567518489020385 8.645407895984068 1.223763162722686
3.735338826160891 8.861940635901 8.745122377945092 1.323398764301704
8.142840382698015 0.4342164717970331 7.214028680949562 0.7414812587101379
3.31463055836864 1.296482828465449 9.508397506321167 0.7410143401027636
9.804935704200011 1.762969694856561 3.927806290061578 1.089504795483398
0.223572230543626 2.687724728716271 4.307905498950322 0.8975545662944696
7.878893174812224 1.968192676300708 0.7620123054636073 0.936954842061
8.782489079751961 5.23243911252094 8.718849056623656 1.050221714824202
7.740305078299926 5.96150624153037 1.679148929314798 1.4865797141427
1.245703261570419 8.820872103004696 9.177666608701792 1.124909888701685
4.16475839335177 1.372326227290009 2.240310103189671 0.9164209691382148
4.259155931480059 3.183382593058999 3.028372493190252 0.7494536724630843
9.261978996549647 5.343935706041012 6.578764771556372 1.014770506328868
8.994124448481671 9.476795205501155 0.1238068024343108 1.372126234527236
9.182933772700212 5.402251278035757 5.488291420464993 0.9662801082101116
7.443615954689053 2.05130624418037 3.240620369781731 0.8123881182103028
0.4505361272732089 6.363161919626152 3.09418093995641 0.7357719165737762
6.011976299061796 5.853140731978034 4.038166173206042 1.377201981248548
7.800885366219134 3.509268281567723 5.879751160342348 0.7559399602918074
2.06852284983526 5.651095758121805 3.030663217160708 0.87303310730075
7.918185279418507 1.056754355179655 3.384151881030038 1.332167379145744
5.389308243283201 4.625106566383048 5.116393848447276 0.9603151078188343
0.9184642405490205 3.365902739446462 2.680870316630206 0.9935895031430302
1.976610453124352 2.712386307353035 6.357159100718779 0.9238099733601993
7.424319055484201 2.031537907150818 5.520877590255577 0.936650714010891
0.9738179392967949 8.946607337164723 5.888166271349278 0.874706329265698
4.776720607891817 5.24587942797148 3.562342171500993 1.223369800827271
5.371716443095208 0.01281002140586906 8.032850695893675 1.205849180224792
0.03167719825678539 3.085647669255839 0.7249428172799177 0.819953294272749
6.34024473927692 1.886090432526809 4.8190327915146 1.483511727149136
9.029547247591029 0.3859402607951068 6.619654059226617 1.132008780835308
5.897973635985894 7.223786751364624 9.095875983397567 0.9234038343799474
8.721013616736604 9.126750920483163 1.326375635595264 0.8070796135669318
7.795023621996702 0.7386385093530512 0.990058253260967 1.090355763663483
9.926213303361136 0.08621932399459076 9.655906026682365 0.9299471851307398
3.51013255294002 8.714807855188104 2.476346753438343 0.8047036717691675
9.189983949017664 3.787866963818538 2.998798766777762 1.042430120895112
2.478629582375326 3.336322412205884 7.143466111638283 1.125029206260661
5.948607403901217 4.931151140824404 9.828526681200481 0.8420959883418437
8.784133999118078 5.851901865538975 3.278330539251423 0.8077289708785936
1.380356387169612 0.518466266902462 6.777722491340638 0.8258309892322282
1.821995212876631 5.901352802308858 2.084072009222406 0.9904129330685443
6.816080944991824 9.579237696115392 5.326070809436847 0.8120655159434967
1.170203639062578 0.1621717426947167 8.259694334563315 0.8788652137012342
6.793593220019146 7.910887779449157 2.405295216368166 0.868510916005246
3.369089725933577 9.08092036845534 1.537953920896571 1.039755811099108
4.719588293389299 3.390334986761279 2.344480200456645 0.8273240415103525
6.732275147379315 0.1695425561176089 2.064844494648002 0.9627383463384951
2.526019003657785 4.92145053069396 7.990563028696299 0.8461236881164859
1.576300393667303 5.791699327396 0.7249713942753332 1.552910691269799
4.848838839361436 9.08909038720684 3.732493023406784 0.8893888128810294
3.784715186051403 4.431155220435968 3.723905429276517 1.251859961188834
7.071847228088954 5.673556994752991 4.543648763440183 0.7738372944465409
3.169776750411936 2.784598919092732 4.820150571347638 1.223174255669583
8.495774361909099 1.754764760038597 5.212934801749568 1.170863483788269
4.593023542714707 0.9170300118829355 8.260634149566293 0.9273788238426397
1.987180455719527 6.300757197607134 3.839938662909097 1.006408777492136
5.0727759959461 2.855952057627138 2.940406610663667 0.7603144300280381
3.744352981901317 8.319386663842614 5.420492272972125 1.164791909737136
7.143086218384595 8.932780367681932 0.8604385203229502 0.8735984326487644
7.910394670451142 1.627737934365131 2.404887347155493 0.8058263662629708
0.7287759704861885 8.056328919291229 8.582716772311954 1.017772954995723
8.143400173094905 8.565157709810462 0.5991022998851081 1.203141839970242
9.661515198597904 4.500096407263342 4.815494542370183 1.348042282247693
1.180065279209341 4.229316136778677 9.196142623470333 1.105186539616954
5.929329462566683 0.7797496649747371 7.312908155448129 1.09459068658108
8.665208383071485 7.777342927640457 6.620889363119719 1.197760763783437
7.766580844388888 8.911828673004731 1.674554015304376 1.048091051050793
8.269765602213615 3.38338601718939 9.396810481259283 1.360369829109952
3.45723223301154 7.713377024731528 4.290840716237409 1.266446991045001
3.748981141679639 4.450971105199356 5.741603488491404 0.8799671658429353
8.986901059667398 4.597199676263822 2.318198694499531 0.8648131436467931
3.432324495301116 3.948012803299657 9.690027645239773 0.8805678745628808
5.557008008822153 6.429343054373384 8.777225399435544 0.8784806180764879
9.884136664326125 2.553604523703777 6.719255123598658 1.503795351580969
0.2680804294815464 3.780450907948165 3.69673585850258 1.465617460343504
6.464653695216524 6.107809426914566 5.146598744693883 0.9727856495874569
8.865353432940433 5.94979709524671 1.902774365682158 0.7446779614209781
7.814420388708008 6.044104706000167 5.94464398452305 0.7969073898572683
8.426098739013533 3.029507893513104 8.297966135771798 0.9107264079455416
1.82494642418453 1.152033387940967 2.711736559330241 0.9448722142260734
4.461063592772622 3.111667931443671 7.814219572119436 1.366586665992931
8.154990085240748 9.319677617633115 3.424521454285196 0.8375195185373405
6.363682876248639 3.217525213167894 1.664725558786165 1.328781162356427
1.61778550592948 0.3375397563567983 3.297427011279885 1.057488906663639
0.9030402388096214 5.390800479972752 6.013458869683525 1.086054101558732
6.060145007376676 2.333961250427339 9.568539346467823 0.7795034370539611
4.818055902989397 4.026675240413642 0.585003912547597 0.9943538928613731
7.532011580783064 0.7771275429949664 8.751967850730036 0.7411133738356979
7.460481093351729 6.141763706459732 5.117747993609964 0.7858462519277551
3.622781394379339 5.578477058878873 0.09596100466418012 0.8101778229116421
0.6427237023384658 9.526923893915711 9.649903253594601 0.7535362718905495
8.893424427646535 9.092173447801514 6.184029853362012 1.541998738603901
1.020888545680838 5.950795472246027 9.53417953644631 0.8458164405211618
9.37867752849181 4.915159146656254 3.504072403036701 1.370818720335603
0.6697819406815375 2.231923501897629 7.543047383793217 0.7351895327006057
6.344800394649878 9.824811564144342 4.418113030454021 0.836548659029727
2.718386133266931 8.054430256753152 3.040825025529779 1.45264570357143
6.890635278311568 6.981140432842803 9.595104109462184 0.9576336152752788
5.988741392422774 7.077894971543171 4.709793137122531 1.246295983551624
2.882440394110276 0.2636326811738254 0.7005155785756133 0.9341808688683186
5.864047267760268 9.039579012295839 7.832592398389253 0.9657167127636258
0.4536836313003512 0.4875839908111068 2.041893718327807 0.9888901498627104
6.098836391696403 5.722567121481148 5.929617806810922 0.870595712619635
5.56312631354758 3.512156781768882 2.307919789181545 0.7497046021452658
4.451499597475685 8.615784329833089 2.85306358869467 1.171235808415564
4.64134481919561 0.8703961234485114 4.100257617511652 0.8198732014125429
7.968884704277104 4.299988026668728 6.247522781229629 0.9623774096465662
7.791263225337352 7.867069266830082 9.410955849879715 1.518348145717949
2.573515564088888 8.478706263778566 0.8067120183886022 1.185162264056591
9.698758638712535 5.669840829886906 4.436390308010586 1.045377840636373
8.105057602639606 2.690846574064008 2.463369704574649 0.8078162256447498
9.721142421028135 4.712035625404527 0.2560679543324362 1.082464700920536
9.987578449212812 4.788115971945956 5.962248657000734 1.01460351136942
9.484293430581772 1.544118709129311 1.116802771145822 0.9878620544197498
5.075752575170586 1.424224404159657 2.201069010293244 0.8586377099383666
5.319314662876264 7.592400098363952 5.923374722332538 0.8232848275834821
7.899203185805589 5.904682467160673 4.39198601919611 0.9021291280409517
6.830939582692681 5.903190214739142 6.623898393828322 1.053884310191233
4.002291351390529 3.967176434271391 1.560227009011781 1.455069436790634
5.1463256224545 8.506501363327889 4.396531195959462 0.7931164018528077
4.418860744636548 4.970577186322871 5.354383005146649 0.943580036651079
0.1389699597788385 7.372108704291895 5.427225660689412 0.8988016957201391
0.2142185815265851 6.045623936421127 9.110687069019303 0.7834694073582713
4.293970350835269 6.806883996052074 1.298696944033609 0.7833732219203619
4.613479898973625 7.782081928468211 4.798246020777891 0.8674186252319284
0.5899326954838868 2.352197803774323 2.263928918767291 1.149191871436034
5.194240086586891 0.4510581955488624 0.6766576930784873 1.082321415545119
7.990658494060632 6.692160462055108 5.441091512808171 0.8368246157372875
7.152081600114439 8.922273030084831 9.853677033150268 0.9874403303007898
4.86439040590554 8.532400601567867 9.156068305839074 0.8593618578852298
4.001220631359883 9.889066848773966 4.059247683991369 1.43144627023913
5.354152215598008 8.29652843642695 3.483502614721477 0.9814157480886782
6.036574532957945 7.370278572719006 0.07394934369475691 1.033229764043763
4.561882256109741 8.485973309823512 6.107775620779769 0.7705507569146376
7.081684517059152 6.64432384431703 4.07756970218521 1.222028390243338
5.682114874637016 9.978937959150615 5.005452638859576 0.8806341055319499
7.714181140612783 9.730821429694211 0.3830157342553508 1.200979534831328
5.442776114054643 0.747975145149765 6.041245646392905 1.553058245845344
3.608178113414351 0.4511419951026163 2.734262921340996 1.400995883288976
7.659733791391618 9.864942781195529 1.500171483779899 0.7884195750026615
9.36689837624054 7.429789797423306 5.906634850445827 0.8118332700388589
7.504344424121351 3.331721056926894 6.631399220428044 0.8024810536643352
2.771752375099454 6.131464475861042 8.039963803312553 1.391708308083754
5.5668638156512 9.191230366077821 3.056248791639993 0.9423909212130096
8.780243901540077 4.064587217121841 1.653749619586334 0.8117325494603175
0.108974232669008 4.233965442734847 9.335797027866077 0.9984081616261786
4.650818282583338 9.157387081476612 6.702437571163783 0.8663650081214613
2.922421331254341 7.499660898520909 1.146537847428418 0.9123833937913216
0.6731949075932964 0.6044992603686405 7.516774734936356 1.044447714379986
3.814412549803592 7.874102897007244 3.302363353431622 0.7800321032729329
3.359826635901532 5.885408650307066 9.168369181461413 1.090455466703548
5.06720601149487 3.072833345016971 1.364627070223374 1.263226709079322
2.449714836733375 5.353777008103333 3.915340504579528 0.7529392163799902
7.584771924403092 4.780221687257146 9.417188981081887 1.55775473195284
2.813592812229869 7.425453084320907 5.457579580669782 1.26192379950447
8.968009277203381 2.86494016860416 2.523530772260022 0.8411475968798515
0.03542447167001139 1.684221931998194 8.823111372844876 1.021040561491113
8.540364416939223 3.788082313365498 7.667744408075159 0.9657904711684435
8.71821696102251 7.01512553974621 3.436541995052011 1.180784936957773
0.9500236752498891 3.880484587026578 7.484308728870617 0.7632063641367371
6.330023801991659 5.430741717487511 8.932423075373791 1.29109495154298
5.738180085129222 0.388244896369041 9.39074815942026 1.606348712325415
7.436376157491265 3.721088967209054 8.332340281682146 1.324502278469711
0.4702446961462448 1.203827812651498 6.491116864933658 1.289540131458435
1.973026045095472 3.144791726543484 5.230887501156735 1.134924449521334
4.503886225787037 9.820470112467095 7.288512925719866 0.7749537942784924
5.310717927588605 2.23256532329314 8.660513201639205 1.367357152748639
9.256187390035565 2.806529967952947 3.679546072028559 1.247724078027509
4.534396970990964 4.478737202262409 8.300499995808797 1.334051606712511
5.384374975113312 6.167665985590037 5.27770227069704 1.072821485841652
0.7858368817584382 7.851714945252352 1.45132448083268 1.104746371514613
4.245612018579047 8.59490179680861 4.476116496241601 0.9713797086173349
2.968497560559062 5.813887877627408 1.158595245515426 0.7617924276284121
9.181163925000934 8.139524940084064 8.444139798510307 1.283190244067982
1.784221756423134 6.898806880924386 6.453361443288402 0.7867891948879632
7.633217934336298 9.325207400261432 7.553495436544758 0.9313998932038081
3.583168055512432 5.167508008511179 1.435721314681282 1.044977731261569
9.504061482745673 9.741430502130818 1.453156622722913 1.155292084175205
2.849147051274155 9.637037357689865 5.852077379710828 1.523648141060717
7.167287888516189 2.917651259328023 5.88836514095743 0.8073079092364206
1.811086892482514 7.394053765901226 0.6756711535893488 1.424925868283702
1.847545992295921 0.7308550780283174 7.714339685633171 1.141781768816491
8.175554478334753 0.07420694991315591 3.061213760353767 0.7502661271338058
8.685225152322831 2.174652766659218 7.492467322957567 1.386966770647059
3.945856992310057 4.627530653429571 0.3949016071470889 1.096591585965266
5.922685681161857 5.109858995876886 1.727160750704981 0.835422651349741
7.209494647379887 7.661567782386983 4.494572211974675 0.7842743039693588
7.565812262496372 0.7487884577901938 6.553337134479015 0.8791177025331934
5.334769177053402 3.808847180475895 4.524638262672558 0.9797412746428116
0.4787082871354497 5.958520313035121 1.841599076227969 1.528799320476734
1.74556227179388 9.97901678447527 5.320427759278096 0.9657966553630927
5.231883964266952 2.774810812062159 5.088803334154012 1.28946871182734
8.498169861522484 2.103998288414301 3.042115137373007 0.9720465750196488
5.867560225580142 1.26846707456272 2.758187463922802 0.8262277577551017
1.12571526924462 7.728138620438127 9.535726275696772 1.053259457573481
2.2460192732671 2.213651220466759 4.886042643193891 0.8224837661561889
4.454274759253973 6.697295377573778 0.1243106317095865 0.7901170745655345
3.811450192114055 4.426484259463224 4.844180358766535 0.8508854465799846
7.947288083738018 0.07139029546702313 3.980804825465335 0.9070770737994325
1.812804173638042 4.178608154435459 4.575649700287864 0.7680158566356329
7.788547937425254 9.327910034051452 5.469987025574367 1.043445067339446
4.516900160296731 0.9129474045534647 9.923351487166874 1.08112006237663
5.822435404142109 5.95629879859221 7.852590237123882 1.011759886597018
5.310958444552707 4.337905654273356 6.019746984342826 0.7978754352898407
5.442517796718695 7.85228234327681 5.137822033935874 0.7830092884420314
8.731405917745072 2.211608774875653 1.169743597444668 0.8797204448494108
2.939796752835835 0.006335733950516564 4.603661563190105 0.9003197798263476
9.696271498334301 6.087077276397957 3.466476116294111 0.9822491576144785
7.415917635471631 1.65550729094389 1.635555521532233 0.8612285114875264
5.560994584791141 3.749795013372314 5.436447160677519 0.7909981084982752
2.549853135621608 4.351974619217556 3.977456794176969 1.086515179815775
2.536300857200042 6.389558346095446 6.526247959858957 0.9169728494016388
8.854835784146129 6.450064003462999 6.184245096310488 1.418197137472755
1.060519803494361 1.59350488290939 4.913209105771929 0.8764006208757276
0.02523554077204615 7.165679815704646 9.136896899706956 1.383966198232526
9.455668347658616 8.19033350820691 5.281715007889144 1.088296800357973
2.098716228277862 1.820380794615827 6.394066529194798 0.8239136175705528
7.032570133205244 9.36612683663124 6.099567990194406 0.7852535123986188
2.936450348168977 3.412517157040226 8.940860675991271 1.001166108524692
3.519381371097066 0.5122667540431769 8.410989328897436 0.7552027445408419
1.401348050479835 0.8309378719654991 9.034335044601674 0.8828619572247172
8.322387717656511 8.524722841937805 3.749427606075651 0.7697963805797454
7.064433630869886 6.243298513690193 5.793177600367394 0.7492933348855477
4.419470379816519 7.600816649090946 1.847337123927643 0.88709794571126
0.3478498961067055 5.338260202984352 6.854596013495374 0.8555667976261396
0.4050739509566836 5.67884892547827 5.142795460442107 0.8811916732721125
2.456870304247962 3.485389283802684 4.418654712298946 0.765001070894894
6.273709627829301 3.102217888482489 3.096367005462258 1.408843315189106
9.535557336875801 9.005288987935401 7.409067614636397 1.115594875694173
3.472229051065508 6.480619321318053 6.053135542637757 1.137918974887306
2.197537301327432 7.660032778165841 1.845126464467321 0.9720337821703164
8.218656996254474 4.76159486210963 1.680193169868432 0.9316299465029654
1.018093645510041 2.886190932344809 3.90331320327567 0.8404289318984379
6.879680620496377 4.410045444026007 7.536997116780197 0.9652557579317873
3.027523452550541 3.165497444031037 3.427449412260404 1.551442754917391
5.288812957372529 4.400411419859394 6.901282950807854 0.9086606036838961
9.220571565684885 1.402248320351114 0.1278390376954119 0.7549015240513762
9.831641126551418 0.524845728182427 8.034462945435422 0.7916262895749615
2.828722766834748 1.632069331641932 6.088758222097578 0.7522428200438497
7.517380324137612 6.990270004056917 2.799478323408509 1.476354019802134
5.610168887953409 1.111124611402436 8.22202619978132 0.8910449349826669
2.648711384238643 9.529709319423583 3.489265580235863 1.515000894134092
6.969108020624799 5.000133692784356 1.753471593278942 0.8767076514808236
6.425030705114744 8.507280187572942 3.187706120072257 1.155935164674507
2.204128901596828 4.924775917253672 2.508448950345515 0.7912373776253409
0.8645048094268647 6.771526653915078 1.030598428342006 0.8067752212168789
4.560923434020919 1.075602267105693 5.202178455277006 0.8444440357521253
9.71317436663297 4.199564534139384 7.13199385217244 1.568058477560111
6.368981665533021 9.240337048810268 2.413265989826353 0.8489472541608309
1.431298836106135 6.663684564826032 8.598327389064462 1.540833776251927
1.991392445445323 2.474204202675671 9.880290712717454 0.9631605983862096
3.838479219682141 8.307748722834082 7.79091955800277 0.8118312919479387
6.669493331078112 0.6320548555064787 8.246967651161349 1.190258439667204
8.713450152052163 1.660099361035492 4.095018272459695 1.061279797050774
6.800856148878897 3.056950482504881 7.472910389001716 1.097695201069926
5.366030802799281 9.162188663377021 9.713861402827206 0.8739782846243421
7.901359901262552 1.322957411417017 5.959850772160735 0.8578908168653594
8.617021529475057 1.995281490142636 2.094315303808445 0.8467421400943344
0.197852767550768 9.8264947031647 4.534335275571213 1.041202154873976
0.1531866154310957 7.972518509003588 7.771336570652242 0.8453177157495592
3.459199597233368 5.242740496623536 5.296184965559891 0.9154988854184778
6.816324573061608 0.5733697753808298 0.07008054992447721 0.909279166216041
5.83269559467297 8.449496509672864 9.399838557372757 0.8603233624010023
4.53896550712207 3.030053210013883 8.98075431755862 0.7803069163964776
2.638120919946448 2.043762454120972 4.031137875678429 1.008061241416318
7.609669138202248 6.711536312778877 8.92006361952337 0.8371775061732283
1.137456352517707 0.3382779375444878 1.436678255437237 0.7786686731009126
9.841275186225952 9.443477560666119 3.673967461361087 0.7748932090690437
6.757674470421426 8.636622572671085 8.714461234576891 1.269474353133267
0.7352423182052581 1.369026815614037 9.40777931316134 0.8469017419085676
8.718109592190427 6.171321694506172 4.058964344077352 0.8309397512898811
4.456419908160069 4.037911647240242 9.511195486864432 1.150657251214512
4.04059731907113 9.41260617063339 5.321800526456169 1.03631379531934
2.975503013727171 7.605148132576258 0.1573188368602452 1.020443635415315
3.426878566174475 7.2251147160139 7.702956661632971 0.9147533892958805
8.986297553336811 9.844406549816851 3.299900624819087 0.8599606530961289
6.348539204004719 3.26227688011372 9.621255872955283 0.9225552883654349
6.660606300365551 4.895048738974769 3.337588499005016 0.803720550582018
2.012207907327715 0.3678514319443016 4.339835270004045 1.041825357828914
2.405397669495109 6.66239441129659 1.534228634066062 1.060154481717012
3.28101276081036 4.015999937339349 7.945200208532294 1.351813618099458
1.667727052127019 3.678544694369096 3.532164771534293 1.250205176541189
0.3661918445568024 2.48248587339625 3.332109681843536 0.9786822965493659
6.600448833275014 6.605667774612233 8.466228106626556 1.217183768198725
1.424211450381685 4.558298519024363 3.992843312351689 0.749300958692846
2.580843564107159 7.508006909498162 6.746776892840606 1.251469627673876
6.880284543192046 0.9553969650504879 9.190933679154906 0.778631427999681
1.024535365468045 6.806557200011687 9.863723203275448 0.8722485842736192
2.975840749869076 2.986798001307573 0.03174653971411701 1.211537098379191
9.292730287277994 5.136964078886139 1.350633964796059 1.349879750158149
8.078869722442832 2.702535059431304 5.74731344522054 0.8988784354190866
9.574159384232646 0.8413641063393618 2.550822174266721 0.8872228952968112
8.172265053063933 0.8509263265005317 4.552958822774778 1.031215301495937
0.2195967716104386 1.949735264354762 4.839313915493093 0.8808687680022255
8.610374074533192 7.517533902108594 7.677059267013724 0.7627503879425896
0.009806752671401853 5.233596257966736 7.798156763895019 0.881569018930786
8.670612873835911 2.281993608732134 0.05817620683120195 1.219497173442219
0.5084451764281561 8.970150565302237 3.10990128952755 1.169921694426242
1.211951738442913 0.9589724560139057 2.033438912757376 0.7574303354044687
3.422408506638343 9.295744268707885 7.281444790636622 1.513497407806156
0.5361647121282009 2.261237558442507 1.091266410601602 1.124818073905927
7.253416499104547 0.2133119707498299 2.930979526762772 0.9411489378822325
2.231416568577267 9.457349783681298 4.805360334542146 0.756469525528157
1.51468475792106 7.9011586882646 5.924821816830534 1.426120963705255
0.09912909697337491 6.846724277878504 6.260683503844 1.020295392445372
3.769605799810266 2.074473590845414 4.008322142801525 1.1813786195384
7.028951092012459 9.602480080592253 8.147355082108009 0.7864305182973694
9.972777815904971 2.726022304320111 8.925902758322996 0.7493426171283394
7.393020240160172 4.151268781469712 1.861618139054878 0.8867419400688756
0.7187868791793983 5.275621298453506 8.660040152216954 1.19311749283139
0.1518209156800776 8.789162840176083 8.237606305416058 0.9162221084983529
8.302423732974759 1.668513340044462 8.491298043285743 0.8899205611800294
6.897260434658453 1.249455927101386 2.556642632593269 1.200695701063329
9.285029979413691 6.166806992223509 9.123957110005447 1.009217435832259
5.578971670045815 7.43467935438465 6.689626323595244 0.7436973609207075
4.540742608182757 2.358616832058057 2.236267221072559 1.142104692498842
0.685425902542951 4.844142145934598 5.116734593601261 0.827370857461418
1.528887592969941 4.198676447546846 5.377350100607675 0.8772367408299629
3.723167166603354 0.4751083344347861 5.232456086755946 1.132576548119837
1.394991526271899 6.996227463763986 1.817778374552399 1.066230437979804
9.548927959097307 2.046384987697111 2.74042664114595 1.167233313882221
1.776043452692828 5.889913337999932 6.217066505085105 0.9241508403081545
3.173288897264611 9.453368110172061 2.452026356713242 0.7628080018757397
5.234598807166035 3.875232508656946 7.590240610951812 0.7351676568625516
5.269553697157296 7.686656025518526 4.284599593578201 0.7486406427640966
7.892482729404035 3.098969127165607 7.467551891447607 0.8973263649942728
7.764917223970859 5.862338812973197 2.863382271692317 0.762738898549042
3.676575476370369 3.656300538424157 5.242796818145574 0.8037141660221994
7.751030856634403 4.094468610971865 5.27179970361461 0.8008173554184748
8.70341255491382 3.678810723511291 5.350078006684558 1.079563006005232
9.994848471988394 1.534039789277643 7.704781526567514 1.126111795477801
9.657686778148038 0.7173765222128691 5.880043107914324 0.8446931963157602
9.784627620338151 6.434164350922151 5.199034909960429 1.019391149026508
8.133210842230019 5.651150602912463 5.214979976111301 0.7947120582573305
2.16813258454242 3.615438256783388 1.587705541740312 0.7475358908618011
9.383816305082762 2.325567839887711 4.755556060207887 0.8810453366937536
1.360937493917619 2.302050630218928 0.595574693338381 0.7526425471824599
3.648917271049422 8.757084573714895 3.676967566085469 0.9871936895307588
0.8384800259816605 4.842827216194655 7.534751888742823 0.9269856582709812
9.376874431568256 6.322679974902559 1.41030371218685 0.7709371722697572
2.378358193743423 0.03206304664765013 7.017726083581888 1.036879901308527
8.061049047782753 5.281252902688392 3.553131185792919 1.029763531399116
0.8302588706328529 9.66707990298957 5.328670279532619 0.9197693029361952
1.171026227062536 8.772436683069685 6.721119210171568 0.8063960427040222
8.345788186420229 1.264289855035156 6.78806579100219 0.9531060430954927
5.225033679233874 5.284154248548941 2.464049434859853 1.084117263680629
5.929603196133658 9.633455887824736 1.479358871712505 1.194627605898946
6.678735998157569 5.537113022414118 0.1078281028668193 1.081782835203047
4.085301161077969 2.884079571872294 5.592642276337479 0.975684367062864
8.8478963683561 0.7617440915912709 1.326211921975891 0.7902707901872086
9.630566366680979 5.602906665413545 8.471672320891308 0.7944348257916495
7.445829557642819 0.1112869468001509 4.801710641213584 0.9695418073058855
6.926047835725002 4.738581351688559 8.35340526579124 0.746543879920988
6.146493133451978 7.348702715024233 1.154234551957511 1.044892829226471
9.999681773930101 1.441970398738847 1.968298491418998 0.8997014535136826
6.598393572220651 8.156100837810893 9.682234246898989 0.8070812029267183
6.069996451911853 9.639137449301062 5.864947313327279 0.8457930091752885
4.890358657451715 0.8786116342509852 3.083665443962282 1.182381693646088
8.775923904056302 6.638121472637557 7.43375720594422 1.054238945692572
2.552120898977869 0.7241732146180302 5.161198427576816 0.9308934829911398
1.763292898337352 5.428034665572993 4.90667874633292 1.59963187326821
6.680892431470165 3.267502527554955 6.488485715685345 0.8021962144759821
1.9201285245525 2.162143076374207 7.763869035832138 1.554047579365524
2.138241310911902 8.233203588466113 4.47636816170579 1.501762261057572
7.494568145745179 5.743792484395605 8.520420738552621 0.8590207754484501
1.933883349348541 6.932223323445401 4.72768465991722 1.10861029449428
4.832524541646724 6.347570642990805 0.8171670021311038 0.8364144525395429
5.591404786484067 9.631624000420581 0.4398313808313059 0.7442182748269166
9.20799257004944 3.178341029596423 7.501793791823796 0.7772059598917821
6.271953817868925 9.701484831202674 8.453825150368974 0.816247549733264
9.612081469179014 0.7514656094005178 1.576782142299168 0.751798861588056
7.12020824629462 8.77046505238342 2.406408330762773 0.842305859560499
1.108032398652302 8.840638972138114 8.154188401620486 0.8724660344829486
1.475402084118178 9.402771038866929 2.857193117047495 0.9610246895779251
7.987799802625299 5.897462371336172 7.044486351636194 1.135624367160157
2.648817292058771 9.459683655310112 0.9780098537355418 0.7530211015299894
6.905404946183775 1.41020401306612 0.7510678098559365 1.140985695897422
4.105825358113107 8.473327866153676 1.828227366483624 0.7656075900206415
2.025973809470084 3.699290790830558 6.187722350224679 1.01331381784548
0.9758803480215317 4.636405722444945 3.27851761326457 0.7844105949621006
6.937299428839447 1.498261423819066 3.774492459212221 0.9093610566367699
9.101158121011164 7.163926643990107 5.108303022579396 0.9135384490282695
5.526484789242767 2.701819701621988 2.276610171014188 0.8244899587449925
2.114855520071066 3.015840882560011 0.7193091429111742 0.8174085723751608
7.692792873736378 1.225204247104775 7.699143106652279 1.189506232186694
0.9689308198247171 7.079892946766163 6.522634526068706 0.7819128677115841
3.909581136516907 6.028949976345753 0.9225137729510301 1.008404540431492
9.349752395375516 8.007462310624671 7.400292659911413 0.7990419106592759
2.686481791671549 0.9175248902454447 2.32937773889255 0.7448611853192091
3.691202629479133 7.297064156606474 1.534747941118713 0.7718537177648321
5.913047635810059 8.899623610634039 5.008544974983534 1.274151684234291
4.667400895186049 9.810459812959119 9.991279316918545 0.9107619373247396
4.106602777271956 3.8940102601786 2.692736758345308 0.7497137793703051
2.996834941419738 7.206355604089063 2.188724582973403 0.9357397756550329
5.030280800503156 4.83110615755704 9.99001048986811 0.8424211357601301
8.584483598790291 4.179236086696243 0.5321632651597485 1.399349793591691
2.124379398824483 1.254033990285405 8.625233480657821 0.8681288070538763
3.639638112727738 5.620678520036747 3.48349554387342 1.059507074640208
4.961168732990371 7.535784628379207 0.7328442110629918 1.447752643793556
6.981812072905316 9.426216526409599 1.607365474109962 0.7810949759325417
1.065826102658299 2.87694334212763 7.281395469326463 0.7601256492308951
3.19194574185093 1.579776127865512 5.097583382700708 1.142298425272064
7.146159127134035 9.906394185149688 9.192416104433812 1.308272214446379
8.953811699414056 4.564395372641423 8.065166723760044 0.7493078697480401
6.463944514852051 6.753083969772518 7.281877197572256 1.133651497108121
7.462782532607148 2.930140369004145 4.866687523162335 1.236854547876858
9.009007582471019 5.374788010704351 7.620379114726867 1.042742989634866
4.579346726209959 7.483471002620086 7.569644154330154 1.371421447777417
9.796267529364728 6.181327480557732 7.170020309277449 1.189270818010136
9.365954126333849 1.376936177263416 6.72706071053918 0.9257133171245457
8.603982789760755 1.312878581950522 0.7082066864563096 0.8919098610254227
3.936720062148503 2.635703848084343 6.675552647667158 1.164521516126988
6.400811545608624 1.465517469154706 9.810510692744064 0.8813098071211963
3.44426575710302 7.956960416704476 7.087668780345581 0.7681805884868297
9.946076613825676 9.179449228108476 5.404205825252276 1.014856409680389
3.684920856815129 2.997065551231286 2.338170191912188 0.9356758087145034
0.9626402416586188 6.933082938142715 2.791560213791434 0.8294551324775484
2.797698926919334 0.08407468085857349 1.732581521395417 1.085118494292802
7.781736502225887 9.761734995134955 6.608209331479593 1.102767239605328
7.527567576448281 0.8844830868145946 5.24811165506728 0.7386293734859384
6.883072893272385 5.538592158784221 7.698569746805313 1.167092916722752
0.2444917417094472 4.422430593629596 2.277804502715828 1.576976136684951
4.763352342767409 6.657323479324747 6.378864099186881 1.457414747275653
2.032008242855146 3.433414275888231 2.487380631907434 0.9355285652089604
9.994940440245422 8.182321328213698 2.244132802894928 1.089362613350617
6.344587823907839 9.866247917463644 7.599519475019451 0.8696964924099777
0.5103580737732549 5.439865567512681 3.075879721302257 1.007475066249518
6.094103439768122 7.946422059149196 5.850207529316283 0.7387427245501325
9.439752321256584 7.157003271665877 6.897032207449736 0.815408246470992
4.167115065601281 0.06551928317399258 6.301966290684164 1.258023953220741
6.785646431371341 8.967921136990416 7.674121128171286 0.7894400415384767
6.001989937139439 7.155527543862947 3.272085373973144 1.566785320756859
2.492898405809921 3.271287377257159 8.143592338685233 0.7852632860083046
3.951867753503858 6.831401828490415 2.237245098026531 0.8936275336864142
2.085008706937622 5.310940733493609 9.218557963314744 1.625620778960819
4.164918851588877 5.950135308212456 1.873083126430806 0.8783948901502416
1.085335362625306 0.4574587576411238 5.891651861013847 0.9012196922559704
4.145645532617721 0.2475910984724472 0.7643859976597689 0.9775593612334444
0.9607716042219583 4.326029694018686 6.474916264524107 1.191031788607845
4.82072444187024 8.551891606487038 5.235448387973049 0.8809819678886293
5.353154444130867 8.362913510376153 6.965153946063209 1.156557723656427
3.229312360583114 9.018394128796315 4.657974866460294 1.061232579313655
3.442291292449982 6.871765860320524 3.27632173206049 1.26599253207872
0.2856378096027312 9.726654482029597 6.529309101113268 1.518342910704336
8.198569904097859 3.725124955684159 2.428513061816149 1.163215394163441
0.7613409658488401 2.439124499340529 8.469820829527269 1.114418794408756
3.430039763306464 9.364193671275029 0.5892851116120489 0.8641166999068143
9.772616808646317 0.67790488988539 7.226800631144436 0.8128102898417279
7.932990792691949 9.02801876639626 8.576852290175886 1.153594165539612
4.148601264927319 9.347042442209201 2.138759471931856 0.9083299474024751
9.636350644480977 0.5746604851507631 0.5853101552553729 1.184001476209881
1.860573595952263 9.297824869690723 1.083543787288695 0.7661145243214262
3.53506031306194 5.211660270386139 7.507601287591161 1.146015675214377
9.532026948610987 3.361410661851043 9.780960503449867 1.220941256120384
1.280599318871199 4.555295221038048 8.26503369865018 0.7468694998540413
1.642972141350811 8.394144269710889 1.402035275025039 0.7715683527562084
7.362408714561064 0.203990694760533 5.758626154745953 0.9171295513360163
0.9786964173644042 1.351048454097809 8.263857115988765 1.04592745176633
9.791175966974436 9.788024486444447 2.604496166467927 1.171245929862503
4.509527343812147 7.940090152645864 3.813203965884607 0.8721883854639075
5.935991081339898 4.809843467887403 5.800438029336608 0.7593431832887636
5.782494009615823 5.03676089884429 3.250164650230019 0.8630102930406215
6.621674895560117 8.043279841211712 5.026363002365597 0.8790833575111804
2.897567827620118 4.350108776822718 9.009746547951789 0.7730422999171023
2.457181951933308 8.952814486316075 8.846568648815047 1.190763169533962
5.126873424883062 5.368622540282574 6.067190206558528 1.174492690323054
8.905979534596792 8.333169793013097 9.950677792975616 0.7937389568786899
5.878253989288287 1.112784989277489 0.472028755834315 0.8003929016757418
7.98475222662726 8.81150026683806 2.677497555343303 0.9341122142215067
8.657565445756502 9.585087810349446 2.302444357066242 1.156535950458058
2.867246907582722 0.405066957185749 7.83125759887125 0.9327107617068583
8.964891721463124 1.497686348046631 9.282188045316467 0.9799109512906322
1.101527674129588 8.26708971590152 3.749464567298562 0.8629695530749154
1.245035295313063 6.097585100603413 2.994241048686727 0.9176479685916473
7.059178875437889 8.670784775708816 5.502855378349988 0.83180647612764
6.478804207869714 9.679263975084696 3.423788868890796 1.125133201320868
2.979150290341332 4.691871917938074 2.135469426066237 0.9091368791332597
7.543293862903131 7.02893231682792 6.464097571397098 1.444724387354112
7.506539099225583 4.854305723547061 2.654500539235375 1.190141307697553
0.8149545779173138 1.964949116827674 4.077198371395544 0.941807828213428
6.079907983913664 3.840192627684109 7.162519558023262 1.040168186858223
1.142442755624999 8.687843686137992 4.998634910779893 0.8661096166406417
2.186789580947235 7.256804841385031 9.480402613241058 0.9570772909575932
5.245930473748538 7.800207877042002 9.482786180935081 0.8442391643502104
7.036896370484568 2.467805275372966 3.911870541287536 0.9158455558689328
6.542133188185638 0.4871080635655067 5.108585443611728 1.030015501839848
0.9979233352840576 0.4225331414103161 4.736140458098095 0.9333269970434753
9.574830163665119 2.553288169511763 1.648923330417968 1.127569382023562
7.164899438504217 3.611174899325718 9.436635650016408 0.8490710364953559
5.264393269511825 1.959332633396667 3.02063070461256 1.02887547868278
0.4381411400004775 1.071315007181835 5.364366462942026 0.8663137049347857
7.270481718412364 7.681729056461454 8.315722534725998 0.8147500229633883
9.493753258385588 9.964140078194758 7.437761565384566 0.7363251073196153
0.4655009464235604 1.155210388090407 4.22827122739719 0.7635833177460564
2.516993662724862 0.6790933354671469 3.085506894875933 0.8369163879199343
0.3117820058247466 7.101827319682651 2.262371504444256 0.8038216196010721
5.222345744853814 3.029483210065354 9.825365286522647 1.318546044727435
8.057843968163642 2.616436698070523 3.86323758681146 1.022607158088119
2.78255927632667 6.024535729596581 3.413749523485355 0.7433450425912874
2.098630298350516 9.599779408074912 0.000300023937056526 1.436614382757136
8.091214500365197 7.970009542156702 5.343081424957415 1.558499273272069
3.460165295231425 3.423733035602957 7.050735539772712 0.7546828751351861
5.59224850354004 4.766710567103782 4.198122285466869 0.8886181109887968
5.583818673654671 4.520582806851338 0.5532280019290803 0.7668980565883947
0.7117598676468739 0.4041374709303591 3.838034221678619 0.8636288440592692
5.384682146916197 4.65107113378415 9.132545891218731 0.993091035771934
2.101601921298789 6.809631236153468 2.752298647276799 1.256223856042851
8.856220370197189 1.160469026596262 6.000997754361919 0.8126361895858379
1.891954169774053 2.784631585495097 4.264859935345172 0.8783982098755347
2.234087044781774 1.505089449109704 5.516531904890631 0.8601713099658481
2.092921260973248 4.464188961818673 1.074210515238123 0.7428008552277618
8.473173330991649 6.280674135721256 2.592979727690787 0.8864856353312986
7.687975190160974 5.033900855803725 4.503875890512886 0.8672049348564799
2.151722454922242 4.162898971438442 8.421565236202683 0.9967313192395896
4.614756619527689 6.298164895669515 9.209873712004221 1.099307701984293
1.417139692374971 3.469880443827345 6.862559533241035 0.7647285609316097
2.064710967342878 0.6999664756252942 6.082058376792018 1.089655709074087
7.158818935511174 0.9374469737870171 4.474572668470548 0.827449968917859
0.1287812763975282 8.14702381056488 6.508975182576759 1.536735638887162
7.548854024019073 3.042678844292589 3.1083796611307 0.9304682443224978
6.431167484018016 1.855101932472381 7.70368419323102 1.332646881029907
2.367394201813859 3.844523234580226 0.7110404399341251 0.7632060373062503
5.025261046305611 4.319580355714702 2.101754037560191 0.9132666470430238
9.173639606629351 1.226340667947913 3.312781018725452 0.8887319621884302
2.648251971971901 2.672941027192707 2.289855570599511 0.950418979311393
6.540690548398659 2.778272349276895 8.638490495506062 1.229940704097051
1.382571914297688 9.538988973588086 7.42907360442357 1.159058402094522
7.45340815553424 4.771091619387338 0.8698603294058793 1.140428324719572
4.230839364250576 9.911022276535743 8.186255450295899 1.032105179881526
1.01461426468309 6.582152087741606 5.529139687368088 1.321183903681781
6.562296784749268 4.31939244396226 1.307319855727371 0.8598151094761355
9.819839914065501 3.6559272638175 5.844005570276838 1.099885182899824
7.96532831108665 6.956004281512614 0.7942493571097319 1.150642294983927
6.334318260118237 8.259982301151426 7.634140943776122 0.8183754129670044
3.265321329780296 6.630450512574209 1.157727836221049 0.7436095202786874
1.288342871606095 8.004317155491789 2.611797683541447 1.391353289659278
0.6128540295243489 3.439181808211653 6.928492424600649 0.7693625546409333
4.49876543591306 8.076915462978359 8.522778508695337 0.8269772128582292
2.134703741809266 0.03646187837774928 2.521276396896708 0.8431877865610202
2.825857792597266 2.328289872294543 6.773906181867027 1.06454726519793
0.7386910976864536 5.043457362170975 9.85428618728719 1.096311239454481
6.152752290527097 2.529108465321665 6.768400021970638 0.9604735800353031
7.141002220099885 0.8368828370618864 1.651993189027333 0.7364293540370048
5.158641992964005 5.514026831747843 8.565745836890811 1.05065604083918
9.942905591001317 7.095109807863293 1.359126554879572 1.082938649021965
4.256334704536863 2.000024406811583 5.073204321383562 1.012335308354444
7.101646875768481 5.053374345204719 5.598346819474626 1.548938265517762
1.209582306160299 1.642855983019612 0.1333441166093774 0.7375349727384108
9.203734296728127 7.424791917698271 1.914721781971358 0.8048146731555463
6.59555186332982 9.653230689144289 0.2219471202178324 0.9341156951241513
4.689531271888004 8.915340106207507 7.820696068972338 1.224637375142017
2.551135685533739 6.471329718085709 9.104228975782354 0.8209665704032321
7.762544297879256 5.836302150169121 0.3200921811488688 1.157115884047634
8.000386439066192 3.725085503603657 1.439681069916944 0.7831906991315947
7.134907085392878 2.413319470875258 2.349934192342366 1.158598051497145
6.351021344470284 8.742746895482423 6.128949924346224 0.978176988616606
3.759954808836508 8.17613732542063 0.7551882769163853 1.209819398817627
6.577003047656808 4.916184537438074 4.501855535163219 0.846651976898811
8.899089979716592 9.322144628038115 4.537068709839323 1.626272355975071
2.287412339958814 0.1918906215182747 8.766628439591786 1.223163422871848
1.072725795672976 8.57351498235484 0.4101386347200731 1.331038233520558
4.058920994651702 5.353024705063533 4.511436132485065 0.9712763724786778
2.998842874311871 3.095735456206327 1.265912120917191 1.188776675143493
4.387795127825011 6.181178709671896 2.872737322546747 1.040543721439844
9.184779164375289 1.667181011515715 8.361970750800234 0.7924371660195213
3.142648724648739 6.702753039413318 7.070949723719915 0.7435223473375253
1.384893866060226 1.415969526535237 5.894153822177666 0.839989608378214
6.393256052938241 7.879749345713836 6.713324588516487 1.029776155249575
5.637428214964818 5.611355459097378 0.3432140995665667 0.9305748703994117
8.569088893621741 7.710785323004743 1.171705878047199 0.7390404245764514
1.362546754112799 3.536373178487432 4.541855555015821 0.7611034909517592
3.108077078860863 0.945719481418309 4.028040692683118 1.27008998172457
1.817539136667423 8.98662591298033 5.527248033771813 0.8888527064106951
4.857703684900776 5.169529000762752 1.195752909671073 1.480054017451297
2.767379469200267 2.157978872797422 9.007980188683666 1.393304151674622
6.389010997433725 4.194342630918332 9.008739228047753 1.129695224137543
3.253834286657951 3.899920883931263 0.6031033809859786 0.9106950728800793
5.710638496816154 2.926106922721892 7.639521671289811 1.061433977119232
9.629505436355336 1.759188229848473 5.655091863273336 1.12585980781068
9.084073669685242 3.075776844436522 0.7943054129061222 1.005994860199808
0.4594299665651758 7.472622176287592 0.4182077014947883 1.12170344329312
8.472877843207055 9.963871358984788 1.191165443365075 0.922264905609987
9.891492398206287 3.1013366150338 2.64443040819987 0.9920360519011716
2.365809334450272 3.996832574797151 9.737199132797883 1.117101414100067
8.651157274194762 3.346884177873974 6.567164940259552 1.320432191973385
5.720871591795442 6.530941000903233 0.6327135528371275 0.9621513348078016
2.896863793712033 1.033289651801168 8.893475683769973 0.7758872508608873
8.743968553153019 6.736795489225408 1.730768954043324 0.8167370482641483
8.45358658203452 0.3099107335105644 5.545337111219214 1.224940312929475
7.102290726794955 3.493683199526979 2.419758380413701 0.7603982583678879
8.437748393001817 3.060521900944368 3.118576940401789 0.7546816366462092
0.6482654151741317 4.087653978631421 5.490950590685443 0.8282039202572701
3.982433566968338 1.207192208772366 4.574388137925499 0.813706754374126
1.629639879540127 3.377289197782592 7.788767161715008 0.7872090424310314
1.16623661309396 2.173302922621737 6.65471428527131 1.047264620466932
9.641937678789439 2.341891710969216 0.5126249024999241 0.8625553200887732
3.80417437137574 3.203416546395033 9.461710758434139 0.7861105563774388
4.001612298977844 1.874153686226858 8.236520260516473 1.181341888459773
8.633123966742755 8.264253917171171 2.00040276912275 1.166433148427469
0.2271898682728868 1.577727924059641 0.2883097734086537 1.022590048528857
8.038817834977413 9.077386844398072 9.629867172394933 0.823671146058169
3.102326955683117 8.397343446270714 6.295066588444005 0.8947653576568974
7.445353275564536 2.193234454648536 6.747759535170563 1.434405633730534
7.627397204149863 1.826844840755022 4.483084512692018 1.056891346389242
8.620824032614227 9.635244371634995 7.355182157122171 1.039475932812391
8.623942062504561 0.4673491182023304 0.4905092348378459 0.7730480338363833
3.610490909354159 1.761067798967926 7.184071597967336 0.859278597260589
6.268278198863588 4.219291516112552 5.201359124217716 0.8857174297142922
4.008918403021741 1.380708898862846 6.137961534605189 1.327318785769277
4.136247627577922 3.151651727590061 0.4728875344487637 1.165523858682431
1.279939470255051 0.1913436813921054 2.371732959096973 0.7896659149514971
3.775563892880432 6.767781804492613 8.584413809257942 1.13288456411258
9.269585386817131 6.313570552005855 8.184903801014121 0.8123459674888932
1.220146289524791 9.590871045424471 0.680019775093621 0.7351795720761162
8.708669169440473 6.077491190128955 0.8392317472346876 0.9980766946435963
3.883634325496627 2.431578161593966 3.054746619557877 0.7404790304257928
7.214078371964023 7.238138496622918 1.545283777306628 1.00091409783992
9.929750640265983 5.873921486182838 6.130379458835362 0.8691936569464556
4.337855137326936 1.749935024904572 3.169969982360471 0.8156544834034004
6.133569982461117 8.093598748075474 4.189360077034769 1.003247056707019
8.176497752282975 6.909638870492908 4.475763738481247 1.115286423947613
5.42842013815396 6.712773318248795 7.366537527102372 0.8772026672704766
1.76392197635685 8.66270261635351 3.352448365729061 0.7623934832226072
7.038383835759737 7.605359062937453 7.449601767171266 0.9000200217974166
4.671929066453387 9.75498010111737 2.92355906227996 1.076504528466986
9.714803371253453 2.464328973064055 8.130999751760628 0.9494656896293356
6.47719989645252 6.455647354674801 1.53657528591867 0.8316096151587603
6.366892261067491 3.687285804620007 8.089781441672546 0.8151745563681617
7.801213902787493 4.12909366477408 7.162780900078408 0.8801662628780373
5.098869257637288 3.954920841112871 3.277200525907382 1.434688139163947
0.8746235553386394 4.237806129087131 4.597056819529841 0.7812818472023065
6.399880625927485 7.07981117025085 2.112456750376142 0.7531758323896972
9.007097784855317 0.5485643369479654 9.64428349153234 0.9043841235187025
5.829479959266945 4.665148699606771 7.977189699537397 1.258256689053241
3.893830660899261 3.652088540998169 8.788271896821431 0.7698318344940495
1.671432479977615 1.294694763646967 6.858390334015978 0.7576514068014651
5.389187542250069 2.985040928174193 3.934351628813956 0.8794225753729761
0.2052936181288489 8.616201795964297 4.373092406323883 1.258547776464085
5.463078740542563 8.477573083675397 5.964340596527255 0.8294045714406371
1.830129538613491 4.372246948366329 7.358712835049107 1.208074088072299
1.287129039789177 9.380273201568935 4.08317744790113 1.377125942742945
4.862042276103888 5.409773663560575 7.349758654170924 1.329761452775878
0.7508993732425329 4.051875307789651 1.267012978651685 0.747113017663219
9.60437852810221 4.764646245412355 8.533321691232208 0.8251856663290522
4.85543747286597 1.262832567100132 9.067035868524467 0.7934443390630059
6.234628415593753 1.528721134839114 8.889805765338304 0.9388380278980826
0.6233031846427606 8.809632538629613 7.391078186729155 0.8138869500135215
0.2398509470284527 9.483368006312414 0.5061593285283328 1.091051226755259
6.47602322495668 5.803543253503149 2.568608200084639 1.55102051742025
0.8076871662330941 9.204798584890135 1.738707797278169 1.596855513268353
9.004476395831057 4.461909679030374 6.026121310641892 1.016747347308982
3.16353879819067 9.719489925172397 8.420762903849646 0.7514135050293581
9.434629723996085 0.8621558181765732 8.718360933723556 0.7813874625983898
2.716986314381817 1.175535281889084 6.989142297485544 1.222134440753655
9.975555828998987 8.618083490201053 9.487765635849168 1.450548741110856
7.233954119083107 3.723922249886983 1.041257024205721 0.9059278600268722
5.132735796165241 1.706070243466036 5.239384733011818 0.8246978884770823
1.338176280259257 1.103717867946737 4.12937018228555 0.9571830624881486
6.391330416517558 0.6612656631684688 3.329683565578464 0.7841648438815714
5.545765850917705 8.16744292008215 2.077437824738948 1.560339388481994
2.160846114366197 4.345638886943473 1.920872223181885 0.8159022243380529
4.234359806656042 4.165996164333797 7.064361539029921 1.194977487345211
5.630944878621589 9.184344863549688 8.79390461663392 0.9176221197753545
5.901000598746617 2.243816233946798 3.75615337466154 0.8042045031352665
9.408284380187816 0.8451163019119423 4.743975168406914 1.384410906121358
2.703672304799346 4.209747285526903 5.272394832568728 1.374153908493575
6.841987171766764 1.080357360908912 7.0196169562913 0.8367462854777838
1.384272724779098 5.433399573018983 3.628276795102306 0.8499283100856641
9.208747019519574 8.667860489520953 3.102600789796582 1.373847463852533
7.610027115927777 8.088360506436215 2.101437689062404 0.779704817006275
5.742558003680111 0.1908253104201385 2.599285707951427 1.162689842462489
3.422957991786899 2.303356218933728 5.861167491765142 0.8124625787784752
3.066632992924906 7.08160289242127 9.351336699062884 0.8069028903039804
7.563869095602688 3.796269498674556 0.1628650410542442 0.8148841070100585
5.004749447122886 1.812475484842969 7.190571679580741 1.63245023217126
1.344449744625605 4.752677782990665 1.551955633596054 1.077053248422196
3.135874736463259 6.272274810414275 4.577938355363806 1.56358690365716
8.13004791814617 7.27089404029695 1.793342962749087 0.7740344809650668
8.54156460190935 4.681279222538426 6.99889790563982 0.8332058790454119
5.660326652167909 2.052843999716399 5.964715507567607 1.022325576755235
3.410208149409235 1.931473485281434 1.676192314141481 1.179423236332248
8.477794408544799 5.33129117072882 2.541154090860237 0.9384342775142782
4.97932960255754 8.409014664092618 9.992166486218283 0.7854201811636728
7.729336714602865 6.730498336833104 9.836078916068807 0.817829082103151
3.7691915477557 7.096196500963941 0.6165595813120006 0.8963778442604062
3.244509527811451 5.088230586309456 8.514499480313122 0.9156172304967588
6.244005317230803 4.915347343150779 6.774549918228251 1.215031166931134
9.016536040240169 2.489267913253886 8.925895043553053 1.079978895214674
4.732964087448958 1.688817781564861 1.037473358196125 1.574091198892605
3.769221833904616 6.606390405992373 9.659947305272397 0.783549334916726
0.3913046024392619 0.1962973700165638 1.15440964001724 0.8000366469306319
8.684634448841846 8.713244662196409 9.216093880307694 0.7772173717378275
2.373498176853284 5.208391425817307 1.618524192744637 0.9332163280982138
9.462298845885464 6.624906144306834 2.495534393366859 1.157706735327858
8.310517355968553 7.911841536253623 2.984728864591067 0.9055666167441122
9.476201080776599 5.51763532600425 2.477673578739411 0.927295136039117
3.084068962669746 8.139820069603084 1.837444396658617 0.9519719669665722
6.23537775522863 9.223923113289667 9.445273679462012 0.8209116840835601
6.266839655501754 4.349203192592016 2.457967601112642 1.333081008484682
1.974258072076706 0.7295858431797575 1.848827644686834 0.8229164753380207
7.536693990248115 2.360536897021755 7.97433302603572 0.9905190285641053
3.264622136880127 3.770569797809904 4.428299510511271 0.7512568312361055
0.2041690216857084 6.301840698632623 8.209667749471153 1.005842302337324
2.980202641195698 1.98823816682397 0.1178818962975892 0.7389038367655452
9.986101565517838 6.144449462556644 0.31618846027759 1.624006942245089
3.200596258667616 4.980515062826557 4.475416312693913 0.795664601429749
0.4509119522861871 3.258135509057061 1.611438602354204 1.042272641952808
6.313151783804924 8.821089647864612 7.024052347386045 0.7730861896531722
2.618455000023236 7.233644315071953 8.570076030877138 0.9257203833796712
4.74799256520321 0.177929487103371 5.048158516266504 0.9585795858316583
2.938162284007494 1.384975321036432 8.069400093480459 0.974801374029114
2.334669267066148 5.438092494178634 7.073548016345604 1.061347699607399
0.03157742628504989 2.743573434205212 5.29069377225103 0.9369019601202004
0.4018451621521701 1.11603545783415 1.167464156837668 0.9513255279886672
7.149271959577634 3.37344350141108 3.938172137052947 0.8540207859391389
2.264072585752307 6.422301283541247 5.580833716252767 0.9195059322449015
0.7788104185404431 6.70156018732158 7.56573332956568 0.8179496852020993
7.016870588193459 7.697061967426134 0.5499926968608669 1.13812961670543
6.612624975558722 0.1978380493891529 6.531972925413037 1.134270149420467
4.543680977317305 0.463292939697103 9.023582852474645 0.8152110828033031
1.722740597095675 2.348088422502931 3.073323910108289 1.482046891542159
3.905403419359087 8.989722200692393 6.210480904429478 0.8583155517376598
3.765629924863912 7.881548813464156 2.433832339784413 0.8824499426822077
4.666228939732592 7.778751011219597 6.496508466065338 0.7440590565579679
0.5801274912265574 3.83795137309921 0.262728014507495 1.153149767362299
0.2150965157995688 7.151492670200945 7.15820011838316 0.7876106323262421
3.492712883266448 0.09974308257267306 9.543028409669587 1.587975164989521
6.150825236640564 3.981663720327957 6.096178240168403 0.9314992564605706
0.7201634098801811 0.02199595256900944 3.0291787836777 0.8785438844097162
4.258992652308512 6.017894187518223 5.34026751053253 1.128696851778932
2.980171003869761 3.689398720039113 2.191380232036758 0.9490625302102629
9.403632357438788 9.938653784580689 5.52285342443911 0.7653940492210047
2.364877371240515 9.515053445880584 7.887994661499165 0.8952329916016576
1.019099602362157 1.493943739083174 7.32384459987002 0.7425298631699175
1.490484221658533 7.317066780513638 3.675669750292454 1.102992373971252
1.804586316491717 9.921788250834389 1.641169037538676 0.810501216602685
5.190346550187754 9.334718237414926 2.212171012990287 0.8308934705441691
7.323855217973148 9.306669007958636 3.055056116363505 0.8225836734040641
4.676208673734503 2.238535958121508 5.932441151732687 0.8315078735951688
2.732371881041233 8.138249099684815 7.872670068384751 1.287591594139438
2.240237238833767 1.331114020567298 4.501214811843151 0.783560214340236
7.204347043500419 2.430049402234695 9.857595750090638 1.447293628924732
3.072545984465724 3.232774052449758 6.102768442284147 1.165177547772118
3.738761514528871 9.351310009446102 2.98095720327422 0.7611815425632866
5.956528451472534 5.838881569308279 1.220988121612995 0.8552587153682608
0.4975864381418371 9.471249259015076 8.785246688057409 0.9211352606692217
7.464365284136501 3.189778554130161 1.755342222564227 0.8121672399496759
1.587438433457147 9.687801418474889 6.304451747299224 1.059790247551413
7.851815739905674 1.120410821744814 9.760015146496103 1.422641841139467
3.981932217075761 7.123511117855247 5.233811826624916 1.099786517115176
9.218474552516085 9.649493174555042 8.617237564968868 1.581237497476132
8.861762181795459 0.8517028966736683 7.768134773700264 1.203993954637075
6.863444302943019 6.541362091498106 0.6291937107794708 1.10150280219695
0.8985858315663597 0.524118103894623 0.162344065521699 1.383661925648062
8.311361841920085 5.247292326805797 6.115869530815096 1.028318819151721
6.44804028992411 7.560041639419741 8.109564208997835 0.7877563233813945
3.977055635852377 6.314066889234013 7.419068392309489 1.131593112897044
0.7460057570640999 6.349045096847142 4.164743887256209 1.438704288700185
9.024128303431446 7.031463220994777 0.8760410733953761 0.9294390376981583
0.414611823069928 4.328087883098196 8.204256622678656 0.8894762357432192
5.586679596351868 4.089490542532946 9.862694654095693 0.8273480349043923
7.440278189265893 8.420538196098976 7.86631540915819 0.8905801556765318
7.21530529373187 6.066130987189087 9.394574764756101 0.9029156129451292
5.995086573033849 5.310772961519211 5.097646842129733 0.7659866411874302
9.779515124744234 5.256435389000925 9.322105044508163 1.018283706070892
1.486567495447541 1.406062949936348 1.108905135413158 1.233368914845153
7.40819517346878 5.003111051224056 6.897964510076929 0.9585692456789144
7.671287044480672 6.786520591842147 7.811676563589247 1.227938664749071
4.070648497574911 4.98528134962162 2.538850696298326 1.255596183515841
6.939805010537105 9.439353719576447 7.045936724909755 0.7664026952631049
3.653719877328189 7.786310547156974 8.450909434214333 0.8297078899336272
5.55514076258175 8.115061286250635 8.425133889430363 1.218138389435323
8.811771886580232 5.387844259153524 9.918116372733506 1.209732177454426
7.235850771430021 0.1838012529960065 7.41631448198155 0.892509627145639
8.634105164654217 7.004994232968799 8.65123453766142 1.218691565786953
8.097347158366716 7.913735544964073 8.154266217549031 0.8109605455505773
2.380765594412951 7.147707234758583 7.719600364545656 0.7943982362080952
0.5605707861209851 3.38471087094589 8.849042862949808 0.9079319529094103
1.924371932757142 4.772858810951096 3.331879211808375 0.8424189810588776
9.088911016166408 2.717861405281727 5.652602127281119 1.010530694103493
2.111827139365282 8.302960207597849 9.753099174406625 1.080605976124553
5.261656612743927 6.539655497313699 1.916609767096232 1.504528533192706
1.088516389292723 3.794380625113703 8.308316845488111 0.774440333531673
6.720374364478292 3.200274254778443 0.5686886381787082 0.7913644711586459
5.15219544212974 3.23253801101455 6.460838255175633 1.505909564260347
0.4727180594041169 8.298736893282165 5.335853461607655 0.7845923682939233
6.564303773138171 4.177696428310863 0.2372990960753629 1.226339580435191
9.139385510245233 1.362296547556794 1.943899392551419 0.7484308056186526
7.992155857904464 0.5900545413944958 2.145583987761043 1.203163017707443
8.583143969241169 7.100449100417807 2.434971657679918 0.7418730934282604
1.896521725579602 7.948380166159843 8.7271130707124 1.047226915907337
0.7184559360419929 5.799355315661542 7.551021189657259 0.9018370431006892
5.701686687306826 2.143606507895895 1.673172812395038 0.814641632585461
1.893012016086437 8.792246950097008 7.847690235427801 0.7771893327220839
6.722614995289121 7.590701307513739 8.933234944450307 0.8111141514657709
4.525137630876751 4.537266478659905 6.148752053846498 0.8019097098139208
7.093053384726197 4.002781155341683 3.226401315790176 0.9372691332218411
6.876927750378253 8.21658932244962 1.499763589138607 0.962931295354525
9.482395031746979 7.389016919668298 0.1253464182605057 0.8421462531143498
7.030822427779705 4.025083351228408 4.652126031495332 0.9567622328477937
7.588285359420111 2.737408067482032 8.808557139008492 0.8062334039401133
3.704387303930391 4.475571405153702 8.994924829224182 0.7369015071018699
2.249545713474713 1.102598082092373 9.913935328284172 1.511957334032298
5.152190871405074 6.94528688235625 9.653556090558556 0.7641500895909601
6.360637282882736 0.7131275463012443 4.172823612566025 0.8674444975316671
4.040101864670363 7.710070933083179 9.523758680965713 1.408208755584283
1.678530146062216 1.927002025520884 4.342953180947467 0.8101754070153834
2.565347627030399 2.33430192714926 5.696970725109191 0.8786165929450545
1.885938849724916 4.811035756638775 6.07400041522879 0.9976188956669332
8.570656903491615 2.785028633509162 4.731753925928412 0.9336720917696915
0.2686007437110871 9.64914571672416 7.786886401435543 0.9293638562437043
2.947441557392106 4.425522838687094 6.657470119000327 1.36822927942461
