0.9140008911837738 4.980655409429467 0.3118896332801457 0.7627277795839149
8.425308139746074 6.72597133645449 8.425507372879155 1.324160365389492
4.42991389632294 4.655394819183221 2.365247679514605 0.8757976119336911
5.069709334139748 0.2368985094202003 7.729433140418712 0.9272592832158877
2.363958551539367 4.219135161160365 3.438640556762895 1.158646905890491
7.527857757295838 9.8241139725412 5.863655198288666 0.8027501141300313
6.932740051096576 7.512610781263215 3.952230677104525 0.7821371282984798
5.59664069466 3.319895955722692 6.305017153395272 0.8415267525032635
6.847024955216291 8.463284814361248 2.420142121805497 1.357801893215154
5.426085864802749 9.022635182128669 5.781991344117736 0.9909022104906705
8.515181051971211 5.741561587096089 1.744404291540314 1.263567385373578
2.878263259802008 0.1247996434675658 4.336268788865036 1.181361835889589
5.543790281812502 8.286112329355749 1.980898445202184 1.321973786531167
8.161873648497922 6.028091079754015 5.451693223880445 0.7574170848559334
5.084707585954161 6.226482061519212 4.975413353315909 0.7505798752390762
8.494223021952417 8.35848280265931 6.773417402631233 0.8073792483113239
1.953334264754382 8.452530710676148 8.372792202699191 1.167643489063996
2.444116604609283 2.17975345022061 8.370630017280988 0.898510106455252
4.910214675358649 6.75323604657275 3.312850839401345 1.18622223196577
6.977248970720959 4.887423118974079 9.124265966104728 1.000786030659543
6.570880109243618 3.756178740571177 0.175434476272901 0.9389155049729735
1.26745392460495 5.648085281957968 3.104454379340202 0.9648708361370212
0.3953260127251368 1.359370470531548 8.701013162222461 0.7347561270696114
4.557630010086132 3.386791639821493 2.341948752974908 1.288237286851778
8.745934781578736 8.022984646207872 9.545585947923126 0.7428004196996707
4.557861312304227 9.068809384286217 3.692480075912528 0.8334492569783928
7.82996637926503 1.27168614411942 0.759352717578451 0.9844344028131957
8.581101619701528 0.5409390010975601 3.407045323104596 0.8663653442905137
8.935216704773795 2.230751329266357 2.023805507131643 1.302494477903696
6.707276700903197 1.065924432458029 1.253188659211117 0.833872603511816
7.632703574292949 7.308275354003178 7.676226182622534 1.047574135060845
1.037961547831585 6.236211765840559 1.425378405355436 1.084032976107473
1.506819868949462 7.537473826805279 3.75592970380804 0.8138813546616903
2.485993118741926 3.104869699899983 0.09567589600088855 0.8896456133131783
3.05870660839541 7.194073666526368 9.568108168610316 1.318981282138237
9.668004741962761 7.094902880952332 6.959229142935167 1.00023725934583
3.529043588336325 3.621465272070092 4.803427439438871 0.9352365038763015
9.478689685451275 7.382591256098809 3.058979937443477 0.8268330167112624
5.856021145447324 9.597878999864999 7.826330053018011 0.8079132018578452
1.432120043166105 0.4098694734413233 9.830769316746295 0.7502784032248002
3.692359741476138 4.69277645065142 1.906914447699738 0.8055071372394327
7.233537272443468 1.980556926110087 7.00438581657375 1.204801790286991
4.164806170352569 7.792733889915033 7.79222321746014 1.007263873538123
8.675398505314957 7.842660076509038 7.768496406771252 1.266045282792217
8.547271381687372 1.921960400773517 0.4503060717169027 0.8564362041029279
5.106791019080875 0.2665386926561963 9.463840315034247 1.008994007284828
2.266915853583573 0.2501740144969589 9.993628674505592 0.8291183685019847
8.878959780673895 7.562827215107804 0.1648281748501434 0.7358929027257407
6.098937511600445 1.605989862194759 9.275373067521192 1.026336892765191
4.136213381776802 6.403320294354276 0.003857737365535741 1.092544464259472
5.712084796752422 1.653778984023319 0.1835458757463782 0.9082486667108328
9.248437855393131 8.499499177128119 2.547315710830457 1.502363940622857
7.62407940121674 6.827848527117697 6.597179756961194 0.8906553111072231
8.272174095593904 0.5862669762429595 6.199643464733947 1.331610320565733
4.354203546045153 2.238041664117859 3.903842476102199 0.8775380361244967
0.5727032689044054 7.435661050050925 5.493171921199753 1.016941304757722
2.310798658888274 9.459975051433913 3.684091805952179 0.9563378721787091
0.8916750990305788 4.843278310790264 2.549540237174857 1.053386133193863
0.7426545837963461 7.187126899440718 1.00160287041579 1.038413265846539
9.016330288044649 0.006843789407940948 0.5289672655348343 0.8685470555007604
7.617271040247974 1.386622440799852 7.735881083928549 0.7676445900990845
4.221415068504347 5.910761425298168 4.719361450536337 0.80947279088093
0.8362163142378243 6.476859224737361 5.714683499525087 0.8663472973445167
1.431842002104809 8.011979844742221 0.3774838505818556 0.8288479106852924
0.290568141978882 2.788655730434129 1.814037859410276 1.570048163524473
1.799741733704395 2.236122598852062 5.459590590777282 1.159132875160921
3.392498957891513 8.412230293808626 5.283453007645323 1.557618527264765
6.372118002826378 7.038938434198268 6.135621647165219 0.7754596751389762
7.550817345402629 9.142322248077965 2.95902080555935 0.7532022263317441
9.20002391457812 6.74784987454071 0.1408124355112694 0.9827688381275503
9.869640350589961 3.095774202851601 0.751036076400452 0.7373138612664455
2.876502543640208 3.181629856957643 1.598089559780818 0.8232708189964689
3.312932837088047 6.897450439614015 8.415640073541887 0.7959447566402096
1.984542509568966 6.887844306401814 0.624786515454524 1.580367986248322
1.140665190726456 8.396817475528747 7.748821600359642 0.8018674052008209
0.4997658347894229 8.821717405152597 1.365297464419032 1.019698438217643
6.211839102016355 8.765161907357559 0.2798330677502414 1.014599831152922
2.338598580282913 9.47626198533472 7.455214881546484 0.814586712821754
7.823535392311318 6.527027427007079 2.365319965236725 1.072349789451953
6.652246909703547 5.518551162829508 1.018130381818764 1.318846474792611
6.049878076641291 9.613368078193202 9.504399917155194 1.109712748103403
6.690329810512348 8.77027753609566 4.807601172885748 0.8277771445369014
4.934931017563937 0.8295369020839384 6.423169460112896 1.550802426082184
6.692870890330916 2.790914035979371 7.699324496944707 0.8354044478025741
5.425663088420928 1.592747545764593 2.372551614621904 0.7560660080460674
5.239603881015962 7.10013481796156 5.936707443102282 1.419838695872792
0.8901920338955049 1.349575604370077 5.05824365026293 1.375578190735881
6.723161916659561 2.039855354495866 5.916791665256167 1.150208821222585
8.355886621338415 9.248024785636716 2.655549645864862 0.781894203687684
9.456224880104708 5.660130170307346 5.433707924287887 0.8195676517372781
9.928947321934862 4.761541778836944 2.386365619251549 0.8200632537672061
1.146670083142656 1.070118991142743 8.301709753171915 1.011417731215288
2.507515602106313 5.850681965506655 8.149576313896775 0.7365549316184753
6.99108362749064 4.831277478745928 7.327957402239761 1.069478736018144
7.574118120044653 6.445651371336378 5.825163506868849 0.7445099763749461
4.858207240551486 3.856941951481891 9.628541895094761 1.004508605957339
8.152943408703937 1.748282271021038 1.480820576629048 0.7442171852072015
1.646829826143951 3.304348465547459 5.675325846727403 0.9504525199421011
7.026221627529136 6.996922284687304 2.093731704486387 0.811449633671079
4.210005556235454 0.9218103567971325 9.769321514613241 0.9435916481110864
0.3221544483814187 1.974098089356129 7.47425601479841 1.428541639524551
5.654414694476937 9.878658180163661 6.15461535993109 0.791847788401688
3.126365611154958 3.736558480064168 5.600898970533528 0.8293307267753703
0.05918198125419161 9.120012903597566 5.56199252730437 1.002300677879853
1.445816883589821 4.078424899628823 6.527591852592987 1.337181189795267
0.08529439907203895 8.27119810376135 3.733087392549755 1.38327598556154
0.05735715010168896 1.556531434782433 3.843982627658198 1.545269264844242
3.254663076662149 5.003761818359221 8.25158968562048 0.9302761458598849
8.324272576483262 3.745956727396213 1.017977281954929 0.9699566844947692
8.183954901736836 1.450327311827962 7.080311541097276 0.8766279737648409
3.792234665969017 7.268598779597942 3.308432361590773 1.118987659438305
0.130821014427791 7.191833993711912 9.81694062965623 0.7514699849693267
9.837307406564946 7.635698953000696 0.5947180943802577 1.100994202869533
2.48710003268161 5.320034804959458 1.902347647519124 0.9305249247131562
8.284029657752058 3.261593481171377 1.91927049566844 0.8995035995891267
1.191497927190807 7.88244683182334 2.187038103141535 0.8863100733191578
2.312259227294212 6.846581010987848 2.35036043281214 1.000116965600303
5.828470751508974 6.108427736728185 3.656022606332059 1.055289373777886
5.44654901703804 7.133252446945253 2.134205837998842 0.8020537906610395
4.985140450988107 9.332768388083181 8.605048669391874 1.480471866440128
4.304404034463543 1.85467356633128 9.131849010772031 1.080640373438019
8.182047914451861 1.357158347931433 5.361968693467808 0.8145983034560624
7.463559440070807 2.485626494238245 3.451945364794104 1.117571840115386
1.757148343311637 8.35497344612738 2.723786253759668 0.8980349628798466
5.053608619539446 3.243415770633288 5.547986288998263 0.8017185229974494
3.627980411782895 7.077410791781916 5.757912754166178 1.004179585010841
5.312854068966551 2.285457090184334 9.631721866774297 0.9008081562911446
7.521221632733107 9.428808626360256 4.849107538267701 1.213037255298851
1.917863026775434 7.427201879159144 7.270805378261686 1.616041870584838
7.482081765879925 4.472794054611708 2.834565527204028 1.061163203454249
1.844920326662777 6.620842655041534 3.438551758089271 1.063670182000697
7.57544923513367 6.497412472329605 1.172133749684814 1.314005830792076
8.65114191160324 6.816539967252641 7.073711346088036 1.078791745927012
7.25828213318731 7.065176545103276 0.09225977040208445 1.118332074295265
3.91734479313388 9.105088870827618 2.959353465156629 0.9321030048523999
6.761972733784906 5.529249979520866 8.247404647660037 1.16803899824512
4.176730397509544 6.988213716263258 6.872264621014878 1.349360304642534
3.862338070875084 4.953655592326083 6.14550554692944 0.7965116467088137
8.148105782295579 3.45731606472109 8.982905912236649 1.56141070048076
7.242198239898977 0.6259403544015663 8.1929683329956 1.075146677912384
9.557653782198322 9.835151394905521 7.227100531899119 0.7477806345768807
6.070408529802426 0.2124631429163448 5.006898312745466 0.7724715226787454
1.923370968917788 1.377435437100569 1.756058838881548 0.944857616699863
4.611365026094205 1.143701746297748 1.91594285234344 1.163722039640186
1.484295085815213 9.96802856997023 4.511200149859469 1.510850167308463
0.6934684141756865 1.805344445411086 6.15714146977911 0.8837675153974821
9.540379302408025 8.525867291639285 9.10454614452418 0.8992263445434072
1.064832107790122 7.794727660500457 8.466523707269785 0.8640302004061061
8.455649584221579 2.471011273418996 5.163411405457176 1.337614414738099
4.423569752399879 0.6009917680979193 5.112863524473149 1.225520137413797
7.71795954848688 9.056477095274312 2.147495824180682 0.7820476998513211
5.97555975443509 2.332686406151522 4.284680265164216 0.8356538341329912
0.3295483657680987 0.8419634168299261 1.047169223947856 0.9669067428480316
5.964680340890775 2.167146904806399 3.272372907323728 0.81712946095837
3.069575855982748 2.507370437978501 7.795896288559435 0.8505494257404365
2.575129991509299 5.205740579462794 7.580108014155016 0.9490678002923856
1.442821511550645 2.144533107103343 3.332660377501415 0.9816897993141729
8.769095893940984 8.628786129691278 8.550062283032373 0.9054445323965945
3.616947413561555 3.722008500729842 7.747613670061094 0.7994804381491893
3.56900062367071 1.254880444385684 5.906778387320277 1.364086796704993
6.074329337615657 6.26006009980406 5.78600294961007 0.8571695258285498
1.178024318159783 5.236589879386103 5.64372818401999 1.430636914656312
0.9374715829459113 7.353936193851989 0.04865039848782504 0.8071992906366872
4.699326110283029 2.664029483539662 7.834853921865884 0.7425494611627065
6.170095698955401 5.154084135387841 3.115679335810516 1.174186655685924
6.621365426782329 2.067880090918861 3.834244517283112 0.7626541797978593
1.525831779492182 8.011184156066697 5.466410698479488 0.8943536540293859
7.912000837602802 1.379430996000776 8.549544796347424 0.9178093002081728
5.327328596898604 5.34369564847553 1.647041148990417 1.574594280007096
6.935272865581962 3.385021416219729 9.406295505030831 0.8711748295957116
7.20799814150721 3.236753985314512 2.426715759897339 1.428257860349774
4.99961778045837 2.690465670879645 6.36217118816671 0.8297560370373888
4.556815796950429 8.065785918461581 9.962309345663535 0.8317915237674438
3.606868917331942 9.542193889590482 8.505275700344542 1.10302206986557
0.5052390588032007 5.921498698843064 4.702233083297437 0.817775513764385
2.200828336599967 0.4044024477417641 3.532932337485384 0.9089049660261015
9.704856536841408 1.992319925638498 5.329379730298663 1.27683225262739
6.260638211095515 3.790496024926318 7.255625024568932 1.388810072207638
3.887102320752176 2.211096417992963 5.314442688697985 0.929098102062053
9.975607770494804 7.664548484609872 8.657628539035588 1.065889314152568
7.828921640548342 0.0489866906138825 1.880407974646091 0.8828952964774001
8.36733139810427 0.5024354884028381 1.031794064868744 0.8510102099315442
8.36604713655055 8.801256843298765 5.068539231849312 0.7788993059647122
0.3472531221132735 3.214029510516252 4.755137841892803 0.7554899656092988
8.896285539989732 8.006746307739077 3.565659865568057 0.8087644313948263
7.210532626591117 9.780564526829695 2.511533474018859 0.8768595161776473
4.188526411207996 5.093476528639688 4.170749073404113 1.117884844837137
1.541216937233633 2.897397072230955 9.717450293150328 1.024003255778599
6.693809884764868 4.452220660691393 5.386293391958892 1.372404116532124
1.306553224102655 3.001968337753514 4.670263068683611 1.140689510951911
1.808515747188942 9.175862791144063 2.369211571287738 0.7526495316431043
0.9339070656412063 7.842892677071824 3.074555840151795 0.7581741277895142
3.441962681614844 9.079180549968225 4.101449818541123 1.055754185909098
0.272621750202926 8.750186881354177 6.455437593795033 0.8818263327147849
4.741358941208817 2.964381742906383 8.851161924898451 1.319004479078591
5.208849699424671 0.5532910585501216 2.931529065226173 1.324726030356992
2.390191052102991 9.031597343327308 4.572875023305103 0.9154926161800304
6.867148164436155 9.794664495873953 8.764361672525196 0.8336875758375765
0.3609906247144479 4.218639536301226 6.146991134888499 0.8024403540078751
0.09353572008060419 5.018167521534957 0.2075939385359626 0.7681468856326631
1.483788096771399 2.244620692480745 2.328765102645126 1.002410771951754
6.188569726055492 2.786112276195258 1.931944596857983 0.7573706784572239
4.89996224655017 2.404909713930317 5.527527469675845 0.8657867020236727
6.071487084537011 2.727452042689687 8.863718316439748 1.240279822349603
5.020587026642002 1.89035927621471 3.23049309651918 1.07876945299811
3.732997541199444 6.443087413102468 9.095836667852531 0.8421321820531504
9.995560311396934 4.817588501449666 5.406033511431767 1.082106565807287
2.469247900088627 2.540879047652535 9.305409225487187 1.014317002221468
3.375007108935459 8.879090919159083 6.491509208401391 0.8513697076585843
4.571787917029463 4.699216534880224 7.758730644245821 0.7993755831543725
0.9139436714996197 8.129472731145887 6.226713874226371 0.8978367759076296
1.754765143675405 2.798997055351439 0.6221782068736681 0.7602307605618238
3.314839748553683 5.190246373491801 3.010047163577052 1.621420974194757
9.467982249799833 7.602252007142253 9.587776120759193 0.7974993040077001
0.6994628497489674 3.461529152837116 6.079290542213391 0.7580203977131162
7.962818062695198 6.337616439223974 3.623244153724841 1.373174440688015
4.713661420100648 7.641692386845431 1.027118389940934 1.3705336379879
3.979397534481396 6.114802103006824 3.769035691002431 1.072210692879507
0.6351771484525925 6.140447915078054 0.1238758368274029 1.595962043925179
9.171999334833737 1.762771051852856 9.74152139284797 0.9523732818461266
0.08700881064062305 2.342615869759997 0.053057593419924 1.162402567314579
4.905317951744394 0.07493078871953941 1.866470799004289 0.993643123894804
1.26792476776061 9.684289606593415 7.98017744815264 1.555399479602853
3.999458089525844 8.339485303704812 3.466601277904199 0.8589598366088176
3.390075885394958 6.28271894066039 4.931827608129617 0.9942164474016132
6.145964587787978 7.966368077795323 4.23122011914504 1.084553146363717
7.892249380769848 1.556503349380947 4.222909529116347 1.398736828236093
4.100251783779356 0.1190768602645542 3.812668162468863 1.428339384193778
9.150744618448673 1.599680226599111 7.262209043222547 1.016368357065249
5.13471859978128 7.100744336072347 7.718736101807244 0.8262034688277418
7.896659686231478 7.667235482563968 1.866321030923213 1.358812798479095
2.227608886199662 7.809773378830849 4.564443869137985 1.326999320547604
0.8050529236230008 7.027691782288183 9.075402560504996 1.108756648666586
4.896947170450615 9.757713998316952 0.8874756435304276 0.7858259692901143
2.299975054428899 6.124833516186258 7.305868655192623 0.9532106169212309
1.422292371024572 3.464316360306945 3.484767813769394 0.9110254102701504
5.488482529922473 4.948725321648392 5.938816865359114 1.155919640985966
8.613288155062701 6.750667127590003 1.890855868703904 0.7433372201027001
0.3324569301893221 9.768508700579231 4.311579585813261 0.7646134565216538
3.920140297877396 4.752968549255558 0.3735152540921527 0.8922315427474165
7.961212040063601 8.152965606889797 0.5004603060626767 1.474773616677483
7.86888565797646 4.287299097076027 4.724452164492646 0.810685091536106
0.02692153754733862 3.374527832269584 9.993166748168408 0.8275793108563442
2.268637845391515 0.2769086956847366 1.245188109025273 0.9447446462682871
2.494036192179803 0.08548209069317081 2.393218481876466 1.373416940892412
4.914043830002074 4.461924627319624 0.6509124912964936 1.148136293591661
7.099594880233138 5.914372055037442 1.951762903659 0.8159828435066446
8.750213929932091 4.829588813755197 5.124220542460466 1.3466233026131
2.730845657235662 9.396722679209836 0.3950000084577154 1.088872921317423
2.959050893768373 4.076921576998544 0.1919853222330015 1.12961771018745
4.515767932460833 3.49466604256389 1.049500265373101 1.033756874227614
4.578149374873242 1.622546168311416 5.564449732509003 0.7994912986145467
9.386338921479668 2.341756166110654 0.9406228536250439 1.012867708500077
6.681216093920817 5.606488247833881 3.836235634792735 0.7485801150508939
5.464149643214747 6.90759594920753 9.515996665566535 0.7489583818622935
5.280502397316783 1.786234707067757 8.381275040138586 1.327356489001387
0.3740038749786145 5.069260022720068 1.310089128382426 1.465710422435526
4.664373233602966 8.813635506295945 0.4790434489997442 0.9168296514856971
3.402028681286406 2.660633809268324 4.604990045224747 0.9514301667944545
2.128920900219463 5.923857425787394 2.690624297433977 0.9626392646560722
8.78433230473463 1.003612948532084 0.3263262664486155 0.9581542570263409
6.75316204754383 1.241111040660796 4.127371758114452 0.8199853984921615
5.618146634210038 7.741301412299115 0.05791652095298638 1.15159122511775
2.799712775907468 5.905296559797629 1.168758785388923 0.9845469451407211
3.422970704270383 6.185051431683082 5.957671060737529 0.8108260929699216
7.981222916610581 1.10585087059879 3.171327215889766 0.7430173533077432
9.84094753583037 0.5819204117185928 0.2441818511732041 0.9186823093686446
1.452082489844496 1.033631945881325 0.8012570912928241 1.250417894190418
4.073327357777654 9.87015443015035 9.477089217780769 1.049975686765107
2.607754098832908 4.015352756813506 4.461138748462798 0.7875063762894022
0.02515405997660536 7.898534619944166 6.268495028629668 0.8788842092434108
1.586791496569033 2.938087712044652 8.605764346777038 1.11157475943076
3.276554248331415 1.850303046148224 7.040824203279152 0.9934375859554155
8.158498673725004 7.833612781151786 4.991421229628744 0.8532238974070212
2.492952901356587 0.9743869178497523 0.601054797888827 0.7582143548188267
5.15397231210602 8.264951352632885 6.418176261303572 1.023469677814163
7.091799607856086 6.6520432415776 8.547477738789482 1.206105208437601
4.263801898219196 9.797303428044549 7.784352519192703 0.8369324320346774
7.532461144667347 8.387900326606387 7.318008402250004 1.130613433604842
4.553222294097408 5.304495873406379 5.880359609372501 0.8146097917555594
0.510024357316331 9.208473044199851 8.993354333849972 0.7871407691373518
5.365812790981988 3.920442462896722 1.617368053649546 1.075009381462796
1.966850996984543 6.084394592940781 4.18402541776052 0.7518847853077358
0.9185907009316108 5.888386478925482 7.697234418254841 0.7514564597024649
5.058257292956403 8.361837597382905 4.251346779455001 1.041758906736516
8.59733264817906 9.116609227185146 9.616149695479438 1.384907842812724
1.42776451763129 2.157125167890825 1.261287551851884 1.104038711830119
4.66967869898403 7.781911718772032 3.507076921287725 0.8551512702451735
3.48515938982598 2.392643974163543 2.27551230684821 1.218243253483242
6.128080400113631 7.159661201424642 3.539701772140541 0.9094566448962834
9.425851624068008 6.116941488383858 6.416206125657967 1.082765878764478
8.819115783511602 5.745905052722399 8.836571406631434 0.8605312345264641
8.874849271656137 1.386325293207318 8.845432283063392 0.8662524870732331
6.757688753730433 9.842775100469229 7.641469265697951 1.003542878035011
5.461781848773671 9.380340676696068 0.3837544237753776 0.7370375382753558
5.588487601369589 9.735085047641347 3.540507163523601 0.7632258976397165
2.42684499984533 6.649606859760624 4.807025344185727 0.9553872580047705
6.143593156514399 0.3039978678944888 3.623956954781044 0.7454032166518118
3.085596319546872 7.261547805341592 5.001318015780885 0.8515617313512776
6.38617979541222 0.547151599022514 4.329259331001994 0.762306225088999
1.643122044542201 5.331270036586051 6.922095362020023 1.190897304158796
1.65395295307763 8.846524323878235 0.7848824693064826 0.9549524564497734
2.60554197455947 1.480044714024146 9.00182582292449 0.9339885282255871
8.409864590633847 9.426992977065794 8.4034572444237 0.783661568754903
1.567834395031172 6.855220749277666 4.350684019425502 0.840877071966353
9.521124689720523 2.799797340748218 4.3626769410319 1.220271542212688
8.324019830723136 2.431379653326548 7.017231038638486 1.042371851114984
0.6678505393488865 4.987809506198592 4.522330199248244 1.02946229336512
4.305283628299863 2.180154508005117 6.105376605370719 0.8146288965153008
5.676556909737724 1.480426394195749 5.097037288594166 1.541562671566094
6.05338167635333 5.60760802911205 4.80709443324282 1.388200954814766
1.985874114144364 6.17772199852345 1.771979769038556 0.8429655857787021
8.41396997252194 5.186206100889555 7.40578699957983 0.8416528501889552
5.236669466603472 1.485115518273099 0.8727761952213975 0.7675525218729846
0.9861891041983674 8.658166962952036 8.549274025427632 0.7900552120895534
6.864779541695119 2.034272732596559 4.742026595640184 0.9922575099959209
5.089855265317448 0.878324750884264 0.2783875965521809 0.7776401177764323
9.182571876274215 4.748188772244227 1.850934357481737 0.8231670416977533
3.411245614790811 5.460555399030054 1.692344191233009 0.7750727503295519
7.202899267512723 9.158341457427728 9.715698013249032 1.341329210491809
6.829222155932511 0.3199782465208834 9.494854257431024 0.9368982713303167
9.199269704396556 6.24685486120869 2.849491012022304 1.48089493939028
5.357470181250251 1.912694978600814 1.61079410485389 0.83799832177709
7.054087333766277 1.446276744616963 3.258356352041576 1.005278452527615
3.226715618440857 8.728255339035858 1.269136835852688 0.7598984224222401
5.763950110016535 5.997130892866101 2.617689936612182 0.8184504584690294
1.964387793063618 4.939833142366337 2.706688938946518 0.9849150792019523
1.214908393970051 1.209598388844708 9.567986790574404 0.8030686542180345
8.96189984647325 1.428125415552579 4.867608364439479 0.7599342928039158
2.101975495548933 4.265630254930249 5.329418031477461 1.217483754876025
9.193955321846744 4.269763007459502 2.683873058806581 0.8778125668779965
8.572480339731268 0.5159828617911988 7.847799947057442 1.62178080958007
2.188485659314758 4.33275859498649 1.013623341826693 0.9465614488546555
7.4977543112141 3.425768757492199 1.328959186220872 0.7741619998051693
3.829990267841178 9.428046246995367 0.6517706064113216 0.8689160001613653
6.749364223730809 6.255027185301897 2.923145742348421 1.265834239501339
8.255185093843743 3.443834678277077 7.725671962443255 0.7914341146717558
7.703528309982415 2.530474782519299 8.005489723073955 1.219411249157689
7.81269706439509 6.012375129814691 0.09882301941553595 0.96075951959391
1.618647123671088 1.869419847330503 8.989744274432949 1.083953311291671
7.83331082431274 6.761412697330482 9.343557626399759 0.8242833019823026
9.621392929383576 1.012993714521883 8.652503452975079 0.7649584633407953
3.514891777345702 0.6026627260115525 9.330373537910472 0.7677438964130811
9.681567077855243 0.7859979822777686 4.84211818955477 0.9717335966887183
5.647248040440423 4.410250282224712 5.059407733519153 0.7622983640645485
5.502275958483824 2.819212453082893 4.976483890683316 0.8448786307869884
3.175327090792794 7.29179598110461 7.622958069487533 0.9490688621616621
3.210662099762954 4.803873828768841 1.084272267961307 1.023768410524949
0.03440185047891342 6.761673641112551 5.842999450329196 0.7360336870568348
6.809148905503806 1.402331565329987 0.2123729143900643 1.260019667359711
1.944778847243799 4.501082307078521 0.08374346509717356 0.9578695402440662
4.472619704115254 7.439473335326732 2.334724848684543 1.221561585558629
9.302828768259253 5.830371345506767 9.837844436190283 0.8502457460300856
3.09190014560226 0.5691934713193625 3.358768491962763 0.8339712691889876
6.532571040129654 3.959421188475285 3.414021538166897 1.316155016735146
5.414020237657892 7.583990017183138 2.872413491603789 0.8871787501230064
3.37657396759349 1.843366469212539 0.1171520743572441 1.575017150779122
8.33874612474931 5.579249040973052 8.171816635521953 0.7522437064686724
1.54416914728144 7.104061124566683 5.250415037379085 0.9143534757823383
4.855037956971925 5.487320753392917 3.061725849971282 1.356557226197737
3.078197039093863 9.763419752227946 7.683439617059449 0.7932865473569893
4.476484951079908 2.85903670659523 0.1265233476553262 1.171141020412905
6.406335523600977 7.258730545853254 9.328856884416998 1.155707100304743
6.898200731742185 6.247866698196874 5.35585540799449 0.8167403084982334
6.456006923330215 4.120582409555836 9.371000922713742 0.7869986480719616
7.69681807646687 9.579246341342674 6.957157755490867 1.310509539310174
8.85105214065082 3.448070737575496 6.913001484678563 1.117393358302834
8.558983535180786 7.191516405080794 9.488917687303916 0.8113872860064426
9.128999407844173 3.272611534564604 1.40445689436825 1.019278101096129
6.535015565664029 4.444301187975882 2.011403938288851 1.360485916349801
7.934789640393438 4.661079238604449 9.235633229755701 0.8754153627115163
4.659889368125077 1.795005009174149 0.1862641125388742 0.9418099446119049
0.4977670656850086 9.94407787542065 6.634708891659423 1.428794550350278
9.745224330827241 9.260922078168823 4.120710793319509 0.8011882587738419
0.5178910222706568 8.243883178191629 9.600364050578396 1.318820257132047
0.2540494282024031 2.598408446482428 6.416742416343315 0.8172945110664251
4.826276054731396 4.287461598165273 8.647479219733318 1.100197964578376
5.180537812704836 6.677568483680584 1.457556145675258 0.8862947041842159
4.3121403480863 2.171372035328584 1.192235332377369 1.234065776390822
2.573597832277879 4.915523642678735 4.281121307112822 0.8108466488128696
3.315038225907615 2.178345743606075 8.830641449429601 0.9858380407391498
3.999446758352707 6.345806233892572 2.680762152418665 1.094603353521577
4.305583199348781 8.931825169005283 1.706089145026248 1.476254323694557
8.023622109442117 1.289865939058068 9.609486254149543 1.168941761929747
6.795868959049585 6.530261403646864 4.210332946895589 1.197506949585553
9.504077316353991 9.530711846951796 8.578606698307034 1.322313038903686
2.610672313200791 7.538751960434785 8.495228874650666 1.05853760692122
1.470566459150348 5.516522711874173 2.106551841841107 0.8819376671875585
0.4910585724819638 6.796818199836492 3.584356823490201 1.607847911742931
2.269874409847947 1.030585631177641 5.213548604533981 1.3853088612901
4.846105637186763 4.343289889929798 5.108156157950191 0.7737102497418905
5.679535715235557 6.708250542859321 4.48798160418234 0.9801479305287024
6.181805175771186 6.508884489655516 1.78718393976845 1.200184729799105
8.452916223552053 7.306834494980459 2.951572813037978 1.03439189577695
0.2173128005300407 3.784999412992037 1.141084458130156 0.771458718929915
5.378440915973131 7.477687808399832 3.864195768945659 0.7990214811512355
0.9283318242284523 7.735311164750788 4.517381739103982 1.10196508968599
9.08400790111285 1.095523906964647 5.61591121008675 0.7696725719947074
9.638896357706914 9.719615778180668 4.82721690455048 0.8345881450697045
1.507058246310687 4.146999712443764 8.396436731462225 0.9241233088896684
3.355531787454561 5.333280416285831 9.096385618557107 0.7745473660151923
6.6743519855273 4.483339302203851 8.219844911055311 0.8784692183499978
2.95297400982366 9.848216040683266 9.397058221789049 1.024234701950004
4.781007227012743 3.633818602728918 6.366631488754502 0.8788067489677909
1.45190774802714 8.658592998813969 3.787305150487924 1.307975284932556
8.849966528937205 9.879505494348964 6.800492366821826 0.8126325366476937
1.77816102665751 7.710737884740973 9.396114735675191 1.277727575260326
9.906447822147634 7.414625129903862 4.464530043964876 0.7811934650750573
5.471564206245313 2.523100808879558 2.475419720372837 1.038044652413273
3.990094322153286 2.887914871743109 6.983503159131925 1.402437599669232
0.2734096349076764 1.06547835371874 6.822799593083369 0.7682209404333228
5.533030751750339 3.453659633948847 0.6200886900063708 1.108187471502439
2.274319545461516 3.548327274371651 7.203314540105983 0.8325046907954133
4.85362117780862 9.425896112750021 2.88708323069716 0.9912939854080103
5.27818194552696 3.184471928413589 3.656247029723164 1.620377958459869
4.525834701471364 5.490697924232475 7.323227982609737 0.7393457657641573
8.54929763509511 7.145770589785412 0.9407190116138175 0.9438910535575613
3.847456724518951 0.1006760620564351 2.407294615117463 1.272246771779161
9.078856508926219 8.465915367718894 5.821907257604737 1.362795153254101
2.36265354853556 3.006436326181652 2.848934317939535 1.478212450650871
2.098881122876675 4.840836936385183 6.150488413698952 0.749607812396916
9.832575724484517 9.444024775193462 9.857903981210063 1.174483755342687
0.7695069053207604 1.688876929259188 2.874528487307468 0.7704531896435358
9.543695357872032 5.517759235070313 1.998545727454749 0.7728475046319787
3.098862351058367 1.5369532484823 8.158183575459834 0.8151101134631559
2.877033927688159 5.916698733306898 4.090468727610204 1.046583311933205
8.857912161451642 1.478362937848008 1.174094423571039 0.8151075394927787
5.673185293834577 6.37347707231118 8.521584412217601 1.470376919231038
3.08209137121502 6.964267080267134 4.083817893254759 1.03254640892714
5.800814446793882 5.011362013023804 8.924519325780681 1.33677903446182
1.426740438240062 1.142582336967529 3.799173020978463 1.164872146707092
4.266056967198616 7.790563541910324 6.033457437801844 0.9292795135068607
2.637259555135175 0.6058578741414267 6.415671180788054 1.064975723223768
5.195557649179825 4.184578619618012 7.496378885526168 0.784136875157737
3.67535796283978 3.000825318757208 8.24087880863865 0.9031893711917933
2.971311763903821 3.365241321863215 3.892492215639431 0.9590881071188007
0.2641510194780817 5.897842278735784 5.48249203436913 0.7763772570691909
9.861935034111085 2.077672098868812 8.95313701314827 1.087552593470119
5.327481302222082 9.267602952757777 4.125909372898652 0.7609589470752007
7.56203214095512 3.450720096690703 4.771186343048498 0.8209621285412769
9.490963253127326 9.259053795851504 6.592004199750225 0.9437279116663687
2.750981720321453 0.7820154694548143 9.581615584940927 0.7543283964525039
3.494992268710297 1.310279582080588 8.96101606678222 0.7724711563509152
1.26016549979726 6.325052977458361 7.105568588565363 0.762072397021371
1.189415221691707 3.103809938796427 2.651461428339817 0.8675333134521174
3.478219723389511 5.592195488355421 0.5680955821608225 0.8686926907892224
5.980553684252092 0.526569453786574 8.533107763326134 1.464040656798476
6.254150180748932 8.455982185191768 9.107267666462787 1.208718109125422
4.895897731566512 5.241441438488886 4.989869736152341 0.9603528649373254
3.064178280695764 0.5807909552188406 8.4397526837285 1.129213208536542
1.211908761000887 4.620545897239887 3.607395542508764 1.16419276817631
5.21789187423918 2.864220985714675 1.490565698829373 0.9980872217240144
1.765559985571908 5.402795146801822 0.9688094280837523 1.266827455754626
1.437558215682522 2.637899373099994 6.719633775107277 1.520683400291755
1.545022806576517 4.004446495408149 2.648147082448559 1.032384501497857
8.714093645286459 5.924340999038122 0.6027495242756686 1.031513228021269
6.041742626909162 5.612222942325528 6.446867605026234 0.7471671678917537
3.155146516835631 8.701484446512991 3.252544005864295 0.8511350715553702
3.323229047611464 7.122556597384622 2.28488471770559 1.066383391440588
9.543441175307454 6.107592812855867 3.975847914352132 0.8070472699496629
1.628965056716904 5.341419961598566 8.14013194758761 1.197138673546809
3.274463510753738 2.369634270140444 1.226911044927256 0.7981714986363027
8.601308690085473 0.8964272756870195 2.163857865580159 1.323790057092811
4.160643059231772 5.503473674869909 2.085849027217595 0.8655065492540357
3.057972658740146 6.046932449713267 8.716057322196493 0.8341106202562369
1.762493073618041 3.617102562451061 0.3596944067318786 0.8972094614459925
0.5280289883063738 2.426759113909994 4.65265467278573 0.7447001299911954
1.290317442882604 7.964143870909663 1.232614838015886 0.8744193374408002
4.168448492711493 2.985820789746764 5.795381950519738 0.9012031890169663
8.31553745976832 2.68406168874531 1.013903505373788 0.9922437812970905
3.116430480660428 8.58175440194934 7.637596054641159 1.520303111871361
0.1947774457364682 5.489802055666439 6.232724310122949 0.8786481657765965
9.963559013916846 0.9129837028862942 5.809820389975617 0.9616583554911926
5.781357973341383 4.299420819393355 8.11775562934579 0.744936272178036
2.509027248323342 3.147385414330909 5.032585522727437 1.180058237637512
2.277631974378944 8.586624654117104 6.397355676226948 1.326856566456383
2.160857124477911 2.313847113183417 0.1404702082155118 0.7918169044128047
9.328914804169099 4.27682213093291 0.8936916317682509 1.210718426267811
3.217727213104204 1.171625678229534 1.575288359935395 1.593587486113613
4.764576768209431 1.180416109755372 4.048985741248327 1.060792507118906
2.621718754975358 5.057802750398555 0.4127790714459723 0.7705872748462378
6.401534292067428 3.671279524136603 8.384185660778346 0.7588299835894652
5.956036887405635 4.025453025908155 6.107446318240778 0.745078082869994
6.073900162148369 1.73500529601191 1.05507415081875 0.9111037588152244
2.078410191850955 3.176520607072628 4.009072289881466 0.8254907964845907
7.783392672090817 5.751617805698924 9.00368505065731 1.2028623553903
4.490214297196975 3.491653097332668 7.865200524698349 0.8989084158600106
8.603989309384298 4.94064399375991 0.6360582530028402 0.7445979126026634
7.312700877476548 4.600342493585194 3.795948353950913 0.7733775963575344
4.030667070551573 3.800812234954095 0.2046670318904142 0.8777578822291373
0.7627182145425071 5.955433127776438 8.641627389906827 1.096841763949447
2.871745781127624 4.274756413177399 7.682275244133105 0.8467287613383586
7.882650716437739 0.1665148030886754 9.12517778167059 1.248651648087203
8.36120593181813 9.567521628707876 5.663646564989567 0.9193243115915373
7.635074188688 5.274906804784723 6.188223584573595 1.540680431547887
4.420793064274193 4.351857326038556 1.527919897042359 0.8088719025380723
5.273982031436893 8.803121158091873 9.72305596489327 0.9920982074983834
2.442741187649012 8.179948501858467 0.3691672617023856 1.162779592785686
9.260635571027427 4.816820436057996 0.04158252121470141 0.7770311192801169
7.760471385941594 2.137680952027777 0.2895741207378166 0.7380313992318109
7.3674378668197 4.206178748424091 9.771780341734942 0.8700225285390409
8.56621106784443 5.830936028127127 6.841884489511039 0.8202543497780679
2.416173936244055 5.793035274286281 0.2644061752941251 0.742544595685528
4.054702579280524 8.531723751711088 8.533321819242897 0.9233903493071437
9.40860011208532 7.107271136154282 8.076656737367014 0.8488824395648211
0.5198163727431249 1.218072988607822 0.1993001975769537 0.8701785246473176
3.14124019458979 4.003267308055924 8.556837183670423 0.9989149805564285
8.382925355506892 0.2234084909300749 0.0197307142267289 0.759608740896643
0.07898194002728731 0.6391359695147936 7.775170750154983 1.301307923946837
2.933032972095907 6.727152065088227 6.641704327836169 1.102013061342691
8.542857854961218 9.167672194597284 3.863098592950697 1.614641213365035
1.560614287756538 6.187892157827848 4.997955851495605 0.9357013252555044
3.151287283910665 9.022313879011595 2.281071691990604 1.068270605503673
6.600080454521429 6.55744348246725 0.6870969388836101 0.8289121262861965
0.5988586555825093 7.959668092136241 7.144414079432975 0.9341140376777201
7.838099450741238 8.508227084637698 4.569278671787108 0.7363500228771362
4.447759353638128 2.955474770636104 4.782394597407307 1.161868478968753
1.767967170881468 9.792584774192264 0.6563060517718988 0.8345965825681603
9.831118568695711 9.497198919236341 1.934696805907735 0.8341326916401541
1.519293806531173 7.454526267107214 6.125137524780215 0.7653023760643582
6.807505909005793 0.3825276719440984 1.817544972470088 0.9078056801591784
3.948089939179129 6.429021038354199 1.344114249168121 1.471604566965508
4.290976786661219 4.213382188579637 3.330076303178812 1.16427096310315
7.583760526158492 8.518530559655968 5.952835460954246 1.570363858186737
8.863439036003383 9.749420656612617 1.619524736906718 1.216457350463127
7.737407385362105 4.155914040720551 1.898030519952616 0.89165024552418
3.171070584438865 3.823859627131307 1.211564169736769 0.7411157533883702
3.375671754160398 2.909914808840087 5.461584533506729 0.7787699760399835
6.45873405329122 2.85246288012461 3.2365053714223 0.8402941219368769
9.640948786702756 2.651013393392621 3.119027559450957 1.120447784706479
5.307764935459094 2.412557475042446 0.6223257097797785 0.919224299307621
5.354556593221 4.162189131390935 6.722708255787698 0.7463809014714735
0.6609080644141607 4.041241399268327 1.838861362823826 0.857336319551655
7.091519534543104 1.136179195921146 9.069047580157136 0.8663961552733596
7.443958451965743 5.115789817053946 9.949860459865706 0.8934155796612622
8.039768642853788 8.788494914547941 8.074423088698273 0.7974006779967393
8.905053638589944 9.371905975689316 5.012415032433804 0.7703198258436244
0.9812829785431076 2.830529708885464 7.825499420998715 0.7968454471591424
3.81760168630235 4.443037517746052 9.349160482025537 1.179855666517191
8.023149130254792 3.763161716296949 5.851377217378557 1.561119066863995
8.499852030981453 0.3939403948816611 4.806446036262702 1.427092818309138
3.253886163658191 3.124721019215091 6.210404844447136 0.7455932250208905
2.247648064309897 3.693307163459271 9.222925265205589 1.195518691771331
6.392352894769614 5.55816263829406 2.183827974979591 0.7487449757949649
6.593722236282233 7.699371557757252 1.110213419753269 1.555330094004731
8.597222069207175 9.220050056521586 6.425852318396255 0.7466556604633605
5.164482714928575 8.336919489499502 7.561375799876936 1.186797290835789
4.895062298745984 9.748824395699048 5.850484743442756 0.7552846763848626
2.518265777596453 5.500155512716035 5.230958025869818 1.349201958077376
4.421882384067294 0.2106451149547573 0.3833315623282396 0.8358756962515873
7.151688582833806 2.229821702807319 1.276648832353928 1.448545702093336
3.17973807046523 9.732963568018757 1.381543650794757 1.123181330346271
6.588520323038566 6.302733439570551 7.683647289866554 0.7429714300112906
7.526102542013002 0.4836505070717323 0.1795184634805858 1.002133295422911
4.265136926753203 6.81892599033964 8.278655329512766 1.097272849373296
9.786651810525047 7.7527002839264 7.620045086111983 0.8297857835873167
8.317366456316684 2.190507241930295 8.839484784314042 0.9134396936785024
9.717024837443267 1.554131855772148 1.492373518050644 0.9670179549907345
2.080168342985418 5.358900005038198 3.654213566904977 0.9319218438266861
1.518353836064779 7.312805712089441 2.811832562082979 0.8758342946001186
0.7722537426772659 2.11022512767158 8.511412653324316 0.7875733676320883
5.766889610728808 8.805441328256654 4.83661464774583 0.8944230023087151
5.654190944686309 5.27366509026658 0.3092384522158498 1.100607584443968
9.524339658107522 8.911574701411977 4.79110991188454 0.7450494110696557
2.212096879520666 8.615831311889359 5.323214528524778 0.7734580110237462
4.926191986988957 8.156972056591387 5.332384512507304 1.052635922118666
7.313966562268518 4.362434364075825 0.8824173196516716 1.270656272871749
5.235810056098256 3.676366926592753 4.814616791455997 0.8393561149820373
3.445194465102235 6.060461526005692 7.672661767102446 1.347593084124072
9.9574072018363 7.002876143699669 2.410404516664824 0.7724016678858091
0.44969544892001 8.093523061290965 7.992108210423455 0.7440790426950293
3.866680067594144 4.155670409221342 0.9803569688526104 0.7711612485940832
3.255943168662008 3.8216340554147 3.12877797209956 0.8583911483100395
6.272193104889315 7.415553907350574 2.440562057172218 0.9726171776405479
9.105060330640947 2.701402055986152 8.014889250994251 1.499694643219465
2.458784830965336 7.469715810946068 5.797317193742959 1.167915843371298
6.924045561932171 1.183658047243267 6.325763733710644 0.7435931184381182
5.025264416269167 2.052521293120248 7.153365327077608 1.16597409277064
3.474756303820676 3.206912376392622 9.402646243520852 1.340664275245796
2.445383534161132 1.761701699502016 6.326923002137666 1.146989831784225
8.144479695358752 0.02417689804688927 2.82659579795338 0.8220056356583021
3.654700331166858 0.670756304005069 7.255607974595558 1.46387307196667
1.950954177582307 0.5494953699454663 8.950672536439772 1.248405682267932
7.438004440784238 3.188443678722969 7.012745759397154 1.156407733351309
1.034495486113967 5.244214886684033 9.310927494600461 0.8322301735663092
2.290156078696226 1.70787837590493 0.9632970683690401 0.8322133008746383
9.54661211761262 0.2397976906692878 3.863528207805983 1.2154527557527
7.086316914826736 4.000925742298582 8.845699951480913 0.7823349576460003
7.84743085007884 5.394462906074049 0.8746076392524605 0.9675012745233819
4.023024411867698 3.716986292069744 8.634080647189849 0.7615961397308206
8.987818039230143 4.288791365550012 9.398703469899361 0.8477328214121306
3.707575789118105 7.848404939654952 1.668218574539228 0.9311763028916995
6.490250756424826 0.001904960013987545 0.6557206552016126 1.408031971043226
4.958505229471573 5.876509480843138 4.167670877878314 0.9542463241778396
9.594081309309448 5.568678805309271 0.5614832947358916 0.7692224157579303
7.887231373828927 5.524963039844273 2.670083710387436 0.9699697749361205
3.15532519491795 3.634134518926981 6.818318388753287 0.8222110342863892
6.478773172153862 9.444809905655367 5.596230825375311 1.225707225748947
0.4577743926435773 0.5292342822851848 4.469398614196546 0.7722362733118187
3.339256854207372 7.848960926422264 6.522244288836951 1.110095934673655
8.345358975655168 2.883948507855206 2.867942754507087 1.07188009689904
5.627639629672409 7.083708330691942 0.8529379093504409 0.7355672823948292
2.534792519445333 2.658850305034398 0.8693961523060523 0.837155217752052
6.376978558272524 6.99898937603685 5.202688067558491 1.002184346519047
0.4408440034396055 0.9116923838139768 2.847978332444763 0.8530252248023955
4.047223095460191 1.927258016899928 7.988262426207521 1.208329101576811
4.320708069889887 1.058203767084162 0.7734042333729108 0.9730810292685378
4.74854482466306 1.179050602829448 7.587680646312446 0.7984575194562678
4.126945558412921 0.1806002368297122 1.248149280526742 0.9514130498924108
6.836051311697074 6.281105089585561 6.361247090040822 1.007779365345682
7.777115086377964 3.634948384039943 3.715170826942287 1.281370470657434
1.923207472804525 8.652423357457829 7.396954579908819 0.7496642546859484
5.397350538930162 0.1550681200885773 0.3257785455158235 0.7380341051343176
2.548115234169634 3.492655428573606 0.8641313436550246 0.7892463254838537
5.959170071048976 0.7243744296330223 9.809303728837111 0.9514769766605582
7.547277735651544 5.107308337335086 1.799804184223454 1.007983989614642
5.725580984502636 8.691568641415408 3.278210669690826 1.356210498928624
4.300496734010163 6.296124489383247 5.664103740088909 1.022788557592595
7.015717308115169 3.103303097285434 8.555273891471392 0.8405742599061208
5.842365417910261 6.636322597735912 7.077248355338861 1.239880196944217
0.6674123783306585 8.178625635822158 0.6791031278544768 0.8016942894419286
2.195834356584932 2.854385867081179 7.764911580508779 0.9146774422753805
0.8135888152205907 3.804952995402598 4.133523589190983 0.856503377545245
3.999120648610088 5.775098954267976 6.605047486281141 1.056815209764645
7.763189963221421 1.867382242331202 2.458285521997817 1.247183251732748
7.639844553394006 1.515047790253019 6.110685185150004 0.7861875710213271
9.85792797040909 5.105549344115569 9.099327241766087 1.456611725146445
0.620901987582323 2.792063263582155 3.804083342914791 1.067985554634659
5.81572715140679 2.640944316166488 7.757688726211516 0.8847810897402862
1.422801276998202 0.3522870089107255 5.779641300820085 1.014171636530241
3.831718031100968 9.872599683821054 6.052334103847631 1.385251289143676
4.120615850817989 5.134935026124607 1.308487804576314 0.8279472055796586
6.031377805136712 0.6006754901966815 5.955520587562726 0.8114063965723236
0.2412962715398559 6.260292523625162 7.012282827644857 0.7374967673399903
8.857366174638816 1.082053254639749 4.008299704410113 0.7494103322588901
1.958265885418022 6.314290825751844 9.140009251222759 1.536382101205877
8.865829017745229 9.074727297894356 7.521786463496301 1.234653266128096
0.6438158155890429 8.915493353860581 4.667808066548075 1.092192630205457
9.067739047855115 7.78921548678296 1.507820731870881 0.9587529991383404
2.446446892862431 5.333089774620373 9.585232507829559 0.7836282349993584
8.444349047438214 2.68490648643095 3.935872890427119 1.040338868921921
9.86367129036303 0.6097684989011176 2.012510183916267 1.173175569373996
7.657316860832733 6.044117721043683 7.468023572209266 1.36948801292202
0.09348484787562894 9.032136337944067 7.502099457607472 1.135603135874465
5.180926055291608 3.180129371223546 7.237100418863185 1.023990630002832
6.836156580854461 8.098657376529706 9.931769258125435 0.8753070928888201
4.865955431737771 4.889847142882318 9.676166119969659 0.9471877183344738
6.136174414638309 9.377430893037937 8.563042962761845 0.7883203689365876
4.54953493743484 1.871737392853687 4.754122730634981 0.8527328190848298
1.530214483511657 2.056720220960182 7.932285351472443 0.982502020469002
3.463655358298549 2.357365118498038 6.116042183936041 0.7987499313580038
5.848140531223724 1.273898539412422 3.737306910000107 1.11957115486199
5.964833447088656 7.614568033174711 6.67356890587691 0.8353982012459304
2.416427255456345 2.28148636794855 1.770594001951804 1.059221182022679
0.02249183876841365 4.751941906214552 7.507892115547298 0.7999637432118922
7.741754841951167 9.187438925403328 8.77792704963942 0.7773735289320085
8.572303580097683 4.893043660525518 3.615046192766171 1.625630906841038
0.5191178174157185 9.402117698436859 3.599355261432978 0.8466376978971214
0.8416652677779946 6.725535299515034 4.830000213320846 0.8592629835918751
8.718133816940204 5.687275938097044 5.905378041166764 0.7924403649051389
3.956832089334894 4.645487425401454 5.243606106568147 1.072069043205063
0.8440164634682801 4.011233067003545 5.182552153203503 1.205546125129093
4.364598282756371 3.973362783385669 4.406279229561047 0.9514670984332173
2.311314057054211 3.725648240630536 8.096546837625379 0.8996581469675788
1.138886156272853 2.079646433266107 4.209447193534408 0.8396479187308082
1.697080718583847 4.990026318894612 4.545613819199429 0.9822025941194273
9.22797110877034 4.733375632047652 6.530989186488083 1.57132732572178
0.1794163145685224 7.769322885577745 2.713169252876638 0.8476639829228303
9.509636896348876 8.3147834115374 6.953226615572661 0.9366977666737785
2.137677460558943 1.420754551393855 9.904340164233689 0.9996069634527387
6.185955224799766 8.11435113211197 5.637518284295653 1.341972562179664
0.4083113904424518 5.909712086689323 2.356164681739075 1.169137160302945
8.99579313062979 1.922611667998431 4.233893382400024 0.7347896904142519
3.434658930931251 3.132371703960063 0.6259466380651091 1.054592206696773
5.379521790820614 3.517264739481539 8.123908816962714 0.8464173868766282
7.510004208655078 0.6812285407025221 2.518382441682746 0.9505622181969577
8.40292390262089 1.751913860393354 7.866439487927869 0.8130552775515546
2.849908843285265 6.831628495428489 1.501836552246822 0.8105208623358634
0.1241995080654534 7.84251916948098 1.702174829368345 1.12532802027452
4.705319246939838 8.460507277578303 2.767252796580234 0.9294040825889277
0.255356916962306 4.227082082395472 8.295086944109952 0.8832510116043776
9.722935380954585 3.536524901271439 8.991641616832801 1.223392876042839
9.105499468076461 8.244686606881475 0.7063608365724827 0.7687111851956089
7.659090004495829 9.666082855523763 8.062211050437023 0.8217751256894114
4.94907498557836 6.408107249646992 2.291890726038064 0.8864308126033065
9.650635127950459 6.547495033348278 9.055205200087357 1.346792884771655
2.354552280539124 4.536584630226884 8.508685674528714 0.8649438293686765
0.7958817369603421 0.9550419492271389 6.090058482928304 0.7573784540112823
4.330627950563306 0.6576824786756885 8.557143370301453 1.378577679626011
5.793383438160485 0.8398764553139472 1.772073169036124 1.249052819032164
5.887979508311027 3.516064917989788 5.402230287725089 0.8682941959585295
9.741016873496992 4.214883893868373 9.80970081039813 0.7758669517515318
9.904668250650035 8.656298895322834 0.5958798497337858 0.8259241262190604
4.928361950508232 5.769708759559605 9.707726212988977 0.7561932033688957
2.659123171884921 4.184182002422017 2.090224080635786 1.329582045798451
9.261583218349635 5.129592381560749 2.648298260596947 0.7544459402710065
7.738322096116118 4.790125941697181 8.210591379901947 1.177664607484229
4.615612371731395 4.475118774464224 5.879843166091922 0.7486533845075866
9.991491656631943 8.191938826199753 4.911760948688832 0.7665480503433285
8.943200315205196 9.096227910391267 0.729260921804733 0.8384654205178941
0.6662924207711418 2.517808518039213 2.909540256616582 0.7543065331276698
6.686747471826068 0.1451961497565823 6.559674459952131 1.090337714455132
3.749526404718646 3.148421231843659 3.009084711394753 0.7587692010315575
6.122738452678476 1.38653807149689 6.674365492002179 1.015705649485759
5.073972890054891 0.5491594100354225 1.028172553159296 0.8166338961577876
1.221177623898374 9.149389658271279 5.717772116857171 1.291073938022487
7.02125905030509 5.298870167584414 2.533549835607834 0.7448996218078182
9.014962239348753 3.547132066205414 3.528308979361857 1.135943043399119
0.2516225027338792 9.918391073395261 2.817701503776843 1.047002420093923
8.813250706920419 7.182533010424703 4.980856261875749 0.8813195988188907
1.438827007933622 8.733036145590217 1.73151756008478 0.9394247434301398
6.390618572973823 2.634612557761857 5.208851694728564 0.7697970997865259
7.697727447127208 7.943131489910631 8.902991654137406 1.600575414582202
9.386507052674762 2.505188171627549 6.7628831945759 1.023374966186944
7.649073788939428 2.681040886022958 4.502014653126422 0.7430196315052738
3.642872098733676 4.80465965833069 7.180560477422648 1.242983802995219
3.350262013437264 5.22055214551217 4.609154316712154 0.7515994859064354
0.8134428071328181 3.220332798401672 0.6045234426836743 1.153863101622487
2.794020005880294 4.632289689996012 9.298795096801157 0.8023207502459809
7.367629510332245 3.764838872467393 7.959334274033124 1.023396443766556
9.120724971374459 9.893746005054018 2.792706124087105 1.116017692629931
2.583917191820706 4.381107893683233 6.756383908644474 1.015803772043926
9.339973637496987 0.7256950444949185 1.064988022012485 0.9335854058205404
2.731385960159021 2.763063871232053 6.872913574661467 1.040355982163176
6.681358729507361 5.701839863175707 7.053763130486209 0.7866424802536265
2.359148474723617 2.001863628191221 7.406941076291425 0.9296942526444719
3.490456990748503 9.593345746562521 5.046805192393442 0.768977593930222
9.744376395310015 4.192773171656434 4.355250609759427 1.366597254940737
6.949829982206052 8.911215268292114 8.19548622164011 1.124501611222615
3.740771285992524 4.067846382649218 2.461445638650359 0.7534472947447763
9.582240738071214 3.414724127925992 5.658598046081416 1.592709957254771
4.757723052865888 9.535654182289893 0.04701574280070342 0.7377936846915638
8.967439528091969 7.654429788385049 6.614450918828608 0.8468436873218287
9.058069782163548 4.289565014010265 8.036311871353231 1.486088794547612
4.409124290332033 8.805992778492742 5.986263104389826 0.951829083324324
6.349770842718653 7.666804819982882 7.919704888741975 1.551689131197954
7.553807906430273 1.903682678693132 5.348775849387684 0.7876557964006023
2.568698509400277 2.683005344191264 5.95004636992828 0.7560420889524554
6.910948166259401 6.789976378785683 7.145031581852632 0.7756132586336785
1.14948465095654 5.777712254664955 4.082640046796725 0.9537490480356564
4.370528465317462 7.144029825777539 4.604314006775176 1.628055751940714
7.262775181224564 2.323730533510378 9.293550323462602 1.314259561071802
0.2089914960641714 3.540469171566161 7.19297528383767 1.573872328353872
7.980165693738305 4.264088697439208 7.162642205000223 1.178784953393911
1.438590142744535 3.542671247002957 7.581700047653803 0.9268578360188137
2.430126936296605 1.033773250896649 4.082952434907004 0.7689632060193216
1.5618107553085 8.607463847457417 4.856144289501145 0.7378319992374499
3.65400670792466 8.400238286744017 0.3827570941006353 1.212734908122893
7.024482392537545 9.451405046833282 1.627802908337187 1.006998653221789
1.564979929559291 6.360184723395726 7.890811728372167 0.8545227467705592
4.839266079240239 6.268625971337007 7.526143557307583 0.9479644737259356
0.833275501852041 6.031190193939549 6.488771763137599 0.8090440541876615
8.632599495790764 3.625847664193127 4.611827073714925 1.130270441622274
7.120276251174656 7.868460908270142 4.845519548565939 1.063324626423305
2.386019985941413 8.929390380580232 2.905870238677259 0.7955392639346202
0.7620211409964872 0.04781020689705984 0.4047361736126798 1.123963013892489
7.366185241840586 0.2533882226150019 3.734872408240138 1.519306975032827
5.795931230658021 0.1351190022130666 7.125329733208531 0.8667673729427183
9.100779377533497 8.060768391054669 4.560980044662605 1.091137097766634
3.651666845682161 7.672250186110091 8.696767766986195 0.8918387394328957
6.528773964797173 5.550420467351768 5.841873554917315 0.7582334067980244
8.676301255036471 4.907727930125461 8.941078662264015 0.7538946740561332
1.646229890422217 9.235582472553579 9.522903741734718 1.622390368706004
1.808838454002097 9.770000620333493 6.650030006312446 1.154374313696023
1.16332667857966 4.24565645393007 0.7707958209792676 0.9887841512650966
7.036221562143727 4.044460949429081 4.387836332418765 0.8274008736401942
9.46087026602563 8.695417973437012 1.354813585306892 0.9020762536570943
5.485300645362964 1.926162434569632 6.226383296246699 0.8257532610141666
3.353707855201708 4.268058245334463 4.009257696574315 0.9840692675231535
7.970181552908618 7.65234669082151 3.966574877716399 1.228150273097042
1.119374613247486 9.984991689268396 1.761325881007874 1.59280687470481
3.177511276865556 6.522047238698917 0.4987566431311974 0.7870373333895345
2.99997757140925 6.146215014998932 2.125083112901858 0.9708703364061253
8.284716708580577 2.412716026967505 9.723028176642973 0.8711391380212806
0.4943712590585891 4.637593051072616 6.808180589491926 0.7520971455131539
2.511466903982663 9.667832532867616 5.55330527257394 1.39395599344048
6.137693624887393 3.823613126702209 4.518839074647278 0.9957154517752551
1.127216916770298 8.880578590176953 6.935284978963765 1.029461912562694
8.299416168796061 4.236146821753291 0.1112677646600391 1.049170013636636
8.985989418780072 7.662979121833136 8.834472782769918 0.893994009931765
1.656392367870498 5.368719548979684 9.900211509056552 0.8144266355524447
3.846650341761472 3.987656968249382 6.219940824215977 1.094856385279798
7.483219823911833 0.759986039138959 7.08454544662062 0.9847258732420937
1.836659454632572 4.804111900994381 9.195759343070597 0.8904034326154756
3.202241552073341 7.459264627275203 0.7988119353193336 0.9899892265958717
5.590634353512405 9.950137617937454 1.304568748991264 0.7633622411389649
7.502350352949769 8.649357840519475 1.478526649815467 0.8146061419843635
9.593700718615001 1.437105059118894 0.5159076012261332 0.8724854610411193
3.918491416226094 4.41343948498951 8.176514679249012 0.7974995342760877
0.296679289324544 3.803065704065881 3.046338823154962 1.487981617380384
8.830938440486928 6.478311533051953 5.574856099609987 0.8399832011502935
9.726950270062076 9.275815325317838 3.297175562453313 0.8041032002043522
9.748801860726985 3.955495120376925 1.909413148392786 0.95053784075308
5.002263925595023 6.593571980024859 0.5576133185493982 0.9074573725017452
0.7047057987315763 7.067914112625679 6.555269693426578 1.165845962103737
0.5426278932311203 6.911972527775894 7.829812060598454 1.379349034805996
0.4949896293698564 1.915287262107929 0.9275275250850479 0.8993419804234077
4.375742091372255 3.992108511677301 7.102868314970928 0.906424373174636
7.406037199408596 0.4306609444749987 1.172420745864086 0.8179426507620168
5.290213963918648 5.870637616404638 5.638958924398872 0.7843306241459618
6.987957131545479 8.881627188148341 0.826596538258153 0.8552100002349355
3.97189239161423 5.468225883248645 9.781413070884172 0.7917924768021094
7.097697282915575 0.7700964138631416 5.238488139481712 1.55262731960618
4.256453880800935 8.857979909740868 9.549519965253877 0.9724365157427403
2.425501906274231 1.462633686843767 2.912716614412445 1.503963867773932
2.951798846026017 3.309993932567369 7.584319599946037 0.7458621139822293
7.988860253977986 8.299059775377067 2.944701625375926 1.089307316266448
8.28964707405291 6.313419614615447 6.192818852281303 0.7873861825185292
6.444247119871283 0.5626135588913972 2.765254663694832 1.110800980732105
0.07097796144463599 5.211415942094961 3.403941908765344 1.385174729520613
5.337942187919209 9.079133392919847 1.191994866445711 0.7522380637871043
8.414928735263615 4.682764781752113 1.4414938038226 0.8857439675028018
2.590815712595316 7.696918002424496 3.2075232943884 1.388663741720618
4.707159878289261 4.81097297343513 6.69455289504417 0.9801833247249547
2.865920535542797 9.681970487249346 6.76784440496118 0.9105586864753876
8.288565441538925 7.284374402695121 5.873536605823645 1.153883269002983
9.053807425397862 2.648201642803842 9.243045175175546 0.8361663292811724
5.514792431531455 7.555544298443813 4.866841288087087 0.8084582633733429
7.566950380425781 3.217978447749198 0.2919152576151974 1.289095196634255
0.6442966736881217 1.781722803038487 9.387689802917121 0.7582024545880695
4.229173346908268 8.360780870155562 6.896656451892524 1.030065462230913
5.921683655208922 1.830311670249771 7.456269706964236 0.7350284999357759
8.947306084699058 3.22421878406085 0.1882120380623387 1.286861894455728
5.573350144664085 9.579526741087269 5.073068426115344 0.7422736514934641
7.299630255371642 2.773747778730515 5.285734747171121 0.8965207175928934
8.292374327188055 6.752509290937089 0.1638818333459391 0.7743451517039666
1.348180310255338 0.8288453036376686 2.763184561518546 0.947985678685403
2.418312170411322 0.3878152442506411 7.598937286719304 0.9879654965226575
5.927857670239449 8.814150819377137 8.031593248577003 0.7858560052287653
9.13179915311161 0.482119535227461 9.371955951890051 1.202506282883325
9.606584113573275 7.53251773726234 5.359343159661074 0.9106523032953474
9.842815894513651 1.713653405835031 2.534174370648016 0.9714032441843026
5.607438164979029 1.052903724489324 7.519470394787935 0.8925172306613128
2.2650849329397 2.094913180149457 4.216298340026991 1.32012919932702
8.227292182542705 3.852998007285453 2.732110454185861 0.8350340549897972
6.516286367216572 9.583500526278048 3.144092595712115 0.8941092723273086
4.211241101880043 2.52688797519855 3.098534015910206 0.7713694092187936
6.007366700709304 3.393785510149966 2.563402439388287 0.9382617241949776
5.152784607962912 5.898451401422501 6.515450231525933 0.9396743156165243
2.77763320147009 3.04728649516474 8.508032409718904 0.9121312823038211
9.379931760361359 8.393294298442513 9.9585915138926 0.8178262875677882
1.20484808469854 1.979302508175519 0.1290079360913166 1.055096100381017
6.698941226687452 3.311597081710294 6.063143293669684 1.192962958711153
0.7971430023286331 3.540170126278566 8.422814976212162 0.8266986910804064
1.556775749365683 4.590267411999363 1.770023661352271 1.009031740577717
0.8640499103381039 4.80816963509328 8.607354113163652 0.8112908467841161
3.306200401362917 8.065364112367364 4.078343743958903 0.8834733812600418
0.9077350937747175 4.054099324315374 9.525592266884466 1.517803669707551
1.704667126483663 4.006075153015248 4.319438941463795 0.8926377555058476
1.454065561863596 1.033673098228096 7.047001057089231 1.526972302710292
6.950991747796989 7.648040641400012 6.744680432154084 1.015829515032651
6.794868691884789 3.006665667547999 4.221027122384466 1.127628237630605
7.531710057015109 1.160550284860077 1.640984460247663 0.8498678980871289
0.6485723030366364 0.3271681168023311 3.690720563540977 0.8533412238980412
5.307573897859298 0.2433088795841898 4.342446189195957 1.147875340425808
4.410893121634703 5.548255094329956 8.629916044445123 1.503951312027196
4.554137647506923 9.263914813313033 4.909785192872389 1.363609500400121
5.516611456662781 6.218020131181677 9.977730472823078 0.7682870673802152
5.371041057125665 4.663692514243547 4.021265673881448 1.3323000337029
3.028323699105911 4.555568656245002 4.935917430317706 0.8368322777866714
8.772049485617567 1.783207441946363 3.227673524372354 1.228100108881601
5.823103932738819 6.173009912482744 0.7581605038876971 0.8018513262206634
9.162741681565397 3.349845299712687 2.410144457967724 0.9659811525981812
0.2586254367547336 2.844265300527067 8.208054537510149 0.7910974782537002
3.922892391900209 8.001009053548623 9.450741160090226 0.739656675849941
2.192923682703014 1.269124560489638 8.083729666389491 1.015550571184028
0.6699716399794386 8.806545933852476 2.592165069440248 1.322237907663045
2.818074435917014 5.517421458315685 6.527398245631393 1.225584062586254
7.11170676787139 8.636976392475667 3.791239395025662 1.345326824816795
7.18729393712451 7.271442832473623 5.771233364081069 1.018639526836625
8.60204563988084 6.318912393903759 9.493274991068471 0.9033548942989891
3.1562733488306 9.64261294711552 3.257740019389943 0.9138756210411786
8.657870733332183 2.749712107846717 6.203166746483948 0.7981918388832091
3.254560600386024 5.096333374809118 9.878098724300084 0.7948809392932601
6.487214966380279 7.904460208441384 3.261917593232042 0.7478077402277556
9.509441909013647 8.43613095223391 8.120154883712312 0.8139909915234715
9.2599535353053 5.271575924544924 1.204250446812665 0.765769037487071
4.546406310830375 2.181234569268711 2.326009535615121 0.8803644550867826
9.401174475704941 0.9152453907631408 2.982024280771073 0.9215192945617966
2.566391636262474 5.321847890188213 8.777251120648051 0.813683668841456
5.220139330898474 7.474550633608687 6.996025475103313 0.7831416183480544
1.511738535046704 7.108482714200192 1.857541984673148 0.8032190240439944
7.701672878727526 2.544028154294398 6.160429608716888 0.9859345155038947
6.570526988728559 4.765589482552078 0.124336950600572 0.9453295646510959
9.371783714419619 9.987932621668815 5.794719218385573 1.194613115702556
8.700550659958857 1.765960975238546 6.219554019659549 1.128153839794556
7.29845405985647 5.284703936322741 3.400084430265166 0.7509260753851598
4.149132187181351 1.706669462521969 6.925650854837622 0.7398420753804091
8.762556890165801 5.949287460740798 4.553832093828857 1.079764453468052
1.340481790987523 6.467511876766848 2.466578717183654 0.9331820780284468
2.527563021365435 8.611094549420029 3.829233307331232 0.761211362806151
2.523922062686792 6.650202839888491 8.128489791657252 0.8323437555861829
0.9499312823102368 4.549989003981752 7.620644825008744 1.026757876965487
8.716604383017019 3.979717876016153 1.983412129329829 0.7542719841220582
3.825704796762543 3.077627156492195 1.544764973460426 0.8116982599379178
1.927750476471961 4.379820080854951 7.552880842842988 0.9126250755971363
3.527987276241797 9.265812650321962 9.882227986621391 0.7346797645880443
4.218356606617828 3.712459478895144 5.370531486475345 0.7386870513231044
9.435453850171475 1.592352916288505 8.126070926198889 0.7734402268904017
7.998791804714347 7.654232719608792 6.811527293348525 0.8480522757453401
6.308429156710528 8.876943044322232 6.90998426545903 1.540201801368021
6.713715765273839 2.17850040795684 2.675149553742372 0.9206715280099113
1.859530187042479 6.398577938701639 6.157094392516979 1.28565024614804
0.5193628145414053 0.3469491191476881 9.144153499074321 1.449233752865224
9.146144871249401 7.243036637302531 2.224612585751454 0.810043950784559
9.056532447768861 7.031158509175406 3.954441800231082 1.199942929565553
6.022497392705601 2.587041516422641 1.190740817302849 0.7780339680045992
3.490140401348615 1.363539512660915 4.438422628448929 1.48963432442569
6.346745478960469 2.601648567885429 0.2012697446446088 1.270375413294322
6.181551955843211 8.902795684268792 1.255489036068875 0.920459602911473
6.710106117130215 3.392791412920628 5.084632881165659 0.7381671635191536
8.44781551742525 5.271513475791444 9.800244939237828 1.006529031369171
8.470536573084273 8.670529647524456 1.554203000130056 0.9532528182463615
9.30474911218742 7.044073260019667 6.05684762653899 0.792865059321567
2.792074948170402 6.54708370659587 5.610311057655799 0.7696938624206312
9.783887306467477 1.63456959002144 6.431741522145822 0.8831389985825925
5.799194623267845 6.780511140488573 2.831905930127665 0.7653711389997694
5.578562431430082 8.318898057278176 0.8577735626137095 0.7840062010061458
3.048311483982855 4.631539191252267 5.85803367218405 0.9779162742577989
9.940805908632845 1.292917998957787 9.50540173688613 0.8067857171169837
4.097975400992282 8.3846692946292 4.288379145668073 0.754311398641737
3.581645199571958 8.115853568282681 2.623547876070264 1.01795782497412
6.674202078991199 1.746885246665198 8.203870056284018 1.344390642835543
1.691398271332437 3.349779018074136 1.599760105259109 1.363700819418832
5.654571963724868 5.245491870620231 7.460669799728584 1.491385714485528
5.342187174531135 4.270975652739749 2.755726542930175 1.137970404496163
5.23151689120018 4.02462654277994 5.72459890839643 0.7681172883269386
0.7598289621712861 1.457109402298945 1.915333196061838 1.150789603364263
3.955174676550678 3.225593049180504 3.873270427112268 0.9372826907905448
7.493843873315476 5.453926916535255 4.669432391823687 1.474357386765137
3.80242599633464 9.496606030436787 7.119189247250663 0.8329577820911129
6.362664241585858 4.769733706723285 6.532295565002482 0.9249730996146063
7.823047853962663 6.771409355515613 4.875942610844113 1.144520864010233
1.510802740810271 1.43985522973501 5.948248295249754 0.7580581008982347
2.932617783234807 6.50984474166743 3.109126770495723 1.038871256701504
5.512308252124759 3.164161205941547 9.63393289163367 0.8113906765427438
0.5727649922941515 8.353746095846963 5.454496711216608 0.7633696131188547
6.283816699008029 9.549721312301831 4.2533624721296 1.206923286803035
6.755797396616394 1.352916893170726 2.126773943050415 0.9783810059389791
2.456044131823733 3.520264898527683 6.232910732441811 0.9557552061143926
5.390947703796615 0.2823209492500156 5.447857141272514 0.8118739364304585
0.4730404288594925 0.08223305684668225 5.350494599408878 1.066887311477918
4.775276259584746 7.181397581654783 9.892785332788886 0.8611931143589834
7.329563203677297 7.344464474077006 2.98519290900163 1.146768615978904
2.223594989469956 9.27141009335082 1.503464148461691 0.9685293232868756
5.729210369062797 4.313917868736268 9.945138758806172 0.895420731962248
3.935285052984904 7.370762511846309 0.2000652700743522 0.79116594033156
6.199567176241278 1.990769754274194 1.909787471550941 0.735304572487349
3.017611609168136 8.579984702867685 9.158047342698506 1.447436472824762
2.620694956990541 1.207965564859975 7.149434015632615 0.772393679864954
6.536253505839777 0.7982112753096704 7.420757812874297 0.9687108471652369
9.425748534152543 5.824981188502492 7.755842329078691 1.580792727263985
2.916502153066481 2.120340740052026 5.29334797923238 0.9898133594339045
6.019721388875575 4.395201462795334 0.9014578002118467 1.047136552384347
3.789867827500257 3.880186307712316 1.702865496017189 0.7533841811252869
3.351764924432549 0.4190739452706205 5.195134030937324 0.8251827644539301
3.358886800424446 3.416404018883485 2.341456595424709 0.7472853491741211
0.7002928809411746 2.640865270174717 5.557044530458646 1.087147934032372
5.721220498423029 3.791764398890491 8.950689959125391 0.9651764824228612
5.028981645340796 7.786602424844782 8.825103333249336 1.537821267397235
1.673492318014136 7.216370424308227 8.462708221429098 0.7460802109800244
3.059723422147632 6.012041675552442 9.6804409639405 0.9374977570206104
4.280801276500343 8.885825192497792 7.711789684612754 0.8404794251550619
9.887227627300216 9.684914538848197 0.9950358295380468 1.045107428827917
0.2677291731768505 4.274601310097411 0.5007195493533256 0.7757544442015922
5.78992199027416 2.577159043123991 5.773730925213041 0.7990987704689215
3.367978877798754 0.4112722776031696 0.3381147667281403 1.271534657951594
9.648458280392868 6.512815672854866 1.334923244666493 1.549542116992633
0.2008564968781001 8.725738259996273 8.418635960710429 0.7687404222521201
7.903471531604471 9.531351526460616 0.810517533425984 1.28691910353669
9.698064624793481 6.54635040619301 4.947198688306059 1.183006143799187
3.321120878870868 2.382538627135694 3.534476811414252 1.116565715812542
4.111882785757318 7.195209888524531 9.236360571088303 0.7336351268141271
5.865172479613574 9.544707868671662 2.241426932586271 1.27005784329623
6.092179157397047 2.55179481063645 6.764969985024862 1.133085676936361
0.6025315463683012 5.410428862736393 7.091178159629775 0.8707968138730431
5.175853723422985 2.06066452154077 4.177408227993183 0.787561730422385
6.52768442868312 3.428541805551872 1.257226405104092 1.130094923521354
2.504256509082266 9.581070122581583 8.468104344717222 1.068679223352861
1.399262704538112 9.787155143866576 3.141685747600404 1.195592009125879
0.6978176552204907 6.955009972137324 2.027297232227938 0.8433387507440557
5.13972086782968 1.281453340292794 9.443327307857588 0.968990288416848
4.566290093833438 5.529223957737792 0.5458115745344317 1.023977544320238
6.582366714944993 4.770366748699634 4.202883884110558 0.8860704443012637
6.590737045936454 5.964854463702941 9.659494759845401 1.480089734355526
0.6153579727194647 2.82445126130876 9.168077402133163 1.034767103608153
9.7094112015394 5.399187562968266 4.556490274380964 1.017812006433941
0.4643422917825979 5.255678052553829 8.018394412947364 0.8045517997715732
5.981184935285703 6.824425555187384 0.2047678682504273 0.7852017122356848
7.128011282431539 4.173019888292645 6.562997623645486 0.8237919388990964
6.142395645364169 1.483531723128177 2.812373941510289 0.784893569678326
3.897453743085396 1.324640890736136 3.024245351298258 1.404162237311143
4.69244573328341 6.596972296402236 9.197363936661528 0.8540607292999812
9.397737884281504 0.7409687626372496 6.663874652504347 1.041282195882244
0.7685949544142979 9.030467715133867 0.465219183228035 0.8647441226880799
3.683408069280652 5.559904705013442 5.4109230293492 0.7755487951101818
5.86689183267547 0.9242545667203128 0.7481371832230088 0.7422824860243022
8.361334591755254 4.716697962587384 2.338493369487911 0.8655547465805393
4.904124649727247 9.418283762419493 6.886649058023739 1.36389989106091
2.456928828485377 7.978837025406573 1.742694344897968 1.5418476318159
