4.421358430808878 5.626003268794298 4.691492446654071 0.8724059045655965
3.303502180572493 9.70351778614674 3.682073896281371 0.7251744381452407
3.425235884537734 2.11802885877424 4.594432013648444 0.7242476789870584
2.47962548309303 8.683753862870665 9.351461657784638 1.289979051744961
9.269079640874503 6.872259474339368 6.679705650870922 1.374138041286398
9.668443128624881 8.949915948459937 7.99675211603768 1.000935863923513
4.530071796512494 8.6631017994975 7.705366861581897 0.8696344152943617
6.153606295079448 2.177023460976364 5.903124096465652 0.8847096023979353
9.289625063021786 2.253790298562052 6.276037317715728 0.8506398030031566
0.9370760115214805 3.599301539671745 0.4637617407736394 1.39609391968354
5.911395363768167 7.674793068317212 4.531667647985697 1.431321221513817
5.613367663987603 9.162663386116227 0.05614830961408246 1.355182877932498
1.995924242742989 2.344052288089492 1.202494882395252 0.9047349436698344
8.088050410840602 7.269619656750728 6.364519147030183 1.021199157802458
3.098081111689951 5.799006297761316 1.716092650535247 0.7389436797835107
6.363525233709678 4.914551345674676 9.9210953040046 0.8599353689049072
8.073249137854305 7.596007917283034 8.037640393024452 0.9555835144653768
9.425057340371495 1.536040883480174 2.646245739688341 1.221057482281194
4.396011008168478 6.080527488884796 1.980141254626664 0.7797659130447459
4.586349987064128 7.250918832099074 0.5040505524441197 0.8423058471873917
1.196211380646706 5.148336676088359 6.983003831636498 1.587954831809902
8.11117493232328 5.794269135748292 7.758219138736397 0.858240284135418
4.975309676069618 7.986054675541967 6.488866893796902 0.8513291732527193
0.1511978716003437 1.521238733122122 4.638778163952479 0.8667218139836037
8.399563802159266 1.706203082915567 6.007765150117302 0.9628187121696021
3.707760668210775 1.007141031994944 7.369591627515474 1.020542920496929
0.7328205107504648 7.131989836866562 1.032950358900434 0.8474580121854722
1.263526872910653 2.72210650240527 4.360934905802178 1.028524614265006
0.3192923061414943 1.166878057133394 3.475949713071891 1.257860197996656
0.8061521247666104 7.094789647136243 7.664110092657113 0.7699210749624477
6.146650077075306 2.737759134249631 1.885425134038462 1.283794775442002
6.898711300738776 2.286787711804096 0.1484580351389886 0.7700563934871989
6.477914202942885 4.381273369762793 6.778823600835257 1.428789458922176
0.09543549763671999 1.305718034655834 6.288421111234674 0.8165696168451354
0.03735016421984039 6.791184586899469 0.253995697569398 0.774499410988234
6.362308680189132 0.8435286816486431 6.139889610809498 0.7951699109107158
3.749476909853109 3.50028282100477 1.092960622118022 0.75705433381958
3.870609352109243 8.365430572092009 6.971951307054976 0.8636727522991791
6.870018098475003 9.74717385048492 4.18934503689588 1.512048416364487
0.5623207930466512 9.432785308643441 7.883107725607004 0.9649010351842775
1.712800863562427 0.1934074131524999 3.155608407884222 0.7778720267423258
1.94375052566151 8.257400698366224 4.458602586428956 0.7692958542410021
7.505047500228549 6.957329894006357 4.10085370110014 0.7689736146657997
1.724727113233471 2.93184481070062 9.351440851704425 1.536248439776259
6.559286795478216 7.566160472432919 1.274022552278183 0.9488944700357629
0.5467943149280485 4.369294553124051 4.297375999548652 0.9962187146482619
2.309440447860559 4.028198947712078 9.226732401000632 0.8811441985721542
4.082147936183175 3.587914313153023 0.2680081745990925 0.9081547921314796
0.3744601432858707 9.782954655512205 1.608660443273916 0.7591131147572958
1.923629214510784 7.052302288687085 0.7414737450987774 1.55848426209007
4.904162174122457 5.847164165197492 8.406086674377299 0.8797860348521159
1.681492093401913 1.265623034574527 3.098316704506734 1.299155134320905
9.512557350948265 5.008268794786365 4.754518614074733 1.460930159872003
7.856958058963219 7.956279847025385 5.422673968869258 1.203294346494102
1.898917206096044 8.296899289705454 0.9865323956763494 0.9345120116805298
9.944616527691815 2.646054629544213 0.5930469600455524 1.190968247079096
3.285984423946133 6.963473420792987 8.605446433584412 0.8419399801019591
7.657007267338548 9.420966627094602 7.758231854566501 1.303566347351625
2.948160851652825 9.016262507216544 7.264185165883235 0.8589904301638533
2.53305401764752 1.969443683334505 0.1889666379324118 1.370525156133281
2.673697841359317 3.714066439664398 6.116798217919589 1.253477625623086
7.79013149631688 4.836685192806358 6.415417949132851 1.314757107441165
9.801927208331595 0.430172194124504 1.25463614104481 0.9161347863337371
8.568874929838406 0.03617243993928709 2.882030842137285 0.74500870086976
8.670743064043505 5.701108962934649 2.848026121551551 0.8068312229234004
7.698945109907609 8.374543128532604 6.620418515390034 1.288385612983187
4.92140957063148 6.540453821451361 4.311336669070754 1.269794388453724
7.890774068104665 3.794833101296922 8.58928030914729 1.234351191639366
1.313796946145223 2.909537992711756 5.508467464271021 0.8482596592777533
7.956019412038757 7.074849375185011 9.744519944611973 0.96363448630191
4.88445497096663 2.814785304514431 4.400973652612959 0.9776713795310732
3.875091635754445 6.502190458021462 4.950132645765629 1.095376801468766
2.328418094540414 2.222747378576254 3.917379639526434 1.441727508242761
7.510505846636705 5.698866273236363 3.803675111522443 0.7798483986277159
2.699160615439529 7.211758563354841 2.672783259906701 0.8971887130870181
6.574605298951202 3.30164183892537 7.605412261396174 0.7306599761586492
0.8635568649863379 7.347131902749964 2.819422192050993 0.9307841004084998
0.5012244630958629 6.191102457176283 6.22454065005744 1.277880533489653
1.499651034646317 4.286630817673116 9.686460075689757 0.8946248813976612
5.066422050697697 1.314399741072459 7.372095792006157 0.7262407715810678
7.217595369939435 3.170867536732934 5.264032810200707 1.114093964894351
9.611402700111325 8.565749665177922 2.634110431448672 1.349774935758852
5.840684480940321 8.399301205360723 5.808274125347075 1.437488608168403
1.524431387536131 8.318078392979553 8.920873602286425 0.8183256763463929
6.722521346730167 8.745910010216845 3.232686650969043 0.9736061998474433
2.714802071224941 6.030655326321351 8.265067872270762 1.053442238563823
9.324506571994366 0.5264533302366248 3.190968287448449 1.008744154208895
9.215981562921453 1.732262506419218 3.91394254271026 1.325435412016341
3.7378181262749 0.7645977074722132 1.511643933035167 1.185418712823011
1.406143043104107 0.3474081626995917 4.940434081949449 0.8925713351439135
8.446213386343077 3.416140107582741 3.573644179210814 1.034551553514139
5.957148028408076 8.156323957212335 0.7057536160520272 0.8368491784765046
0.6803370753755611 1.788347489125904 2.347096163454745 1.332291149798523
2.508322568695515 7.466509816617669 9.689110517206311 0.9144005081891564
8.505629947694679 2.774000230220188 8.725465503363878 0.8298157008608045
0.5665160742492825 8.098005347744422 9.726076676725112 0.7988491982057628
9.025737912163297 6.656949834804688 9.87091095899126 1.298835024741423
7.124505120151027 4.900068887634655 3.317679714766003 1.116992631472064
0.1863216657551647 0.5560069832998071 2.343894575702252 1.274776641042892
3.060825425855247 0.4089419830553853 4.097844987647073 0.8187994822616087
0.1425310228873877 6.406587614680012 7.178222996005938 0.7327414650791592
0.8106655886935643 1.137003602000546 5.500999300446228 1.209821964664044
5.426168679779042 4.22440202601922 9.43791015066313 0.7823558879798855
9.978586121866059 6.049294473153311 9.66424940648319 0.943444279294502
3.659674129567281 7.835468148156453 8.043948224332684 1.089658594291741
5.958846088877883 7.323073297001305 9.261653292572888 0.8533587756332413
3.101606462350512 9.879127809595584 8.104122792543071 1.524008286928576
6.108279614132853 4.810119525386041 3.299173751470855 0.8648168712802642
7.497253249996794 3.030206211852027 3.436208506294756 0.9816577560499291
6.470748653425598 0.2154603299705804 8.012606565910694 1.487217989491063
4.899756683476312 6.168431934671411 5.394462738924148 0.9080335631517727
4.473791571169794 0.7713827093000303 0.5833676366461615 0.9759875526582988
5.631321097575436 1.47075032692944 5.355019605463803 0.9921800147107365
0.9776603164543696 4.858844899159576 9.051177765722493 0.9065649117595458
6.955542917847571 8.479315354183504 4.752779300423432 1.153441591565886
4.391584364062703 0.8263665127597275 4.095744470394727 0.8613639520284064
4.922297972337213 2.777825365134049 2.263939089646304 1.057847162800386
3.33468869910992 2.324647621833584 3.273273938893465 0.7579061655459624
4.631632571708376 8.725363288286404 6.814186870089896 0.7976561869525788
0.06577240091508951 5.613275697592885 6.995271465795568 0.7321440379114464
1.714872121386612 1.734831961034252 9.464662904813174 0.7607640981444674
7.569508627605264 8.980005208126174 5.491754523490264 0.8604242940291281
9.200521928926642 5.602247363396049 6.749779128263464 1.014626112941005
4.021966688630876 0.03913343671885339 0.8431263073913053 0.7251367378799086
3.51713616595472 7.484222939784582 2.213700425243402 0.9599345446151549
7.400910095154761 1.53748319990535 7.100759325352723 1.093637605304057
7.779868607068212 7.874400759681996 1.874113525264458 1.131919903101904
0.01562534663660964 0.9978762232575578 7.034249497490766 0.7637050358633175
9.953916519388851 7.526916382085903 2.847107413841946 0.7594094455438157
2.741784454056521 9.566058640205878 6.451789467770224 0.792864090424935
1.442934386930466 8.473459929629863 9.875028065193924 1.0102474685643
2.813977045737778 8.525840861750336 8.129204145806359 1.05448018677059
5.640196524058025 3.079687091937882 4.828721391019517 0.7977874172313811
1.751700804379765 9.242010195798853 8.29781383023232 1.393269826400003
6.32686423188023 8.589386295225266 4.023429219294818 0.7339266483540819
5.246031209492251 0.9795453261185982 8.663643224729832 1.48539717744579
6.416341737682109 8.115738709919357 9.574319675394335 0.7321961872109072
2.619925867018879 9.080542593642864 1.476235294321017 1.208276654080579
5.306276783450282 4.378222723236418 5.924147240101227 0.8959506653277116
3.128597267893841 4.655925799011174 4.427378960217845 0.9969858192801055
8.354234654071321 4.13902971377671 0.4988056779732442 1.070629024321857
6.094863479573491 0.3666063860766533 3.499199578434017 0.8538700598240169
5.135768018114514 4.466605796948043 6.863129083562198 0.9707931115616202
8.981978913328737 8.058744411244179 4.73119103678025 1.369063882089822
2.680033295113553 0.9549491110103836 0.9862202564346323 0.9696531136975882
7.200743324193667 5.222446160571046 1.28911914435999 0.82745009921891
0.1072496003588053 7.65375437383665 4.381773951916321 0.8100261615393355
0.9967377132460264 0.3532469478170097 8.825482164126322 1.385977747923559
0.8557753007869096 6.247311847776476 7.423844705354549 0.7538978378786964
9.321842482419466 8.917824848631756 5.465129072386897 0.7583433035231011
8.378307487825962 4.9219960176677 3.760270673655444 1.482747431905117
1.800342371483769 8.781633837537026 5.732968838687421 0.8075835289563518
3.533217707711472 4.425838110292026 1.709151151841075 1.07783066378379
8.662796671762578 9.110963936000381 9.906129396316727 1.060477225396171
1.009368351120542 6.249950454935215 1.979392293243538 1.603609340638519
6.886967559528622 8.730694279209436 0.3354869101923508 1.246964815330114
9.843660374070121 9.629160791448212 5.655657645421503 0.9861631906139071
3.184781255022745 2.448875127455713 2.526235426871961 0.7487659009637367
9.034748640272792 2.18376325860695 8.125462089127051 0.8302294513640233
2.211163196303427 4.366193700462532 3.781925308141425 1.181460321234614
1.889995923558123 0.4935021765878134 1.438038854943724 0.9678809310068875
6.874140164789695 5.274724436728087 9.163013845832213 0.9829499752678754
1.428568853422356 9.386321930172599 0.7931437376435202 1.383316106581321
0.5383525111043841 3.204602009242819 2.702249150004579 1.46607007602812
4.386351707095751 0.3066514400674725 7.845849081401464 1.079278690792179
0.9684025719960276 8.277960711576757 6.542591721517302 1.102736870482688
2.805859704391362 2.832753360940048 5.107578504058074 1.350761801700571
3.108786769754943 0.9494060617425026 9.333308205154811 1.449548446045597
0.7103077420264425 9.842678236866398 9.939569690904353 0.9284639414194141
5.375252071308888 7.441538431572536 2.268193894536759 1.103446494374007
6.940681879011761 8.368623995797039 5.860546623769308 0.7264031599990777
5.574096658807426 1.744110312095654 1.076597931155927 1.16765644385493
8.278959507735889 6.540241524907312 8.655452730747708 1.449437323702534
5.750395918323474 3.208136236816257 2.913505488442348 1.02994980749472
3.627883041432253 2.58532274063362 0.6623870155289757 1.152569851887138
5.998054444884655 4.815474143305406 0.8386473952978846 1.031982552541151
3.229730395886234 4.145346109323822 9.643003084376332 0.8027088323917018
1.198749244059283 7.664647259211935 1.778086037548651 1.130707368918816
2.36454693763962 4.44195671500245 6.782801661226364 0.7497207743464034
0.9986866333692379 4.162920737512554 3.349241185807978 0.9358427501506621
5.378557718818762 1.85139760535742 2.111996717686587 0.9025095454275437
6.084268341088146 3.844029290443258 1.275771742100321 0.9911743356833934
7.260922842918839 6.499532031880983 6.54762740901942 0.9097302985220401
1.467149172175001 4.913230960906128 1.075773453110184 1.584904352490298
1.36196963065738 5.866290886939716 8.411286102059805 1.501503474896271
7.627742121963975 2.050818623295342 6.313540044646375 0.7913350342795662
2.214138998510116 2.057565730848538 6.67027856287004 0.7712844446501348
4.381883840467033 6.784855251203664 2.95211284437657 1.559495647552051
6.864825096710841 1.759560751277556 6.299848134651209 0.8119711766524635
4.385044165913548 9.593292302175493 3.047411595385441 0.9991595608431508
8.839090883065662 0.5711514021273922 1.938098229565873 1.353788466155656
2.321330340109967 7.289523711830472 4.245427049328016 1.257116159127098
4.188668679742418 9.386959622532494 7.991149011200062 0.7863795910159748
8.897199145387443 5.294977294965649 9.912132977471384 1.305774638147168
6.896884637388957 0.1634302550151179 5.997287416067253 0.8187191167827252
8.267449545418765 3.212801727475292 9.395000360114835 0.7902502153010367
5.890592863850304 3.936625911097151 0.2238368188232354 1.067372321868323
6.956985832218404 3.531606316590502 8.299735091403441 0.7488803372377221
7.049095910883641 6.418532966122696 3.653636732005251 0.8715487992190633
0.04680630829968724 5.364324999830974 8.789786889009871 1.237724805284567
3.81672044978868 8.797545375584386 8.905444036370252 1.462270613373449
0.5044772428308641 3.018307075042879 8.521085153280195 1.370509802418826
8.898144762259381 2.688815986127604 0.4089622210361077 0.818038647806561
3.136050842066698 7.219147473483917 0.3497749497350833 0.8156903348929571
3.418295372160679 5.589003482955613 4.706638911545211 0.9636347153903977
8.164950290252062 6.636293734590528 7.276644026331567 1.020609116445801
6.265753487641723 1.868744032572077 2.747101735377169 1.094995931796271
1.826807055251126 3.370348547482855 1.364878549359441 1.066655325631111
7.755452939082033 0.0774708058719964 3.375052945008949 0.8622044460561386
7.115389060184776 4.333824267119768 0.5821527510045832 1.391145351377623
0.8365768777735083 8.836757096210434 2.699173664753798 0.9255140386075179
1.513581895803123 3.996301635993423 8.647764443959948 0.9919908769532542
0.2452250907691234 4.208425012965996 8.701430879669324 1.017741111135727
6.731646180703639 9.788165116531285 2.955217636870323 0.8381072743629535
4.63562955312108 0.7362787608964538 3.274163427301306 0.8303458735807102
8.220958759880961 1.127502594444457 1.234886586689099 0.7745775139636717
5.57152680474641 8.499109884110657 7.364908746673205 1.303281562293551
4.931640645732474 8.122596156699659 4.099772115254108 0.7890144745132625
1.503448064069025 5.309400944833847 9.794924769541698 1.014024892026242
2.574020616621344 5.40126049957833 6.576971147986521 1.179514708185458
6.305482510219488 0.3377329918652572 9.499600700087569 1.452834416330038
9.210985913268349 2.940663945776045 4.202591440289611 1.07244455144207
0.8478230470519732 1.008646965867686 1.227924716960505 1.275109280732206
2.893549164502333 5.410677205913069 3.69956349984293 1.098928419828236
5.503295338221889 9.583106568267876 5.194481206587995 1.197606420861508
9.247193801275859 4.787014354945874 1.187138599582992 1.45669928871273
6.173630768492421 7.237070539686641 7.704784599121848 1.449625569757907
8.539771139586593 2.099565574024646 7.110417512796332 1.283004952818398
1.942216163743956 4.658590503763527 5.935207185023085 1.076119627926475
7.231061977135339 5.076236351310705 2.194206150146734 0.8878629766203268
4.696035362247025 9.639816424507989 0.5801687492376895 0.8962268191434343
0.7790937649670082 6.514724673819067 3.207210125796652 0.8331948637971301
7.469763261328912 2.61014843395571 7.112613523116389 1.010535411465461
8.37107372757349 8.627945372630494 2.393370611282243 1.005605432324887
2.191665972981318 1.172285141652001 6.851409107138324 0.8080883645954609
7.999125143376132 5.170341887525127 0.7928552712483172 1.015749875533662
5.330965109377224 0.2824259702158671 7.66337300047538 0.8006343525540313
9.793989194830349 9.95865316748772 8.428845220595871 1.145063725570448
3.240181279495884 7.131903345492536 9.417353310549945 0.7335411763635933
6.120412663708264 2.892797850790632 8.352005999960879 1.097469435124411
6.508281271268073 1.172879969644975 6.915803231028503 0.8279446869524407
1.464641805083763 7.469192058534292 7.068426846601188 1.027569764594767
7.503731618911682 7.67532732112409 0.6554756115436455 1.196098804206208
0.1585349825037152 6.327836145188415 5.024736532319516 0.7764659610259524
4.168663091557975 7.045265730971535 7.742435676513377 0.8090481151729372
8.44196078411623 0.6467814460416621 5.996934995666684 0.7500059398434262
4.385728543044647 7.184678645095421 1.576674856012499 1.190343051681153
0.514220961644628 7.215446070589889 8.420347354526871 0.7627433883888483
6.329000397726884 2.24931130863161 7.202042186956154 1.339001642638833
2.160137670216367 8.067918411203637 0.1948644481273254 0.7263332251355755
9.365547578201163 8.783879307829768 0.7070045530850033 1.017531135645487
2.230456611459183 0.9222408308840013 4.197632607061269 1.094968081585705
0.3535555241869603 4.392268965986633 1.146730341479715 0.8118272253117214
7.831508899051731 0.2184030057422637 2.449474045583317 0.9539364211368134
9.584548143188686 4.016271631589884 3.564067352988345 1.469500535159409
4.24794157099421 3.629620118701081 1.84472611073357 1.033632007308884
8.782344249115654 7.311054230132972 2.629396922961965 1.491181679016831
1.418560143836247 5.405706224583448 3.292690873182339 1.546025691828325
2.741782941601698 1.110054006664506 5.932265704099237 1.049359120153761
9.908718349319965 6.934527647248452 7.743619797268237 0.8254980716404084
1.925537558222613 2.870680465645087 0.5153881047652231 0.7865003854920913
8.2612971354474 0.7300368725256867 0.4349795916800159 0.8303353889663431
9.147045794357114 7.580126709208407 9.340017067085373 0.7738844672407712
5.456865558144442 6.319785090165067 7.602556795100507 0.8106047788164265
8.713476378798791 7.002666314825658 5.485705082499343 1.144784275959866
4.134635066493833 7.912390479477471 6.301922735351562 0.7451572266516676
0.03437380403699897 2.86150620226957 3.768400728886683 0.7260999289899658
4.966610704170621 5.589960127600187 1.625690058690795 0.7694568961637324
5.612050001633145 5.119445135026274 2.594929634564356 0.9298625920799271
9.92178527401823 1.53103401803574 0.513252771949978 0.9324612075939316
8.182721593686708 0.9395382552735054 8.619137240306062 0.7851807868928233
4.589388169279424 1.916674278922046 0.435595509778034 1.103137432089019
4.026859357948745 5.390141774802951 1.328437013827907 1.150701581556488
2.108686634800847 2.986561829366027 6.749027158448857 0.8119944917142078
9.014887456071904 9.370675943889735 3.216752350771349 0.8943508396627733
9.163393542196481 1.903947931441743 0.2111099667084093 0.827488409941202
7.946865052745166 7.460629339425839 3.543878936272836 0.8269652703532554
7.528686045818568 2.009337797190001 5.30062211564168 1.206936052331383
0.03321513795339626 7.340327245229161 1.836270373186267 1.235588220152101
7.36901830981991 1.843307295546238 0.7935167004414478 0.7946097751206738
9.49292460849016 1.210867521380299 9.781442493049594 0.7685894873014927
9.336444510075021 9.766385861562201 7.497972812054167 0.7865645295356185
3.451233068330484 8.245358559668334 1.558532683188378 1.006684512394052
3.919484015014156 6.749109857028814 9.294180901906726 0.7737045790648672
8.52290879552741 2.103766066860553 2.345613603499047 0.9520174100806658
5.509737200211386 4.280741146133041 8.473466289784092 0.7574731902269645
3.918069821769353 9.45111535071794 1.843346093132965 1.476133471155726
0.06403733344719442 0.1458504760421109 9.372091283028087 0.7761899788037444
9.283062752418131 9.100096765791292 8.99063458217123 0.9537139418517181
4.836517883219004 8.581729781091113 9.426878931539793 0.7361085662743687
7.258887679264173 9.12637293841869 2.220696579556516 1.351332915258855
7.637135663377466 5.718438593901876 2.872523375660498 0.9731274975380858
2.494498448725342 6.807824227266183 1.804351541097446 0.8428422328936818
4.115148219698136 3.760390715145603 3.953757536999377 1.412757089545065
6.458886632741176 2.387698879628996 4.981587427250249 1.068893443826551
9.088510644317809 3.450810919847579 1.071107534815678 1.173392766042535
8.242731825262977 7.063108503527582 4.541089894049425 0.9242044824896206
0.2488265970798764 2.087492583560438 3.948188593853327 0.7805264104329296
0.908456781028415 2.08742911349233 7.777084526973315 1.03577149923736
9.687369017243109 9.478997193403103 9.902792364293207 0.932295436952282
2.571646515191222 3.83401480018996 7.265101518888481 0.8108896206021996
0.4937441423347921 6.8893409040023 4.478250475262603 0.8272001759168354
5.650933447825276 4.185852895041711 2.833759300659526 0.8902349253445353
4.9606614535066 0.2347175155918402 9.749795412746792 1.038351212661981
6.437139263266112 3.629971648606798 4.683818147766035 0.9498211503595537
0.5925267795173628 2.828343803342455 9.732083251590781 0.7425598987829126
3.768204358017995 6.901118369571093 4.008923347133914 0.7480430081051501
7.41007914279059 8.676798682539005 3.836594529712745 0.8127608934509156
1.361685476466714 6.549829089745417 6.788845442251872 0.764936625461236
9.901383855090472 1.040198578547858 8.946452119697492 1.061840160701021
3.165982162854991 4.971574790447902 8.861374411558677 1.420987431882103
0.1686094365293178 9.481918985403164 2.316491321431122 0.8044053135509626
5.465755820440338 1.102921461804715 2.799712953755117 1.021343427799196
9.398520023591074 6.041650215003639 5.632938011027795 1.190865535376659
5.279281949581358 9.504791615654456 6.435807156621837 1.246574379674818
6.90498081860536 0.8774197459731647 3.008458572206814 1.217265649252479
4.96467739868111 7.769163629239301 8.507438142182185 1.589835540304314
8.725032841769291 7.881398934309916 0.2695000727856733 1.293229598300048
4.208713605496822 4.833848101502584 7.18033551295624 0.9337609403904222
4.832498873066053 5.58179234108268 2.618805233673453 0.8332618287923752
2.803906048366313 3.343409507092566 7.933834367873566 0.7382718230034913
1.019375921467264 8.088178591428788 0.6909534594789279 0.9014530184878063
7.428699571355204 0.06311841984844579 5.326069879837083 0.8153542013392885
8.50656275240423 4.112428166155415 7.523832441679296 1.051416337368285
3.87622010154667 5.861570005989961 9.515960865595568 0.8055233678862189
7.919373765174493 2.990478940420738 7.897371661668096 0.8195919446813017
7.109016845114263 9.408783037305591 1.074432157661893 0.7360109189035553
0.6766288537876597 3.44016666230219 3.895681588870403 0.9389708798831237
6.43084659030781 4.562249470485891 4.189805076211657 1.015585196632766
3.000051817143867 1.925411170838114 1.585038243989115 1.339164736088404
0.7416864598059691 4.919605371240127 8.164869889552756 0.7694620577653714
1.869000340105097 1.451544970551114 1.054337782691898 0.8637445416677341
5.658477495911907 5.753916198685395 1.979772357248256 0.7908807140366763
4.250324290001574 2.603578856828199 8.762322591073106 1.056432029665529
6.59826508237551 7.964581042061168 6.739366894657438 0.9969156370329586
7.153952867377495 7.676861919687519 9.600895135223787 0.9095478792395523
6.884572400433223 4.337274668183633 5.470203774728708 1.26071005283229
7.200310465943813 6.284840598508744 7.715009319793825 1.17219372065886
5.985611539688542 0.09633187838200441 2.23407366684994 1.25033897082246
5.482641530505058 0.5266366082357432 5.884339998379224 0.9539286607452234
0.2808173431439875 5.456570763490027 1.204836582151132 0.8853222081693536
5.361767118096479 6.535859511900683 6.439132087741852 1.311400899687548
8.124955112563477 4.721463696536353 5.047294069132349 1.123431556320264
8.11812742836419 9.362444453914758 2.911612792556395 0.8259656693962792
6.145616246308687 5.587157493880313 8.774642881303793 0.7401526560477246
1.088553058131702 9.781294164131806 2.481172257298525 1.018996266905879
6.114511457744987 8.327348579734497 8.293773233885794 0.8323923938578371
0.4456438859461564 0.5847495349675824 4.511120794695636 1.080181465770392
4.226800659000532 2.308745901098126 3.715469065251717 0.9330032868498934
0.4145359180792885 8.85922249778714 0.2400614159450953 0.9666431383013496
2.726932854420469 0.4738043400057956 3.082764689630113 1.270654202712388
4.593632995277449 0.2595973326831891 1.308062871378175 0.7316479404197164
7.920526624135016 1.187329147478868 2.079237654010714 0.7737241462650378
3.750506670439429 0.9138382865831973 8.313211124793215 0.8410533532721665
4.174054109865438 0.1556312842604346 8.961305135113781 1.111650414380944
8.567017392422288 0.06896635741887147 3.649455139308503 0.7385215500035597
9.5546207232406 7.951029259660798 7.447085040656381 1.236367027755765
5.088426406619894 2.226730899650148 7.943467481367307 1.363884014485246
6.607684131500444 9.234253313306645 6.784019296967355 1.436156586870644
6.651309803008465 9.366494396613312 5.503089981016927 1.081832715395145
2.732686924683458 1.585339766855826 4.971774960714348 1.040447144714266
9.782707372006405 8.000385707785602 8.643804433758755 1.161159075989417
6.687758325830249 7.754278319208421 8.735364827709782 0.9709767793513955
3.158310004917917 8.194201294709426 7.331076975497222 0.727520267982386
3.247621947631647 9.992330356261437 1.099416401700662 0.7479528786242393
3.349832696633201 6.551742646627753 2.293747128493152 0.8505117181162387
9.420157751783973 2.632771162839174 8.72782249410257 0.7558784695404277
6.70029797784728 0.8874137814696403 4.084622770422285 0.7507602297665219
9.188667447313582 7.037719387649451 1.008406925167225 1.065969364413309
1.327117219635983 2.370803750639479 6.894451095714592 0.8114634358966654
7.842295706174998 9.533628847269551 4.809305071435322 0.7919349475378596
0.3747204304275908 0.3523653266597604 6.363502801204517 1.122479516162667
5.078848109821759 3.083972743263801 0.970912316224698 1.537515836078841
5.260036837020396 2.203079587306137 2.946018149509633 0.8073537591440075
0.4543417337663169 4.006091583093171 6.759366909792711 0.9776501786203694
4.548973873969421 7.921659324358177 7.241636928631807 0.8022755986652638
6.472650948753699 6.712437454942853 0.9654154031422846 0.7291421308977246
1.739951506869994 0.2262680320788324 6.161923406829867 1.589023816980381
3.779215044168414 0.3915210249902545 2.628289898683399 0.9175438305879657
1.84585152194772 9.670484842793682 1.750609431931355 0.7385639320427591
6.310749971410045 0.4764613204566859 5.23076869228011 1.104191063172798
8.387679705121496 0.08031499578140089 8.20654420449686 0.8095588729777117
0.333697207656436 5.69421845665481 7.792318760130872 0.8276761576135787
9.444469711676426 4.574589661872655 9.238172513908863 0.8220720240029199
2.835376131077839 0.1594595190103787 1.898047685241897 1.049074558428801
3.325529098814174 8.89984818301054 4.023295025508076 0.7767684709550762
1.028552538471805 1.303410828834742 6.854417594278256 1.27852231442083
5.476221495312363 8.919608578917009 4.122061923459809 0.8574554085646624
9.089491756653199 0.9675426524433917 7.819269804198329 1.534394821538635
2.596631712673843 9.447951496529225 5.443795411087279 0.9179074641496694
1.801432622786832 2.124588116621899 5.169696614321462 1.047717456277356
0.04240703390436695 2.643302381067029 6.230846373257591 0.8007278332539808
3.846466251843883 3.190880307378815 6.028349360590499 1.207171843139003
4.094452804445906 6.93991259012776 8.52192381689717 0.7253964810377006
4.464732142818682 2.815852321678626 6.938487634494166 0.9721219814981882
1.787502888275805 4.213030868416069 7.573490352777653 0.7806853063359953
3.881887331836362 9.62039005927114 6.785117364770135 1.454853868477416
3.82979511397863 1.945682517385511 9.674392047542485 1.004194907651848
8.785458670353533 3.135780601346103 5.056326839568541 0.7258476565544686
3.183988988759024 6.303831009623487 9.165105875743604 0.8397523327836189
0.235109804587248 9.606209754277705 3.536053939267554 1.603056656623704
8.905320740485774 7.491885004810158 8.55720686620996 0.7459154150383743
0.7952837600467854 5.765559037606734 9.441308987861371 0.7803073962577
2.144717221688049 5.84840437235468 0.4636248432099244 0.8917457137419816
6.364909887778707 7.338732146731486 0.2155970315135514 1.143338907430328
6.495329141316422 6.851272364709466 5.085926182640764 0.7973909085275694
5.535620366132759 4.819306566184389 4.004779784122552 0.8437211042741714
4.731339689649218 1.177507474260603 1.421960056017111 0.9218661733618102
9.63883725694398 8.429290970297521 9.696009496385081 1.056346118494929
3.898084722527225 0.3767137550717914 3.520099177835674 0.8391786739018006
5.505795333653691 3.735315986675165 3.984950789998266 1.288423264200545
2.698220846482988 3.038068412767687 0.9324442187530924 0.9398647022065695
5.176779844090941 8.503078336763981 4.832941657668842 0.8037596566541291
3.659443055747492 5.409024093889379 2.624359821209415 1.494658800719356
6.868282642704438 6.554406807242231 9.18246155013437 1.481169561829008
2.967592215130812 8.430281338622471 6.144699799310036 1.54037313193133
6.164309261815745 8.905058653165874 2.510084625998337 0.7669352432027087
1.091806797596195 2.017999771376459 0.346512062731803 1.366273685592736
1.327212065813926 6.349421460589886 4.24144123826826 1.080778344590352
3.093389204062898 1.678985234045172 6.827783120261487 1.056083283484197
4.308257965739332 3.888581601409969 9.051160708116441 1.520136302119682
3.3342025648494 2.122266044267155 8.743737839290599 0.8589460164304753
7.433692749137727 9.293586123347485 3.307096690580931 0.7241659619731925
7.524995974322699 1.060260606276335 0.7953813650003527 0.7344106808293418
0.8405129321451221 9.16037652152152 5.789727874727756 1.189819476711837
0.04920674350588405 8.058516164427676 6.467424861367249 0.7352604033612092
9.516305814442221 5.303442615293531 3.362226844987965 0.9908036689271693
3.544437029875271 4.118632774282949 7.876596079123512 1.231941765693613
0.8160219418717063 7.271514904962637 0.1438697154620838 0.8918513658444857
8.1294462867536 3.536202098193678 5.068687598528393 0.7312002594680578
8.899725912832334 9.778008014710379 5.665308402905815 0.7782031569053871
0.8051478726890693 3.575512000890327 4.969188156062351 1.03555595375076
4.787092379394328 3.716283782938943 2.753212729222078 0.8787974186562419
5.838814895003274 8.441042029484379 9.167991233487314 0.787614251109547
5.998863105251433 6.88794131333613 3.273439736634812 1.375667281388393
7.445321906191056 3.742705615749777 7.411853648928825 1.166083421406642
7.253576587768616 6.053842189332969 1.948411810642683 0.9234128502153062
1.9502351321281 4.875271878881223 8.894109079205089 0.9438875189077085
9.145178191415848 2.599797503396101 9.555094629767725 0.8281901034002253
7.629534577416623 9.816625590098306 0.01812563595335215 1.408495424686024
6.195427969243728 3.903584551395036 8.163022264165397 0.8964278775413512
4.383248878769277 8.235514837218332 2.510176618184857 1.362094684927575
5.457013918332718 2.241737024069868 4.847214617402575 0.8235040695082856
8.688741385684621 3.005683297257289 1.880499544173382 0.7850748578324919
5.645229043519469 4.523451674783067 7.678049189093194 0.894889355353002
5.864873097539758 1.202827892914006 7.607331180868877 0.8973047178111422
5.727400999409538 7.580614064313386 6.632964243444539 0.8469330731315697
1.012220806777714 7.10526335640936 3.730690455791622 0.7606766857535732
8.256082144649524 6.110197305521964 6.20852727091677 1.236859514551743
1.862550004676828 0.4199624774210275 2.366261785385306 0.8603727527120657
8.262102869412679 2.927062984346728 5.99381564456738 1.398277058622008
1.199047098758496 1.547657302623843 4.346291308745231 1.247706879942193
5.839535568953539 4.917675824155343 9.203412049904445 0.8698554948263564
9.633392661272266 5.958223647420122 0.6537515460557675 1.04568640793232
2.442101680197919 9.964856699752229 0.9169867392830844 0.8483987646619248
1.612317237439286 3.324420989740098 3.422398745615275 0.9866871414088076
1.024985208792087 6.007193625113731 5.161872623266259 0.936373499581486
4.776417892034208 7.408437787990109 5.452231590847014 1.467106577807452
1.862601709394347 7.929646227459443 6.345463250476156 0.8125156968244623
7.21645743324351 2.778395809342145 9.210108857252994 1.378002572259805
1.445414118731502 7.257652001000809 8.392892690155564 1.041630315820639
7.326110319516867 6.941713288095598 1.4952982634053 1.011232527777642
8.613768592727512 4.034676529420928 2.903190995499172 0.7659716472985622
8.916155803194206 2.148960994212542 5.118783036291677 1.208033780318957
7.304985983853951 5.103309088681976 4.490510255901612 0.9151062549189034
7.74677883440828 4.028020071583814 3.13126728564793 0.9876627014383207
7.987358613189632 8.376812656701919 7.65812945388995 0.7408723512377187
4.864148547969922 5.006260418391197 5.207032294084615 0.8360322706137012
1.870212911440267 7.163143400852445 2.327045197601952 0.8116917568857308
5.910118122378838 0.4364648609669253 6.862437798071861 1.005696039127823
4.835243250750291 4.533292280779162 4.49015641420167 0.8341646635106356
7.46518363854913 3.953755884407282 4.273779809484283 1.287678064580458
5.284447886510165 2.446256820018023 0.01200845029945108 0.7609108319465914
6.84968961666051 9.030611437721593 8.954891944312561 1.524573650093202
4.270168387683272 8.091610115098765 9.927897093462915 0.9504938437705364
5.168490887522353 3.472759617308256 9.775803631527159 0.7992539908309289
9.088359912134807 5.811263642336511 4.028870422357444 0.8007347688028627
2.874956934161731 8.061553848245467 0.7380563368170667 0.9967057899709948
8.273581419083369 0.979633288127788 6.830988384814489 0.9703724956786848
9.352258059945791 6.728075521581124 4.478184324966454 1.239157364231644
4.205416091086455 4.411952142813607 5.969211694971489 1.253692017688488
1.941804412284373 8.088996708826569 8.183897300872683 0.7970220001689889
5.639307669985107 0.3799389960443211 0.8708769289516749 1.483141751224657
2.105732533327545 8.39607749092214 7.226620355057771 1.171131904779126
0.9336570195235661 3.772810164041625 1.684510886643663 0.8689955191090051
8.492343779298732 9.02145006610043 5.484227735370311 0.8491352208626144
5.140196335289155 5.025175599090408 8.639033269761477 0.8249818443056074
2.486704751320156 1.969918261688983 9.006419893139432 0.8986642179595447
7.133419770578935 1.916143420466492 3.884725343296473 1.411146686531192
1.361235973396203 9.278529239672917 3.239313624503098 0.7729090383865257
1.557690075106964 8.766355853488292 1.910366301062334 1.100569608538576
0.1927916670343488 6.999804746799212 3.639014226032215 0.8124949827833376
3.892187909131383 6.753317334817754 0.7015228779464056 0.773695742602227
8.803565441348614 3.422427989724068 0.06986572636813571 0.7618466722237135
6.198263288524998 6.032867244282754 7.839466022249004 0.8006221013589975
9.731681087861107 3.696080525426711 4.787369070511703 1.016920629490369
5.637383992742618 9.825347088317432 4.15747274511584 0.8726169853725311
3.094337294430776 9.750402436695161 4.783699775760156 0.7419423490649022
5.266134433846228 5.603676857040809 9.310991076687847 0.8773771056778618
0.3167533099185627 6.416185373758807 8.215224219319182 0.7678428852209855
0.8783172461395095 2.706065707181177 1.453870911095015 1.21170989909392
7.703212192411732 6.06948080273424 1.123177602288684 0.9053513625385479
1.006028963014476 0.4821248716084559 3.04895070909612 0.7322953023440322
7.92276508843011 3.923102424336515 5.688811321519911 0.7525941163330347
7.224454189719176 6.231458050681923 4.573913387842969 0.9867404962735771
5.023178876578087 7.137134844830864 7.408578980188393 0.8874815056293818
1.910960801068627 1.107457070991049 8.845136958266878 0.9307962452009654
3.412856636767103 2.768657003475496 4.023599654077895 0.9122792790050922
3.492399190378478 1.395195774016603 3.836547614219752 1.26652933409835
6.031754558169612 8.833179218336911 4.738823125517238 0.7788369774180868
0.8273203983632604 8.220691396142342 7.851870681313344 1.442299373532021
3.153619535576793 3.868311926243473 8.779126559287992 0.7537310920133171
7.727777223901692 2.968622224289341 0.6990464988795952 1.531828466163783
2.291695523461554 8.7145843824787 5.083219986793654 0.7946985943673355
3.885592206531596 7.284490686506579 9.983567593860318 0.8050315561268102
5.723668062267257 4.409926403302187 4.992811637611245 1.097049302721407
3.320968524170884 3.205189179102321 7.089779275819296 1.091703641431066
5.105929748418375 7.413720948250948 3.667736915196993 0.7701737519033819
0.3929435118982427 2.875956370876127 5.516006958876703 0.7651453430532975
2.205556374087922 5.966963107048858 1.433509053033492 1.032813573342199
4.457596726994055 1.770044181034649 4.692355248476921 1.298551205775919
3.552542119261067 7.390967054553332 6.949445388747316 1.117070050310593
3.48848899295561 3.855658560833188 5.107632714640975 1.065289923976461
9.718956374462135 4.700762061199023 7.58152946140856 1.480795630108942
3.94283022716258 4.141745721846061 2.702183277885779 0.9629176566673507
2.174467164203537 9.570401426929749 4.061701540628449 1.557348412939409
7.043023783814601 0.4190743588496515 6.891699167920702 0.9852092811725061
9.246213701410143 2.727059708551443 3.044100024321594 1.218105517405489
5.472886788279991 5.725569082857406 3.443221206931486 1.119875144888114
8.486774381710845 7.718966916771498 7.168967270136339 0.9509433932100655
0.777870035038255 7.799690788542165 8.951059028300833 0.8458244653616436
4.333161986024064 7.483152108312718 4.312579193301356 0.911945880540169
6.772332534685201 5.528000158076374 8.258249863941801 0.8365119307116458
4.894340295754385 5.305910455976792 4.082716431604925 0.7418593657281548
7.515307580906592 1.342166254684199 9.618708834533027 1.594411140692173
1.936225490960201 5.331715843230206 2.100535491153309 0.7631082861002647
3.332832581078353 7.778463014403885 3.455294929118534 1.368761572287587
6.868102200637399 0.5473683017342601 0.5706871086678744 0.903975790635571
8.715018568052779 8.92006439189352 7.194904424711432 1.241611899815032
0.6070289187408473 0.1262975315908166 0.7401205598655936 0.7432576119437383
7.400943264224973 4.787998298709907 8.584165148358988 0.7850344845234316
0.02023929463432106 7.399604817463898 9.56301448921386 0.8470078157044527
3.053843888461535 5.66204129976214 9.89568533410263 0.9663780038204733
6.379387584958248 3.052408250547791 0.7664442648509684 0.9306457505616661
0.006369174904188313 9.089532642224579 6.818988468498333 1.404245050052739
8.004247230452693 4.075446947704348 1.803702678900442 1.57052183536584
7.046468137901484 2.760541435219652 7.951176924052601 0.8131308299740171
4.398816562980129 8.791373378295523 5.728532280967162 1.343707562564595
1.534550331367857 3.822918019932506 6.70046457651003 1.157122928764108
9.080430722977294 1.082918510903507 0.8304285341327733 1.027118657893084
4.828605015253814 8.458059141084098 1.098713192981063 1.535598825941327
7.02132829062398 0.1668486489263188 2.123159355847599 0.7298824094294345
5.075738656973674 0.6561594968637952 4.840038834701485 1.138014891500695
7.494477640176925 1.005601957191683 5.999316428047993 1.189825994469995
5.567132160737784 5.582658334091684 4.748508239164832 1.10970412549677
5.962517118299133 3.334351436931323 5.90709470185138 1.41848188224699
3.03760947612922 6.351394184696717 0.7057987980492997 1.001905054769653
9.532327912621243 0.6668439599130138 4.128662070636567 0.837706756891708
7.065909329486531 4.213924012607659 2.530698233173275 0.7755070181038525
6.506000873669363 5.750558199938604 2.791568412855444 1.166544183030181
9.450583146850716 3.013580385449262 5.587674843527124 0.9314389780388079
2.255232519964574 9.654559737998046 7.195585348917803 0.941182891687294
4.40899387169179 1.715970604696482 6.798839021647499 1.160955745528341
8.706074365508373 3.913561326698742 4.490253853823967 1.037976884405114
0.9749113371440976 6.87500534032179 5.107707005425128 0.7251935389346805
4.099818050887383 6.374042801929593 6.075725550432075 1.165102738844395
6.730425979090708 4.096845600990005 9.21436026349852 1.350309341085002
7.338634631932101 7.338922777310415 7.165319678975809 1.081568097286595
5.331227188786795 1.244730300203949 9.935443913529037 1.045850682446487
0.09968690032586491 2.170083177505819 3.173671334532201 0.7694087159375438
3.405970219951835 6.507892075431919 7.82903283308185 0.775893084340354
7.574514116724012 5.625090965823278 8.424635668262621 0.7494353108637233
2.578561014580565 3.347935786378833 8.679167157479725 0.7313585459348187
4.307139433671174 4.241354686431981 1.014992841493876 0.9903609954656604
4.345221725438504 3.252676457593489 7.891816464063652 1.064896068930515
7.503699815160227 6.782177293657718 5.494669211736996 1.190275596800441
8.290937960258056 0.2638634923554383 5.228727042763579 0.895674681567079
9.524401911812429 8.60276935043961 3.84345837031016 0.8810981158649339
2.985763676282265 7.8006425489506 8.844363589450611 0.8819788823739255
0.6124143803632454 3.013331342690912 7.222504604432149 1.151705442384591
3.012639668176136 0.22627149738491 0.3443673983047568 0.8185864887336484
3.671529473695886 2.406237661913313 6.682077105242758 0.7739982752816748
0.8322175670351428 6.10801428073134 0.4677139434325717 1.32827161836142
0.2562775777369797 5.906459623649917 4.026587523562203 1.236974783513985
5.470528811117298 6.215882368648343 2.599544756409057 0.7337782781131365
8.443610692406667 5.073219136303893 7.290527286785013 0.8788928693968012
5.723741174652093 5.368385072391078 8.082084356955535 0.7723843316897022
6.468107130025151 5.65473802694223 4.046670258327082 1.140666266968442
2.314739649423932 6.214526399286062 3.961126147535459 0.7497634600934199
7.997590735634718 9.332977382834237 3.932403828024138 0.8959825556889486
9.98884773082273 7.758317066477591 0.6009373468779222 1.188482127940803
2.067156144446883 9.108499021504146 6.480779691869478 0.7593799007132034
5.961240957846267 9.418362140324602 3.368636140917054 0.9620151994650633
9.290317335294063 9.367513340198396 1.663178289421566 1.113182623389136
3.72139632295622 8.884580138868669 3.191799127968795 0.8861570124371272
8.036863405006693 6.05953027944726 0.1285226380076632 0.9781367443048883
8.86126121343872 1.686099246040645 9.076839529291668 1.269832010132872
6.850021986543422 3.023290991733499 4.138545813033253 0.7910549269863136
4.878096564081339 2.975138047518786 3.404067173841058 0.9473384172567283
1.136526715025642 7.674008782707625 4.565035061079965 1.166171115211497
7.681877036188922 3.739081601220353 9.674823304854641 0.84418903392697
2.017267646169731 7.752968280681002 5.361811033707687 1.125008711533534
7.417116868243243 2.202095138688454 2.569841660047927 1.205905706767469
4.696016635418907 5.739908953318399 9.977154839208124 0.8159803678734125
2.428962392662882 4.195995439261612 8.215589531097022 0.9722241715671883
1.084117191457972 2.258027386033519 3.407034015765434 1.054090549621509
0.6095133002883102 0.1133497608338274 5.352511507710091 0.833148432450582
0.5131519235826154 4.599276173188004 5.212106530520481 0.813232052864455
0.1448787554347397 6.555123670214017 1.143903840950834 0.7538494433276445
6.608344884469446 2.193020334069224 0.9197943997708269 0.8131567861048491
6.606580483770644 3.789740179312168 3.346166132112782 1.16480945830017
5.977597916947888 7.19081406636379 5.744317138802949 0.9039957175978438
4.368021147523435 6.522857572916111 0.05930251428033606 0.768858864227225
7.236042814459161 1.066757890565974 8.507021709352379 0.7228132116046398
2.09033344699896 5.403365608765555 4.792346542759553 1.537418277025738
8.607525335986093 0.7267941940244038 4.255215739898394 0.9755781310248418
6.425390592351039 5.953011383501732 4.97945253336669 0.7835464410913022
0.1211139593867772 0.2079375129235572 7.428966558004597 0.9767997402559636
8.909783971307963 7.107337566008728 7.791729982420725 0.9160648404410897
2.692050602904724 2.578569702155752 8.320807485704043 0.8873375545951943
4.843464850295168 5.447127071812451 6.169255217203562 1.112702403479745
7.844460040817507 4.81104528349894 2.718816557382921 0.7292430860994308
3.038058913378948 4.295793459635619 2.555387386739372 0.8381702181567861
8.745736056494891 8.439377026023333 9.237676214851728 0.7434308765798048
2.254900795955151 0.03169417422740461 9.116257390499818 1.006540745134559
0.9439906433581224 1.662349622680799 8.836169506085296 1.165289632970164
1.621352633138035 6.374325258333667 9.615648340612157 0.9924164144199076
7.237020983298427 6.625399728057348 0.4745346206677181 0.9541685645699302
9.358511467729308 3.710819216213238 2.227817284221496 1.2068639189161
2.859570818353132 8.881739617860982 3.335536766282902 0.7461881102719853
1.573943466476098 4.766466749201729 8.096240195233557 0.7675929217404444
7.072714181508759 5.587789907041625 0.2491059982367549 1.144670400640219
2.205916681642552 3.328829052762305 4.205185358649459 0.7387589558152121
3.203185923777447 3.047621641008513 9.545506837813653 1.351565261036418
5.240814875365139 4.297931643501009 1.175454287235432 0.8717621181408273
3.995214644309217 1.749903749730148 1.205747106335342 0.7265187338883246
3.319371211595215 4.455239800415563 6.723265551957534 1.003818347230587
9.402245298774682 0.8437584785468299 5.345643954457988 1.5385805856735
8.746636075134045 4.0249861502958 9.41972492825705 0.9334899748659305
1.733885312728505 0.7066822835410214 0.08212108765716208 1.525774916373067
7.561247349537839 0.1601715578307472 8.776008496615955 1.110186822158534
2.224354826768902 1.216836484216913 2.10710999583076 0.9125013277027705
9.03100242016678 9.535608733850449 4.543611748636556 1.476589853693213
4.133817350433704 1.596692142688712 8.79637311094368 0.9235470815194449
9.85666835124985 0.453966846780286 0.2155081613511012 1.000305153444801
7.79803556157824 8.324571458421044 8.543813549043092 0.8171531098353211
6.728766027788368 2.098052082509201 8.444600124294899 0.7893410893369167
4.685919037786779 6.264104052372579 0.9120248342825321 1.08553580752345
3.788552015688166 7.745995987930701 0.7236075507877504 0.8999497390696938
0.8612175864722904 2.31636436593633 5.109612323292414 0.78722941300724
9.903887856619473 3.917919778949717 0.6745442612184882 0.7532693952312731
8.192589894937811 5.452214807567076 1.873719666319895 1.150161405118791
5.014807274200191 1.605058319548067 3.600432138423129 0.9917850188632098
2.705444552380182 4.580237157163563 7.476791559435975 0.7303441955419409
4.750163640985044 4.232478969674735 7.903225483089488 0.9889725437173659
6.667339210114246 3.350215999193829 0.01102985640752729 0.7458142025774145
8.063375124701643 2.749294416559359 4.441684703833019 1.22821748978917
5.482803247669972 7.225669435101783 1.028105843225895 1.189203203334586
9.222649064396698 4.293486692986141 0.1659471366344434 0.7725078473400854
4.703841885972429 6.48285524587048 8.97167717043758 0.7939828781218344
1.375796032937169 4.418162059263706 5.144018493075329 0.8646764864745556
0.1215649921242312 9.746876648228653 4.835329434113938 0.7249845235612213
3.19893826868871 9.73656147541479 9.411739744271333 0.9143594547401439
5.823432692853963 2.434348199294099 3.83614656075059 1.302704288867698
3.668859479740212 8.785628567938328 7.707483067575023 0.8014503398724275
9.96149783014655 4.873338830462814 6.123141840623965 1.349150338858056
8.304923712973387 1.80768812701935 0.5807878767454633 1.007751724289378
2.888614078369126 0.4539947025512681 6.924713420442088 1.078720399196204
5.839708700661614 3.00957364173841 0.05837090125628497 0.759413359410792
6.932896509733054 4.285549675378711 8.192047028544385 0.7266157885507838
9.450828018890762 9.793909873333854 2.5808065592367 0.8076882945702756
9.854734243248648 2.03429642756473 7.206012965523791 1.278204429449337
5.189144169370603 6.4890958256222 1.780425091763435 0.9329175530389394
1.951955307430753 2.547024290421306 2.439139259397887 1.543433016892617
8.584704255660363 5.004303548915822 8.541068214608543 1.482897653447846
6.658189959889868 3.248991849143255 6.835654459846265 0.7798947217889896
4.558536609527573 7.18226310618715 9.513666707407822 0.8025557051067498
1.291405725020378 0.5143491893325314 3.894796703386124 0.9734253758368301
3.46763483455041 3.139292239388699 8.41145197631567 0.8213015351040001
2.477613133663628 7.029037708029959 6.313631394202324 1.261576041176809
2.531437093883705 7.219537957410083 7.743325020975527 1.425580874513658
4.850496167891723 3.545269578987678 6.310389299304178 0.9316836184051847
1.526918946841851 9.43741221314613 9.532771710422535 0.9757779534583215
3.839357003920545 7.587624008916865 9.072551330449395 0.8754554715081065
7.86741943947538 5.652702636402775 9.267507561563351 0.7439373597714428
1.275161517120862 9.217798675435098 7.115401806830802 1.097674185789174
0.3546459550770487 4.745459646841921 2.310756317722805 1.577351448954835
6.425610464616422 5.118419780285796 4.932860334811895 0.7989697097457514
9.367490352642296 1.956115299350425 0.9981043100075448 0.7238308844583028
7.578851142123304 7.471662563417264 8.794445994936641 0.8303308226634838
5.853835892761278 8.018568797046701 1.488295228607776 0.722368949048445
3.58218677806671 9.070274231755622 0.4108888109942843 1.506814386838943
7.389720805996814 6.962851952801727 2.710007843039739 1.32972761166613
0.1057259215271289 3.731521145816687 5.766884581361261 1.001323303588752
7.151041857107598 7.439697407712567 6.221136525591947 0.7739996902122044
7.314325426053178 3.697751666487442 6.279306872789506 0.8787175365435181
1.170340316770552 8.826884523273696 4.017482417707407 0.8480759515116851
3.972636890705812 3.046008777647988 2.810679731377945 1.158563934141111
0.550470803252352 1.046646763953911 9.77745411103721 0.9676282655775112
6.411973224694862 6.338744408079465 0.2549741208530842 0.8122730867619098
2.376224887084416 5.137591230051444 8.004594688270091 0.8508614411321013
3.058259172527342 4.819251905297869 5.621834087717807 1.214541100746399
6.266433901345291 9.085538573567291 7.943704225630166 0.7711259798810715
9.739492515202821 1.287502525073598 1.548438539604271 0.827139476261983
6.691315082195948 0.0562080459543024 1.265707791368563 0.8049279797969984
6.492009152083691 6.327371757670568 5.898830509420435 1.062948946556035
8.300045545381362 7.763998534533113 9.22101797010772 0.748962533465497
1.38062997947249 4.668573887086615 4.226555424837641 0.7349796653518926
2.562028939252545 4.148793792396978 1.37917708566703 0.9627716212048489
5.25604926496665 0.07618067318618027 3.164578118810562 0.9376224236926284
0.8739504312173163 5.209984493446515 4.684727782163248 0.8887171765485247
6.146573891352964 9.925620825730853 6.055084531838473 0.7299326499678088
5.620469388987566 5.541492476775852 0.06733020483797647 0.7393691379107877
8.872781873395123 9.945373729085064 0.6792995683809366 1.155499255334181
8.290316735288783 9.561837630434848 2.083801885074571 0.7726226361705181
1.875011025143672 1.108401757718491 5.227614657711185 0.9437772709087147
6.389643255661777 1.179568584994605 8.677773311932818 0.7899642201131164
1.523959027903423 6.692534419768236 7.586757213406175 0.7836982433525094
9.203138132292972 0.1447181625123017 6.565087101551808 1.208364877109095
0.4039458795493633 1.128173270321148 7.880348745461205 1.038833340497377
3.9441348055827 5.077599697718437 3.932517567649866 1.012996710807191
8.901298764460947 1.676653429907842 1.655345859595636 0.8031152032570751
0.2753761961021028 1.919631603483789 1.24333227014625 0.7783333717140291
5.523838611716894 1.479632334534946 4.403782198634119 0.889914519402349
7.657705167889345 5.740473538625765 6.983556762302507 0.779501158026044
0.6743187496693737 6.704819084476738 9.224335877018071 1.118826771207237
2.909307453824477 5.140573710154854 0.8966242277407033 1.253093372761695
0.1302912127475575 6.729202318789186 2.715633429680129 0.8027173755686554
2.407789104285828 4.82179806617409 9.90400127612129 1.004447753898704
8.277756664301631 6.424235935332242 3.608979334555717 1.282443031127952
1.451666582058891 1.838111601927463 1.632353971244869 0.7289902305586057
8.204411951458814 6.854185437989111 0.6405603927516601 0.9012157090210504
4.907606518927712 4.830971667051878 9.436349824667772 0.7420559955999748
5.362913268198201 7.896347298227343 9.904680926330505 1.18036602937064
9.63136804149795 2.527508676498488 1.817076366403039 1.293637795532066
8.368193702458349 7.497639979677571 1.160970422667504 0.7327331037269945
8.708687827816959 1.23713966027626 9.996131579190413 0.751390759709624
7.692834587723938 0.6736838544151136 7.755978105640375 1.111975834958582
2.720568301242317 1.363268483562693 7.994722496740334 1.377872610459705
3.753497462841043 7.987115499796923 5.328174513929133 0.8241982164466548
5.976837210148464 2.283146389292424 0.3497640700385396 0.7753374516368365
4.381417325256005 2.78358395226507 9.830875962620269 0.984546673505872
6.081763656655671 1.312396050329383 3.647512269928272 0.9463066694808647
7.153802486801375 2.5326505831741 1.645184270353125 0.7901814743388826
2.394036203921939 9.651142713688879 0.04102359494147501 0.9211593206230188
0.269707567653964 5.602441495513639 5.370003942166595 0.7733998271664946
5.65557321280368 5.447151502406266 7.086744143506516 1.193439076472173
1.863077338467752 4.139423526263514 2.430631446286578 1.501399493400017
4.70252552142817 4.71586129235661 2.048446906875845 1.1988925262947
3.499885284322988 7.297626920285163 5.878807204851649 0.9698498218562071
0.1665574315380347 5.876886498185593 2.921903847196452 0.8662648243452099
6.257197230432993 4.814290436533158 8.476727789978865 0.7715844312668532
6.80648243793518 5.973355382549603 1.180592999732878 0.8050493427518026
6.155083050695883 3.097287246195095 9.333260325555191 0.7773113342865355
5.730712455684309 9.640017703699836 7.330300959322087 0.7401886935789432
1.684485509144996 3.722453299433895 5.651360213742596 0.8854335932591599
4.864174863016202 2.417818399871021 5.860039491807258 1.304189611781214
1.399739963772224 8.747789474293075 4.925007374487913 0.9228821666595859
9.449973305945267 6.414441749692132 3.325750387092736 1.065656471605427
4.863818015792329 6.619957638954609 8.056634152487455 0.7724956126238585
6.73285748023906 1.207600140140722 1.640157812793586 1.554015065946551
2.392342777784211 4.048137635736384 4.963932500342867 1.134820128942978
4.315357808007907 8.26780004209105 4.743039778288638 0.8422790622979262
3.546571604862948 7.362912555468122 4.609844215497882 0.7531935337753594
4.563666034028273 9.321309496054134 9.675679097385316 0.8607715772417409
7.173704086167478 3.307412196651233 2.470922760655959 0.9774701297802494
6.020499887265975 1.745958988788933 8.254668921641652 0.7604204772515379
3.331319815488557 5.352090573473525 7.592947127862297 1.173494507260576
4.321274003210006 1.051064135894106 9.622703044666661 1.005517695275656
3.245716808031094 6.302380886291094 6.902090433430201 1.081290826117495
1.861903800934919 6.721801207483455 3.252489075556984 1.158216400121118
4.435134627058921 5.967465832994789 7.310995027675797 1.35013168626115
2.46364979226412 1.992538591355617 5.834877622593805 0.7472166598298423
6.345238640450264 3.773261464780375 2.273458932122034 0.925465811154719
0.8584070224718621 3.929988888576748 9.291204494261384 0.7330228028218482
3.274589309068883 4.09116843702896 0.6343356696722424 0.9336501309722856
2.375518894168279 8.84521593852832 0.4292609674897863 0.8330648256143339
6.288595258286511 6.703064645790212 1.969387194977087 1.260819197414146
4.831814784007618 9.561889794816716 7.473873300197071 0.7637764117786608
3.222302783120551 9.541521925722583 2.829986336903791 0.856546476013016
5.824079762143173 5.908398636032843 0.9948261715377105 1.162270520153857
9.977773765960558 3.608650262795941 7.736295361423052 0.7452145704423755
5.525032381887386 1.495870744946939 6.452065538091185 1.172412397110824
7.486958078006365 0.8333474670026397 3.884370809245397 0.7245963397079731
3.742401011513017 0.8543097289033053 6.315909925299739 1.063179884111178
6.497167124045503 9.674295630856943 0.5498762650254918 0.7625704448298652
4.195271313247815 5.015314253275069 8.197974597260835 0.972843257332858
0.8388857966546504 3.210980985183248 6.193335248007525 0.8927131276712502
1.815851104322148 2.023472920889035 8.410841492586339 0.8645688494600197
3.040471653610995 8.623506594603512 2.466107528993855 1.067893693347226
4.66942319267022 8.686351356553166 3.481343626330518 0.7589096603581851
7.888232542776321 2.754258911668378 1.835008052124681 0.7283917599123768
3.011758500250816 6.077568723154179 5.639696937408406 1.209382936013426
3.987257109048336 2.865959911045019 4.905487206884714 1.007076734035725
2.933564213659051 7.948900746360176 5.029158451030302 0.8184281740557723
4.736851923227685 2.087934750663826 1.440488200012262 0.7243191908096852
5.360436667122692 0.7366302784833501 3.779028722847862 0.8225172220583304
0.3248822485700387 4.969525170076008 3.620107925677675 0.7551806527628953
2.828308022445814 3.379282075644848 3.252198710984876 1.309708745592605
8.985762263905789 4.834270863780014 2.489154472020466 1.139377134273727
3.862156939868774 5.95766934032159 0.388902313534315 0.8360314109287073
5.278675316677011 2.399939344732524 6.854748698899134 0.7966814214693398
4.992982796406298 5.196151940305794 0.7053621402489196 1.05618435449876
2.320134721036021 3.753780301591994 0.2577689473641775 1.125615597582519
7.159982766263576 7.4490494494128 4.720836403868589 0.7809985475671933
5.755747315761199 3.656382141348654 8.854012472091721 0.7485456625575896
0.4506335593242827 7.256769234308749 6.790705325328886 1.076457934072383
6.38035713743843 1.428842191789915 4.647009098166815 0.7965177506824788
9.960410786417455 8.557903567197304 5.823374421399346 0.8122087909552892
0.2413304524818172 8.684358947211999 4.745355483989319 1.350479886506032
4.312771015028534 9.499652371882163 4.388673617806186 1.590158951137195
8.910287713110616 4.663986263075084 6.607865032677492 0.9289149985608313
6.173115480633355 5.627027490898407 9.575402256099576 0.7241182103975476
9.436468672894245 6.047184371974265 1.987076991092481 1.488266898241642
2.917570136467597 6.405063375925823 4.578583839015275 0.8986639182901657
8.35636468890937 5.936606423181257 4.850597096383912 1.339880498227198
7.249917678907958 7.193074933464445 8.093399817386022 0.7571860017226922
2.325708430052792 5.778137644699048 9.255364918036847 0.940319480734724
7.818333675699782 1.930464317066924 8.249363416041827 1.382227341963652
4.817894950617029 3.599641259764801 5.214020635064666 1.224438050348194
2.571793470301627 5.044740799346746 2.852197878990477 0.8028596652866843
7.262042765732933 5.546928678876974 5.490763970072729 1.184802322785667
2.495331982078128 6.030487870934536 2.499854960798063 1.079459983948587
9.883529095462695 9.627008818116016 0.8215355506683519 0.8766932909466826
1.873735469111316 6.669721707611383 5.122496203610251 1.017030229657776
2.703269697987958 4.961627796331274 1.989300433418972 0.9130787429512881
6.971178430832317 2.647369034774661 6.148777920298414 0.958558472929164
6.837224786586805 5.575336342791251 6.583723418937653 1.034632245801923
0.9253346450600586 2.195730671198243 6.043374089107385 1.048238569073496
4.920873301492145 4.252682066375486 0.2513377630978686 0.9256640364214892
4.836569703086701 1.980510781553694 9.349221707655142 0.9816692795821551
8.248438911045767 2.349344627896071 3.393531093326356 0.9834556726666219
3.066173744721508 1.006117639027502 2.235205867344118 0.7969042541226186
7.727065114807585 0.2178339004564012 1.307152065718883 1.239990486146293
7.00766422785361 8.29180770267517 7.76250782138449 1.195362423414884
2.948112877452846 3.574652691137669 4.305959480022595 0.7868807717147387
4.04718411821649 5.399073258056609 5.551657988635229 0.8688561292782879
8.772689485315215 8.425119950741831 8.279350480245938 1.09526071719249
3.584036104699315 9.587016446056779 5.487901083404123 0.9420113348142988
8.355187139646189 6.637870818166967 1.606376455656908 0.9929080541048245
0.8577240157173172 4.003678028080205 7.774648350966449 1.119480548924819
3.637972279532813 0.7071415621304 5.029442965311691 1.393262742132145
9.217189119163628 5.920488301359776 9.07318174980175 0.7339679237291249
7.83352483981581 8.448144139807775 9.69447952777351 1.025479957029208
3.901094531765087 6.012626055397795 8.520897013184438 1.123822779243033
4.026487184313722 2.626424453234657 1.686110388713441 0.9988962723724729
4.429842522835764 7.839752260456357 3.518507576262841 0.76753837940028
5.179882460975188 3.553938876813028 8.330106917398863 0.7617848283720595
5.270292577776835 9.358252213619116 8.574209234137635 1.592516712683115
8.760895618044954 2.909797272060741 7.83840152663467 0.7960776059845374
2.610411335531982 6.515970551388198 9.821810579218896 0.8810372799597072
5.538293596462547 3.404844811478002 7.285748745221457 1.409752876813264
6.107858333713955 9.112927401637014 1.357563063661977 1.307245069622046
0.9337549041648063 4.289668005560258 5.985463507889549 0.8738365142261132
0.385593194539926 8.703406363310327 1.45160552121499 1.366999513423115
9.602125453430924 6.832227143138458 8.754202451632578 1.163047530297208
0.01115359874868105 7.387227657779441 5.526291955640106 1.48321290110478
1.522020414689917 7.415121633424726 9.490894352302329 0.9799072766021087
4.089941773127079 8.403176202717896 3.952227630129484 0.7469512272429458
4.466688913655087 5.637238181477398 3.430137957077665 0.7563963817609655
3.6986074795224 5.38446700357456 6.464694397672971 1.032400545666733
5.109522627793678 9.310722252160843 3.506587791262905 0.7286100088012045
1.15880562494976 0.8496649265886924 2.202537065323501 0.73444164901668
5.92421260790233 4.448750027702692 1.903042712778369 0.7250090062360405
5.98661206629044 0.6251612831875586 4.290937536582872 0.780184371583215
2.265997657859478 6.838323975067705 8.951926699486679 1.030155416415258
5.570364842727671 8.42937046062792 2.108470041932016 0.8142131762093349
7.938624590181337 9.713953133731826 6.359992691887967 1.434149000081438
8.189330474626141 3.046379857906384 2.64774173207379 0.9835095555486102
7.887981715280873 1.917548371020006 1.543846235407018 1.005530496927886
9.107157374645132 8.058095795586187 1.538478366112881 1.12030459727147
8.224257079250853 3.141899594190503 7.070706447541101 0.7531003575526032
5.083210737316103 9.561115898257802 1.592210183410451 0.804315778504807
9.510157310207472 7.633591534168208 3.596599966780452 0.9156459701597656
3.098866575046242 6.50047162978403 3.388286728610475 1.161400974923539
6.722150976639538 6.919581077058425 4.245885433416676 0.7599739413521411
5.4156649579474 6.587015849017646 9.90762186699423 1.311743577587386
6.606955788776895 1.479941539505185 5.507890421808734 0.9076627289212821
6.771893288278774 1.411004301921396 7.893218907271383 0.9006688363720162
8.917301349628278 9.441959599124479 8.212287346924926 0.7700728353088299
6.326228970573855 6.278899246339464 6.999438551445163 0.8464992290425061
1.741223194445296 3.073998263910573 7.849348994736338 1.387166172200689
2.234174674813992 9.445412234415471 2.599506349594254 1.135566456795172
4.788618696280795 0.401138905640801 2.256109416654455 1.157425933326719
4.782177487671693 0.5905842455967347 6.761214851118712 1.125170703112247
2.144834950970433 7.772020671780783 8.95276933063095 0.7718634886560621
8.977920981319757 4.053147861745759 5.643552365108417 1.29366667683821
7.369808204157763 5.00642472163045 7.613729694711282 1.158399961117565
1.207222453892186 0.2329982239411377 7.553081196797709 1.077275046648715
3.56521444547623 1.292018787171685 0.4969787201431419 1.079276939394299
4.403495648433664 1.33456596737679 7.918683457036588 0.7814747318527973
6.349454024524255 1.384308400753596 0.311700035555823 1.057518322935823
5.767636360957066 6.438812183172539 5.277334616313021 0.8157679363373638
5.521736632090265 1.023501251986668 1.866134800528612 0.7968095174659943
6.604926467667024 2.785430215406211 3.12077878373624 0.8357239093419473
2.624017202720827 2.468046621945508 7.392138516266412 0.89050108294403
8.160540741686845 1.612774592854884 4.462711478928009 0.979619759895053
6.402043407554801 4.693779230407805 2.471478772962087 0.7979737802643708
3.892074294936614 0.2246199431382645 0.001969925605227463 0.9610451486533025
6.938590919355747 7.730523559452522 3.654749169193199 1.187266124095042
5.249321742572744 2.868067616958436 9.016511152348038 1.018563346837203
3.461730819940446 6.571356172553501 9.936571286830585 0.7725347058885954
1.856607750404126 1.933597904076921 7.428271606386274 0.8887759359493254
1.073763394843292 5.183837546007386 5.672170503196842 0.9555247802518493
2.509037114688486 0.3422437777747878 5.006044853824593 0.8750856713338471
8.479472727849169 8.424017933244448 3.531551728341239 1.256933184185088
5.972483328794143 5.24714965098523 5.871496320024887 1.207922567521062
3.155950325908186 7.258542562709701 1.271589887765942 0.9632151713333016
1.832145620168253 1.496134012638551 6.083547548557558 0.9037216331633265
0.4875410990459262 9.026036659190851 9.011907373334296 1.369655701178681
4.442599962582005 5.362407699135589 9.011806025388376 0.7962948916534945
1.904916591388367 2.539117666778481 6.021697901818979 0.7812713222503057
1.99423217979441 0.3854798152020156 8.22475155736033 0.8802249989795603
0.2728037750721035 4.849282789844825 0.05430069368588808 1.472932493657827
3.727199159829683 2.246154176242821 7.732474454072071 1.268398446023846
5.236719231633303 9.218240980995844 2.536786347882141 1.052356699283339
5.630821158684434 8.24093316554916 3.196786965263594 1.35319583755823
7.564309867122437 8.197886540044854 2.87107948517196 0.95403034208985
4.543613936310427 0.06589897997079763 5.678680468863228 1.08797769102877
8.063163031735577 8.763585810988317 4.669139567305517 0.7672096080828451
2.778722622076762 7.1018223378654 5.192694463448238 0.8279120458295588
0.5316578186671383 8.053018193688326 2.450685866418186 0.7219576717567391
4.227395351443009 3.854547788008069 7.001572118266433 0.9881761120675495
8.150939305644558 8.898427235087569 1.107869255613116 1.483426079305394
0.956406304664148 8.153752576121883 5.49189578520097 0.8657582701029537
2.771036688141965 8.365804240870117 4.285904546226146 0.790298428637966
6.37186192201623 5.290564782168394 1.697666980148875 0.9461283259939409
3.528807366597646 8.152527000367083 4.467180881590563 0.7503669100947032
8.747710799965057 5.1729832870241 5.774987652127788 0.9360128653779698
1.007629335297456 9.53456205520745 4.596779172698194 0.9050963455647484
0.01866408637000161 2.015130708774266 9.566424162993616 1.167373899778838
9.059563575970904 9.205858048178243 6.187195788592422 0.7594907200088146
6.764838783069616 4.422646989772313 1.717594223081017 0.9259578984991927
5.541633825936031 5.054542739573083 1.615478436674819 0.7433931487704044
7.827516338185199 4.724784797876332 9.591684668027259 1.119828208849766
5.004413813255726 5.097151205110516 7.804956041049769 0.7853937963580168
6.782383449790649 7.687534102140137 5.449677742825883 0.8466583730424643
6.379369082769929 5.049098351537782 7.741396404566435 0.7293740742550605
3.192268139024756 8.88106872959618 4.907065859764892 0.9747681728892682
9.182814941730381 3.693730367987655 8.421394086116743 1.283328167866707
9.199568971269066 1.319069654441601 6.546455812142836 1.012093185944567
3.997797857807589 4.738297617216533 4.891560248535751 0.9449442358493131
8.677192059867892 2.401690883390132 1.240370113371358 0.8756499737903668
1.472752682659169 3.828589808057612 4.27770278507376 0.8475529039378444
0.4818913833858041 8.113992196240096 3.511793198343929 1.219605400635987
8.745764765134064 7.322084328663737 3.89326463876511 0.7511101828282671
4.635675240496831 1.175203153937415 5.753946161015879 1.098366644777237
7.919578896674935 0.2267987359996593 4.436114873962142 0.730269773277213
2.118906196775293 6.043871128681086 7.385743699307665 0.9882678906324367
8.520009533247958 9.987903103042004 7.358003823779899 0.8539046710832162
2.411882108067033 7.866002728411399 1.848858044180988 1.167974016339124
0.09608666196326165 3.520989585341621 1.395514906921873 0.905649697089256
2.84985739964098 2.60415457287144 6.358087637638519 0.9726920971686522
0.03371214816994095 1.996664458896285 5.490464300955948 1.041400307092856
3.94452801777389 4.891187145832018 0.06454608787652583 1.361587314255994
1.145022150846345 0.07574221849736995 1.631959668027185 0.7249057456975647
5.353635214562878 3.799897289288011 1.947573589577459 0.897910859079679
6.434888991006577 7.040042185677381 6.572228691614803 0.8596679720458903
7.829143956734089 7.930129315207375 4.3001197736764 0.9370479539873098
6.006705821661529 6.485419773299198 4.41106303489174 0.8291145762095095
4.786556831783221 4.720810465700183 3.269058856509763 1.171872912136821
5.547640307115508 4.764836886877215 9.997693777422175 0.7351209182778879
8.625893858355756 5.970021966428209 0.9170109648249325 0.9506454852510339
9.282453333281232 6.01683159088731 7.845939933465508 1.286320821114368
8.183353794386674 9.160732423830437 8.913212776081702 1.104335530692189
2.072670416134025 0.6168484883922853 7.429389838976022 0.7423844641941875
8.369263891804035 3.926194560962741 6.582643407632524 0.7904861190081757
1.895784864094372 8.192274592917933 3.142673416154046 1.601918966173759
1.471000571438335 1.193235114375532 7.940559522631874 0.9996818908097614
3.262256804215988 7.999495086047819 9.863897112190694 0.854255458488959
2.775458314727385 1.678832366210702 2.904015001751449 0.9361397728248839
1.275792292946921 7.147288461724696 6.018250544403169 1.144802295617897
6.60971457848366 7.968164141408681 2.338408336668533 1.236683556448837
0.1690161344768815 2.745722692073594 4.638895954337389 1.013115117656082
8.301018375461107 2.3887933338343 9.723529826793198 0.8664443865029741
7.347208187552011 0.9038439188886149 4.80267891363019 1.104784318456667
6.931414037558928 3.460750668598098 1.514288117013242 0.893550598894491
6.039753372427648 2.004944614233355 9.28984118321365 1.328761363746865
8.215371064805499 1.155485107706996 5.261579593358582 0.8338164078227038
4.50599327427017 7.241750923724247 6.640647356120271 0.8719000028164855
3.020168247803443 0.1631540726738201 5.940013883677135 0.8433783107503185
3.62202683360928 1.915609990670564 5.729034468812336 1.327845802916198
9.801958439830418 3.54135556769643 9.629667216793866 1.351637005153516
3.931391791789932 6.066085273261783 3.999918040298232 0.923361327897675
1.729071641543618 6.020023727063897 6.002392037850437 1.124059478390363
1.779122715090258 3.332022958916538 4.889670971457821 0.7251033229248156
9.372931566889068 3.350511989924192 6.831039588415788 1.441596229191341
8.875337868294745 0.2874261824727731 9.367846103916932 1.501935776046777
3.260276974962449 4.460417339126787 3.424556161768348 0.858162331939726
9.962000426765696 1.942064468104546 8.413789360596619 0.9986085473267825
8.931302836504365 8.105752620416277 6.14904820623531 1.339278098403186
5.638399651406047 6.494243898953603 8.705901135012395 1.089635106824475
3.10589022719775 3.325562731107038 1.959036536249918 1.272092807667507
7.036504316623307 8.390231834221778 1.366411169913485 0.887744917131273
3.647783030724345 6.406168815863511 1.455253691272101 0.8696654513269876
9.581870225797122 2.81206206106365 7.913652601535778 0.8169705114003908
8.232489759107041 1.096214926378848 3.156352582488875 1.384638135562124
8.195771084645511 6.305311180193665 2.422724107734601 0.7682172656096308
1.788196753366158 9.518989586271651 5.190897777349183 0.7486896054842233
4.121960903304206 1.635719790121005 2.549474994247698 1.573545931716162
