1.288042250325291 4.300235443151471 5.629161549989091 0.9326594743509704
6.195939457104252 3.946573459032745 8.985108063309832 0.8116129226630405
3.980761610549581 4.660990550207427 5.132551011626656 0.8396965340834384
1.150305653401438 7.30234850714225 1.342465875327831 0.9072615039326809
3.600443927340802 0.07699913499861212 0.2681033178717541 0.763308693523265
1.295175792784607 7.559558968064226 9.131675524647333 0.7301122728092688
4.68812235751261 8.717873800207004 8.644236560567359 0.7621618376380138
0.9308301999247449 6.591209529034188 1.938349372048241 0.8359901929585727
9.831172543241811 2.75625029604626 8.093041091419524 0.9532759124643623
2.051363893605422 4.193443250101449 6.110850420018672 0.834609557664359
8.463570767238309 9.3207352970207 3.623832820874447 1.447434030745265
8.540049187114569 4.033525541634816 6.861041098028731 1.081255186132897
9.984024272242229 6.896336153607721 7.017086199629889 0.7394364578193729
8.394541787577118 1.920803665878577 7.151492006588987 1.149274115266385
6.576914658249999 7.296241348612925 3.277520292873309 0.7929516885066212
5.94249570943838 3.665852845860437 2.069351440659116 0.7874875281099701
9.750113583816052 4.716461586099824 7.23735386820845 1.481368306488805
2.819769467380101 7.10794240414026 7.363485575734454 0.7271221311830561
3.331100441573432 2.994562481995267 3.234013789953932 1.44021168642592
9.737644023479049 2.02670432659175 5.023330712210003 0.9946568481708657
1.022709612734421 8.716101543314322 7.32853974753961 0.8113178221146499
4.702669708248546 5.924809229680343 6.462866950363908 1.074556541972918
4.978658240690844 4.904655059778491 5.028089346038866 1.025239373640104
3.331388416001656 6.045595072763433 2.057518866882958 1.254860321817494
6.125227105950377 1.910917378232168 1.866314629154156 1.217157087355934
4.298271042620527 9.967981430013252 5.461422197300531 0.7322830072993576
5.403985918332563 3.728281749821097 6.701383590555617 0.7885228121713764
3.617481773196866 7.673200736436736 3.098757858272832 1.029843044401507
0.4210795820557168 8.209806683541323 6.736246906058619 0.7653405027349997
7.527835095700955 8.392055152700443 3.894773414021874 1.150132166786103
0.6635825049707389 4.221440686176279 6.389271760005848 0.9087552003788409
7.847278068467583 1.555870434797257 9.824191442022455 0.8716816822884498
1.250929269872897 3.89988617551868 4.602567962535185 1.167586141281834
8.176250222252502 9.729061252086401 2.382112059051326 0.949848142728995
7.884191310954258 9.897846419159412 9.084529951624884 0.7632257514674897
9.37141477240044 1.446319949044832 5.748052410458238 0.8956098821681694
1.533372015819485 4.929082213577973 1.43857537846644 0.9594473333281529
1.792097331176189 7.882001608980281 9.793533513574205 0.9873260050840749
7.194841160618118 9.525559258797983 5.576725905221055 0.8179530478189192
7.362744829788319 3.074646281952557 4.025978579546669 0.7490843404712537
3.440592459596287 7.305991204008 4.090851669201035 0.9818202092334328
0.6551240503492107 7.944305159439775 9.913302151679142 0.9464845899610898
6.707879439472927 3.666923471000105 5.415875149874877 0.9811002266612067
2.346073297076056 4.453976950495117 4.312848001075835 0.9411512383307148
3.339434446932283 2.30667216468778 0.3878266511318718 1.12410445617097
3.36372917568615 6.932676307872712 5.145418437217754 1.042584670345645
9.876889662432468 1.124535382289672 7.370528116529667 0.7648885374816702
2.98151295613309 5.079823911229504 6.358757798910583 0.7282614936105876
7.52395905792671 8.452954563003095 0.04883005730407342 0.7258961359916288
3.494397592690937 3.665589630437434 7.596886267853896 1.101244510973932
1.528805733314736 5.310705518308965 3.077543730361437 0.8982884225728298
8.306893417068007 7.304889987334313 9.447950335455305 1.175108208262671
4.3039281237061 4.69216584369144 3.972370203759982 1.207860817877164
4.590411313949927 3.248263800623761 9.106421052357625 1.13424736061967
3.555734728381832 9.383101171252148 2.801748738250919 0.8252623732488515
0.9579080602152191 6.916327532239111 9.538334977301124 0.8937924497918498
1.741213337243155 2.986821478901245 8.993509154602558 0.8605469165137246
5.334725571541643 4.267472596061175 2.357357598907036 0.7850817224136982
2.326120537218622 5.653574079029461 1.475297402649413 1.111619629697093
4.228885270680521 8.667151363550316 3.464682213458258 1.367600289801226
6.908752509303658 9.787545440874657 4.802622383313613 0.7822151775150854
9.364806794690109 5.72415622340718 6.412823087755797 1.072732647722393
8.064166587120303 9.708767241294574 8.22960452814123 0.7368035657593537
0.6300627307325347 5.055779287861352 5.45687643555463 0.7725653557077971
0.8075139925796672 3.964846105092106 3.618339755099651 0.9095546108880913
7.516543201018028 4.563250535298285 1.750617346206404 1.147597504995731
9.14006570531469 1.453305800862003 8.988376337905807 0.7857568974385472
8.305590396538287 0.7098764503632283 3.128563774898208 1.347872548692297
0.9283978357787704 8.960523558486402 8.400154905523033 1.055162718093959
7.73251227475407 4.950281697093069 0.5326748526023363 0.9504323156916851
4.69307548153915 2.052686621214567 7.523115730452737 0.8541663553933405
8.213165339740135 7.079377049595718 7.723261135581445 0.7421775576367813
3.916251965869985 6.115046650586185 7.002516682770238 0.77335709585696
1.514886964114975 8.304551151420588 8.834139354088267 0.8519643825144535
6.760038252738042 2.272147173792739 3.785627112480566 1.17606977940402
6.27647295655418 9.317917530899257 2.522879562844912 1.385692708830424
8.271153066661913 5.753566696838266 0.414089286758248 0.8627283775472976
5.353982265347883 6.693179798791077 6.998127121682154 0.848463020536507
6.841616188719758 0.1234626984192622 6.038173604458316 0.7285137326154276
3.110207946764647 3.084704137953675 9.646814613085517 0.7197877144181886
3.937655159338204 0.3671713641610486 1.383971216163624 1.557382011258481
3.594044397777862 2.229595714027202 9.145956386058241 1.349174850525781
0.1311199849423728 7.370225453080146 1.935659073973998 0.9062373679295865
6.867097001565384 7.82245159304583 9.186855671604647 1.261720371918548
2.251375972005192 3.747411783823504 8.185646934031992 1.490820073972083
9.722162796501161 3.706146331488788 8.105837444132236 0.8500290668696714
9.206045758837156 4.332474830593852 2.295929148910313 1.223424795906958
8.83245493683855 8.909691433694551 2.451568807679047 1.077649638928408
6.318356851135535 9.196255028806913 4.842514549437753 0.8034957185711391
3.664152897362115 9.982618400038076 3.690936988007717 1.279923881614613
5.657350772321242 6.554662886485514 8.870492681373651 1.319295123775854
1.457990764152767 6.631975444756675 8.568529193588507 1.183171466160035
8.876231066542132 3.202394264869809 8.766312669747224 1.374097076330583
7.842980094779945 6.548235253146392 4.094855810478643 1.236634326429067
7.368628865961377 6.694197868262505 9.455284358208928 1.004676416199872
4.951652359941552 6.885558695380287 7.868627529102808 1.048530863824451
0.6533864665912292 9.790597588790764 0.1165823405169086 0.7917367445176086
4.863149527031621 3.537856344013582 0.5744938471116269 1.558469612253646
8.578017478308809 8.314166745660335 7.181750854390407 0.9045753599845627
6.044548923279371 1.36304990135389 9.822161899683183 1.124125452916796
7.665912680709051 1.311240041684689 6.587977889018021 0.986243691108555
5.007240906969137 7.587276977041294 4.290193510240484 0.7797466904683901
0.6126430749290147 4.793810226819494 3.260095556041504 0.8935522175532112
9.804273667067175 8.585845045703216 1.879714278437059 0.9936572535381668
9.876453316740557 5.004143756788618 5.044377573799897 0.8037007187650776
0.3305974532981104 4.103110241934131 0.1800543866241156 1.112092670540689
8.477230017491822 1.241835867850766 5.806925029747629 0.8483493816614807
5.19387157251601 6.425125786088801 0.3144379604558212 0.8878347496667816
7.922076415179853 4.747239483213318 9.477887013159327 1.065394168612029
6.221135774285249 7.699719687471568 7.513477203263656 0.7492111385552055
1.437070850261272 7.924604379436691 6.920424635562997 1.108024098652418
7.650703945977734 5.619856997919401 2.280280107967922 1.180046880413566
5.973935453314346 6.033927155488032 0.9409354292144624 0.9322724662331261
1.092499290149003 5.768648957531618 9.60371695365277 1.190733248840623
5.793760642095449 8.207972850594462 6.675120163757815 1.215337666418773
6.853297985595003 1.790921469732403 2.781959173814862 0.9689206238443151
3.114556195336909 2.723811240571934 8.028127363564343 1.036910079307786
3.516424718497378 6.98493027187932 2.463578145549138 0.7401198530315726
4.286637408410316 5.770411730820379 2.402152967339893 0.7680290578415996
7.613292130045711 4.587018587570865 2.792858476894376 0.7579023795640936
2.246641931158245 7.618798198408799 8.770802236744295 1.093417810670288
7.615472220732948 1.371871485345573 0.8116107983825206 0.9745908791333686
3.998462368683716 3.665378879421987 3.864816163211608 0.7640409050491325
7.675555304912367 3.913578422367568 3.552000733837099 1.158640390534295
4.245941698761792 4.151825276319071 9.353835997033642 0.8127232279198863
6.805348174192777 8.120870790811916 0.4798437480627971 1.031838489228742
4.975171123179805 6.007785813676173 5.351270724644409 1.085681745356141
5.01001018347463 3.526122794188753 1.888388731799515 1.003036683847728
4.814738495528988 9.947111762166305 0.1683091414759563 1.47637604742472
8.484073538858064 7.697600770879874 0.4358040317507917 0.7500764026417843
4.333685941163213 9.505088354833072 4.466202709215882 0.9357762263624171
5.35250660666745 6.884921910669931 3.643831397632164 1.114495798093924
5.60938218675333 3.638936523118679 3.94677424375055 0.7626251757982546
8.782901771436173 6.536571595831498 5.184097980476161 0.7495739119916518
9.331109510897328 8.252681224355831 3.092214206688287 0.8053162477213508
4.216000004286482 5.747479425833266 0.5557153309236319 0.8128800223366721
0.02940486606747062 5.935625485704121 7.173076659887687 0.9340276075877291
7.203096742856067 7.238433685259607 1.213255789720217 1.217357888342099
7.971132720197669 0.05765126549910572 6.341942562374449 1.523346337209008
3.017803813533183 8.59479066945987 1.737056050971863 1.074899233245684
7.181257321376356 3.989212427619083 9.303104997836972 0.9952840113725675
6.916763249197141 8.505497078574072 1.6333988907302 1.245038738766478
4.319607664051794 5.261344093960756 8.132438117794244 0.7642857779139438
8.64575471814268 5.028329125450965 1.351708240079527 1.320950929130574
2.407760714792384 5.480245654341605 5.885953496596896 0.8278448955792388
7.104946093311693 6.075555783287703 0.4997704985228436 1.423993121545356
3.520193632919645 1.547824094127647 5.01515459992963 1.009007875030139
3.770314560246382 1.127846470191537 4.16272791092035 0.9111470428653705
0.0044086513727426 8.429077254246678 4.482568043503465 0.7701390354278511
8.885779244513419 3.02641992503976 2.078415356365036 1.408603979973446
1.635726872671359 1.907117273458966 9.360387024767579 1.180534980475369
1.852403641656908 2.278677980072436 7.97474449651149 1.508210149296751
2.542985704942724 9.585467064226787 4.364398568335051 1.34175602086247
6.335216423021401 5.746183967873357 8.123693015649589 1.153575157513836
5.339497945335136 3.541711306363296 5.890509097963128 0.787901970019768
0.3348423302959825 0.5208899735373286 2.486211928689932 1.479926762984176
7.141043457404868 4.869414656992383 8.644053286452081 1.148022975790175
0.6725212930561376 2.0809898315892 8.685998379679765 1.141631369205065
2.31257406626749 9.211213219547329 1.50243256136701 0.8129669934012335
1.272914843973129 7.737159503578396 3.747673635532372 0.8711945355096329
5.209206681179091 1.414390161146753 8.831754533350198 0.8483320606141439
6.522884204510955 1.089257550984566 3.690410139425869 1.134563838496264
1.784043518722063 2.292759556005909 0.6398277299735956 1.413155810028793
8.458889909920645 5.652879681859279 3.810648354336765 0.9165268113481632
5.121868630371035 7.427466154069676 6.51047429150405 0.8272393191890021
6.49122172212618 2.856091386083191 1.592181814261242 0.8282116399413865
9.345773811530048 6.228696359495479 5.635341156907224 0.7218921706406961
2.421340528152063 8.520103345754581 4.333900727661859 0.7399778237685388
9.67191388164669 9.557713615754125 4.59830821176472 1.478567415570777
2.145521138537011 7.153881820779019 6.730923552715307 0.9434948602062959
7.12014973010904 7.35716844801924 3.948162419519377 0.9008960317397563
7.17925913380482 9.314925595481947 0.5833378703192205 1.320653465106916
6.395823377921139 9.785417079140041 5.44605694361798 0.7702710051781144
6.155648590492044 3.495343787752887 6.28959319378952 0.8788307775641766
4.307546806191803 1.414245211452827 9.077729065042744 0.731046106022231
9.916232349980003 2.688753081081781 9.063439838999052 0.7917972833978406
4.673782015497812 4.316860694773352 6.010853323782447 1.196314032098427
7.115826936630627 0.1127319681126437 8.416717351184865 1.226324492574038
3.667359283989764 2.407990372332338 1.307853361968522 0.7254002355253976
7.779515855562761 2.658391812471154 2.976330060533482 1.469038499395419
2.323206314374708 1.883490898632104 6.897679111135039 0.7471642964921692
4.92093187226773 9.879369785938557 3.757049646076785 0.9740285873582984
5.331764182505085 5.88610962872426 1.872760366607987 1.284665320527715
1.666453761002784 1.338438678015865 5.335330011769412 0.8541848394552203
1.346306271796425 8.230667063820576 0.649213491542715 1.013176957004835
6.571008158808613 8.223962703042643 2.790592641146469 0.8249544509618657
8.252666508580404 4.915070460710989 5.428945905646395 0.9572737171740435
6.192484496339127 8.262328063865064 5.010478693552481 0.8835803819269922
4.80709114237708 6.214200027571074 1.027001439424095 0.7358647517431803
2.29720106236503 1.18992694407127 8.150866002671275 0.8140693843951128
8.62300542818279 2.901395156247148 6.365707054150987 1.269461846879169
3.334162218905468 4.695720524858443 8.288471268080917 1.207870997680131
9.719136215523935 4.966548055439261 0.697710641133671 1.139968986775615
3.514237392902528 8.569126076012848 5.873053645831435 0.888021872360275
9.416390159790437 3.029293099766041 0.02015812418472929 1.320265312913969
9.594440139534996 4.503509006660644 8.374427586960904 0.8088395537503187
2.183184454897189 2.380114744221723 5.931698549624244 0.7539068634763061
1.311835533996547 1.228484940993101 6.085345121682431 0.7277188433600972
1.438494954040771 9.478585262656006 7.69281356322253 0.9311693275164046
2.565477552119404 1.829987373945227 8.861566956165259 0.8603230229176729
3.565361810830173 4.634526817400507 5.901603393613764 0.8133659430688994
8.493102261234517 8.203770209448116 4.079182502250863 0.7645588720987978
0.4875162505017406 0.3370440420568799 3.847752088999834 1.17044072174365
0.1373851257520365 2.035296228130553 5.920359114761939 0.7364211304667506
0.8652588710331001 3.281028311799573 8.337737968058608 1.322064393187455
0.2593294785389821 8.701518863421786 7.675499959995316 0.8324641487522048
2.043849062678873 5.711211648144817 8.879415797284137 1.031387122879866
1.270276117118579 6.634259476586351 4.464687784549828 1.394750057030904
7.919452616183177 7.793364458748708 2.14739789179053 1.174406201338752
3.378614053001453 8.499321365046839 2.627929799939625 0.7722119265426591
2.662658217268379 3.139048606519801 0.3901037752095216 0.9488682462137545
0.02735330729158325 5.711468917937187 5.591330417201879 0.9080343161124346
3.748188915150891 9.212860168401813 0.3488988869736132 0.9238323432605271
3.670873612006357 8.281745757750919 9.896418059444736 1.032935543806208
9.342275187146887 3.873221736059601 1.117848086252241 1.252435333408624
3.492967959205309 9.024764081093108 4.255234717925486 0.8315581811746796
5.645977018218733 4.455433550854851 6.376524213543887 0.8285045063014864
5.323420760178152 8.605404241268634 2.805528570302172 0.9519248575600182
5.435303712673033 9.131535832653755 8.348919229708235 0.8886812433354405
9.881632474688345 6.868087774804449 9.453924403770731 0.8788688059738305
1.645446584883554 1.802349925340092 4.585383533230061 0.7942698178260899
5.450524976504389 4.619454067751658 3.341890860132584 1.205468948200002
7.38988931620775 7.880783131677497 7.250237759144563 1.565451700365857
7.165449889495406 1.249124345418341 1.856239853379189 1.198711949596673
7.99868443864907 0.7715334665741792 7.624568505054063 1.342882486353318
6.357047476770664 5.235245481457229 6.405670560648121 1.058903318165651
3.026462854800701 9.015851805950367 3.456221677905924 0.9639584094050067
8.357354979358966 3.975021211732733 1.704396983990484 0.7601076817243788
7.462760854085972 0.4473096831130774 4.182250185348872 1.290676605777678
2.496679732449824 2.268590858156597 2.808182498097627 0.7991728527391592
6.528011515161932 4.568348271802847 1.93029009287698 0.8127851412682708
2.176234288452652 4.943394852622625 6.565008996566545 0.8274751964956949
0.1756064546718706 6.442697407462569 6.243755998484832 1.014972659154979
2.794747429318126 0.4777684668770955 7.798185509776276 0.8797873966793787
8.301041117295391 3.1446288455582 4.058944741810249 0.9448142648961237
1.332225463000004 9.423521160714097 5.678733322013556 1.222052560346749
2.408497775333903 8.090082350680349 5.947359778162477 1.473782354062733
6.660782830484584 7.357208047865869 8.221975661284796 0.8287270236554559
3.432435012304284 9.293600100114746 1.156261939401028 0.7752223286882834
9.373196754494938 4.150930079254908 9.925234336853535 0.8076519864263685
6.969274760763709 3.905265636014701 2.564808958418594 1.107431305201301
1.866532678159686 9.006902354718349 6.71616999807681 1.094843618109156
4.419732850320346 7.064662180963619 5.794913364414011 1.25130452694306
3.552839266329032 5.771137597219197 7.934897479364572 0.9010483246273666
6.682453412617109 8.019205579737815 3.554232917202422 0.734239098960458
6.228906862492292 0.2701897895957151 0.405438512468187 1.262047969297052
0.3689482974455993 7.500365183734623 9.145425134948509 0.784660052087253
3.9305789916943 4.256856231831312 0.8876941394812344 0.733719982708914
2.981436047851313 6.20129777988624 5.677022735347229 0.819782334289708
4.093394667717206 0.9530673900386056 2.48503445197662 0.841388306771257
2.205939793121786 6.00266058181403 5.119014494657498 0.9252231991218099
4.085648107251776 5.960699218695254 9.666762797891208 0.8277410705902355
9.811074521441389 2.657454036133251 4.146895143577447 1.075153538458882
6.726815210540203 0.3619271818963621 2.203596238286526 0.8420516566034351
1.280136612112988 4.334856956954478 2.991085587916706 0.7672202982528352
9.018061850761885 1.368803032178008 4.785432171140441 0.8824973938705488
4.943673365863715 7.90999201145806 1.408212232262863 1.392954387605259
7.942440880927482 4.749950363929419 6.37421402356748 0.9767390533766246
0.502111041139689 4.299585105327002 1.457042538150114 1.241228750850071
1.702938858359513 2.752834080238745 4.447803207429502 1.091643764310361
5.29023964700419 5.875521313597912 8.118916138051643 0.7729397191422802
4.103290846371959 2.423085531504735 6.168393448610242 0.7254903111759478
0.7746539183599833 1.600607275238721 5.44987049976011 0.9816052927153039
0.8485299734872166 7.733179813669556 8.058749347044602 1.418035214126673
8.029071258308427 8.897885531290939 1.792576897669457 0.9209959919559078
2.761285356644149 3.776597186920336 5.764681477553926 0.8970898319394188
5.345695601884341 5.221087212917581 5.986310962591813 0.8713590492916189
0.04707052192606476 0.8946571094284684 4.888422005773238 1.286852373697567
1.406967686059013 6.520075893194413 3.07210601163001 1.359827211067236
5.813756932318463 5.023859030843401 7.288622907620973 0.7409817801585086
8.925596242518369 4.819456330525936 6.326967042809238 0.8867293741287209
3.324861441738181 5.079921275682389 4.391331660753967 0.9550967080158033
6.518488524926248 4.178659824170732 4.647259440684766 0.8383486556328313
0.267943309878842 6.109887949194594 9.168726627808104 0.729692929886894
6.844292008366422 3.776695909329572 8.196785636794818 1.199382335889579
8.901713412734392 5.942027176846934 8.420965568429624 0.8638366139103841
0.8968715852917221 5.625742442731767 3.838040208966826 1.046687104113223
9.166104408345829 8.723513047155791 7.903776131352939 0.842511741213152
6.325015058459418 6.056018207738337 7.06827671927635 0.9267770309791833
1.738152082046867 5.665695626772464 6.385569512772697 0.7964990408673569
0.4560306492385091 5.595359091821291 1.539604721222224 1.198473537334706
4.442828568137841 0.9013105953765189 5.113066004897773 0.9244296443982917
7.489253781407053 2.29220598543508 9.47602499192303 0.7814354607383153
4.583205015142818 5.946770203540402 7.552747056137895 0.9274290235653883
9.870296330180478 2.009070056323956 1.279404009033103 0.8380133688663481
9.866449411333345 1.783175624755621 2.295500985050984 1.159440209754471
2.208462469496136 0.03432009622856169 7.001206971696343 1.08783219147589
2.513864463584133 7.909538103444332 7.122910141206348 0.8235735654920141
7.567902124397011 3.244364643326653 1.69903220697245 1.253492515333881
6.676417101516263 2.689567269982636 6.010545951643596 1.046244062812046
9.737887114277704 9.495160774672556 2.096023540378321 0.7610079702239011
0.8127356116878093 2.932800066776753 9.737201699990964 1.456169225128535
6.8544677176517 7.985617398780901 4.5046956901694 0.7643283833096103
1.669884920883211 3.98588761504004 2.111047310487427 1.225787656550007
8.885895023176911 1.901700916855717 6.253048716573316 0.7300345208141296
6.407716692878232 1.976665478313276 5.346793195256018 0.7871089723094985
6.287918913907452 7.08329332943595 6.679826384883151 1.187566154953555
3.026745265693458 2.018578703811882 7.235810204696496 0.7900665066997142
0.2854218799814923 2.157997950855366 0.5137574860115812 0.8886190971825664
7.27706272522978 0.4001958467281708 5.30753849801935 0.9004236778667428
5.462482996105696 3.379306707855735 2.907672647988824 1.184478891152258
9.652941273081106 5.002052019452106 1.682498825935124 0.7222014443843277
4.201481402276624 5.544289480763059 4.740895550374803 0.9681253773536576
7.808651087808279 2.183379601195447 0.4112041419449853 0.7638030910746095
6.749676992490247 0.9190780832120983 9.15463500081777 0.7635328144407074
3.16597536401073 9.183764326659155 9.467248467809998 1.094725834998731
7.355545107763584 3.660526627749236 6.461618889630281 1.379140932750727
5.753579707442396 5.418330024638943 8.906818226689451 0.8457835716411043
6.794168377347267 8.906795574628898 3.446750443923402 0.7935863528946848
2.323267210065635 9.481834733787879 7.844390433185542 0.752771672687804
1.568076214346468 0.1294843920600275 4.020403904456069 0.9084019430499382
3.856932937572207 9.292035196190744 1.983284758470251 0.8439745085815077
5.304151437451369 0.02603063847770648 1.50172066679737 1.142586246876919
2.652480953977444 6.572696850954176 8.235846723084128 1.168200309886396
4.3397204650079 7.921482179460911 8.096094037773096 1.171837073779489
8.10149743298982 0.8139284670644431 5.044824892175784 0.9256649436643049
5.997397276084889 8.558769190167906 3.464014303846882 0.8909187565803008
5.635119950712514 2.768754912713544 4.223800203190966 1.022214573301999
9.901382003695264 4.244786045526672 3.544583230533116 0.9355731936585083
5.228682007936235 1.392243875367333 7.195044099949247 0.9313135766147618
5.378781460113196 8.886968751750794 9.422265142894435 1.271766814627684
1.289111381530678 5.881783251250055 5.578529881593048 1.031249443596108
6.204152869414093 9.749260719787509 3.870304315342831 1.374081486129495
2.135659198640767 8.807089145385143 5.041731208225346 0.804672072898626
2.776632367867328 9.895222677048165 8.787172361546963 0.9667309815908331
3.642627137909722 3.816318279786169 6.452794452815171 0.8261901149232177
3.4441492661984 7.71513226068603 5.633447523484391 0.7320828228288242
1.477899774300007 2.067581759254241 3.408245468552221 1.384033224337255
8.737881997779256 5.568372702567196 9.376959316327854 1.132448695329361
9.897434156779214 8.460727364211364 8.513774893742886 0.994406679166641
9.913287312714342 4.830007870539346 5.996862247810768 0.9425080303894123
9.602659383121377 6.081163070365346 9.537782316858898 0.7337799689752585
0.2663160779968798 8.488649696114983 5.601903051930913 1.472822764628641
3.665435386152695 6.332224103431576 0.9878924332931706 0.9719538039786781
0.7071214193574826 7.408519414042952 3.233129740416466 0.7461160967553595
3.070176253580734 9.691738667578109 7.919949051818952 0.7534189678333097
9.927545290245392 7.358175234877875 3.47380279308732 0.7420153341003892
9.71650637238856 9.94464642160121 0.2172295024470883 0.9116598107523696
3.410934717546957 1.868097301501578 2.233326456865991 1.406471920732501
1.391063907549337 6.236781201946574 0.833296469533118 1.387736682112433
3.816332537224734 2.025668703955384 7.916303530645775 0.8185537864046006
2.63408613897023 4.788101023533113 7.4033139714042 1.001000352903536
2.473415995845757 2.398455997596701 3.891521516402106 0.8650931380445939
8.072840630802355 8.824729988708855 7.865551640780629 0.9236840076841186
4.579906208033382 6.985963355370627 0.848540894653892 0.8424418086605906
7.925960512774051 3.082984709874186 7.66973820214795 1.47629291234098
1.916266908837253 1.989743108745974 1.94362103265471 1.218093492073367
5.149871447697349 2.542278511811477 1.356947186542755 0.8867663306833024
5.115871749255244 8.420478165994933 7.555530942147649 0.7973946559506863
0.5167808565225318 6.322027971857306 5.287214042954897 0.7342055554098834
5.816269169175383 5.142637289310296 1.160962608427176 0.858974449949979
7.731804207975825 0.8293513740618131 9.051748366036756 0.9972955251023763
4.422778781092683 3.29291092440117 6.022547323464615 0.847088095184753
4.197240015934896 6.566422527378304 3.194962818895466 1.312243012243752
7.575222564060375 8.15192343594156 8.413582889621606 0.751540374249223
3.61485205615208 6.535698177239179 6.323189542998507 0.892403014584794
4.741198383452175 7.769032378377473 7.133139375119475 0.7357997190533805
6.646888320931655 1.09120494337062 5.848607188389257 1.084419716155186
0.8371801733606333 9.219393266173652 1.981053063823185 1.355427868049048
5.946155176301136 5.347664456169029 0.1040654103604777 1.081572014064862
2.742233190985067 9.577770552386374 5.843612508575078 1.507182740707487
1.520005566779935 0.8154846582553366 0.2967879985697853 1.587826201452685
6.502982655542487 6.895922453492727 9.386286154811724 0.7242028471655151
2.70843451815422 0.9485420330775874 5.501211078309873 1.083753977562411
0.7665723074430064 3.425635667727587 5.97799151992139 0.8327593242427954
7.541565649780231 4.211811823281725 5.341041454565413 0.9299193824805549
0.3446101777412314 3.117053635820828 0.9435457652477498 1.108247725559312
7.965373487514277 9.716987463721656 1.307573861301675 0.7903673081952964
4.961249380108807 3.003876153460765 8.246076912250984 0.7392830921176473
7.671703446284983 3.073637084143993 9.002345860725006 1.028396779812316
3.839999601213427 2.65163959224612 7.109039841043954 1.166707193711166
6.671518550833358 5.79085418314865 9.254964385353217 1.12685017529078
4.496365578465781 0.4894254216500682 9.005358512259418 1.058447038418721
5.247598961918504 4.543493253131946 9.326599872130091 1.256076171473641
3.403970583963721 2.124046183139259 4.143161085610241 1.014968607396863
1.460387298014272 4.572071214270371 6.522562994676901 0.7495618074535227
3.540799480771427 3.040674453255742 6.17867468354989 0.7957455988269463
4.355721528316868 4.802809219030639 0.176715543997702 1.200802722912852
4.773069599038011 9.596173497502349 8.93885335394847 0.7304676615960949
2.783500016919549 7.63740834502441 1.41980008516006 0.8008806090899839
9.342913808008799 8.54903496216769 3.945333256713717 0.774112183922864
9.066434377215296 2.620418557936494 3.290069477660099 1.091837041082522
7.920620665542708 8.542451775139542 5.833857349675041 1.458713715326357
5.884966530898208 0.3413793612758154 2.245487856915952 0.742078358989623
9.205397392733424 9.811176980181568 9.529589232324824 0.774645498871987
6.088412099541356 6.720877915798035 2.82682975806331 0.8989770084923759
1.133499426447339 2.316427950747869 6.49919746329399 1.570954772101728
2.273421937564401 5.195489965371221 0.1349997888120636 1.577509337771992
4.729086400988078 7.676264169642966 2.712214079753739 1.192660786285509
7.738042770819779 2.889080973292437 5.202683834950427 1.583814823686646
9.056948654301676 6.604416343692379 9.124460750339093 0.9095492309346708
6.027246159188076 2.00208721282514 6.058247841101247 0.7375923386528639
2.735392148675323 1.270910101193015 7.332099215837666 0.7651449684291597
2.346388234697625 4.681614580173539 3.024671879921479 1.096519124941725
8.895697026805308 1.722604986761453 0.4626897294308097 1.539831453859108
9.423663205153094 7.998598033418648 9.731427647590479 1.445696359775257
5.718267279852483 2.129080205136852 6.867506680261328 0.8849444409720889
3.188623066961254 7.341357617678737 0.5065026410031627 1.237604302944184
8.543665435800676 1.133776784389086 9.42281655570239 0.7417729455443764
1.454092787149103 5.846922207159529 2.098857818809689 0.9374134479318357
9.389713917459378 5.982211151216311 1.241828214738039 1.052154549293477
8.036667403376866 2.086629865534437 1.609692178237722 1.2033136293828
9.067366455544882 1.930757771901947 1.666742713175517 0.8177800089332087
5.785724968805615 7.722708874907361 3.038424702806652 0.9776593776484359
9.303905825517671 1.013311293144996 2.460552211420758 0.7241544889206504
4.964208143747233 9.669963328551903 5.90922509348748 0.7328051111213865
8.23292951054748 1.390947353239064 4.314683303098462 0.9134067030726426
5.603881771768486 7.585688220837995 0.02416932132794703 1.569496297557939
2.314233458366488 5.776160975817122 2.69224141301311 0.9934650649214735
1.148786722132153 8.951552502948486 4.344429275175007 1.571744731816789
5.47411325991962 3.700607666913979 8.64446524639615 0.7321893951448867
3.048489157359696 8.885656280470728 7.122362622037099 1.353001667961654
9.972065007303767 2.69918490308733 1.777011638700849 0.7993157354282424
4.420342822456909 2.142148169957885 1.55677914852816 0.7393886173055858
6.01398917427705 3.12115237219066 5.51646168514986 0.7285783180932863
4.614220449540642 8.534045161439346 0.353309951184373 1.062481524034467
7.046274443270223 1.884890676513758 0.1006292133603504 0.8869987532442505
1.958397042542033 8.489010491972742 7.868385857844088 1.232993382750131
8.089714919835925 8.574055379416885 4.689587857041182 0.7485583211567968
4.928136922876451 0.007841357178761667 8.042007886402809 1.167319552959738
3.89381373162653 1.610656816594372 1.169287657113597 0.8480134492996496
4.649793778337581 1.949029170146375 4.493316098483052 1.444128764869724
0.784876413605008 0.01551550141873692 4.932013467514098 0.8896307085340652
2.878016105337875 8.929783316346253 8.41864656092255 1.037002810852766
8.070322488735453 6.551056314379283 6.873880156438132 1.17517747510417
6.422278361505807 9.01739181531431 8.743871925410843 1.169741208374058
5.669385760889901 4.475559646594175 4.38717183477408 0.9029297983620878
3.118239293123339 4.356531640052166 5.11667634684298 0.8119648184292527
7.104779479576352 2.338087157029442 1.964634975107428 0.7823276300771994
8.571352672897213 6.901885346573134 8.420318729608065 0.7706793765651668
6.323364687098056 4.162443510509101 7.110542739737423 1.194507049907241
8.15900035765293 6.385595360347819 9.829381012024758 0.7908536571809175
3.998345110583086 1.901537441304419 3.324145711624297 0.9983675206531163
8.897581670130229 4.459315154238015 9.071052385843437 1.077218598316904
9.520803136646544 5.951168416978869 4.89503339334922 0.819240456174938
7.417639165867944 5.83278246467377 3.291916880559794 0.8616779161345393
6.058540345703388 1.776343551402788 4.490263373972738 0.9719164360376787
4.23870942061202 5.102534294411252 9.064151242238564 1.048115925994282
1.871164226065657 3.013541121756314 1.590466896693445 0.8178716497176221
9.428540378032665 2.736221295314342 1.110416368334793 0.8318908576578372
1.311791731879057 9.675775593190235 3.110853102947634 1.141865462142956
6.842282482155157 8.314074878219861 8.207781497778766 0.7234775517810648
1.517114032014871 0.7929255122231716 3.174683938697039 1.088872211634485
5.080535892387763 5.528365671305406 0.6267896961087683 0.9117754573183934
8.342200387514428 5.715769277126424 6.076356322830947 1.002824097838713
0.1555908389128147 4.889943961007857 2.326791557179119 0.7912554710306615
6.323925881732054 0.5836337892681843 4.866503868984029 1.145232937670149
2.18518000143116 6.680712131959005 9.691244102330547 1.413720492560147
7.044824396336466 9.073861321349742 7.899923708809849 0.8793665278762555
1.254660148043788 4.383450843836949 9.221745228299861 1.535419500391715
5.946707666652826 6.71117725378989 7.717763680337553 0.9428266512783703
7.586313599114745 2.451676270966281 6.612185859761404 0.9858889054935543
1.446483401379205 2.257312289576968 5.275947953573712 0.8557906575113207
7.125922744838278 6.370396621222274 1.74213262766696 0.720731073865
4.574141055590249 9.155582607697287 1.275806658789986 1.115988127371802
2.160401806484654 6.835456353170571 1.924972377790134 1.388445608012919
7.154318937214828 3.912280147323271 0.8979758554100027 0.8243585784504053
7.893213634154237 8.203448557162716 9.162561711807445 0.8231814247714693
6.735687536621692 9.227210799693284 6.721267804461196 1.469937056502794
7.335966078179162 1.832554129591139 7.538370356678383 1.060533949619803
2.541832439565082 2.448009054961057 9.651892600333412 0.8527363341815125
9.21776262537356 3.53627383430508 3.983827676722867 1.009683729463088
2.772384478059839 6.754098064722164 3.176184163263867 1.322280077270243
9.898810695990429 1.881735701469974 8.097060209859139 0.7454863253159838
8.635106150253218 7.359041668871342 7.064784143506973 0.7672271940005492
6.018287120899819 3.503331984893899 4.815629740107172 0.8358780192418765
3.426581004395031 6.277385213261613 3.996638899521387 0.9308831901659254
6.341515742652954 0.7697177462689765 8.083820080479351 0.7911073647228383
5.650362035994505 6.758456246076534 4.831356536174154 1.122533683496824
5.486531956037286 1.330961590931057 5.428844373036745 1.289544625758355
6.717180638918896 6.10222096983621 6.057110868722906 0.7947657108707142
7.558138897232521 7.697504405414153 0.03801932207883164 0.7267049209141555
9.736244064743866 7.138403423972417 5.187708653124626 1.402630462736149
5.738189922160558 3.116757184504142 9.36572569805568 1.088705933255004
9.687176944129879 5.61080796842234 3.832065048989058 1.296433947467855
3.19775277015948 4.232826234464291 3.695656415708282 1.157726667447623
6.382756531441597 9.864556376833303 1.449399645888869 0.9460581913764375
0.1454837948083076 7.987606778553314 2.701691324354602 1.023988996658056
3.467054691310827 3.596823274228 8.868452559390326 1.210763740633586
9.57458165369391 1.373858145265611 3.605778203539214 1.54827516626678
9.667870426859212 2.156812916122945 6.967798013975756 1.40497548210601
4.200676228888621 5.743688817251363 3.875342852069151 0.7235084258702486
8.581551409294741 7.486513883074613 5.452796262645843 0.9307209870935405
2.651761248614324 5.529134675038224 8.147567087812057 0.845686419829569
5.288441120114411 7.763316207695863 5.216481042712122 1.099409328949757
6.530233893999855 1.359628044539737 0.8639585141697571 1.063608711136164
2.537488118742498 3.073712581163481 6.836748013167568 1.520505061129122
1.463327998999397 9.449264839122732 0.7965573840859553 1.265763930183555
5.879311811051449 4.582328599716559 8.201051293697224 1.228397514176261
9.380650224946315 2.353703622454707 5.906370245256191 0.7355983765036346
6.480761045640389 8.669442197710715 4.195564755629025 0.8347200847174944
1.810341067177716 7.79022203152958 4.718883601501139 1.086906080450016
1.288019319497057 8.464595756528604 6.130151348876888 0.7556592834638539
7.314561276141372 7.703801078803377 3.098359902174438 0.867322585819747
5.490258032173855 3.529121683219267 7.62234966463669 1.054076540232672
0.04532763493664826 9.197422065338454 3.182972018750382 1.464091519959614
4.081005520566224 2.965979572839947 8.102577370949515 0.877945715710124
0.5567487196892429 7.615943170573237 0.8155686621331927 0.7402709840635414
0.1633325655106843 6.336638857281812 4.491508839614007 0.8345598166543122
2.61974531897281 2.837273063579684 8.889942457104388 0.8285354910002454
5.115391335384156 1.912133374824958 6.289369297404111 0.751913011638913
3.862082375909885 9.602395983247698 8.592326696910769 1.180001670279792
5.817287345570373 0.2412782362101562 9.047437641630481 1.503047835864513
7.550078210985648 0.4014457137479067 2.234096582008752 0.7266475679072554
8.118056406761646 3.826286642835029 2.503115800528816 0.8747490178161905
7.218655192965676 8.907779749818637 4.830955878271772 1.010429390841377
2.55665419702208 8.598585889840839 0.5109710337286878 1.466487354841748
8.988730695638315 9.382955514026548 1.330007750040912 1.308056281113871
6.090988331333322 4.272479944642879 2.550860627021051 0.7202725955428154
5.378509626267644 9.346010342873193 3.253622274136599 0.7202808238355742
8.930894170280771 2.468604456220203 7.816356294825629 0.8339830921558112
8.763966159670376 2.188778258341737 5.389870416326816 0.8695813057101153
8.085759911090301 6.211065096694862 7.892551883923884 0.9323624837332686
2.970256389257879 1.769539462585673 8.072985458688843 0.8578290052880683
8.502063576157209 0.7468615830057735 1.676029875313687 1.522470075590953
4.862416701626565 3.808646058231087 3.59388694355404 0.7736325975651978
0.9111583595149554 3.034877190665366 2.994000583255852 0.9191101696514415
7.344732483653548 5.623142253076105 6.79764254948464 1.066236789828653
7.668889854229374 4.49750442341988 7.490092519310195 1.20982380643619
0.2934459124686062 6.826029677261793 2.704682136989098 0.9670496349624473
0.6536625805912001 5.542248776353759 8.226920838183286 1.540482343529525
9.276841361366367 2.179084127402602 8.52700111182649 0.7705544189242509
9.141475468360584 8.050394133516159 6.214561727218898 1.133615183396737
2.838353491443408 2.905781504217832 5.672966776508953 0.80857911618033
1.077740080797778 4.309324363734686 7.556698086504286 1.206772264983472
4.382733105219669 6.697768716915909 4.532986341361151 1.313033986785004
4.795259656647573 2.87606476855734 7.454232977370796 0.7789349377320196
6.172604787947167 5.166729928112682 3.982965180044554 0.8486178130393445
6.650310599613393 2.437802560351193 9.51120139472804 0.8556286275082128
9.535044893139821 3.565640870427435 2.950410474477104 0.7665658999101526
6.838133473124966 7.195494884571286 0.1499554774907752 0.8938600675054936
4.722907689537856 4.742870933735975 1.446048748249699 1.326058166750173
2.47326983069587 3.820307686675069 9.518793037191381 1.157768702643346
4.284914043358063 5.777916439564357 1.490761433026692 0.8461225046757398
4.567805529980169 8.01281254572811 9.253761411583701 0.997439861101684
6.772871616009348 8.149250033100866 6.250346477253387 0.7837743421399681
2.682714785517393 4.650008463918752 5.753563253566844 0.757708614547986
9.503148721632057 6.824786428142236 4.081361190405262 0.8202145769571944
0.2207363151598563 8.826255295121907 0.7135189696724531 1.438191493899576
5.177059196160832 6.578162160601921 2.698388319841278 0.7887176522072505
2.15508707617372 8.486203961721195 2.797667548767516 0.7580983872971451
6.46342261451646 4.379137291234278 6.046485217764507 0.7336291849632081
8.051875807161514 7.294221542138426 2.998502521443982 0.7482953197360978
5.189933976968321 5.702487303812939 4.194702948136639 1.266061542164852
2.843396447951414 6.97751108566588 6.141197461940987 0.8688078852333777
3.23003749541635 5.728835345773356 9.03121444890702 1.259908127991896
1.758031111160861 0.4220349729263351 1.85883809906997 1.57118311885002
5.344524102612489 8.789991415667066 4.409245938712932 1.358264025844467
2.258299977168061 5.678479716060652 3.951913354510855 1.4477705054568
5.879576949485886 2.190437866396128 9.368369018664056 0.724282791496606
2.626939608061093 1.468300428626713 9.785457387033398 1.076636015383792
7.554930713349595 5.433970201893593 1.330178690505857 0.7260872648784903
8.266658505563122 9.072202380812394 0.5133097030967393 0.781371091372433
2.378747041317389 1.308861755953034 2.758897720554418 1.036218893706214
6.139061915548578 7.728985248939079 1.220754717943115 1.003376381614775
4.29354170062353 8.556376276870189 7.187954209848447 0.9633244767882944
2.540810425192035 0.01005058798856262 3.040061323276573 1.250404337605856
7.662562567242008 1.090122748933363 5.722919178479897 0.7437030361296882
0.9377978986766945 1.85385505050671 0.06272843267965733 0.7411036559745949
4.216399878674651 3.723517520709064 1.543041505596874 0.7373214260453022
0.1819981117658498 6.626080099794665 7.811927001283824 0.7976764747055958
1.849875872652061 5.873147166367566 7.900050512447531 0.7632236057628508
9.715793466011279 1.032333008024301 1.47653337202011 0.9527190141665717
6.136889335842416 5.511244547521195 5.172589567243722 1.391080773902054
2.886210188115257 4.276425234255049 6.57864458430851 0.9077835538086333
0.02893577677229975 2.899724949513132 6.087785515827815 0.9545529797859976
6.084507804342148 9.759117010220912 7.783961095001708 1.188162423832904
1.67355414264552 2.847764060701401 2.49704836281683 0.8328679027240372
2.676261480426671 9.95292529101539 0.8214455275521949 1.262389386474136
2.533717575908942 2.159713817770664 4.988730356027452 1.158487306149534
2.573099336063444 7.722272483382267 3.955512023035952 0.786516060092228
0.04892098219873909 0.9729020425665637 8.609284534741221 1.31608650209087
3.301696903737911 7.008460802806971 1.554650792229363 0.8191990300041522
8.612590868737678 3.505819998054648 3.184205806064427 0.8626728228459238
5.5619699388694 2.716225323279059 6.092914116363877 0.8956797342739262
1.98030372477855 7.314036699285595 7.77683480200834 0.9921668076443344
6.916255658006321 2.413795324515528 8.5206469141747 1.152147026900076
8.371823448044319 8.521795071896744 9.852657756576889 0.8461350296623912
3.814769274678136 7.918079362298603 2.008263436218279 1.016714886122878
4.490593707084834 0.4787972043437561 6.961232623644761 1.175776444854348
7.311618390471805 9.35778090892725 3.963460175595848 0.7849486961115784
4.482485967828452 0.4366787690014352 4.350546083624478 0.7240742524190238
3.876026608600859 1.147817942264046 0.06829858341978247 1.437991881577423
7.788839295365918 2.209740249559785 4.127024519123195 0.8899713059223682
6.010199870225114 7.675540245206959 4.147420142490089 1.128068748541442
5.099805334371728 4.980734319611055 6.744451851624527 0.7451650578777023
9.527852935613277 7.7217699175859 4.135877444276082 0.9251862989110353
4.657730142455986 9.803374188096006 2.602428957903439 1.348787976517781
3.357978643525266 4.57386598671981 9.52523129338479 1.109032491908337
8.209783738549223 6.383171431002181 1.37612388629864 1.382717216617434
8.460122906240706 7.512280918859913 1.28857539199402 0.8652094518867356
2.838223392949332 3.867966861517473 2.432262208666415 1.067819690734825
1.960469563643666 9.362363400078133 8.640291144633299 0.9673365746220733
0.7586508371625101 7.713999803075983 4.735884924742972 0.9581899748047776
8.838738523530701 6.347165479116045 3.508135761193445 0.7263495687087819
2.736659399657966 8.10717908043371 3.235323516457691 0.8455636722763048
2.580689202336631 6.820212024750394 4.359146234462706 0.9784016190774878
8.817419734919902 8.417693660710521 0.6691025569218735 0.8333150128327147
8.766741163120555 0.4885249807503223 4.28609030181404 1.116613835898982
3.706879104018343 3.774620958943136 5.514687016338429 0.9828980978115747
5.481263222861923 6.831215700539326 1.158478401882492 0.9528496263275067
0.1459644299042762 9.875922190581706 5.891446724337394 1.293947733566648
8.998345243416535 7.269628552196076 3.288925111878924 1.123584777556675
3.953679480314885 7.409082527502699 1.210528746823287 0.7663399506920568
8.49272181525216 6.893983265175538 2.412166908206288 0.8510500553547944
7.159895504541132 1.579371708556443 4.753219080389192 1.245287897216838
0.635309304624292 8.31872230314803 9.032581161758634 0.7749859868849206
6.778595234602476 6.642090611147307 8.674955621873043 0.8452639411529844
9.914855542954461 9.666331770099349 8.176410430896317 1.387985015712653
4.646773733418717 2.220634154604094 8.52078217482196 0.9888124987232605
9.358266604642752 0.1257258830651009 3.530609416813959 0.8855113194130977
6.302528770184112 4.762140459416009 9.215290748252729 0.8474660831993596
4.015030141325802 9.54107923835903 7.515654715058544 0.8846262874375526
0.1217532707562441 1.20202752432701 0.5358689884651224 1.003541479295847
9.555116055430625 0.1547563203890923 1.748894096200242 0.7378484817138526
8.729125176989491 4.799822984248218 0.1791227297137244 1.010353889864622
4.318114219601172 7.523666175451771 0.1205413834517966 0.9282972590676505
3.468306191581547 0.2984777752318524 4.920257270462645 1.168361812683497
7.317252545678024 9.87183019561302 3.08299340937372 1.159387594986043
8.150106104241962 9.618828741636044 4.965817697885461 1.281592927399135
9.003630154839671 2.212318942303046 9.289861127936767 0.7734169303542465
5.340169279920549 1.781623435404609 8.099117942341767 0.756191559076219
2.963403120131332 0.7736932874850556 2.112168861816821 0.9063955450224079
7.107621823010514 6.539454895237077 6.698960021807229 0.7314284393198883
1.031675263410226 2.511075673223519 1.407390389240392 0.7281424834808453
2.930093538465551 9.786229349695274 1.971686181978799 0.9994017333492535
4.518155555503022 8.678817726686466 2.239362312806871 0.9776070564526705
5.168254931314692 9.379209131433315 6.915824197894019 1.358740647877978
4.248294089234633 1.595065154900116 6.764894318481321 1.087843324218018
6.282212934625387 6.885671290224549 0.7968886718287539 0.7477821383790426
7.574147432758186 9.032162024307903 8.765424639490108 1.043674476582158
8.719168077977194 7.21286314505131 4.475257048974263 1.035037953052178
3.603560267376742 7.640610426620192 6.735750783013834 1.415083857352703
7.298196592778384 1.892684515942016 5.856240366209385 0.8831288860232644
8.602998649683117 7.904118599631839 8.231833425999943 1.182591707403334
5.599187842810393 2.797423976966985 2.067800738283562 0.835198091744533
4.778898961092764 7.207110931358507 8.796773655208115 0.8150202356078404
0.7183183587598153 1.560715774345124 7.567406614339546 1.116328080690077
7.290222963677725 5.29648921280929 5.726268532606348 1.117210193246872
5.431663452929768 5.775517248478856 7.155705306417252 0.8968214656205371
8.373812914353875 8.159148860525567 3.134249752766925 1.022554282185704
5.712404168280172 2.286571224280061 8.590010767402216 0.7876310681945953
1.109433877692579 0.1232259602827191 6.601783720207413 1.091599362585573
1.956379735343774 3.001476182328394 9.819907026910121 0.737968205707905
4.788596132302353 3.599738641502864 4.806110996222058 1.563178378028178
2.002086463814179 4.150781744187853 7.056007966645993 0.8774532164528746
2.33424505229344 6.975860495881528 5.320819309261403 0.979496147232487
3.600184988122711 7.133116434511393 9.1447645361154 1.561226984184957
4.806000322078219 2.533155838942259 5.553089976895627 0.9471277858863812
8.108636845424302 1.731191106410948 5.126579604460343 0.7741667162135416
7.860570368603844 8.25604080488969 0.9038085796618457 1.104721255197594
8.777643350945228 4.214103728241926 7.915312705689522 1.043875596379341
7.290605670590423 7.256671419605818 5.902025058429754 1.317215308760408
1.917301389621331 6.445313577030087 6.219172399235285 0.7891410674168488
0.8161014774387533 2.947754232833078 3.941298873044848 0.9013717612200454
7.098938062232484 1.251664308351296 8.381231513845472 0.9785558191716944
2.707979419691668 0.8259431408327568 6.596030756294923 0.9108599043783017
2.23988940433273 8.606636957197193 9.299783417934758 0.9365872611029512
1.981605254341684 5.039979355044491 2.19577474192627 0.7616813174725369
2.648673706135684 6.407077956637746 0.8426850725801961 0.9140406776012538
1.423521256748451 3.679806876282255 6.527222967287045 0.8804736155962016
2.726819501496162 6.016172959722201 6.991367114831952 1.499578067518229
5.46126306253522 0.9367035325164298 4.165843068229687 1.133401284663185
4.631266048000776 8.318181012939693 6.102239185955805 1.295350625720828
8.866804524322582 5.183941833730468 4.592724118302584 1.024197053091252
1.964799928724068 7.266786480205412 3.740151519538819 0.7478595742806464
1.206654947472025 1.387635236663699 2.447607817936588 0.7799751955306139
8.68106756746681 1.785368700316929 2.562312906869081 1.110306961071498
4.246077543347027 9.053894193746396 9.494193684499614 0.9478404836748623
6.60227780421399 3.308577887300173 4.178594697748233 0.8400177638219547
8.321679247143777 2.647342777189533 9.714762805584623 1.011603331562627
1.787119819426719 3.274884461927979 5.559895969122083 1.282655380797869
9.083450809128371 6.701250208169871 0.3001804575528111 1.328810220769482
6.350670823491174 9.391733458593576 9.799866358711808 0.8377517063256775
0.01552626333081286 2.826971082729379 2.654578238028931 0.9422939821459194
9.99511454369434 3.780985968539094 9.1293216115088 1.136294111821419
9.606109191020002 7.809035231882254 7.410364743390498 1.321790374064064
6.180644091394365 0.8727493571708834 1.671835638852106 0.8321479490604941
8.052476438471798 5.309545969281411 3.117177976196676 0.7299049299482292
9.762895899430308 4.919830072051693 3.018146686007042 0.7644728920493878
4.458762557287608 2.720907273677972 2.507725041446398 1.23051150151028
0.03975776821251387 9.161201708193596 9.411248106744509 1.211476628818567
1.61387164279801 3.840877678543077 0.6854988813758379 1.513239218008961
2.12072132452559 9.664381123988752 9.676470157930474 1.162292085036133
0.8494048093291408 1.491752214265521 1.436224030795759 1.296769012930892
9.158406496186062 3.304975103427319 7.392017256914976 1.039098426890482
1.099001682419247 7.457713019500929 2.376123749685282 0.9793845909131934
7.506695725598014 8.744135145856191 2.736911732577345 1.163068766136281
2.436206355098812 4.503854621467831 1.410680353364318 0.9914152432190163
6.689244763503547 5.122062409054049 7.365523956594794 0.8717989808086812
6.316864558757625 8.496713970226704 9.744697863199011 0.7589537626578254
8.323861400063178 7.487990074785596 6.329040881420931 0.8084448645065558
4.172062757713045 4.162214839162457 2.679971490830948 1.545172971614472
8.136986753666511 4.083937960708194 0.8311971007112451 1.008063355436366
9.949647810135387 1.796714971515591 9.585631705033229 1.130221011539551
3.222673944544841 6.298528174545169 0.07610628526908858 0.8735051005172634
1.231142380030821 8.850208299602798 9.681801392985301 1.199974921448008
0.4070171116220245 3.984387046472311 2.631952213506537 1.131805187025674
6.246164292853772 6.657447874177374 1.785240757731634 1.012500600579987
0.7255463582747647 5.417718127610664 6.474926288364171 1.233809257919227
3.878872162165577 2.961293606324706 4.306673008935597 0.7418320715717553
3.623718034148109 0.2156896443747558 2.58048822289445 0.8173710819099227
1.168552743561349 6.532153945071228 7.16121168401104 1.453518159559424
0.1459026953602905 3.327234418408263 3.476039862360215 0.8587120231481608
9.032960415939142 0.3975703053343994 5.483946961459093 1.210762156889857
4.078579398268104 9.431141180430238 6.255761209327429 1.14276074283029
6.013324433836502 3.059903083543195 8.370432879368018 0.8634729972857728
7.690257459020036 5.748774093938549 9.421296410835421 0.8978166536303622
5.521505595979959 1.943092214338351 3.186135955418425 1.556453253541095
5.006499484951541 5.143866144443137 8.521018985217795 0.7387199398496899
1.474709327241243 4.711945558486226 3.839456113995404 0.990544745431259
4.434817061877773 1.680396027817035 2.547145200393287 0.7256561709243297
1.96867565961786 3.514280984540966 3.43720782050593 1.440661193424406
3.147866243573488 1.94595772924145 6.143580661927533 1.334188147722117
0.5574105230118033 2.510007075853528 7.564001478672432 0.744207051661133
8.873941739685806 6.243346987263199 4.386558952026759 0.865667603111536
0.2655688516888344 3.674275284933047 4.311349478838554 0.8865077913307159
0.4069671573975986 5.756621482089239 2.781253143483179 1.147710350739983
6.496565342122588 6.290509573342611 3.899433841178826 1.431254246977963
9.371684757810314 0.7774463605897942 9.642871944255095 1.075572082327886
0.4025479950552158 0.173360827183533 1.099045672203336 1.317309618363574
3.692291105484781 4.093844506721761 4.564357324452981 0.7980543530554268
8.783860507304377 9.637687064841289 7.433869853754583 1.264285726275678
7.893755812780271 7.005355168507847 0.392796894085864 0.9256485096192251
9.152067656591763 7.755727642096653 2.254510029784229 1.125441371571103
2.524738482546395 4.999448406069141 5.005686981739736 0.7859136645954606
6.915706033252706 5.009118264385703 9.894688129289465 0.9110683474009822
8.417113294255943 2.967381019082473 0.8493596171462114 1.136867318648595
0.2785066061299868 4.111003901355094 5.266313327973608 1.160565488644438
4.348976819667895 2.283569373565934 0.7269562890331905 0.9107346874022818
1.931277192614573 0.5605425131465502 6.136858392987599 0.9285966032759665
6.453054709734288 2.620694932288174 4.770476702722195 0.9086907046669112
9.097487096246214 6.880975414208804 6.288070584290591 1.120322625766887
6.832084504395961 6.348723586471967 2.513086795551621 0.7874225429430032
5.041273811016342 5.109841724088879 7.660422529933034 0.860211911417161
9.887831448725406 6.351683756092956 2.006804237804318 0.8626438711880079
5.799887035733923 4.166631092568947 1.270818599243637 1.039832183239597
4.392399210980472 6.777168480172317 1.901503170728088 1.255936136438801
7.577669709146234 6.778471593881604 2.327344465713688 0.9165177555317888
2.099357176821809 1.510471566158603 6.148336618840005 0.8856034339447907
3.766097963976547 0.7336413640045748 6.019372272321123 1.189862824640555
9.931375561906245 3.485435577635958 1.923596409008944 0.7701340044232687
7.734419742434635 1.558493479503708 2.636385579769017 0.7882889257583751
6.259625046584505 8.590278794275934 7.656172263114992 0.9359115947097099
4.617328980798287 9.048255021126028 7.912986927995926 0.8157300315563922
9.376711791483178 5.271648220984615 8.511954775072738 0.739484876516704
9.925704649731506 0.1439705761951205 9.269292898644316 0.7303465352838859
1.170980782517357 8.448080307989203 2.96964593395131 1.183099200466055
1.065604677728155 4.920790103092803 2.323678373233851 0.9646038666034206
5.901775589497615 8.254740577345071 2.117396911207008 0.927365144415055
2.968219785724363 8.194598385421946 9.06321203119102 0.7311858515171439
9.564214145594647 7.317167927132927 8.555990016011577 1.109241794317975
3.238252194015771 5.295600384125502 5.431586990830514 0.8007917664791461
3.431236071921387 4.120976055404904 1.607200851900118 0.9826205686057609
8.38682641993563 4.072624721145369 4.656495145793586 1.221822292342165
8.36119164676488 3.886041791590107 5.793006566371849 0.9961385012603782
1.961407248638882 9.271322805465736 2.374413799696645 0.9298075866357527
6.347666735824679 6.745340347922784 5.592710366755377 0.848439283999472
3.445334294654311 5.70017608813531 6.110836431263166 0.7576706258471595
2.998894509734991 4.138921207622841 0.5461056073749226 1.059888085651771
6.15890728414698 3.062211171367943 3.552716794629041 0.7372236275701664
9.271464623033884 6.923380892289928 1.708886059691392 0.7914535239852662
3.846455832305278 6.143490919256364 5.494320915588625 0.8894321348158881
1.90338380224978 0.2526126082581748 8.149757330434063 1.009321241503184
5.63245524837876 7.322828774698496 2.153180772648027 0.9031788525769401
6.891492108550057 3.273299640964926 3.427324292325449 0.7205334656503642
1.542949561398237 5.287539769273294 7.261293118709268 0.9955161560726458
9.105495657863159 9.144333206628131 0.1682564796754227 0.9385280419568068
7.985347344992952 4.055690838625877 8.637478708102794 1.030064068352933
7.02533180739588 6.598176695027013 7.658502308053024 1.1574697587452
2.06202804054831 7.454402594035149 0.7864707655110227 1.037328969697252
0.5273848594882535 4.742021356023589 4.335955388537679 1.058463901966094
5.538031375287369 1.013365074059561 7.962363683738605 0.7748656584631927
8.771186395939873 4.584213260193224 3.504419816529807 1.333142930981805
5.173367432105526 4.344772424045967 7.244888410013911 0.8113083505705626
9.934723850225575 5.064499227053494 9.451173325358342 1.346629137551921
9.397182290774708 0.5035817276078559 7.654277906512817 0.7304602212156828
6.465198983419608 0.3265360202355572 2.995484514046702 0.7385492894581884
4.465537244060338 6.847445076962434 6.980628164168861 0.8781390397450224
9.71974483975273 8.974567026496816 6.788787609229773 1.257096322641258
1.176488224650969 7.245866550015133 5.801315051162552 1.46341824089889
4.96993846386423 1.150810695009331 6.322340519643959 0.7562449127539013
5.733876355323734 9.024798135423277 5.709298297899672 1.259123315534449
5.010341113708375 5.781769567715663 9.548097089089612 1.020209482610879
0.159309782512056 6.774143346534562 1.147950204402796 1.029368030455786
3.595649935921858 3.285958917247118 0.9268153885193787 1.04696857713388
5.831295713499101 1.306388488071621 6.487981354236029 0.8829977483618013
2.995590257175932 4.925325636909512 2.168731961391757 1.021950072620776
9.120106141813288 9.991459170559398 2.545185697339619 0.9967065163257512
5.776679459973294 3.218487919873641 1.31372751714491 0.8186019122957615
1.672103980562482 5.039468966864371 5.90089307947634 0.7269776272227533
4.205976272625876 5.289147326986989 5.747284876929701 0.9374244113582593
7.496251346312083 4.182530646893064 0.1795897442712091 0.7659577792037195
0.9065766541129151 5.050662831685793 0.5623929523811533 1.134265785343167
5.573338765590501 0.4828337800666161 3.111632016578254 1.035059928213042
3.426904943233405 5.166152844718934 1.06737380611617 1.32474845166335
3.09535124304822 5.967259107337436 4.831472189130147 0.9097465284197109
7.191183005505278 0.9088870227192259 2.910611897535505 0.8958667127319999
2.963141069167513 1.851959341736116 3.343672211714895 0.8120581728149991
6.735577525739073 4.581525528673254 5.358954929240334 0.7593169355458768
2.449949559435296 4.716162371043924 8.936365398626853 0.9286103526090814
2.479583307972789 1.048273832292849 4.123933922127668 1.564541362785157
7.586937170232822 6.235410739336062 6.052460515572316 0.7798896037792555
9.019175694816612 5.683790878277551 2.571280304252892 1.492017238916221
4.465806183378834 3.689550060900829 6.995879498681526 1.103441928539279
7.315237046954892 6.801827043853963 3.198971950230333 0.8631543985612083
5.637109031453096 5.785378255678582 3.049857058521896 1.106200429670522
0.3436034714881187 2.309417810867141 3.336192107066632 0.8521982710435896
3.730663837554398 0.08566739390359347 9.49260621907791 0.7767002098891924
5.648945617188606 7.912743304886457 8.465359959812613 1.454187986831278
6.987511078538581 8.050955615453718 5.263900406435481 0.7502335876900236
9.215509959485136 9.91114857523838 6.442495139438638 0.8067769690597318
6.702223685908506 7.231222883401324 4.892746881767319 0.9155626393491042
5.224561307937424 0.01499410421461844 4.961888675744509 1.259650997241123
6.572692984457092 5.598197752592593 1.780722057950378 1.100619937517742
0.3312584782493466 0.604854585442416 9.804008608631134 0.8385765310472817
3.366014132287883 0.1108966951633272 6.941142279516291 1.107157899156905
0.05501675322360567 7.495399704561257 6.330553425920894 0.9756076638290574
2.169489966103061 0.7151958715059626 9.08892733868049 1.107599366909914
4.304970128197241 2.944044192179912 1.453731275547774 0.7795348962357388
9.052244156663283 8.333667507721358 4.919220417234135 1.22947530184561
9.268741051753789 3.203372143620147 5.162772404629533 1.390459942146407
1.856172983228487 4.960851457705608 8.194881332765272 0.991030217900514
7.328816113584749 3.751464652235185 4.495410224206471 0.7305349801934431
2.012473979153664 7.581565747434181 2.881138154923844 0.9359955858892026
0.9369040655400286 2.244495399309895 2.357921144219073 0.9265436114189571
0.3527596544163514 7.109663809250486 0.1916253575262883 0.8763208693449472
8.154006129694423 7.503249920803681 3.777043667142908 0.8116154554958052
4.086724836661316 8.110191396263362 4.796856744348232 1.436153038840014
1.446866532506963 3.292663025100511 7.341719363921333 0.86215710779086
2.691696529279204 7.771712355498109 9.66530045890608 0.8013468214398826
9.295262985543317 0.6198511313783651 0.6915521975414286 0.7322167319425751
9.104920270373201 5.367954138573724 5.494591482843624 0.8221302959141326
2.767706019102636 1.309303187471085 1.067140433130651 1.422828213240128
3.459567390905142 5.380821849231817 3.215792281300968 1.335717260562651
4.74970183851357 2.72404385237208 6.600018132184386 0.8661250805210734
8.479406362320919 1.850396509366022 3.54233400384327 0.7781076775271503
6.782252446210024 7.405295561493044 2.318653169822285 1.067887014597174
9.042698912495757 0.9429982915089631 6.724289876697434 1.288956574836619
4.55956905527122 2.933882821761899 3.675662888968711 1.045954425333072
1.239271177967024 7.311261820586537 0.2793873037175898 0.8303231742080698
5.799414129904851 4.311874776711547 5.398851227518791 1.082090836767966
8.23582703924907 6.668588933240763 5.798741170252859 0.7392914151759964
9.757170281799306 6.273843289779288 8.496923704839334 0.7889298016085572
9.136562051120318 1.36771680368138 7.959832737839009 0.9940288327014843
7.729350353708225 7.637169163020827 4.780130108914714 1.157556146406029
3.306551645695545 8.250281533778466 3.954590913750366 0.8327562770013756
3.51433623303864 1.225481461518268 7.655440788528314 0.7975586339159261
7.083884494305003 0.01076042951792533 9.584668464605823 1.06253606664614
6.231101137084887 4.019825723750054 0.09758254802310186 1.368021280570793
3.312772624632765 0.9788517354664484 3.102267843126307 1.01307269878177
4.329271816931221 7.548254994748573 3.771613445137371 0.8949669326961965
6.769458590374711 8.77679267217461 5.649597719753021 0.8108087388646952
8.154702709729655 1.921540428393391 8.593594260573333 1.453650240117294
2.188745519666643 4.235572642477726 5.161320984037373 0.8053814607277149
3.515277699769944 3.130801008151181 1.970751639767138 1.020765992349613
0.3128649210037172 7.185981602115556 4.194867841507257 0.7614827434918696
5.798207383758197 8.956333329632011 0.7664104315479593 1.47162017448071
7.880643792013617 9.210128190105152 9.660557416380225 0.8428622407549063
6.583318299492869 3.29371683720742 0.9139690189935835 0.7396764769210029
7.293384510832267 0.3950985307471955 1.115466657218214 1.018610638694996
2.887779301150278 7.773796018293412 4.795487405403631 0.9623105243201093
0.6176077093753052 1.89275891457701 4.348851548306042 1.138430118083776
5.460681283831806 7.468363370540224 7.337913883716093 0.7890756505401829
9.404780803984758 6.798205935732909 2.515478297232201 0.7517724519068515
3.725976145499593 3.682358950454689 9.977859739576813 0.9356295869694466
2.780193857167125 3.403656416111188 4.627843577677786 1.370214592390011
7.574558058097374 9.704433867850115 7.496745019822237 0.9168164990939849
3.12641532987257 7.865290300610948 7.974869706763791 1.216011259341718
0.7876781318158311 8.998057208964619 6.551082163209964 0.8686032847293438
7.095481816419669 2.337380343918277 1.011169578710989 0.9945535782040702
3.336113916116132 0.9205473941427557 8.701976464116134 1.325181439001125
1.910561660012452 0.3054225378195786 5.120750280529174 1.053445226164004
9.165990539386053 4.430589871903945 5.443219962109442 1.020812610191478
3.883467236431517 5.114762239981023 2.055892412140196 0.7491710092523166
6.656377022243328 5.099081379961988 2.941966077088674 1.311403153131375
8.062000319489055 6.749188186906468 5.05169352436235 0.7198416718551321
0.9531700932407651 0.6359893279267804 5.575944260753529 0.8945118231873191
8.254035760652712 0.2560854345073483 0.1922214053826365 1.568395568321622
8.663501317954102 9.019567768500213 6.584108362189209 0.7876446975633072
7.374032446600554 5.980262668560232 8.485505206953704 0.9284170537302137
4.111439276855426 6.610305503143812 0.2154930141758382 0.7608048694936104
4.624470870519859 5.472082755303294 3.200337645472235 0.9179723336128173
6.157773417388305 1.495665783609146 8.748940495706696 0.9782452827154009
1.215606030763243 0.9559884407518316 4.563351150847153 1.049344860929739
7.008246766745573 0.9683896244037661 0.00812248747329769 0.9136005904187737
1.917761980557541 8.295587127453697 3.673828919975503 0.8043106678632879
8.296135719580821 4.783709246185302 2.392250912089653 0.7566490995760006
2.794543678766789 2.48875992638865 1.378691131490557 0.9638927641089315
8.699478914477943 8.313536455932018 1.508777084555815 0.7954810354064198
9.50346751486431 7.727023988345806 1.095880586045137 1.209393016916487
7.57038962054411 1.514330571361985 3.536128539506124 0.9031539282787788
9.237147437530922 5.640365039418663 0.2023126546664045 0.7360981814338354
6.747447702422197 4.828945473348764 0.9233387644864922 1.105353717659869
8.251614592585794 5.13103794427169 8.426999290284241 1.124728955724318
0.5805696380830795 1.588302674992647 2.968863500141547 0.7886605424484365
4.118730533531794 2.901044698134461 9.869084833145463 0.7523664673347582
6.478584315595067 4.130621069317193 3.659095333093774 1.076375067246423
5.792012101529882 0.2762313925024052 6.128860867800203 1.254158956537396
4.360970791459442 1.672206510492096 5.706514223569956 0.9680233467542485
0.8400491729982718 1.235494527506221 3.65401501862393 0.724207729471391
9.124082658244211 9.198035354314243 5.751194255611306 1.105715268280008
1.541059613561324 5.032212201240979 4.889948226735567 1.155884692158993
1.721832510824934 1.100328379100715 7.124808466989123 1.215470293522699
3.764601889238341 8.315018138906844 0.9982225295762938 1.04154664581229
2.09708165185058 9.12107060271939 3.454886246838688 0.8057005597260178
7.385993472928375 5.06629788718573 4.322869356818712 1.594952583514843
5.512643114795536 2.541970617043676 7.774735192653445 0.868476165370807
1.826430362440668 8.234236392629434 1.776464023792146 1.364937142482429
6.729380974151451 1.81771602114647 6.682326134596186 0.9933880451880941
3.788932917166486 8.778097097217762 7.942607881568547 0.8055243645806421
1.343534963517178 1.134536678620599 8.472664244589543 1.072221802301196
9.114820365264681 6.584526342527512 7.572361812469909 1.261882034449751
9.914324730806808 0.1180012046389023 7.018895949089267 0.9623185966317911
5.078220872202966 1.943159237722988 2.032960217471576 0.8526989730586676
6.742063860379687 0.6444625957178973 7.032737043411231 1.373996869520519
8.265658171534103 5.833313286492675 5.082590878185044 0.9516908241836008
5.81455713363453 4.958695404139482 2.149994351505307 0.8278804145632418
3.421809910628493 1.187296022101617 6.832542510679555 0.721289322610798
4.539741141599446 0.9050617620974112 3.424231921567488 1.185325347258492
7.174036734256642 6.243466882576993 5.023353947849643 1.081059035551638
8.787361935240504 2.27943771516364 4.383373531866772 1.101602447670455
0.5979868729796967 7.512446727423508 7.009735290912487 0.7273397631576802
9.511699138857969 4.412764669713185 4.414956686398679 0.9588391192847848
3.519324970459851 5.420564703543738 9.999806271864102 0.8133067668513025
3.781241516512973 9.23433883739399 5.237046451222181 0.9471183439507386
0.5922628515901475 2.913709904366537 5.05349067702396 1.262653347546777
7.038076990117856 8.8824512783047 9.567503555082061 0.8512011590014529
7.867282893743652 9.006219606208429 7.063040003069804 0.7389921433394747
5.181764770165683 1.290342041541639 0.9059219886068116 1.584716703281889
4.690542124000705 9.105458890171478 5.285045675755976 0.8552259785073505
3.752368061120055 8.435408149927929 8.830913696190349 0.9198997181249665
5.528479603761881 7.085700403236703 5.854205900461584 0.7678142924182373
0.8252376702056242 3.205910901437114 1.951891174313561 1.03142310503722
7.076603302812711 4.715315416843678 6.712598975308744 0.7548254374220091
7.003055508578711 1.687712552532604 9.210582128095393 0.8154158912272448
3.806495735934308 6.807521639003221 7.798174166459095 1.169978471791583
8.154870955001137 1.998028726506781 5.968558634288741 0.7922758543087041
0.1578608350619071 5.991963981944561 0.3241787363666993 1.153881176662124
5.149551469840809 0.9116533033025187 2.221164835921846 1.074592209996647
5.176079706716775 8.019952387738337 3.634131675499268 0.7915448187402024
3.743269383469846 2.640584720898647 5.235678093335904 1.191837215876188
1.377626370282967 8.341490337592502 5.344867945123528 0.7444525021213518
8.132331448828591 6.370792816155503 3.053582882366856 0.8875993393456194
8.794335874606814 9.008427286074244 8.925607656844903 1.353682053373037
9.534610777316471 5.670451235897085 7.849272302223068 0.7815288530093618
4.760784169243905 0.4646704216350839 5.906433075278103 0.8051662283312325
9.484050234118714 3.829363369994793 6.299188195578647 1.100928834909647
2.744160240806252 8.970768651239441 2.600344339228752 0.7502527301621139
0.5950506079126284 9.43584599234469 7.329411687619512 0.7732351866243843
3.770199595176464 0.4040155115746958 7.810075810536797 0.8562058303724955
5.070810125821566 1.035912412714481 9.641748954320212 0.9026362766242145
6.481257996250549 2.822702461882536 2.60451572293083 1.152930443871232
4.868481179024682 2.149906758106186 9.712537521273406 1.316590212271659
6.175883724422571 1.665821463237625 7.647260998977763 1.107887311301495
7.318327903878505 3.121501562969397 0.1353582065389492 1.299527714322112
0.428098033703126 6.794706457536528 8.689925018072742 0.8671089822819494
4.425410484441742 1.434063975554581 1.825611527759531 0.7374582659734001
5.367170432365842 4.651493316618921 0.4973611606722373 0.8309268887141474
0.4041222121703048 6.574309946879477 3.618392945633692 0.8618007116830498
5.380401844158752 8.9962463641385 1.874016067017496 0.8501342166100979
6.199877369264059 7.637405192204319 5.709225776301065 0.9366827500595266
0.382542282563424 4.279956174708095 8.364571193949445 0.7815315952863456
2.882922895801528 7.770718079860975 2.359596359039776 0.9217165365472321
7.252558809606843 9.652353434455645 1.862163462414524 0.978549338612597
2.612611049771236 2.893622361486556 2.226665770683912 0.8506197247693318
9.644556059558461 6.537768728896028 3.244987735844059 0.7835969705257417
4.763746207450124 6.724782289326928 9.570083224649666 0.8881155592046789
4.48143844903518 1.150319942986081 8.039577031292817 1.212135301261206
2.649903617875845 3.497896840694931 1.380409604572457 1.019570650646656
3.004525808739682 8.681872037146437 5.057418701747876 0.8738040196925784
0.3209146801090979 3.39335962052048 7.085826487056532 1.272366473796596
4.463895436941312 6.141550899187072 8.629981521440703 1.191257692737279
0.3322932811413692 8.094072148302248 3.716847780875169 0.9429626034345234
5.986376958861922 2.50916276230757 0.4519184644577479 1.384563911593573
0.8645899202087194 0.4164781592240818 7.693146164052115 1.149651498000656
8.171029776236486 6.30465055860177 8.877191548352817 0.8898832779909795
3.921993200905413 4.925723895249031 7.032798359985094 1.542471951636661
0.6259264751787453 5.639297944966452 4.811471461096352 0.9111766590885445
6.631110833583483 3.787163510544236 1.54938110841538 0.7908331110688492
5.54427585212989 0.4758201815937136 7.198988788340724 0.9117230296418184
6.679198462953258 3.22100040860415 9.091474596793345 0.8412617300309938
7.620662100235026 7.187195804485544 8.478257476901705 1.112250018175462
1.020045262392412 0.04340642474474744 9.048778930888529 1.423234522474825
5.647291843672291 2.399300769313478 5.149627664094303 0.891302415318933
6.24109300385373 1.059019108386892 2.591192682544743 0.9101495450721727
7.495606429436855 5.551004482706396 7.722468616791734 0.7670847689807871
0.6785300151927188 8.07102781361735 1.594590585727944 0.8455393651245177
0.3637787620743116 1.064184846123826 6.435070330170398 1.266526695386559
8.756451201618637 0.3659770049144274 8.678315556991247 1.299000682796453
2.87695088644861 0.4754237513290672 9.85006614807153 0.9272109169943756
8.511081686464966 5.385709065816109 7.174399997275357 1.266517137610138
0.8349005812591205 1.241347585828389 9.34273159728196 0.8286411920780939
6.060862309454457 6.355801808625415 9.931415782778229 0.9232375166022941
5.015452233848787 5.062842820502302 2.494700958104191 0.8204263766944254
5.501657248320558 2.963032726689967 6.887582243132817 0.7346960379767248
5.723589541389019 6.19724072380771 6.145981648138868 1.077043967521953
8.355893112261182 3.768174537398935 9.80198769335858 1.128438928497655
6.518482897063081 2.862665503858787 7.288832273185061 1.399725233393115
4.56232037155951 4.160301283554851 8.174522613236737 1.391687745848762
