4.754007407324897 9.445309941432626 7.807607126559167 0.7938839986267524
0.7091446580371675 6.492884614800789 0.3880316607625401 1.293430970185552
9.082995776055158 2.33163052025508 4.797989677311543 1.309662668556716
9.155815779941092 7.728328317041926 3.773540030724058 1.280190386790906
0.3155028586898357 1.873907991474369 7.904599478801433 0.7364409986648285
8.612598429549809 5.572910426346136 8.698424317507408 1.095548802943623
2.970936385617231 2.013797700170732 9.791125992113242 0.8146024962105619
2.831442657910316 6.894063465123962 1.083497069662903 0.8766665958765349
4.73604690476569 2.241873796245936 2.028245498875071 0.966361236276759
5.722322367739863 6.040731666856855 4.013598979308861 0.7594851780016155
3.936794375271379 6.316166751113535 0.4580108016740659 0.8978925965071801
1.823324510825582 1.818895236576392 0.9935710203772364 0.8939731999073028
0.7529428753370604 4.679514925849893 9.868027816602789 0.7984289546789122
1.478345185279232 8.066585160377937 5.278789690579546 1.047168193480103
4.058103607181173 6.588935683848682 2.107770231707776 0.8231530647399824
4.19503077415641 4.651673846181779 7.535669987377916 0.8655678080241882
3.604764750201564 2.913086098522883 4.696920651478989 0.745562699510524
9.73484340497742 7.574392726196279 6.309482273125489 0.8642083189217915
2.045853107892543 7.155713359014071 1.814636834798562 1.279960490194222
6.559893001700349 7.396081373921215 8.622108179483469 0.9155888329418163
8.263413599973747 2.787183293660404 9.998740569699303 0.8050870644064393
9.700018551424995 5.290464312224993 1.20336649758349 0.8424030591779214
6.774405735063525 5.430049921312606 0.03346044791405101 0.7435379026887761
2.862257399674933 5.697487956936148 7.410273934667178 1.05865196920328
2.333113494006739 4.947073167119262 7.652487365207572 0.7975301409542122
7.431002417592771 0.6792216138513519 0.1049027358363342 0.8915126268358711
1.913894878900999 0.7162397476552652 1.545753432716509 1.207391541766712
8.442888190761147 9.149819792200038 6.470904622988783 0.8731459805878855
7.473523831215563 7.801116633503394 1.302059928739947 1.101699683814749
2.283057679445929 8.783457102857019 0.322435558795412 1.41118457915136
5.501671572753424 7.655029065044177 4.991997598261032 1.493583945856946
7.080089140962023 4.435683669042667 8.813768795036051 1.170919569824783
1.492048612623747 9.897975037751422 4.875375060632773 1.140412178640451
0.4984613215782408 4.060196082534817 5.46016449324023 1.041268033722301
7.065863616964945 5.221630601829911 3.364520568470796 1.102283547320701
7.368532611193371 5.744324214751817 9.054579911946313 1.464972284129934
7.732590710228265 8.354495182385758 4.821685885261769 0.9037041148135642
0.3530537857854089 3.800914615096143 1.02008999084807 0.7298204415515952
6.83294244160712 0.3788878638159599 7.301072209706348 1.498549526588852
5.65366485350774 3.152097165717283 2.123320214624691 1.286329038989935
2.020548448126064 1.327647870896127 8.388487075925239 1.245350250230654
1.579708918144875 0.6597330978864769 7.318110348794838 1.331517396338505
0.432619853225349 2.147572708415523 5.281813160308536 1.251265513280191
5.074757680353661 1.861381836228852 5.244196523330323 1.154635536972172
0.3419923462433306 0.228635381004042 0.6424827838178105 0.9243023963022663
1.946640035408053 3.163480094263178 3.71446130288994 1.328667730440566
8.856743911498945 7.209276686215843 2.6853786372094 0.8842218100021194
0.3017018235015557 5.364102350414369 2.089457467356961 1.108008839448502
1.623172973979235 1.683895837015231 1.869288587536633 0.8673656400822853
5.455993372462705 6.752943016584048 4.29496259516673 0.7318770037711902
5.989640465104224 0.3027028315229397 3.358390395677617 1.242831817358259
3.941350854635933 7.608534438319907 3.58437360429454 1.260433274794405
8.458487506419186 4.457516247643151 1.273640803590873 0.7564086374359715
4.041164319851419 0.4708588152263238 0.9909425577480125 1.403569673826811
4.893192097391687 3.773371225505622 2.827619087539125 1.064714406410303
7.438477920070136 2.00862577780602 8.432596832598398 0.9432599414562666
8.911716504935489 9.762355832940129 4.765686330096414 0.8312419840658408
1.263240912703136 3.100650008423079 9.880024026174084 1.202589160724922
8.266032749799459 5.053877656981616 1.888855166185542 0.7668189107085079
9.020216737380723 2.580187565003879 9.163771076783725 0.7439707566009151
3.985053832574082 0.7424776899325803 9.065237141291927 0.9935394611107906
9.410635160856613 0.4540516549629426 0.35912661276566 0.9083670279963256
1.722258349310851 8.593030737735532 6.02551466614769 0.7268499640381202
2.463450171768308 6.251597035272904 1.503625597032146 0.7326388559388626
3.767286200749478 5.862932547581758 5.571154714941382 0.7945601668509676
1.204408444457471 6.746627936278681 6.649687916425378 1.190713618437032
1.946433268969598 7.018654344594802 9.216025678617369 0.9300508872135269
5.433375509002904 8.550242761463592 4.119773645921399 0.8289278258887492
6.029806860584271 6.288908943381645 1.294267871347684 0.8303535691393575
5.999792548991784 2.386856084392215 0.5750857588286896 0.8408292555951672
0.1210531935993209 8.042974262622726 4.158613330495135 0.8339159895609103
9.449701112967597 5.425606516546549 7.897471051748667 0.8295449643820629
6.786454998674436 2.498175324500861 6.972586309659305 1.054348335846808
6.477704679873475 0.5275366601000065 4.309401413530212 0.8810010215923201
1.782062951246772 3.955863067074537 2.678592846322842 1.243597024830135
4.670904947685203 5.875128407388181 0.07240518699378917 0.7748315281405568
7.423800762028571 2.208312834223526 1.9182738345984 1.18837647320394
5.994448200749303 0.9641186667790026 2.514468380386308 0.780945309077536
5.369146354462056 3.682636597714234 0.2647755065805346 0.7305208979459842
4.449248812135856 3.853095929614511 7.093626884116083 0.8261583279052548
6.650645320596881 9.764110459925105 6.064576159291892 1.09375619410981
1.93201046382197 5.745632376393384 8.034626225022404 1.083732332377711
6.380931687093828 7.176074061465513 6.121043758427049 1.389578668061702
2.880616208875875 4.681792744177531 4.252223507143222 1.367147516371012
4.022391648569877 1.192841952087693 5.001956615300212 1.282477030882373
7.266259394189849 5.082828589786912 8.006395411923391 0.841299458927088
8.50139644173542 7.910008834057954 6.924041173506044 1.533021899440496
4.1066436202091 3.625364607016878 0.9963113641378519 0.9900071090688751
7.69235206336509 9.698912102874866 2.099091464461246 0.8626124514662399
9.862912262059956 4.415038203779759 9.498884111064223 1.107666289326751
9.206891419517804 2.538953115778119 1.380986653596403 0.8860975387351495
3.055806266846934 1.296264547318382 2.524356467543064 0.8119273518650019
7.295444832432745 2.836646867916569 0.937767925769596 1.10553844429892
9.81414559940268 3.29851828761656 5.002325328411673 1.063305621734755
9.376753301626177 0.8039348481431097 2.419319852603497 1.460268681972746
8.584530562468986 0.9321293349211136 0.1345554130966054 0.7751795066868356
5.524662789705818 6.073286170569069 7.636556232651354 1.32404376955757
0.6401453545964442 5.577843455404522 7.817472771911818 1.487172367104143
2.018221845537347 1.981747383664323 4.260797244246785 0.9337960606952741
4.465073817697081 5.410780949307709 9.149474686316143 1.095535727538142
1.327413423684194 5.760893117184243 0.8038097488297048 0.7399205238235156
8.580894523223128 2.719321308856018 2.464810701459316 0.7479916914478092
9.090363122084698 0.4179168205212181 5.44460522529678 0.91707055135217
5.631398157409968 3.249718066292046 5.15213268060026 0.7802053427090477
9.408280961581942 4.098967247480395 4.469992836815627 0.8993511604401065
6.197055401419416 5.788041954457277 9.423473196307933 0.7427152509150812
6.703867579947397 6.366568320141875 9.890824610327103 0.8680095411018082
4.432315652600707 3.28404699294473 1.972570618293142 1.062760937578179
2.384025400912796 1.725154137027969 7.211039078288312 1.283737035627037
3.300697631136488 4.329933555222457 9.031136301195888 0.8388803241473808
3.635778534299378 7.888641049463764 4.683685724393307 1.024610501260119
7.893743496233248 0.5974881032685465 6.641515314687186 0.8664672906347853
7.520285577310117 9.462694425542329 1.148416743981394 0.8010173941603781
3.490815345640517 2.4790847273456 8.465627227543184 1.113829007664516
6.023601724551839 6.217354374954084 5.073522816648349 1.416820289922449
0.6180025963315418 3.139508820416575 7.96063784754345 1.487204751884356
9.561266501475295 6.008349399656418 1.726077984098573 0.8997582298849909
4.444276909441348 6.765496684679709 2.937768764946425 1.002640366991229
9.539547134714089 7.163699229001791 7.157539898149645 1.01276570188521
7.9120037046025 5.19865916078023 6.334511857343605 1.122343899369867
9.972098481065943 4.392806903805758 0.5703285393652903 0.8900957745238643
0.2950235357473486 6.616254268400435 7.407904973608605 0.7820767375841056
6.078629931339831 7.434948784887156 9.739211722571229 1.354088452456187
1.395158940929676 6.286799272691161 9.521887679606076 0.7754803370800162
9.54661827129838 7.844286959774537 1.356836386405239 1.170202832528345
7.516962999112372 4.036777371830891 7.798153911633177 0.9040802896623952
2.010919079811526 4.215829350460441 3.689733461892391 0.7443451784355308
4.813981632846668 5.265585771034709 7.052794268184243 1.024953722947688
5.294930622717885 9.943622782619356 5.26736786809022 0.7684078952043217
6.626292851241595 6.113560547156774 2.289511723773883 1.405427695399242
7.757292834336051 3.28182941571636 1.687617508297459 0.7378937217914527
8.370845915331605 1.472703541239013 5.865368942014038 1.596607033252622
7.431537769189491 9.13302251249932 6.292973823942233 0.7891527431489568
2.101480205126536 2.39222826197365 8.860151005023868 0.8763464650828429
5.092955416291108 6.871256807307933 0.7246890927874118 1.53674123853244
0.5661781297270975 1.134483172435869 5.245919766679966 0.7302853331035917
6.527456713504389 1.48765799474969 7.152530589026363 0.7489748557200364
8.586404384321515 1.851888157551659 2.072932044800292 1.108431904497303
1.062498961588534 4.378341907920026 1.692382375941031 0.9374299957749895
0.7741525605225075 3.106440489781588 5.925564736351238 1.029236705233288
5.69656691361611 3.775603587705168 7.219905878464957 0.8046055042684342
8.46609957341553 6.605554717938767 7.316980916314932 1.087023871664901
7.808953717265011 7.719146794718577 8.929463218842853 1.130711800719669
7.858947411159967 1.440583085529876 0.06126028923741478 0.8171538391359766
4.818536205712999 7.669038714235906 2.962994186578293 0.8221095930403038
0.9099916623308114 8.185233435533242 7.391463031659283 1.099501569068348
2.93198016035401 5.875998534030691 5.70888890461852 0.8229901557178256
2.55765411933473 6.368068726569372 5.114930746988567 0.7757039925954543
7.903960227555423 4.02163833191769 6.746831906932604 1.249348054972569
1.376079125907312 7.890347995831447 6.402340394303731 0.9476504427251863
4.140585283457774 9.741697936906773 4.905383578899873 1.550659551551697
5.198132964193898 2.849195960885136 4.489116076325364 0.7740150306739423
7.777536078595602 1.68831631223779 3.858251622912792 0.9960114831228069
4.391986642181317 3.144148292228432 3.790191949126139 1.320068302708854
8.701521913920022 1.19824051503561 7.121902546855226 0.863651768392836
6.373649797245718 8.807549468540259 9.61928928908943 1.032918380568308
1.8161884259373 6.597144925820993 0.79382304922894 1.003014122850513
5.285705987915139 5.050403420652091 4.461414855478031 1.529752448184767
7.469453848611376 4.296317695247053 2.178988978565001 1.187807780074118
2.911841071113144 4.339131236807197 1.093246010678801 1.29695781943304
3.949527488792937 2.494466762725661 1.383800697312704 1.013727215122152
1.849972502413553 6.514375253048799 2.897173529528461 0.9383299585280173
9.041220912099297 4.90119474629106 3.982637732203434 0.8261573162545512
3.160335813813099 9.693191409046911 0.2779696340914384 0.8351601070839787
2.026044550800405 6.266446912972279 5.926362701444368 1.120825611715611
7.877918783606418 2.870021997349189 7.614927039710558 1.491720238281995
4.892370690994582 0.2502846822622851 3.804278377228923 1.076827270652048
3.106298840760181 7.872192148395756 8.663881482826037 0.7861113171096947
5.420028841455036 9.569790728103509 9.558720664006657 1.341657198189865
7.575830033746865 9.386809990243021 7.84663572837711 1.041178579420539
2.525158496375571 2.051899799052054 3.18765894992475 1.341874137762071
4.506931441889182 1.079365395990111 1.826476245812113 0.7269161600708277
8.894153714054505 3.08665949776991 3.189749254780834 0.9341147029398854
1.197692040478225 0.453611778180455 0.8215057028714924 0.7619810093112026
9.39486874396775 2.385677738363354 3.667858328357477 0.8231724615591617
5.818688057659341 8.750506333392138 2.46975492927807 0.7273199102153238
0.9344648009361267 7.239674756537871 9.100333900747914 0.9371025464805339
9.497290613783813 2.172820414562018 5.91837205897462 0.9645056231658371
1.424802965715314 0.9508508812768325 9.266481479282163 0.9522660204514418
5.797726996396667 3.785894326333032 6.300040285679982 0.8530768477791907
2.314838282540598 8.820725728805634 3.150852499567542 1.032844322985875
4.566202623474396 1.479302306973059 2.584377935447741 0.8972611569091685
5.747719421188324 1.578194396726743 1.057875068494071 0.8013970337990847
4.348643488667011 9.54592912962473 6.997382480527635 0.9829503942084052
8.487176484096159 9.238869676778044 1.603815691830735 0.9857054885284318
3.330731529993941 8.908830200936393 9.245010268060213 1.553666176625847
9.551356826954319 9.706960000454929 7.381082531469013 0.7603314208576173
2.432682598462816 4.478984729889198 5.955922620618921 0.8160850054723849
8.482989882188688 5.594032686260073 7.038167331115969 0.7344887874132333
2.895972391587706 0.6133991926755068 0.6557327774271672 0.9361031266976833
1.064642006673289 8.922669281458216 6.61365021659177 0.920250192126425
1.585089961521988 5.119092365970898 4.247825884972663 1.254025241344735
0.5737147210828575 3.411945578653531 6.807256715621748 0.7995082397216513
7.245473193856929 9.906966490110044 0.522186384475828 0.7415648762125958
8.164705647230601 4.668869084890749 9.402155494775922 1.190463972987269
4.090856399649494 8.425879195189188 0.6150151358504375 0.7913498554878172
5.050541655471853 4.028470801514048 3.814316789059217 0.845474503476165
3.137686212289302 8.11456613163981 5.634355781306103 1.003231426992583
4.213410696139955 8.878960381866779 8.395298344404788 0.8282851034158962
9.998298542315471 9.285744925641893 8.204387032284423 0.8225742116730488
8.364781726031618 7.313551955685729 8.078024223901274 0.9603120294729143
4.723264057841417 6.287364925046782 6.806845082459843 0.9498961195149974
2.933105696439845 0.5709138882376308 4.652527750575905 1.023481584266899
4.186859476061132 4.599538706304685 1.886905032359896 1.562816694836633
5.685003548277693 9.36986203023873 1.69518558045251 1.116098945420813
1.960226946206428 3.939201674123825 4.60095382894607 0.9749733427351386
4.999519513100726 7.233868579535228 2.123189342630541 0.9903095606793545
4.930997484287698 0.7308892987703842 9.176983489481927 0.8393775147254875
7.325858695815451 9.986405536206391 8.591837193212287 0.8594217534854549
3.542135578771928 3.812531997822564 3.804105725802994 0.7470378690852333
9.248641682928941 7.155727808477256 9.39884557898054 0.7583978760875437
5.535935788840344 4.543412856889318 2.269766843475431 1.183417698188222
9.488124180574973 6.006997947640612 7.005128314846962 1.239103755842435
5.308152693172184 8.437548383332837 1.785017776529348 0.8546765087860297
4.298105591525377 8.329247194751217 9.794387108137819 0.8319188496004749
2.276570481529539 7.499657266764078 0.4881787435436458 1.04875062245694
5.312751734211002 8.446997717247232 0.5290395978664076 1.579323281413626
3.724581153573824 5.273991544333792 7.01338707880902 0.9393205598852581
6.700999690077088 2.238390817202085 3.883682794833535 1.231440249352444
9.364311036615314 6.161066841633076 9.711702876136735 1.279212308690612
3.887455026955481 4.79741593092206 8.448024504874329 1.003070040654077
9.299663625173247 1.521148770447776 0.3807110269554992 1.016027247676175
4.537341286493714 8.288605168832142 4.543817688967147 0.8252265082449382
8.848146426105529 3.585617473648545 9.546971939467447 1.275130748748522
9.505569418296458 4.982645852254207 4.696727840745096 0.8045797267188745
3.238630527530727 0.459203734658209 5.874773627204601 1.381362688333884
2.927035502706167 4.348247226797673 2.329465778045783 1.046076650580205
7.24328691040512 9.038029451698153 0.05865360386275498 0.9226726441451869
6.729818989159329 9.074994083857932 7.049278079706486 1.102495666722897
0.6293873461402401 5.876162048317547 1.318774576185475 0.7786095426279502
4.753052556922337 1.274372839190572 4.179471020000281 0.8139694142604296
9.375007004216583 4.418295153587108 5.520842674658878 1.171659216078799
5.72758981699775 9.913766829599494 5.933920607515665 0.7597048303191972
7.256229637122767 2.303993001067455 4.993434008796769 1.185919036954659
3.679740602062801 3.385152784231375 6.905791647961104 0.8153580221876142
5.978256295894237 1.733261048284357 6.171736433736969 1.31797536468934
4.309126343266277 9.78567990508528 9.172771218054345 0.9922223943836755
0.842628487413737 4.376144814067949 7.97370742981517 0.9071558276311408
8.991743703279244 9.622148183733946 8.245340051389134 0.8683707812105068
5.685872580972033 4.762389255365346 7.513587150498354 0.916472038066978
5.104156791180366 3.788423883995334 9.453702790090668 0.7616918388582541
1.027766528336238 3.178706235453123 4.710106812109013 1.323728080354272
7.022946539083393 5.166410431595738 1.696348207711566 0.7422223479385891
2.263601007301149 5.484982271091067 0.9818954844197593 1.11224238982363
4.965279917152851 0.2384629054788368 1.787309758751579 1.034048030879732
3.846126064929077 0.3543557112633378 2.499276279786165 1.579812338721662
5.612669359783494 4.015604806107932 8.366064182743719 1.311689206280112
1.113244299911311 0.5867547498465731 5.731875451787044 1.048918727186987
0.7311263577742667 9.574609760531651 8.612380971920926 0.7830343123466521
9.990754512799928 0.2133094601068997 9.649404932758427 0.8114115549380528
6.613916432371036 3.065291917215769 5.913451442243774 1.219945760470012
3.920731658845531 7.320637677426591 8.437830946115472 0.9084778737211756
0.9178070026356544 4.39148684517176 0.7731424521434139 0.8676641114550051
9.322556812217124 2.676549267200691 0.3126033035917253 1.239026069830424
8.563910441589304 1.941977669513373 9.663783378933113 1.053044734646886
6.284438432006625 6.64792322823333 0.5662683299798689 0.7866914129470793
7.938027133142236 4.986709137742118 7.382932819029032 0.8261555424020557
6.593595921941215 1.634373631461792 5.272524240188559 0.7392243755019717
1.964444138632963 8.796355589981385 4.376996345098315 1.396456384540543
3.648156918758634 3.905043891629731 7.61313952070333 0.8803499120872121
3.808010526628824 0.6353932374847072 3.920261586047272 1.128860136087119
4.995142407961399 8.514148450457011 6.811463327846681 1.000579152883216
0.9706278081946329 7.173731287373371 7.547711717085555 0.7824289674282805
0.9429240896663428 2.068638786023839 8.945428523764992 1.438648663233377
9.788358694854926 6.052028023505259 0.8074071624992607 0.8479901507495006
8.00245426941466 8.773693343820645 0.9499818297485386 0.8281724318583262
0.09308261625855409 4.163187863030605 2.143621597292166 1.141924214103696
2.518216136743375 7.805610055425376 4.992556834560485 0.8050959944782711
3.222080940099572 6.219781933350302 9.824527583008368 0.7539054796015718
3.346714530295247 7.115787449086557 0.2274459588757427 1.080739483721998
7.683128200418508 2.666479167090086 5.795220244501662 0.7297976537348188
0.6290895486806926 9.553531086139268 5.806013852346499 1.155647351893465
4.424437404818124 7.361788488963055 4.543706614458139 0.8254689072363079
0.957724673202145 4.823922787217592 6.797000968017271 0.8783487199697346
5.071119558100616 2.868983301418857 0.9484587374949606 1.331945167891937
9.92115714732005 1.546180106684083 4.382493643813413 1.044214665728787
0.1620245549263677 3.623285309512557 4.129922323522693 0.8885714335542473
1.417167302395099 4.204300793988931 0.04758713220270217 0.840727765557725
2.858982271596496 2.447126665004856 4.235555802722273 0.9290798548989944
7.102431149178896 0.3330985610384751 3.585031583677908 0.8944041600217614
4.012522309956516 3.502467994087397 5.81644891554284 1.405431037517774
2.944821835129062 6.131592385434797 0.6424065791523671 0.8486387278353422
3.360810089497526 3.383201273881465 1.696416778062411 1.060215736596304
8.940888837726362 9.761049555245846 9.372652651509947 1.192235785743933
3.216975504942588 4.787033892063061 7.619677546982145 0.8430718209865337
6.98124389939588 7.786426595123618 4.423177695862698 0.8675861449630894
6.356192209672042 7.051752415062189 7.608162361772906 1.201208397730079
2.195667678906789 9.2768087361284 9.30932403269259 0.7811260684758635
9.762075926351518 8.537251940258839 3.576510287428374 0.7335069285682451
6.981098696456199 1.176123924468257 3.80931790807278 0.7777153100746614
3.808311080166349 0.1962352556210412 9.904717006101352 0.8268261068337599
0.7794230043416428 2.77671434785984 3.682091191099634 0.7828922478260407
7.615767827238998 9.489789448561648 3.712597562873206 0.8955957793011686
4.4764625546151 2.058044342389851 7.920543276993082 1.176931999092849
5.727157893719355 0.403094530716941 7.853621860652517 0.9227622057424095
6.071706432870815 1.935966848190146 9.869978064007675 0.8025793849104146
3.445177341147747 1.482260810679572 9.313391533339674 0.8214635376717293
7.481049791967425 2.210946451242654 3.137127588225472 0.8443487976066075
7.35582532838313 0.432229846668637 1.363961669039345 1.119644422289995
1.520196821481425 5.034357955957485 0.5197855378623595 0.8164053589477727
3.042638927424597 2.878811227637854 5.419139237923989 0.7885128706278153
8.098426625533667 6.180494654896863 6.413235852255585 0.8206123465237518
6.757651048135068 3.607970909682049 6.99985985214348 1.12880796188054
9.9627606903922 0.4670478014083534 5.967450594305364 1.001299568665221
5.209005117646888 4.410506134923458 6.726240681608903 0.9217442743652269
2.675298340627146 6.274057802849079 3.166887384817813 0.7306865332281044
9.084666426274387 5.095199351036293 9.629819113651349 0.823936602509578
9.303226731267491 8.777587883098375 1.7368170502382 0.8355938193585176
8.48079341574528 8.935037682904783 5.00660549593032 0.8615381728602329
7.800899754001197 3.493860017816149 5.682921110495239 0.9051046684351718
8.618515383784185 1.97357778655456 3.916999684349844 0.7383143359946703
1.411535290252732 1.100591116829577 4.715973675955905 1.223494464075132
4.924189504431718 4.352716077435243 5.646732382291828 0.9324030505290948
6.227422600544321 9.486389059385285 2.577186900257708 0.8234225311499491
6.018715170705619 9.492124164123261 5.318911322391957 0.7330395207005896
9.47330857700466 4.051038352603872 3.273276548083284 1.280336344717595
7.939900777199183 9.908522666516625 5.544572684857513 1.537530181688862
3.024529503585046 4.197198907448499 8.22183491712085 0.7837029956095932
6.785669970255831 9.526626113530373 1.751204669047469 1.011813033770672
1.589932497113476 7.887481758812732 8.949554497696322 0.8705671809242754
3.854635578847355 0.254819783538599 6.795716487584452 0.7612874649010949
8.170948841729963 2.621747908926013 5.217723703928642 0.7304695188775587
5.487070294158491 8.372439948162626 9.095252383328317 1.160976908002969
3.79746645676746 3.710402069368367 4.593351902255841 0.8793958140113949
4.679268991817213 3.004534054057099 8.792789063944246 1.345397984948499
6.897852249869541 1.566490902655643 0.7522436575525161 1.500947704868429
1.832111665554823 5.862889963554616 0.09351394725615748 0.8579901981398254
0.7263555144680434 5.152985178871839 9.02363065269123 0.8744762047207678
9.038543130838327 7.801739743529957 5.679590120054523 1.002298253935412
6.144689811974669 5.237866737846154 8.528881957943121 1.28280061949308
5.212590813785895 4.947362865407547 1.373781874884219 0.7550818352334904
3.719677718583478 1.48112009948331 3.177903929936862 1.012142333773942
7.644216590074243 5.907522254340257 1.765010667520805 0.7845277995308727
6.611432941183779 4.926517694626978 2.415917606394354 0.9154463990864458
8.293288588817562 4.325194199960227 5.72852951332375 0.9660776769150247
1.884553450047783 7.709195275151328 4.504316637489269 0.7568776363434271
7.228810285372028 1.225459453802523 1.91201709926919 0.7764365224240805
8.014034904565573 3.751529531196379 8.628468628039373 1.073179174988832
6.144414716735465 7.491676384121322 0.8510378172694423 0.8276273528473171
2.326913433432269 3.809099119683218 9.402341134464683 1.439289104421691
9.437672228719855 4.393839048613732 1.256611555244305 0.7731969862051252
8.537213602154523 4.080810352184193 4.045147330026297 0.9744212317991993
2.171102332132921 3.443032695786979 1.639147896067662 1.137576177075681
5.793915540120477 2.831908102331061 8.44103463905544 0.8805940352229668
8.974036003088775 6.799674624356297 6.195407662540584 1.167817828954828
8.328696408160136 8.659652682941397 4.00699825909513 1.117100994132883
5.049142118634529 8.446781732842995 7.952502767344005 1.208153327646629
5.60159560893263 1.958349271175373 2.842798866940979 1.338776687750575
9.477699889288379 8.694070634556292 8.906457688185474 1.232547183833002
4.984860663441421 0.125148081459806 8.453190075428722 1.018696878820204
5.008606430413611 0.6058014214597586 4.823961794609517 0.8436886500898768
3.984462013190871 7.560179076883285 2.372495007742391 1.114616052487224
0.6791700987400641 8.463841031966295 9.329826976362819 1.253719942152298
3.88930992781824 5.753701916229064 1.973784781145813 0.7786152961451445
8.49590689323891 7.808372860589233 0.7210647694038764 1.184139322492741
2.652236238499929 3.037291017154107 8.547828407053101 0.8531001104377141
8.378255608765285 8.640041496778933 9.724863447129675 1.364482788316969
9.583973874215594 1.305712676199998 6.548570767327343 1.113908387784815
6.419397887265783 2.156586269133972 8.456047214737117 0.7692451860310672
5.923619494488143 8.534152565676244 7.372624052724981 0.7691310243191822
3.211381620623322 6.919140356371762 2.002468905972278 0.9424538755610765
9.319744618007013 0.9190729351637362 9.429900398772165 1.12315548408802
1.472760314150733 4.927987481473112 8.461847908222211 0.9265724799517578
8.059765324185811 0.775528028012712 2.20586943903218 1.107570380017775
4.256110430441885 4.07782441663768 9.217349157961875 0.9900317776744405
3.48714108076595 3.460760256789124 9.382983048324036 0.8386310422505197
4.873833270491776 9.312822376030926 5.980673634684242 1.065392484982271
9.756098331158666 6.04772651647527 2.560995525787028 0.7404428290598293
0.3375897848412346 4.730947511946628 4.043425794930191 1.310116744897131
2.895362901347876 3.467170256618369 4.2545007420929 0.7924643321848746
6.591206082094787 8.251272606594576 0.439774804298645 0.958384235096168
2.425612039634818 6.598255283724342 9.980278896552884 0.9925914261748082
5.618772617070891 2.705782687627711 5.830634348866587 0.81015844798682
2.090900669413883 0.4001162087856914 4.272016319748147 0.7813004060906529
3.331220200858283 5.763492038215455 2.69867903553747 0.8663300703618445
6.311380639828803 6.892724595891468 4.191435086323158 0.83027484214681
9.696675429362985 1.883398241635627 2.033093062875059 0.8716235575604238
3.930722081399382 8.595913617859736 6.353260460987821 1.236436445740177
3.575823747723222 4.813132424254713 3.155765788570176 1.168300511684819
1.200837750295344 1.972261883918981 7.600597216924218 1.109762923065067
2.720509828125201 2.200261052315317 1.717546143883832 1.491027042573113
6.512592729696032 7.431215064477271 2.314708382713576 0.9643646571787901
6.070124117553644 9.064600615028423 3.509705046596299 1.167975643044663
2.217432939390504 7.948587284753063 5.925354906255653 0.8730071308811679
3.586615247712448 2.070874503626601 4.553052130129087 0.7762030322256739
6.046436242375767 4.379461093904914 9.664622020491105 1.43131302251917
3.903386783246933 6.448639912208223 3.849585271383702 1.025720763668199
4.131859670570787 1.648601437015176 8.808824605884093 0.8388927011473806
5.0639640027807 3.157715870413609 7.618437519964468 1.028711912345609
3.053252030126269 0.959213423580786 1.579749979447999 1.026585088634264
1.922552072297139 7.539770679435632 7.353015703703138 1.23738447572141
4.247489403712412 5.619487232345041 6.423072488261295 0.7312357843298678
8.912885442448683 6.736744673994661 4.667572919226944 1.383062206506673
6.510702399804687 3.542543243797034 8.93160288779368 0.896841853113949
2.59335094350946 5.760381652122433 6.489363280337167 0.7269609216884719
7.380441902538829 3.557705773060206 9.818162950706167 1.501661250864195
3.461731099429661 1.65403360220902 0.7188229204338525 1.16000663839749
5.739747340313411 0.8544395415928419 0.09031411273552671 1.433383945622891
6.032810237479585 8.005665537592659 8.120287341542861 0.8197826147979208
8.37600477799408 5.679447619606476 9.670493402299128 0.8350069252783211
8.806885798933321 8.553258661818964 3.125616331211456 0.8023337920680262
3.741701282305931 6.978399578836322 4.659334948769935 0.7308176522420814
5.710334521552088 2.105107773431802 7.55787776755047 1.347380713954484
7.691903409723333 5.375688710324673 0.1030486639211914 0.7678116578583459
1.153362909236451 4.354226148492963 4.868441818566186 0.7866257358214581
1.786401768756892 8.059829603181258 1.256073753527657 0.8679183811161513
5.082967157856222 3.438899455927969 6.695060197840789 0.8486076030831234
2.160722141217685 0.6122564715476732 5.317290021350048 0.8861743699294511
1.640512703095534 4.996648577300155 9.497345112980467 1.106073511306586
7.059055837377858 6.01690288543115 0.8925361619686579 1.267077604847118
0.698448244394998 0.6871842337718359 6.548762535562788 0.7349199050772663
2.827011404068534 4.143140093357217 7.303092804654269 0.7313317383326551
2.345755526182522 6.517260901306992 7.020399846954869 0.9655419305609571
4.953538936738271 4.347267761314302 7.55174034809494 0.7312678839309741
1.519358245905852 2.154202873678637 5.046486018792623 0.9229043681304753
0.3309330052000382 2.971321831611691 1.368055499126789 0.8933877829258718
3.39954019625511 5.789290796059079 9.074181355026424 0.9237152437228693
2.290866899359508 9.491300968300877 8.38318775665989 0.8990191444430681
1.170001624812528 4.904677178359347 2.468667533831264 0.887969614495704
0.3084484287127576 2.326659390202273 6.788729860389521 1.324174943605079
5.347476237949481 1.318310404771094 1.891536614113089 0.9698422017988224
1.457958454261956 1.589755193151549 5.759743180853162 0.8130599414790772
3.183245108596932 5.69202911200749 3.643192667892158 0.9427829355559463
2.082918384578698 8.816937157936106 1.433484742137895 0.751049452817949
6.688933277179709 3.491361760230251 4.60377773519933 1.458547435509302
2.947843552827977 7.615964755642559 6.647125453957063 1.192388492533848
0.3403124974771166 3.163704225041087 0.4904852730920984 0.8283320461381378
7.442631471599424 4.118376546086906 3.512359062237071 1.130006182570133
4.401296012280344 8.175063027589568 8.897504103076979 0.9072803031142338
6.402288238330617 8.338557762049088 1.575866891845074 1.302813255375461
8.262830195158811 6.337075843042854 8.221139183969074 0.8041504706213287
9.289976504819826 9.13509669747269 6.862358820266262 0.840486791344577
6.665139381058992 2.539471890150865 0.1071945982188583 0.7642989618911329
9.679690187371163 8.056397363138426 0.06676676785464353 1.314611783390035
8.14830078928088 8.505721453467048 5.799046259829167 0.9977441518743559
7.930931177293848 8.987455510859276 2.808368238160038 1.153586027359755
2.188479212449913 2.906112620843244 4.92967042945966 1.040340666052169
8.089810908547459 7.895516683439685 3.235664834009861 1.037514697275045
6.517572775961443 6.166052962176973 6.84635730165374 0.9946412246380582
8.1449872097122 5.019509818741008 4.153640979899257 0.9290378821841461
1.788401405243936 4.241666990466012 1.02093640370165 0.8630821832616162
8.349514245126979 6.845961735912899 3.496977429305329 0.9705128654779881
3.115660025893853 7.297757356637187 5.145256737973931 0.7398006738851147
0.3083301039542775 1.776580334593193 3.112392289091185 1.480452545205346
1.396475960700996 6.471192806053781 8.700336051224085 0.8598828634640654
9.67794034679472 1.651859241351649 7.531506780328585 0.7576869102837839
7.874452753228501 0.08076745202003077 2.972945002550833 0.9435434722096224
9.980430826095368 3.956802606248631 8.536686465323898 0.789723945010089
8.58041874466028 3.55140431753533 5.995910634245416 0.7394723265042944
9.13689777723091 2.218055937694117 2.794431520683626 0.7277040053612964
3.036915760475662 6.809730997297183 8.972262165292067 1.205160979634457
7.118778388726824 6.058040699986907 5.866631423911467 1.259134752384999
8.02334100277095 0.6694932847145886 9.147901898129788 1.317132284627245
3.513290708056414 5.247376721217082 6.139206906284975 0.8090524414801291
5.659740804072474 4.247019286669322 3.237157170988379 0.7996476381885026
3.723783047445498 4.881128915031398 9.442652232893082 0.7375563485597461
9.635311203745035 9.693960304996578 2.42145181146712 0.7647894156438552
7.220554928864139 8.145578532328901 6.443183199051566 1.152605858244975
4.880182302952923 3.745621730489108 4.755542846965401 1.09408060096081
0.8319366724252898 8.775412932873554 8.279319847898531 0.8233499746156537
6.722858406881308 0.5365850335627066 8.462884142006969 0.7455244294308699
0.5302634530402873 0.1300371929166466 7.8180279075543 1.152177418456944
2.907909097870487 3.12086168015082 7.534828762727713 1.206010321098634
0.2894492579465691 4.734477529259131 1.350718244947745 0.7744795167553221
5.219006329563406 8.936935851385996 5.015210011978605 1.061270910886063
0.06526313064884272 2.02907469117587 1.000060863087717 1.097448401941997
4.004717887096109 4.850955340532033 5.151488617677013 1.330041556723267
4.199882743742679 2.37491490170694 0.4178582348915506 0.8313115246469219
2.463914674438359 5.767826273298072 4.164314609303791 0.7940658331655277
9.803734931595493 2.948192974891448 2.399761782080196 1.348435492435138
7.745309634034319 4.159005380639895 4.896465054724105 0.9950080667771005
4.193436269011048 4.407961683945987 4.026933525328117 1.030815640412401
5.163505732295275 0.8838466054687456 1.112472773886937 0.7483484267583772
7.331492147499437 8.895459416696006 9.000658789764628 1.180629379795287
4.821752977931662 7.570245659956954 9.696844373697827 0.9549089769910932
3.116941775618314 1.495273896394258 4.06410465257462 0.9681754400652682
6.808861570524645 1.369126265515619 9.205615733711767 1.379778443398636
0.598155435189579 6.728581316700172 8.16013648589229 0.8017776301986258
9.497225712646527 5.293008864317498 3.117282069176836 1.150953098398289
2.845007640975937 8.580063077816954 7.754331483340899 1.528576464964703
7.092176427709302 7.208995773214551 3.34184538225152 1.333102687222035
3.24599927808241 9.258882405934635 5.710566800106856 0.9941793846026504
7.730950941866902 8.852330256701826 7.015541091815213 0.8410924751380635
0.951831888183854 1.339631127461529 1.163909645393052 1.088913491402034
5.712426018932374 5.340907181830298 6.824577916952253 0.7831046784935972
5.155043418821267 9.845660324324639 0.7630707869540488 1.096918588511637
9.497003931363338 6.993078724823903 0.595930378499121 1.024238953962389
4.077671282683037 8.751082212527956 7.509067457186054 0.9490999350780531
0.8936890593953783 8.441639004669272 0.6496708891247028 1.314523204521171
0.9240249086212927 2.77156378690321 2.838561034799027 0.8311831113614215
7.984572050297892 0.3807031049552701 3.815829952694312 0.8265422847846992
6.887334648292966 3.240640972846863 3.458711101026421 0.8502682173241597
6.833086966283382 2.60768865339315 9.150738855761663 0.9682241331096161
2.605317776517722 0.5081115234717426 2.277430950486595 0.7903801968119447
5.578054621834851 2.170025342044293 1.640521636222515 0.830045855815834
7.824027061017297 1.276673800099961 1.410242841920766 0.729233274880811
5.195189854739308 7.635776715853307 6.348614644263895 0.9656492310428192
4.442601008526929 2.191096146372087 4.449720062871461 0.9276794752739905
4.773128506103554 4.842890660172332 3.168591827701441 1.152739505670062
8.307931019404633 3.773867086371113 3.217271236291028 0.7690165651560468
6.067650573788169 3.185579389240248 7.669402563107631 0.8039833984258069
6.918144600865924 5.343953603546579 6.570646044411708 0.7505142844719176
1.83990628837589 8.565604596717909 6.879802305485469 0.8115271920399064
9.507801940921601 9.82261535278117 1.376826749879551 1.290885845187147
9.838184046680276 7.127590638559893 5.486243469858306 0.9791479282112217
9.964075890863546 7.572141474038588 8.936543199057954 1.06546138329649
3.84733434763202 8.164344092997036 8.181858259717552 0.7508999999456678
0.01261632619474651 0.3941125377367772 6.914720814039921 0.7922130610013874
1.57070240319504 1.90682438489158 2.687262068044638 0.7849000906103007
0.3705204940264806 4.751382718557085 2.913671238498066 0.8195131638872234
4.336341899044942 9.145215934849755 1.510017573161231 1.454301859369699
0.9079367648638882 1.993130320562076 4.201387901884603 0.9726678039915461
7.486557968568235 8.778300515828155 1.759269130516731 0.9710628327183329
0.5223812194641632 5.711349338963138 6.516381113974862 1.074946149033362
6.737431114006374 9.87576393414275 4.979087005533695 0.9939514284474658
7.604798385021916 6.127314769986503 3.071151902767624 1.034548375904955
0.3948332025046608 1.234584619287592 2.033683661505883 0.83329453964064
0.6854163652553992 0.2588819238769324 1.672943275653217 1.207462987817297
5.983480094765715 0.7240410587316738 5.282736451068612 1.252532859245639
5.196471070507102 3.96022870901995 1.396518091726166 0.965992495415292
8.358944482851575 8.600761658932605 8.27209728018261 1.21636798102964
1.65997619563499 2.699678167071565 5.717182688522648 0.7337656442252886
0.4149539542152803 9.052128148808658 2.047098004240858 1.244847321998094
1.040347129884917 9.517330579358203 4.087570418190599 0.7773700628684055
0.5510622390249243 7.735724163996195 5.122353140726267 0.8594729502056618
6.481642352698691 3.890536719220042 2.73763449107201 1.180005245775554
0.6953178137563198 2.202398230940035 1.921117011550162 1.086511462092497
7.621924368183315 1.556543224143377 7.135721452016029 1.286220019873042
2.691305320394526 0.393664767459846 9.280581261498227 1.613580662462
8.744810067244916 0.8347225555139837 1.260640788256939 1.06396517599946
2.765698506773044 0.5479977778989965 7.037528718580695 1.0523140525024
3.255119119155665 1.278481943069744 8.317996128301205 1.18259464019523
7.075731605788 8.054929296012928 9.630908935911142 0.9140099857882079
0.448516099057964 1.180812987951894 7.318553894055172 1.065668762820562
6.736778971794222 0.002392198147233016 9.53662669314124 1.304720818243412
7.574489982901443 8.180772763190832 0.3747051685311099 0.8528861402757127
6.769488993998183 3.590227752125351 8.033217475932279 0.7458622797312036
7.37973880449169 9.245872983006146 4.619910825372247 0.8826519105226387
0.003339859258774114 7.04309847255574 9.753057338433408 0.8481115993797924
5.846979598716996 6.901231678467306 1.877717213389121 0.8480715923171921
8.531883815505767 9.326928455762809 7.412159106322505 0.9971845216279934
8.639832523817393 7.593931739371754 9.737509150416672 0.7392896137892577
4.303861662307631 1.026619651061718 8.168884096426002 0.9210633886568556
7.38534391773316 3.895076192856892 1.164531651753663 0.9364083868918049
3.343861324488159 4.406061113776614 5.938778862407145 0.8147176451291331
0.3040779385846692 4.926592039429454 5.16733589040778 0.7307311428461348
6.876331518696956 3.269418939914026 1.889458970330936 1.024228722191559
8.43999564782162 0.9247829312967449 3.221434407042576 0.9533637156233365
7.439632485000036 0.0506279205578053 4.338386391810934 0.7811396661897022
1.672921787101516 8.328396751339689 8.099492288023241 0.9159087645554688
9.62555308704054 1.278992399156545 5.393128675423569 1.030789499570939
1.349172953287668 8.682915178637808 1.589713682486503 0.7435749115800371
9.898535044354807 0.9562480670337915 1.188364299397221 1.064322258063485
4.162773171683897 7.389943332200735 5.733410152401217 1.428934300004268
3.117445317316095 3.010816305016005 0.4487931612163354 1.525568401972619
0.6383410932627011 8.802204307508376 4.763912947866865 1.29200111186861
5.03952378092634 4.623656745430294 9.153643724023707 0.8120103806159467
8.738521850354621 5.521854333366983 4.717138140873119 0.9403309652193621
4.957384664817809 5.052983084739317 8.179723678387079 1.063967056253952
6.342666955801314 4.527598211088217 3.815127330527901 1.032943884727191
1.184981714008237 9.755628920394846 9.780045327789043 1.587883951843871
6.797995562476382 4.723385145277736 0.7460208658665969 1.211663222927115
3.797671400331133 1.598350307750097 1.954514610527079 0.9698484163475204
6.723844072557005 7.161423327324834 5.01182212725139 0.872102859154444
0.5160132658749284 1.387750546859311 6.127457246085705 0.8867346990104508
4.829213773521405 2.763921988185072 2.806387072964496 0.7937796515077128
9.833869109186812 8.152226207824043 7.144381102307581 1.002091517748998
7.840541242682431 5.122489120840121 5.165161709294978 0.9611493641940478
7.638281291761317 3.171220074095149 2.696011093041484 1.154189189481433
7.903374626517383 6.842825682437384 0.9992989048668423 0.902005377875213
8.831974754348 7.698356666738558 8.920182135707062 0.8722803169033319
1.836977043370226 0.9443611812660314 0.2644189340936277 1.160081746678995
5.308437716765189 1.078265903511074 3.481653344715964 0.7797742662576576
2.413149399729817 8.764229078006441 5.494603069897032 0.9289445528010998
0.9829401821233187 5.645859685549999 9.766835657237987 0.7664314328089363
1.49106151968566 9.013141611282297 5.392188921927222 0.762476807506885
1.894535596451499 4.361546796238878 6.776805755990729 1.098870771410269
2.402364049660784 5.299540363984957 5.908185465379359 0.7517268481407264
6.869471022208556 9.533977924160478 3.148820833217945 0.7827431020539326
2.806743102297648 3.967555866665379 3.309682324506438 0.9409305604218711
7.37746123876956 6.838315388022139 8.237972150854389 1.139553532311234
0.8699883454568426 4.054738962346903 6.348999293305901 0.8384544938794817
2.859427891208302 9.688574100428003 1.47902129223929 1.495785012282344
5.803542418096804 5.623955962200027 0.4241064757652735 1.307517366118903
3.040554024014865 9.554348438009496 3.895806853871231 1.328273788746079
1.138744883952503 2.268990473244105 6.065178702901322 0.754817997907387
2.698565060419611 1.735812791233028 5.292258111595367 1.537115152534479
3.182509974501564 3.049598755271832 3.512580271458245 0.9134661677324986
8.19964780642205 0.3897304432398275 7.711653113389202 1.266204408622448
2.318499667018422 7.61500847593475 8.422439728616087 0.9037624917105778
8.77066003779858 6.977390834428312 1.565191367557113 1.141407705005516
1.196846582744855 0.3712871143206609 4.021697789737812 0.7918656386712993
2.546520640995201 1.357149091834865 0.9343279692926599 0.7643193392865836
6.083074269167954 2.404873465897771 4.999919424698124 1.096748621744897
5.831188474776223 2.903743827980238 6.707792363155495 0.9568324979474696
0.5660537393368649 9.416782922688782 0.9671777324222665 0.7453953398101655
5.498412034109193 6.930195758962332 6.895711264855709 0.8843281934258926
3.304108178011928 5.847306709217539 4.68541259502574 1.134355979178673
1.241046900018291 4.0094857195187 4.011945211745938 0.8274454825889894
4.579066747268629 2.007014438824891 3.471637262337539 1.011389135114784
6.552725049984288 4.374816094762115 7.780283626122117 0.9247694058495373
6.407376381302202 5.440343725888049 4.149249702839765 0.8781301432617151
5.163370957247218 3.4993403426565 5.788917316467585 0.828638804575531
2.338891518267737 5.483278092544861 5.017476553301406 0.9809325194962168
3.377942526226856 6.549853615591445 5.406007001195751 0.7462661381105415
4.566785218568495 6.287662261537653 4.884762131304225 1.377718575503549
4.346127352039088 2.984205890308732 4.824467177248454 0.7356475588399103
6.321343947096196 7.933608032507667 7.00445745024073 0.7978085858471928
4.505930669733734 7.835930909152718 1.43867440218389 1.038976820637751
9.524086658144025 3.493497522206364 1.17160045554009 1.011218562482821
6.361298217661677 4.620676346692581 4.753368597681601 0.7816478440899445
3.491459749789855 6.396220058078726 6.577213797123261 1.411041267234646
9.692107548852892 3.647685836233339 0.2385125691787305 0.7800343933155621
5.88218540446426 0.5639353245025537 8.853218285884028 1.070457944750078
1.182643093767761 6.773909184310145 2.351100957063319 0.7737915411382142
9.850166701105065 9.119981714511715 2.973045771659545 0.7476872280212904
6.447453157603868 4.279271623933518 1.72312139135761 0.950557387336425
8.375685867702664 1.950164755111017 3.049008255010865 0.8393904163781365
6.265147159383926 5.437374140524558 6.082882177428551 0.8475438993456543
1.558444512154889 7.45191847837973 2.845514068206158 0.9607323706163925
2.215081867424592 5.257319243602456 3.009050815821806 1.4844702664454
7.48220199203156 2.261806650110859 9.850876406105666 0.994728724845501
9.878007521088604 3.099622091444029 3.500782615903422 0.7920535960788071
2.782973424244293 1.28958446404981 0.1278180814982299 0.7491975252003419
1.468655578836007 7.127228424611085 5.724678950524538 0.7271504659149413
1.611828454501221 2.601842535109748 1.694107577170187 0.8138291789092793
2.085205396013103 7.109645020825027 5.185236822529438 0.8253943256487786
1.209612943064936 4.593272004262777 3.369615963380859 0.8726402494331281
4.833281238297685 2.388092906694627 9.727871253903004 0.7883244357731355
1.501180406899225 9.587486068901615 1.108269337909029 1.11494083729304
7.685327912033148 6.958191972032475 2.165539280796519 1.26510114213571
1.73089594036395 8.61323490714787 9.390144207004028 0.7386925807926789
1.36302787639197 2.223437328573484 3.452590400105874 0.7769995593518769
1.631363453816399 9.445805561769104 2.317632362591199 1.291164790850692
3.575221285065068 4.206082441635902 6.831326717978368 0.7729800969602981
6.631879888006582 6.159037297378759 3.481234999488983 0.9267277154698413
9.133852926419184 1.57464218520449 3.386412322225901 0.9117707447677006
2.503193682357136 0.4153786855097819 8.021706824521665 0.8477384317334586
0.4455888487816573 7.414048055066327 6.908450591121517 0.8329866022441346
7.044392965974201 0.8669571361596752 6.027768568911018 1.203641548092422
1.49681427590737 4.851470615052473 7.580183258742549 0.7510445369352972
5.644209670200903 1.024778052710664 7.145921618580541 0.9240195958202378
8.544722530499376 6.828608590338733 0.2460112639787138 0.9428304725392753
0.9615977170771929 3.35508467924712 2.058898288653676 1.074934096057255
7.797952051174558 9.726916806808726 6.868056045425886 0.8932510244926185
5.870086241222937 5.393620890695433 3.200212206918006 1.249856462927912
3.027985605377399 7.038178604879661 7.746896419089936 1.204655021116215
6.182736206715795 9.298391662449076 8.288182493826346 1.5752260325028
6.932205196782956 0.4318503277422792 2.499268815248537 1.240324494191878
7.385001065354864 1.065434904752145 8.213975168690371 0.945488905157618
1.5211423448527 9.317932446875444 7.594733827324028 1.288193265830465
1.079450619787628 3.983686372630573 7.210017970631854 0.8310135150144563
8.726757518113056 4.996606653692406 7.74047904236509 0.7697027442304797
2.17435956942112 1.654605485367949 9.477281108938664 0.9687752373639086
7.707866166189661 1.570728472865918 2.648212937028157 0.7710873533180109
7.195750386131697 4.86419728503637 4.421143089547953 0.9316185303478908
0.5798176116626474 0.08923916568292058 3.052406829643558 1.501986304547928
4.613957325178855 1.688586079524957 1.119096326863619 1.081676044595649
8.962744454601932 0.4652328799087591 8.560957947046965 0.8005328188080877
7.169815195221795 8.496147756893741 3.635501129261231 1.241261763694649
2.832172856889678 3.862291646980697 5.245549881681032 1.141644783481737
0.1910197463308528 4.72074732029058 8.563528192697808 0.7521688691775061
7.743672995104377 6.323273491391472 0.05834055736883893 0.9086002814660905
3.646848415300327 9.9220726435682 8.046887750850891 1.572500250811566
0.4949368726362036 3.905424193828974 0.03194231869970366 0.7862410457709115
1.708715748397675 3.769705700856553 5.681319069731091 1.229431672914635
5.162725450866854 0.7210124984924572 2.686066041430772 0.9525440883003522
3.943535677627526 2.324961282658506 5.403728114785583 1.050307809220179
7.355482916849831 8.068229043028676 2.458190156896659 0.999060270217751
9.723145660103164 5.434263895428478 8.807998563101718 0.9813852169656223
0.08694943736091255 8.420346121614914 8.071085531886508 0.8334209934565149
9.176166281623656 3.272479985818816 4.090321106874418 0.9414297709398071
6.81092120228966 5.366408568741545 5.071575717036313 0.8195792358191343
4.208838824539278 6.570196362094982 9.41498668589629 1.270950518706456
2.87921768308621 5.983952178947281 8.336208730555706 0.8464132463524392
5.09296038812947 5.913503598233224 2.086478451617467 1.594689140520593
9.273370206554405 5.026452244794363 6.417292307428236 0.888523862223742
6.807458604561855 1.930454004992957 7.775809416348523 0.8313345872004706
9.485551904507087 6.588543108241403 3.369036530849832 1.168853183455838
2.791314486409274 3.199307866319623 2.562158143348319 0.9788242721537445
4.22547598459844 7.602973968660785 0.4120905366744954 0.7409816382406675
0.6452325380920788 1.060138406365302 3.96379090432756 0.781308708939446
0.7385293954279405 7.548627411263556 9.968039133433185 0.9071838883713373
5.125492578329612 7.765360958716203 3.821682015831629 0.9003547836749866
9.665509897777779 8.147013125105721 2.585069756222079 1.29591979812872
1.918476014616968 0.4052368738020307 2.698333250575909 0.7997855063591128
2.908535189108822 1.394234410512673 6.382778683120875 0.7353356538169332
9.546267821243653 5.28981809274768 0.2513685822201184 0.7358593668935048
9.232217045429337 4.943599237272108 2.032852770254229 1.093111421863089
4.868667209842267 5.993266131517632 3.613975409702688 1.085669745896984
5.276639712659855 1.959440189097522 0.350449577078168 0.8316156368036727
6.285202593390542 6.445189742663949 8.797171942281917 1.025664105951056
9.245701358496966 7.881343016360231 8.03266284880945 1.071672220152674
5.685975758450612 7.877711337973625 2.41377675328003 0.8905782419052759
8.02117510519907 2.707288209422557 9.000624299657382 1.090867626720408
0.4424198599935992 1.188814793017211 9.947818291488858 1.30749287274208
7.153421116086098 8.122335099847788 7.830141363343569 1.435257240803591
2.687583187679378 9.697301429480333 2.73915441603692 0.9918602255193082
9.962077714447616 9.683045741637018 6.554668418454071 0.7635670387438164
3.859314474584601 7.006605315784928 1.170724247413305 1.032558764833812
7.512645380186803 6.169082790993175 4.430552192121478 1.611591817760121
9.719435827155984 4.337998834775392 7.364334107032545 1.572042229092848
5.621246251855357 7.617687471142865 1.511310738241103 0.78750262979728
1.315006164423292 5.175913517524221 5.651046448778348 1.456537594298813
1.059380003326322 2.367155597659542 0.9531513411603633 0.9563926772776622
7.236623325050335 3.166562392867601 8.555872721236332 0.805702565922142
0.2901062847644343 6.860970981079089 4.404455061575103 1.369289744775036
0.2053150997867937 6.737094159836537 1.312624817736666 0.818320191024219
9.711175615026574 2.401453029234802 7.701327864353058 0.7453623976202072
5.186444896627767 1.136096773744896 8.004672526513524 0.8232430732661737
6.326000979693868 1.636623694210986 1.907667326199417 0.9904665968658316
0.1047521227871584 0.1995408238211372 4.665611163580985 1.605510435118587
6.14053277827461 7.890799930378307 3.817657532383796 1.106881981455378
1.530270369013899 3.099761408757089 8.771371816151115 0.9042775644861749
5.125220992343543 5.46832430686091 5.857805240110684 1.334781806529218
6.496241659234297 8.265909760463941 8.857000205733765 0.7999930591332863
4.542934015797972 0.9743023282990805 3.272832368256095 0.7440644786628168
5.481530862708273 7.776381528410175 7.237075274000851 0.8804397754358283
7.992728645245193 7.524603286191637 4.242024702935357 1.07711475500566
8.96296696767083 4.462945633788464 0.4314077977146081 1.088995108174177
8.100620713392999 1.848661730169643 4.712229721411552 0.7492038790594802
1.045494197794353 7.743010011654924 4.322435368805449 0.8546522225763492
8.657539329106003 3.515181744123981 5.01361408243988 1.19140148374615
0.0828440917147988 3.162992537292017 9.344237843390729 1.320651470074549
1.436437164693558 6.999414327587886 3.784767914499195 1.095465775107599
4.25792200675018 4.682084492036737 6.35220832560988 1.072846297138466
3.239198759302067 9.498378727974012 6.787154028377733 1.116420332422841
5.491812762421343 1.976114262246031 4.096732563472274 1.086717824753243
4.97765309234972 9.226108812928597 8.606729853910796 0.7607213888034896
8.74705248295308 5.70188517895135 6.322530769355522 0.7726563273101967
9.431732821040439 8.400411516715129 6.360743179902648 0.7434472939996599
6.397213288803393 8.725141387422777 4.681552595627103 1.253365758679015
0.5182596622100633 2.333113951058644 0.07957046408006542 0.9099008803666189
2.127789110957355 1.245488238186407 2.50532176288641 0.8418231951370391
8.898749769331369 9.060224220559107 2.450107648290977 0.8630102626248257
4.009791247916607 1.57593156870995 4.022378753972525 0.7428873727176879
3.501224043708278 2.283909115227977 7.518484867207026 0.7747141341953975
1.97217259340982 2.736570605016841 0.8828279869939549 0.9128682083499166
9.357270471389866 9.249536928491054 5.694149054920165 1.347173113922516
4.184158786719724 5.648397356937592 2.974788531753747 0.7859167932151963
8.980714037238879 2.281989023760013 6.979854050430326 1.255670879315354
2.243559589352642 8.624660587674871 8.785735261646559 0.7608573290225893
1.931135885652128 3.913552558246482 8.002316247896285 1.412889010755296
4.591758166155498 8.948709973903394 9.281180755818882 0.751045543421358
8.633657425585126 4.755571167415922 6.970466789307061 0.8215189563316181
6.083809646313809 5.205392798458214 1.50774993303927 1.040377813633075
2.605927220226417 6.231949954042651 2.318057021018021 0.8677621421170637
5.772354719561191 4.534254292350864 0.8648333621581117 0.8493973001878512
2.694403301987338 0.7422556947561333 3.322413682166144 1.217637320163439
1.403049732847246 7.276119597557097 8.261855165411019 0.8608768966398318
8.06893868971243 4.791411018796349 8.2907833419184 0.9237392347528661
1.881221521818868 6.133640204794768 3.694202719695328 0.7891861541837137
1.99257591634647 9.691201272664109 6.248866564142265 1.538733632041765
0.03254876941034435 1.216636833170909 8.536663359490335 1.124542217565748
2.220281367150376 2.578910973951815 9.756359028835693 0.8474853601618494
5.628355046050507 6.132362121762139 6.532522691409729 0.7433080267801397
6.733641526643756 7.006352736435605 1.434935500164919 0.9979571858434849
6.127262954247334 0.5362562664422776 1.407732130054921 1.303856661823449
1.642095813245183 6.283059896866842 4.700514894086283 1.194895398654794
5.693652292989824 4.560260062609243 6.019432689755907 0.7687604146367594
2.037189436925925 2.039595978885016 6.259861784359583 0.7459322876088457
0.4975366959451356 8.249646235106409 6.481602129883112 0.7509115908216758
7.697310366129873 4.819123683937388 1.332363760321049 0.81870714121352
4.278921731937434 9.309607366731656 0.1565789863314282 1.139442377736997
6.450629625711049 5.309858320677439 7.357482232961509 0.9576619103700857
8.453431072514327 8.104733341134855 2.019451218730826 1.310614616356675
2.043525042057247 4.865803427966875 1.823511922954421 0.9604489465898716
7.88449986426096 4.524864671721957 0.4671818962231245 0.9878407980980956
2.000384216939179 3.569334339675803 0.5119957090660389 0.8346374234638884
7.225525261826427 6.925957404003629 9.351086169357112 0.942354650014813
0.1314105533924526 6.702378540650818 6.382515814359702 0.9312017113247578
7.363195804407246 1.016268031997186 4.785510833487221 1.291366029510288
4.070746254253772 5.441349018170399 4.031447585583757 0.9883756922235905
4.860657710760888 8.344510000499696 5.74961237697663 0.8569025105048167
6.07081313471192 0.6116314309918759 6.366698383591287 0.8777880502921432
3.787318238891204 2.54372055321922 2.675681748749026 1.288939310820498
7.95462332041018 5.610365545870615 8.017540964732145 0.7655713315838647
3.259297308990353 2.437569097910366 6.462128393364601 1.321598356622401
6.773275788156349 5.987412637170503 7.967322974290247 0.9282483626117045
9.757248634463783 6.946591709288136 2.230574194093192 1.1280882776832
7.395133366475629 7.051719123072569 6.953433561953346 1.193004974722568
2.080731113108734 7.175248412823983 6.281881980190625 0.7827383309235176
1.84305118799491 2.810224152118497 2.57234688743938 0.996101892907081
6.407464542127744 2.517824834011051 1.404990600123529 0.9579007189139506
8.679914059646956 2.717875702108566 5.863484616282427 0.8946210933690694
7.961157812898337 2.933785021166558 3.975379481650239 1.480475425833463
2.547971137965398 9.787073252682347 7.503173046579187 0.7506203816565553
2.724420724248107 6.945543674839303 4.110681456223716 1.500136620312374
2.550470787823012 7.834548736853461 9.444359536432557 1.083885196257829
1.893798392971814 2.708786604457634 8.017720088278701 0.8430449087132592
4.775708855592294 6.940107446904928 3.789242740516839 0.8056895290728598
4.812036266131487 5.730243486030964 0.891561484686837 0.77675099949296
8.545139195290789 5.687651396765031 0.8992652310845951 1.582045495655538
4.705543917697572 8.367071697766585 2.442896533191359 0.8609046120070398
5.825052871205884 4.087367295927524 5.295596458738672 0.9235664809981313
6.62733444976833 2.580070536357233 2.649323280549953 1.028079231684778
0.6739772507580344 3.70793377351861 3.170209737202936 1.173643164974282
4.137287867820782 9.582406065526742 3.587043867465312 0.8982255360607891
8.32697307236082 9.913099779689682 0.5102115645740813 1.355913842740429
5.400427563479851 5.439569644777533 9.434206451072683 0.7671986751821731
5.419619721622375 1.769817495083984 8.938064100758321 1.438610322284238
0.1383961822704238 9.460747092497508 9.220049103740584 0.7920129577216591
6.752800280323033 9.64271685827554 4.03523704601806 0.8587520509362591
8.705498725293971 3.78371786559822 2.129979909557699 1.403256058608972
6.141702126295113 4.458656057314957 6.784611603203517 0.869372297095428
2.595292697483461 9.64927276717941 5.008783198464099 1.02466844824566
0.6415734417908959 7.471426283127211 5.979420786505695 0.8925592132457303
5.551348549419748 9.650615192476367 6.973466247686426 1.374344209986747
5.705385484440643 3.934418952305118 4.300854849940936 0.7389444826416849
5.739114795070342 3.167229938616584 3.533168795744707 1.359572333986433
6.759234198342035 2.824846334770762 8.009014805300328 0.7392752996794134
6.279045045419808 3.539493655848152 0.7639235302868697 1.324282908618226
1.692515908792745 2.980839658288543 6.847912137581159 1.520389904813278
6.379518629881618 1.404798736926194 4.487334918232612 0.8565092190786432
7.554337923307179 5.89066337221382 7.180315869591263 1.113288995818948
6.338895643811398 9.433682204593035 0.6674805513366334 1.21783527961211
0.6616726679982278 5.719434645897838 4.631781769336652 1.00942130409323
3.432447870939608 6.714546085445249 2.970855222869285 0.9773177246703292
2.944774292955583 2.686371576567547 9.273814845170902 0.8156374206518194
6.437940977882458 8.206924911763098 2.884018047048708 0.8936416438737986
7.125772682620938 7.167524936746823 0.4216773978217315 1.10579784092412
8.713605439451038 1.737526342117634 8.322586872510646 1.600565170107311
8.886057479229811 4.18497072422466 6.403783969503825 0.810591843068276
2.238693598143891 0.0007087565950147924 0.3557389132000832 0.8014721823002818
1.528369739822 1.166201880405419 3.447587400355525 1.229523152636571
5.225346267989802 6.690515538012781 5.916121552043957 1.029752482242504
9.382171410050615 8.821605780866767 4.486080929960671 1.154860242741182
3.741228186697161 1.499517140735466 5.99245695353182 0.7715867109348931
8.677032136942332 5.157211657357598 5.650544889954404 0.802152693058693
7.453281983071155 3.058504250648019 6.526284225563558 0.7561574271685606
4.729215997425053 0.4351671009842173 7.439888075605387 0.975310060526238
8.198056671087318 9.587031135898904 8.630284496385114 0.8500190260872862
0.09735598833951477 2.527675463820977 4.238712976636671 0.9235038768807833
3.98843511082557 9.609637885892328 6.198928459625927 0.7432158806682978
0.7364200454894076 5.934809262826589 3.271967285411089 1.60353096524486
8.617809164333993 9.893621969110454 2.254680618917578 0.8454692080168867
2.772423479282256 6.966738569183198 5.81625591713683 0.8618095909347882
5.17241108333795 7.157276635583863 8.546551338664448 1.523216322171895
5.973541633757572 4.964458231590874 5.422387111184452 0.7370170491578899
7.120940401060779 1.986665091848729 6.121035039584842 0.9727683357727106
1.219110207597386 0.963699234696297 2.39134900197558 0.9642237025045607
5.609416580641686 0.8936550032031266 4.255608672267019 0.8777370466612638
3.368078603629645 8.946237492907226 0.5798537135935544 0.7874424285577553
3.460383864749617 0.9014296219344043 0.05822180296608304 0.747864228368032
3.247971095817514 8.099569331971118 0.1625338846445046 0.8510888426324266
9.926633842447041 2.409725861092884 8.539183659394924 0.7844994853359787
6.912817020016738 8.926904802770302 2.543986393380544 0.903297546685911
1.484180462522862 0.1910080563787808 8.474701319018488 1.12504230337002
7.838630774666285 1.729485631560139 9.147854614573037 0.73244947990798
9.213638116255467 1.665081444043137 1.329420160766954 0.8144612366172659
0.5368118891727148 6.339218980277911 2.083982175369484 0.8346090740070005
2.325531430823288 1.147248830457484 4.258207678415268 0.732315614388735
0.7722975139250977 7.733493712173677 1.842441163451672 1.403161182711643
3.848504670491677 2.367094768236947 9.513618239729091 1.065528127144531
7.202936842001429 8.866588102105862 5.471872305467613 0.9111638452679259
0.405786084617843 7.270859841331689 3.106119636240926 1.087820438217663
2.161248184385467 4.523822079154574 0.2564396735911945 0.7420872756377734
8.314883630105632 6.003389515596428 5.496751411670978 1.00600413127919
5.737199558185743 9.769961192551182 4.420456184825404 1.132356700899888
5.777790457974764 2.974556804349185 9.600172165776343 1.333637401730433
3.824879242017952 5.641098298746646 9.889823615930954 0.8432798524369125
8.969628389293019 8.849709380040391 0.7768203538365448 1.014205574501901
4.255718370467987 7.52336205459109 7.239531728324196 1.545516492625977
9.836602320828044 9.350446643773457 0.1836098492160987 1.192261391848041
3.841374826827489 8.697659023700599 4.088769958694409 0.9687601405191056
0.8740185752883001 9.870794545499958 6.809874183820377 0.9449426505071835
8.341446969789819 6.664861658835329 9.175112957133463 1.178806224454943
9.564323410352209 7.810844296337987 4.840572505975259 0.9388781790674254
6.709687393253491 0.4551175503010064 0.5279682985567914 0.7386329458404478
0.9778126643895003 1.100310221382172 8.189680182919604 0.8569619012562062
7.190007490882588 8.730694016167794 0.8826979821845915 0.7432286719142501
6.767902357049955 7.968592219855549 5.401704396199101 0.8273205041077446
3.616157308270381 8.757532319325071 2.827484734481473 1.504926444696945
2.839534086074668 3.653486513936354 6.394140283770508 1.143349690884424
8.184536947205867 9.553411929848741 4.385806751410372 0.8059609803171087
8.634693747795676 6.030836516639519 2.428985877879005 1.354414262277994
8.21657633112275 0.08238302448377423 1.575443039819223 0.7447593744639079
9.732423135359792 0.8103306830530245 3.565950799197267 0.8930253398904853
6.292638066214918 1.238950081690826 8.114224927748962 0.9727408023470896
2.425955945560654 2.735854578043901 5.882809038433094 0.7274925170650454
0.7665212338041527 6.521589143085468 5.576173853982112 1.090301186828705
2.974021280422082 5.352554009194916 1.857776076447025 1.097062675127663
3.711851597955994 3.749753682660443 2.795733130026102 1.052910550656355
2.220015121265491 5.987447344306593 9.093825968565655 1.079107425970597
9.614598291813682 3.094299725464918 7.271322228068687 0.7394429562212206
8.395452685690264 3.444562125651132 0.8375038235449462 1.286150641213229
5.739208084414838 0.1090705645059387 2.298443512375793 0.744504491938861
2.592563074408567 2.199233237245245 8.196160201273061 0.7690455072118575
2.975286305689441 4.89656999774243 5.411811470804134 0.7466341983418717
7.871579123034518 9.642889042489932 9.517915220715757 0.8463288423949172
8.338444909409951 4.814776549020274 2.986681919243119 1.321384466296436
0.471718300848506 6.208359669935907 9.105840082017025 1.188207805506314
8.685684610892755 8.095212374423872 4.815942221094148 0.8667899020178574
0.2904965321537023 9.117171502939895 7.271401608122681 1.097061413111151
1.031147793587335 4.008353142486063 9.080503196106555 1.201200189668942
1.427783336543695 6.505331562181859 7.645460222569062 0.7856975409032684
0.8697931551617312 7.923796673409155 8.354744891523023 0.7825076016598967
3.682946389659634 2.315024416372676 3.782653475961308 0.8184963951582781
9.444014407650648 0.6247385160791052 7.698676959630817 1.141884164313665
9.071215025506563 4.490332644421264 8.62598028832784 1.167078558400512
1.85433307923527 8.262561565027303 2.239238734267363 1.042170689403067
8.773839506001661 1.000128996543458 4.439974036125871 1.436328290617486
4.902940240430826 9.225292416176154 3.945930936057638 0.8609477082374973
4.230781199389121 6.151290748157995 1.282777421280086 0.7405499454063412
2.16990746852577 4.593927832043549 5.177283599125137 0.7506869575055186
2.687231599518675 8.659878681754321 6.478151886582045 0.9250427221762291
0.4674270525591784 5.310749690856857 0.5501263636592869 1.089312223971887
5.292514826910164 5.903143294499523 8.745723936401573 0.8172913280932149
3.114314387067429 8.772261987063908 4.827242596634592 0.9645442131489356
2.345782562287009 1.954778469995872 0.3225146988654715 0.7799615354466879
4.655439252740583 4.642048586483983 0.3312911247196804 1.580146038215166
4.706820160218848 2.30631467544823 6.525159028717431 1.50924756582758
7.910587306586216 0.9688466769263105 0.7311079044300984 0.7400214344258772
7.541079225180087 1.049441349997497 3.238521439512292 0.7918883922256993
1.273699725239653 1.589503054086594 6.629276746118301 0.9300365495034273
2.819405730081426 1.934692632275493 8.910417227126453 0.7542255943122997
5.716439223828008 6.871772612477557 3.13098951960289 1.434058940107615
0.355621785970075 7.473001317646352 0.8020805661572507 0.8560625855093323
8.463764760805201 4.113722102496705 7.736058824606783 0.9646039874094469
1.222910687217845 7.154267790733469 4.991701791909802 0.7408711217911099
7.200955653273418 4.795854358866983 9.774430550276742 0.8213070888881323
1.58073212947107 9.13463516307152 8.775949696648043 0.8350913385432799
2.734360523909305 7.634115493952416 2.786981476315868 1.231066126601948
4.075275673708665 6.094060337592497 7.989874907845619 1.602067156272963
4.820068432426692 2.803986324088797 5.478136155225656 0.7778769772667579
0.1653213572797052 4.74574350424863 6.198868028292116 0.9736074628508392
2.938957523904503 8.232856590557521 3.833423989808969 1.044823158506003
2.614900840235785 8.916471894138342 2.299890970472977 0.7356720841824799
1.555545616511316 7.942373155518667 9.84516564974408 0.8445255733932248
8.63963564227214 5.82650112634212 3.679514639287628 1.108979219850396
9.00190770375732 9.769103209993052 3.514181315946972 1.580554919233054
6.001461827389232 8.597529647473404 6.062012098927001 1.466145680151626
1.161568864646172 3.407341135098719 1.008971561862901 1.022675631264092
2.810916511743105 5.259326947021343 9.873197805380748 1.275204850405518
7.86490130689649 2.372834286078857 6.513297194673681 0.7822535621118887
8.781241313873064 4.610656991679943 4.743548504730862 0.7739130429302589
4.642096117449745 0.3095412996486236 9.916456206117447 0.8220757023637789
0.9300130826699816 8.539502723399609 3.293148278242298 1.582143222015553
2.834301800358187 4.869073791649819 6.698042623876995 1.005333097937812
0.4991135568362049 0.4575790520148638 9.049509526133075 0.7897308977903018
5.027177628365826 9.419794987272805 2.793112177069483 1.393659463635053
0.9122359889148702 8.580453714847458 5.799505975944869 0.7663857329979995
9.689979569843459 5.765190406904284 4.152724140691164 1.0676287268566
7.534040831325404 5.276304196137418 2.399089971233594 0.7861766542709524
9.908880270511672 8.834210053368299 1.103178098103975 0.8628029093482606
1.835278651547087 9.776916328437188 3.51799163764445 1.171571615663533
1.036991683107913 6.714691315108286 1.389416328169037 0.7932797334122962
8.838786316949083 3.472947575274751 7.111332943495098 0.8877588567116294
1.546638087796832 5.883577777647661 1.92888255560007 1.274545992451052
2.147243449762365 6.706297085382229 8.293193554753467 0.8667915984386578
4.872246825896149 1.389027692266181 7.286859179135484 0.7686771745334118
2.709325605888861 5.036844342493239 8.639174940041549 1.119357055166282
4.367425110415477 3.292131426571966 9.981941158987105 1.109381815021201
9.985989409646425 8.240991292659784 5.697556874975835 0.9810415890998961
3.121244124439219 8.113521024067474 1.438253870722179 1.602165680596731
0.1050628439150991 8.91030810270183 6.368980788092368 0.7425520043694624
3.606504707100393 5.352845817275175 0.9015053928692353 1.122804743390941
4.445744981392764 1.397492021788868 9.932159825158692 1.302850131691935
4.102688078836813 8.5386035415377 5.258653885562103 0.8887372845293584
8.304500040849135 2.089877765340987 0.8845663769158941 1.317469660298695
1.663789879291915 5.600044712854113 6.909478131255238 1.185065424150981
6.904432926716567 4.4258161295362 5.835073959857187 1.518301703946862
9.797611616442646 0.1138604045160885 8.628181875172372 0.9371491942915291
1.543471846981473 7.103349219106775 0.01458370475216797 0.8351621228426814
8.945753303735305 0.2126818757785865 6.581424276133459 1.337228300842439
2.011043946723772 7.920190747704672 3.5750258404571 0.927029749771113
7.050144652598408 4.637293409118126 7.032835595808336 0.8859470679120457
2.084791807381556 1.023295019858754 6.22593272305128 1.061356770420183
5.394697658166907 8.374502327859078 3.100888545855022 0.8641628591725309
8.722854878165631 5.792168061621138 7.75615226447085 0.7934160699224408
9.611225830189561 3.369383917820619 6.243420731003402 1.346834052105946
7.871720415052717 7.435330069711182 9.886691665219175 0.7453248695672298
7.823818479769862 7.259014322241261 5.589843357956895 1.524091358804635
3.3502488561405 6.183668873875012 1.417846347097398 0.8035386685520742
8.261153009404886 3.052893657490006 6.543594897530208 0.7635182247211968
0.1178135186065843 5.357324240610929 9.641568232091787 0.8246245860698953
9.377104714452772 8.934897978924971 7.762441357754214 0.8270326577659513
1.2521536806456 7.36222624764754 0.802138042202183 0.8496331498960753
9.165241318854834 3.204019997310983 8.27592539182487 1.401279881943831
1.374393074054936 5.673893404496189 8.850022085265371 0.7288203904801691
6.761785061465866 1.515800908128406 2.917863288357697 1.059142395591625
9.718200765512476 1.981328028880324 9.399504991202987 1.061075240959289
1.421117901806012 1.97692506395809 0.1200804862307148 0.985872546790161
0.1920631718161059 7.524262043935965 7.880927928986044 0.93251688095857
3.638999781481991 3.544813957369126 8.481593505306897 0.9481164341406842
3.70997161015715 7.648782082749481 9.355117316687826 1.022926425805091
9.655547932512608 5.804259918970947 5.529950056844695 1.506865048096134
4.407314826196061 6.293130693221638 5.967381414968338 0.7521272531534089
4.022326627488674 3.035752096594849 7.700173096503508 0.9736271274377116
5.456432023750922 6.391377031978522 9.561433338186568 1.034703997815315
6.071859646298864 1.330405354742205 3.67184985257463 0.7965591305307066
8.443216593057832 2.77338168683862 1.690688855867986 0.7347750465807765
4.445547481738717 3.986285631316643 8.14598587445745 0.9561381951037997
4.623709281423563 8.48509844678957 3.537997339615192 0.8723103186230011
9.426351436277235 6.554726010880438 8.286307884073338 1.490322124278696
4.799787104161133 0.6763289276458618 6.145091638972257 1.605526267892893
3.423779924257493 4.215572550396741 0.01072410605669649 1.050490108054253
1.132478191710243 5.103135010095741 1.205045094413113 0.7279541434645443
0.0691138815231407 9.242878408751151 3.824203987218268 0.7903560291182102
3.745916759646347 1.310417902050996 7.080087668625323 1.376505309301558
