0.6514965242351277 3.330717276086666 8.256175540942719 0.8716987037109387
5.328247273148977 1.049922075579496 3.227413099638067 1.024983725365976
8.343971311369499 3.069379104210912 8.344836620570238 0.8325649336511625
1.243344726978163 5.630670738551479 6.178270344285824 1.000003396247873
5.863942949048331 9.289040618568952 1.8716940537161 1.076176383026747
3.88893698802127 0.2819857255537205 8.118772871466266 1.032633152062163
8.608680272968407 3.200275722258365 0.5554714738127919 0.7333848412593736
9.229845972712713 0.5803836502736326 5.980161850515236 0.753286669099274
5.37909214379821 9.897834479061576 3.885045157569585 1.583929753506988
0.8977523970741808 1.522908448385467 6.280990109920688 0.8803512589784198
0.814810866485398 6.190199537089986 4.135365662991479 1.232840536828386
5.019427464159116 7.243876953305622 0.7941990199499137 0.9297314660252395
9.4069815416434 8.164743464763372 7.983006847195884 1.102056539444919
8.138412960925907 6.778909652482514 8.867662389892839 1.436007573458415
6.896101114828447 6.046214477015199 1.974956173121147 0.9245996758187297
8.909813690884791 1.328051190220286 3.5805770609357 1.393464952486847
6.269775054272223 8.069344491187959 9.258044292123113 1.214792152583264
7.571969343228008 8.072779721446715 3.940532007614621 0.7414604733974021
4.571001936890052 8.73058924028722 0.5834622637960818 0.8806395580807853
7.979130697675207 7.99214556255684 2.072190638606482 0.7325989279375341
3.613916852728051 3.404457422138451 3.553385889400726 1.579599747176835
7.308833906857211 1.29061212908973 7.135518740145302 1.302402602679504
9.273891133905691 6.991608556225361 6.563373228652207 0.7808060757772142
7.040924254746861 7.787202464802477 4.442324621323992 0.7428279918544731
4.249442521524168 6.675862826659797 9.829145444602469 0.7232206305757878
4.944984479145464 3.073932254182902 0.466990360223366 1.029453014412787
3.242634448340098 3.810891208108214 5.134635113411424 1.560512220759297
4.729066315626825 8.202530149671135 6.633800462364483 0.9233573547057418
0.2594017607156174 2.227346611255753 2.662667004116022 0.8079190676563534
7.926082088905543 4.19745699978416 8.234249781256354 1.48309335855024
5.347390052395002 8.058361095325083 0.07092219371238272 1.178426680457783
2.341261045290683 8.22466094087231 2.816359154759542 1.316703925211768
8.768284260755703 1.518898859178715 1.313800064224938 1.551817800171707
1.499742516780604 1.603028888256611 7.793273052291512 0.9038724890542886
8.265763159363884 2.035297808484916 7.232962343762692 0.7494754740844282
7.787666855990963 9.237584163427238 8.318475112950132 0.8240831407411996
8.149327654874922 9.307115440841681 4.482499757141283 1.150164247200373
1.201967197542856 0.4356467535797414 1.443554545710568 1.032500356240391
5.103203796791943 0.4541435750825495 5.176980545669962 1.188371945059043
3.328989002853054 4.562200739887868 7.261889079420222 1.303105341118735
2.174879761542303 0.7882392440788787 8.092517956973223 1.241899072175609
0.5881489922885529 4.548382719248438 8.430202456504215 0.8364154474775005
9.070703263184141 5.199598142981448 9.289007244535199 0.9686077569364038
0.06163034594139471 9.33680940022661 7.756288948204436 1.470273219599653
2.694737892189171 6.820723128234891 3.614914346558507 0.7363518123447722
9.998749355986204 5.804765507205617 1.511785390922846 0.9210244965450838
5.496680392413398 8.144232458142108 1.899484803000036 1.062804257330829
6.917089506802948 3.717194417637041 0.03406263583160651 0.7834011992993675
9.486730370531285 3.471527160709882 5.22228022517018 0.7967267108506304
9.888339947349483 5.921688358358586 9.28377486767303 0.9649086824341679
3.08688195884864 9.315489405945257 0.6773270566845924 0.8978216653736244
1.925288644263689 1.489964901140788 4.50434277234528 1.23588474504045
0.8824695511377089 6.851437853970356 1.362600997619974 0.7485537555097429
9.575686876948826 7.657207604801458 4.887933041531324 1.269663050906785
3.547335591869112 6.292956368208532 9.789202180022428 0.8473618617024725
1.210499317741302 5.699058710709637 1.315001068772629 1.356336433901143
5.399269976891683 9.685015332415775 5.841333835848143 0.7740264517340136
3.347795266398702 5.129517959592406 9.246556910085022 1.269329534204473
0.6006062761348262 6.695649530308999 3.197198430503923 0.7825133962041625
3.964786278541158 3.439230113208807 7.955817527471404 1.509554999272378
7.166330164913786 5.277985706199694 6.084103695212336 0.7896447378203941
6.869883323594132 4.315815508551582 2.744656063593552 0.9843775702588964
6.22483623716206 5.879215577859633 5.744139944103377 0.9258726637983613
7.148421063369581 0.7865894864772748 9.16407951176793 0.7232973163791213
9.717218720521718 8.415909234719201 0.3027099688442058 0.8435106807920907
7.299899647785987 2.99859893301949 8.345068870741418 1.158458816406742
3.848964124765676 4.989692440282688 3.566421265606772 0.8996969010395688
4.026941424848921 7.40933043196847 7.813904657513143 0.8425266179591617
4.721235536096794 1.39202638859087 1.094041789434758 0.9174840830279015
4.635362392389624 8.694563919782119 3.881623052726894 1.164458202215592
7.7209274005204 4.913226886838407 2.913563090507653 0.8088959659183652
9.821764366156051 1.613275144219674 8.602877587505709 0.7528506647698987
8.862184131515846 2.832808106906438 8.951613349632588 0.7855411805081687
7.430617383859645 6.51726420206334 7.150812199481296 1.112496733123648
0.04711817445964606 0.7069115382370726 0.8418206206843525 1.464937966702965
2.342987691131012 1.51822630424124 3.515208169774388 0.8642578585848866
2.884297870368053 5.665345168376205 4.122716313667871 1.576868207470738
6.630344978994903 4.423020328290962 0.6748112820050534 0.8627401784240046
9.239328790708168 6.096797301978929 0.3436958719957927 1.485341764802256
1.302359518092995 9.84688781258709 7.8463901708594 1.11745916530252
9.571790757867689 9.075451515303151 4.500171768561911 1.599591304189766
3.118677799716747 8.897788750312197 2.151539800247086 0.9159701954924124
8.934335948389348 0.4850748115901248 4.886240624705424 1.469311814870218
2.570238154296179 0.4862301067615371 5.66074370797544 0.8431116446920011
0.8864453175519459 7.211423946289218 8.154871144738721 0.9215555513425701
1.68412377346393 4.377218104688811 2.848516767130429 0.9999960870433351
2.982453408485997 2.608762525181576 5.329085016819049 0.7612929158963783
2.131205981815436 2.573889246513361 8.150531450406882 0.9994412134172865
1.03266168268851 9.787561915734274 6.841270588385092 0.8092212449081128
5.572454289893316 7.66203185667544 5.1165781856311 1.012672438934134
8.775825033236053 9.110234736251876 0.671034083567592 1.473845022311508
2.583658024242983 3.530403914988757 7.994748990609224 1.078699446259219
2.746509611736384 4.794134737989226 8.284443974843574 1.042014946361436
3.567835632621953 4.876154060269106 4.695925994874606 0.74305254910751
8.634655130546671 7.054708674369933 9.99443774009802 0.8295567302012349
5.408700094052472 5.547588413524336 9.723411675769993 1.118648418366289
1.647196424894499 1.026809787903587 2.999982949954628 0.8784623040910635
0.2112447725414401 5.28797662501548 6.530167808030383 0.9858308664249607
2.825029107752848 2.331277948226516 3.133734162154732 1.117872872583917
0.2871669771828477 2.402635612516074 8.440828739383143 1.00584231794501
1.399145631921785 2.322035888434743 3.155349839703518 1.542860694577412
7.912658487391557 3.331882265188109 9.511145275836832 1.489626613529485
9.137584572949953 2.236453103761958 7.973251188571139 1.433625766239954
5.990553797388531 3.518925302494763 0.2090964008991314 0.8150686320303364
0.7595734645285067 6.215258006839874 9.418102205144939 0.821871732385407
6.426738668251387 9.167503256209583 4.199970915027219 0.8638144131152348
3.615505635890688 1.678509090815606 9.415011280866427 1.229643600871378
1.737320834625985 0.1493694074287555 6.04538140532388 1.027121278158826
9.852563708900444 0.590416293780076 4.012960341845504 1.024953742126989
7.137416662965693 7.994986768148846 7.424044822808232 0.9173423137800489
2.689737081572067 2.177380910234999 6.160111430736284 1.042467937625712
9.791381461763399 9.60424782966518 1.1205313823911 0.8140838068516353
9.103864796926649 0.1162464301693089 1.577116703312717 1.066130938090061
7.45025339808921 0.6524610706859134 6.130572176671449 0.9769600817221333
8.539083876899415 1.904634055359462 2.532359907569687 0.9730695864773656
7.94809516906036 1.148529888647345 2.19503679508666 0.9156091803696388
6.394413911691395 8.651875385526097 2.43125662684062 0.7987024650858965
5.688396475146303 6.886237244792578 4.465999578799966 0.9779220661731211
6.763938944248232 6.072111631337743 0.9553253038420305 0.9200389206792579
3.984241419566877 9.218249962869535 1.376970021623465 1.238720473832359
4.295362151159637 5.638975870359934 9.760868257796472 1.065854419571977
0.5340082070485852 9.907745110642004 4.197325672321183 0.9031474814409055
5.947612476377206 2.115172097910522 4.696380721653284 1.310809437182438
2.048681933540883 4.935460773768741 9.589898164968046 1.396235839566755
1.653123941039969 5.372149299243445 7.170384537163863 0.7861234512916215
4.447890385595917 6.591059775057021 5.353802835418351 0.7388754024337874
6.414498455043439 4.157796278057662 7.476511815343198 0.7366576365210828
4.900901984433392 6.310201738017033 0.328488346896344 0.9867700527832062
5.542808261784221 2.502856982446963 8.345959847330148 0.8003870069805673
7.040879552695575 7.162978876251223 0.8135842755303967 1.239249776353734
8.264371861030643 7.006404292317373 2.565138592048448 0.7457122735253272
6.793991905474776 0.6713274301507764 5.174593175498756 1.302024389358689
1.366971122777472 2.609301925765109 0.737498155134919 0.8412803517135139
7.576653087338864 7.835841200993358 1.387648459744937 0.7669775343731815
0.9163173633599541 6.267509980762766 5.361176391989182 1.124237272703385
1.519823193469425 1.841941374915297 2.079018960751354 0.7509607021881909
9.658697139482747 9.743297221375226 5.655322563679766 1.000472914953708
5.257816596973763 6.771928361482267 5.276076461183414 0.7760564350616908
4.734524683390086 5.219359261234466 0.8931722755267201 1.406428228192778
6.848647337222658 7.408010660158937 6.425178484530034 1.396742014595227
6.900708852466006 7.048313480521706 8.685583941299234 0.9085417677224095
8.819656281243565 0.3243335857543339 0.5939941709192941 0.9132051104206613
6.469832941632045 2.713293647593148 2.268492284107363 0.7487765956806909
2.431549556641837 1.209281703298048 9.188367235258628 0.9613535857023102
6.69141812246864 2.991102192044496 4.323878524084083 0.9718434965285284
0.09222820682258769 1.772880406951281 1.467992961575908 0.9413441171169876
3.087486840965434 3.950695854445215 1.357877413966857 1.019384290243237
6.845599453730251 9.064774072935627 7.802262419295562 1.228760898915828
5.389002281703173 0.04713756929830892 2.533274712409948 1.002211912127469
9.906825788088653 6.870228736354538 1.443609173196424 1.160894783984944
4.968799939631269 9.450340820456191 4.927420442186775 0.7540793654637971
4.006549427330789 3.057446990098486 9.518295135132083 1.546524740143086
7.053638322805543 0.464408423548428 9.903204438171985 0.8615140526028915
8.170101136798696 0.1296261262918829 2.439501720742563 0.7810077634352256
0.2542166975653026 9.934230921148229 2.092736912507209 1.365224713798893
2.693575063340785 5.659852180781112 7.544404240990621 1.15320521862964
9.76209659522141 0.638503536500633 2.963365626528594 1.038207316338036
2.665402140867186 2.606773168083549 1.396679594173956 0.8213781264200126
6.019725798824815 7.120821832963428 8.761218602124112 0.818748961842743
9.650266348230922 5.502661400864669 7.363153557937156 0.8670659868959081
7.125732843036545 8.77444852097903 6.551060043646176 1.321042604318964
0.3319454878910089 2.831087429913762 9.293786015046171 0.8430840708198868
7.82570795324184 7.11051398270212 4.09875838343029 1.225911044382612
7.901253266543808 4.579779987103873 1.999451006266528 0.9950791437822265
4.041967347352981 3.880143241913117 0.6251622856742477 1.108176919195409
5.597648624258319 2.765283299776739 2.214392229358965 0.9076531301274469
4.424448162057248 6.220607975382939 6.991069494362089 0.811883632242547
6.349433511626611 2.622627765708226 8.229356377016881 0.8047852946193262
3.446231536812881 7.861019977081886 8.490046093395248 0.9748280887331613
8.787945113733187 3.602611411381497 2.766420749803978 0.7750573706057374
2.807305725313182 9.39691820706893 4.598288129337051 1.21751541952635
6.592959352700766 4.206953253304676 8.342649149181277 0.9295209951944051
3.291060200841236 6.324297362262827 3.210580976280907 0.7684738998560935
4.322780129457749 0.780156390798834 3.811958197443838 0.9870991621886128
7.319082948534117 0.3699990905422079 8.169330372056928 1.332834753691161
4.113779364871367 8.317947065322672 8.904832323676661 0.8071706657249165
7.762198015088909 7.943025513155963 6.685018380369839 0.7450187321685564
4.337407759504045 0.9943479806633769 7.547736337011401 0.8951910164034547
6.134166860331192 0.7471765976934562 0.7536700258699425 0.9376882737708588
0.4795859767317978 2.346106568857701 0.7556619495536908 0.7762934683794006
3.472453010280764 0.5832815865440321 4.257593545322127 0.9313499706729691
0.08045050240687467 8.081461083844493 6.323880273650148 0.7755205715838449
2.359292822006104 8.318661946529627 7.210632629226592 1.56251822857879
8.064843263015131 5.463137319344407 3.427473706441745 0.7471601882394744
3.906513387987136 7.216246197797 4.778767787806093 0.9770025069535528
5.049278814977958 4.196745617503317 9.783773296330811 1.512491321852504
0.05523846751999128 4.333105518185287 0.1248244240432317 0.7835110294350977
0.143661192205482 7.155561819550616 5.897387120653529 1.197905750539027
2.028365408162924 5.060883629546927 2.158296778308374 1.021401965809124
9.305954273144534 5.85435144576052 4.818286642441364 0.9129621393539853
4.894918658162335 3.463527328896391 3.984404503213274 0.7525465399557715
8.978941115441176 4.903286552489022 1.370459146059427 1.537184388308972
3.358662275254295 5.542672030462075 2.989244946541176 0.7345695298164387
0.8203357170771585 9.507582730080983 0.8537516581175907 1.217845107493854
8.728034726830002 8.399078383571803 5.289572573995646 0.9991356240484203
7.802479778853168 9.540785730581941 3.178633051751545 1.204077108203719
9.569611934938232 1.607555564696037 2.581925028021238 1.020807291329568
8.745062587757369 2.923878011411207 2.056379329954095 1.118004359283312
6.439199560778867 1.651441830237392 1.293069322099226 1.138045335386443
4.481296713727447 0.4998417920543485 2.813043170182462 1.058298174838673
7.821619126741569 0.3258849984128164 1.330145203591021 1.418374358857196
9.754324820360001 2.348894392853055 6.959225732902328 0.7845879406032631
3.529532263921214 8.039413224753226 9.575130031302111 0.9085135543395857
8.436639267726266 6.610481374101625 3.35925863006664 0.8734599518032405
5.451262980371429 1.842966775637574 9.725673618450992 0.7240067192609931
7.770216963571838 2.265334780220307 6.612254015476066 0.8407684813048243
6.744293613176635 6.225899199818977 4.603368811359293 1.421788291298826
9.538847234114876 9.072509912023245 9.257111696197054 1.595394263074475
7.049450707053487 4.080184102378565 4.716366034509819 1.39826813196878
2.232046489106486 8.819757998685684 1.848838157206779 0.9044276942623025
6.043345670176939 6.000519584402007 8.741992111704747 1.332430969684289
8.961983398779301 1.211649576478464 9.064327927526596 1.285518147425615
6.282879846099409 6.954598201936469 7.645135415189993 1.372813934026623
9.789952630067114 6.082788104272983 4.165688848894338 0.7286960912058633
5.310970702753998 0.9678104114393492 7.333570375742491 0.7862532126986451
2.224182424651431 2.155231160112067 0.7117508483517332 0.9976051442289396
3.24893724770015 9.920672736436329 9.116851522017015 0.8516585847041698
0.8064540589083234 2.751746255001907 1.794313420625126 1.449915072330157
2.521639463270157 7.261356675722033 9.244776550286447 1.600846188319992
3.903981725539535 8.199989371961818 5.808253129545481 1.348585871621769
3.857680300961265 0.05874667150946532 6.987844375579796 1.234280072729129
3.267968049185078 7.369273604716533 7.339214130777016 0.7579198922625414
6.798983025288048 2.631028610730053 5.182563535184951 0.8206771473679446
2.907788311808897 9.470708509942359 1.493508427481875 0.7583745750990815
2.682287851221659 0.1532988802342705 3.617851200037526 1.180145650535767
2.675451271246903 3.963400106960993 6.379846610613931 1.126799856556568
0.3824261913767079 6.200363141083836 0.795588581572879 0.7945323112381979
1.224157955571952 1.66844219386046 5.323002674137139 0.8812812058961252
5.088688936824085 3.528146635199503 2.037814527798149 0.8425910549835262
5.315251984838702 6.762674459503607 8.246062964856797 0.8685963303607201
6.130020670410421 0.353840927907093 9.882997077299752 0.8937660403997271
1.929965197958588 5.331585124771114 3.175850487515101 1.002831217485381
1.047941547627014 1.976559281754347 4.248765025760272 0.7838100252099616
8.610857832467516 5.172793061171937 4.617799258461653 0.855878691894238
4.223230503531421 7.830434881711965 0.2950987179622588 1.031437807122167
2.67503052690453 6.928835285477454 2.524673164050603 1.326212813734849
4.493305725506974 9.821776285884532 2.102058821137657 0.8532677629433955
4.231833136819965 5.492351941854831 4.383015844449009 0.9429563055378692
1.103637537077826 5.865806970991088 3.107149598001981 0.8267757757168845
1.019306750968962 8.593270990582532 9.290231225346844 0.7928722293668191
4.129016911196667 4.827494996679092 5.358854149927638 0.9168757191422948
7.543856190851707 4.401757005765295 0.2486403742220078 1.065115422945109
7.55474013845228 3.322555342566138 0.8776490662283386 1.235289386533291
0.9409345466507945 8.931828916116135 4.206671960255155 1.093952323926385
7.809248594307443 9.566782023305491 7.395274653264028 1.021984623335239
0.08992096131700376 2.98107925535561 7.555348976087614 1.021551875322278
5.695509800146479 9.513931830162893 0.09067861404530307 0.8664740186078516
4.217401356893301 9.613691363141323 5.793937396028907 1.350219777020519
2.290674954055236 0.9484196532040833 0.8245290779369051 1.23897760079685
5.986424159841602 6.851533554837375 9.915460855902381 1.482142635791951
4.847976835258903 6.06890922050933 4.845403829594205 0.8683526795012814
7.213398692125424 0.5138868891169656 2.701392956845267 1.208118734915116
5.654258216003482 6.125235733406854 5.04021475490554 0.7587879886369963
9.06519294495391 6.255015974699575 6.265051641236216 0.7605953838824113
4.335839588284327 9.50959295238976 7.759570699339836 0.8201521285043409
4.398774503750428 9.56682191812366 3.156009120432619 0.8805443253596176
7.558038118698102 6.664061039851576 3.090979000206132 0.8820255969621908
7.448370067997081 8.436139479085265 0.197112138403005 1.520361264074151
5.207667701298951 2.831187641901239 5.036792176700732 0.7567580732823502
3.56872662221664 7.168863627211405 9.994647481227982 0.8803004722322578
2.22101317400989 3.842432217373136 9.574617116750112 0.7536642045514254
3.380933393783844 1.157289695349295 3.139567829530467 1.391403316938889
4.138342533920083 7.401865066164858 1.438182889777269 0.8307741028759114
1.738439585012598 7.6670230498139 8.188893039546629 0.9055272735987208
6.102330877864969 0.5102429992763502 2.958308077707986 0.8413845411171725
6.010036365300661 3.02553891180847 0.9477132284362676 0.7941689978323709
3.260746752307369 0.9438486678145751 7.632358817035744 0.9502949571727277
9.995020566095796 0.5509020177181488 5.338199005926285 0.7807940124620196
1.763001947265207 1.597423391496207 8.698580752652948 0.8286561723492913
2.088213468275015 2.19273221949997 5.317986971279672 0.8547494632664584
0.1303756774259201 5.847149316128045 3.212669817528314 1.094460950693186
2.716066251691797 3.281535672680282 1.900059137676162 0.8208626767634339
3.463811917865974 0.3558037471000918 6.091144623131207 0.7517729289878607
7.508759608830408 2.899842024583529 4.844808751962713 0.7780216099881824
2.492976565835642 9.263881917117091 8.966268497578527 0.8500912476281127
1.3073895725186 5.710911373380263 0.1274123338791044 0.9314201382039614
4.846956389706921 6.115141287690071 3.223515201069813 0.8022444451927822
9.515311405443228 8.577052288736683 6.883375876907483 1.040858485137162
6.926734550968558 9.670964517611464 5.784608262592009 0.9542398422167202
8.852582018207737 0.7961215154201017 2.436245083848349 1.038993284080719
2.052934896150408 2.962541529690526 6.952395701729511 1.437334237896493
0.05937561372876043 8.904776706406791 2.580353796697843 0.8150864311159516
9.87275706493743 5.183788704202536 9.897592756025452 0.8589664556360784
5.767846085948866 4.890858637515544 0.4585282919284616 0.7951854523276857
8.435199148389117 7.591179293147253 8.006958609195076 0.9366520307478094
2.502625050286657 5.966798429050825 1.593067197705617 1.259332491968558
5.794045068031122 1.292581589621256 5.891027254474547 1.135581124222124
3.657847948430282 5.76442218783228 1.354316763812501 1.023566874768927
2.26122908617663 4.784670545978505 0.9833324931812458 1.362994947926414
4.422038983962933 8.854754700014436 5.081993144428047 0.728089687218514
1.100251447373002 3.200930870810151 6.199466434698805 0.9664274703227982
2.294598384164447 9.587080948673119 7.901562758141795 0.8621425002683626
5.58404134027835 3.079048100136372 4.398033544266776 0.7558626353505037
6.360064153569545 7.909801805076362 0.4195372025101795 0.8470227372288135
8.183847264293536 4.369557435175915 4.485358801673908 0.7655668964308796
1.90519536761042 0.8117707342021828 3.756994480560166 0.733704244426874
1.790085056243663 1.062785063164926 1.920808953215607 0.8964387794585655
4.834921781651211 3.913395790197573 7.202940181260349 0.8935038106847787
9.390882159643363 4.138159365021152 4.545375689538571 0.9287734760206932
0.9386721464448687 5.265069256287473 2.409988370141507 1.008645203538065
9.304695907381058 8.170290047696957 0.9978138174719874 0.730190087848278
9.627583623655518 2.694079941643145 6.145043013286603 0.9262000866188951
0.8617098477773287 4.930207881189819 3.589870627419013 1.251157101055122
0.6310031461525655 8.193376387862823 2.642457745057573 0.9796533980380906
4.443198227181061 7.556515678600361 3.934296333835454 1.078376591785029
1.207997090835861 8.95957682273119 7.224054370373349 1.010507617468422
2.208645555092449 2.459231576425961 2.268501557298765 0.8129717873227962
3.065337167732771 2.608577809634061 7.693325449923329 0.9183235111658106
4.591763308163534 1.993484692214538 0.1633678566270369 1.145064142740856
3.359091881270276 5.508689776349357 5.88717099765823 0.761223812974526
2.013347314591585 9.026622365821009 3.761313485721202 1.158795638988974
9.709775664565273 0.8785337336652154 1.93867756571301 0.7726690064656946
8.36579799577261 0.4778221966815665 5.950025310618481 0.8291864303085458
8.22781070874705 1.250943358176245 7.990065188399879 1.154429508957498
3.989881172397856 3.611253308564337 6.452864845941163 1.355886795112345
6.145497223601099 4.012885487782636 5.620927748217195 0.9763236390796767
6.587471169973569 8.406322217709937 5.306497792148636 1.429018536661426
2.185210884087246 9.161516042264555 0.94801218281359 0.9365318134437854
8.850327177552071 7.753148289450728 7.061948400810471 1.060628152714754
7.504877729320178 2.313663913263708 1.885908280308966 1.552281334879333
2.697326381374702 0.5215048500174824 6.769237193026179 1.212475956023073
3.926606319840272 6.798856786927676 7.224304070382684 0.7507638622569246
7.884143126155136 9.6849844330388 6.312950488833303 1.054588652425265
8.997150453665924 1.229011550822587 6.914980813269452 1.406013301122581
3.922076372051595 2.43941341928038 2.644652423841401 1.083841545501229
3.648695247322636 8.300972910027017 4.513582251886199 1.135046482361731
1.160949163454325 7.301203920735137 5.634923840746469 0.849437185562079
2.916033351254295 1.041844478827238 1.906597854918358 1.008742044074782
8.638272542060227 3.98720289167778 2.007920270832674 0.7299851247180558
6.282754131550135 0.4199650983966574 1.845344137162704 1.270820551322935
4.067576058561233 9.076173209891442 2.455980201942106 0.8762002061546872
0.23317571540171 0.4721670327935778 6.457501479964342 1.392206664705865
3.743963693733837 1.344205145569574 6.574981180866899 1.405375497821054
8.146246047768441 9.219397262463255 9.24861715847506 1.118527941134378
6.225632096155178 1.555068816054911 6.880645154754536 0.9025181146062129
1.06070413905336 9.294534559065131 2.997861458840009 1.284397620300006
9.696724810056768 7.927074169408797 8.894861489864081 0.7547302829432296
5.469327693528747 7.835298396735048 4.103478591177734 0.9962182602251451
5.755807213988843 2.778364042594879 7.515950916935094 0.8108796276024418
3.030422408541928 2.42855673967831 9.841070969290364 0.8069218924490051
6.103955874368976 9.938574355820247 8.153085054190958 0.996064326569708
9.411850383849449 9.876234719641223 0.1395321594872811 0.7321214303507101
3.385078225516523 0.2140622323784213 5.173925256015983 1.003473200315718
6.945416946182985 3.583643345609965 3.513612207888943 1.056674743825916
3.024577417296151 4.204064943206191 0.09040048561830381 1.185658475009765
9.372891923381014 3.149692343305009 4.345011771381545 1.013350651681343
3.541306768361239 5.558257698059295 5.1247865783294 0.7550405381743365
0.3266802373510091 3.223894765731277 5.612478141960056 0.9422709797259571
7.788116519917411 9.819094495877465 0.1588139630987839 1.086183372547843
2.279008408706433 4.090728866591167 1.9783775274364 0.9049505699154323
5.120376195759373 4.898926012517337 4.039980698593789 0.7669167738198551
5.027240169310631 2.124723231132467 2.82444954815344 1.107838516864555
6.322759008451752 8.312400693431488 4.189883736333242 0.8045468724471035
9.080390439966786 4.536975620610193 8.571802320845922 0.9149786005265536
8.126049748516092 3.121796879370947 7.248068285298287 1.34744743853409
6.592194005933072 1.618950189011082 9.917642940062358 1.576187070467668
8.637829142658806 4.045713677678179 7.047633370496253 0.7654711012253057
2.878899009377812 9.593300384083678 9.842947199690483 0.809664520120247
8.55736251458749 7.131274723979368 1.347793733490932 1.414566826476565
3.241873027110862 7.688952627639901 0.8072053988715354 1.10413020371434
0.2930730038796647 6.737014085061401 0.01631729726185416 0.965649860017365
7.797712552141126 0.06925540420186004 5.278380814139782 0.9850379960114889
8.400657391004195 4.827194042362817 3.803895213206838 0.7306703034472125
7.266179018863445 1.818535119216508 4.550021053454931 1.352447950945766
3.324085530754362 9.11645386003141 8.179494223592666 1.391359429914948
1.717621641927477 7.911716584399293 5.412791294645031 0.7915658634867422
0.4994387639086139 1.974899329382243 9.413693700650542 0.8231237689709381
5.205382250469952 8.643567837602683 5.70636098976647 1.281175584021679
6.442091121832907 7.331189380325773 4.757909363361659 0.823278893128772
3.660131003906793 1.825697684499595 7.650214696031091 0.9081475141009935
1.980653314714657 9.623819666018139 7.002084383353088 0.9921269708245372
8.400514578272826 8.641025813796571 6.353687820987094 1.215512662944379
2.634649758864686 8.491192916836971 0.08989815798387424 1.238480714754093
8.343814648002558 2.635477568208359 1.102875502138626 0.7899326273126015
9.540819074475323 1.21605648469248 5.627184832182939 0.7333608154031005
9.867555599268631 4.9422155633826 8.866070131052304 0.7950360350829259
0.1724554349186502 4.946031064703143 1.837339024334716 0.9125033151831188
7.074136835365811 9.40244777201629 2.103258876816301 1.277837575274748
1.336350712409987 7.795127572795954 9.066975038494238 0.9354351626146733
0.4703962905529369 8.763246151466079 1.678595307023969 1.058546321589991
3.11360428475264 3.099880856467314 0.5981232368376233 1.14295651345435
9.101906236498758 6.115943417779426 8.739556387170177 0.7575489345895995
3.438072839773448 8.033593559596252 2.517163739098947 0.9069705721109388
6.670615020187803 3.06818320070314 9.502924077212798 0.8680945247917873
2.653295601433815 8.162090980233588 5.113439087074582 1.136180988791272
8.564495735851224 8.129318153670258 4.208809471301509 1.147242183266312
9.665204269273442 1.80319941779766 0.5369294402758862 0.8403338986154655
2.306625132956726 0.1636478392685026 1.682116333731973 1.045932241490548
4.762005123123947 2.37609655618691 4.002385681299627 1.302909244200403
5.580837491454525 0.1376720094232453 7.363741197181412 0.8596356678273214
8.94126844355953 6.831003193177519 4.301946764431056 1.054956682303775
5.683682222011192 7.813338001706541 1.020759030815005 0.8188415730054825
0.6264753342147854 5.078549568365339 5.451242350043382 0.9913549344039555
5.527991200231462 7.283439241262919 2.558679651718303 0.949451178207671
3.516027021002753 8.125653315263389 7.637962018955559 0.781768842741268
0.3911807511661891 2.702875725582544 3.923784514948654 1.056927383978165
0.8310976105354994 1.505538190379184 8.671767649720183 0.9759100280024696
9.626300304033307 0.5575045531799627 9.711668804101631 0.8887875413038925
4.342417111208731 4.571659617503116 7.67577245455468 0.8211149073933985
7.401718388685326 3.245596018887375 5.975803881812973 1.466819197820493
8.148459479864078 2.165131860936917 8.847343779454601 1.130624151457768
8.813451120459353 7.442234564045215 3.40049845676231 0.9123961934082858
1.579710666428106 8.772365389315725 8.285842132846119 1.145869102866425
1.268619992121554 4.208519139585476 8.109223688882512 0.7665887149078547
6.282150811593946 2.768419065166765 0.2050254657983064 0.7665428636843405
8.004088468753599 1.052742734019282 0.1099003628537187 1.355590359921581
0.6021488628904992 8.963155873699646 9.933336495145966 0.8443388488550704
3.075773961116812 0.07919025901098498 7.685891555608216 0.7764879670132617
0.3594241298720013 1.320793416053135 5.548187531405692 0.807380931726685
7.126235388637375 1.170558025312578 1.805638308367597 0.7719571022417022
9.763583388390741 4.675687341403855 7.987665248403781 0.8546872383628481
5.55125493723503 1.208071483738826 1.191640960336547 0.7239386008973266
7.631995888352125 4.45927799721902 6.809044696973848 1.422035177336791
7.139292591742878 3.374524298629535 2.532577759739153 0.9307778094523533
2.050996144317193 3.202053925278916 5.6061665543233 1.165512517663913
3.961907685336961 1.547957862921387 4.195797257795588 0.8330573957973071
4.999341206239296 7.918955015123856 3.137612987209573 0.9521130470928976
7.200000289856979 2.459026542079459 9.280831352331147 0.7622171838289744
2.037269908631389 9.866406789724355 5.191829412397633 0.8208361329463227
1.262130342891586 3.430601697189828 2.664803093379121 0.7855762436658189
4.208279881831677 0.822779673931655 4.730357817480665 0.8337902470353187
2.135094329191297 4.334877934658324 5.541882374185453 0.9615708722483434
5.22587140077253 0.9581617948042785 2.024270388048883 1.051216975758614
5.785521055608684 5.848809180884994 0.6487746212082568 0.9205621412916219
2.531380744504819 0.502654824594867 4.642269766333134 0.9459868690264759
9.152464198436121 6.723608967861806 5.463878367403717 1.012444427316786
1.395751048414462 7.273100488733987 2.757761129148451 1.293069716233385
5.55631133740087 5.836073301572393 4.035494620568688 1.252013738907839
9.52791219924771 2.100095250032643 4.274345754410888 0.973295737618973
2.016913655698581 6.183109218022 5.911102753883271 0.8443512763203223
8.460658470344841 5.839158901026148 9.401076249695388 0.7602234146116027
5.741315534310563 8.842027381672311 8.345016474274475 1.201552688734728
5.071450110729754 0.5916535066861516 8.419994219960252 1.413298592382302
4.410458075527671 8.178558458695321 2.130240080868536 1.108248597495181
2.01053649066022 6.511102448312695 0.07761040069546697 0.752763393258287
9.127943895524826 2.628986797704001 5.174537511484102 0.847281224704411
2.245963102498718 9.53163356288086 2.647510606603767 1.144092588396559
2.539980982551736 8.100937033998337 4.024075005838432 0.9723377533861277
3.864216927815418 6.986250301267126 9.013226671300284 1.12596164780202
5.683472907932304 0.9709410306779641 9.510972435257749 0.7533394413384814
9.448592228426778 5.466915203449592 8.278395622912337 0.8825620942123374
3.102288208815089 1.432880282593165 5.205037348774054 1.454777331960019
7.749652101201537 3.315588302610403 4.062774375749898 0.8849691258713454
8.387519645791407 5.131687485486875 0.1149571096778135 1.066947012342611
5.177172455674619 6.212618823549051 6.206617768567761 1.323669042665666
1.634369411543687 3.975259358653312 6.418859787496157 0.9145199355790788
8.175556190359998 8.24494504013558 1.12490407701982 0.731405993973934
2.363734977665056 4.580463824859561 4.635296223038015 0.8274758850741787
0.5847690505334667 8.45156015147551 0.6642989480514393 0.8829048500993401
9.235828144031629 7.258596251390685 8.28992058238617 0.8076730730911958
3.947428829775527 2.839768850693064 5.327464562635336 0.7262896642559323
4.624952774401879 7.419250311524333 8.497531130538759 0.8626221854269152
3.434656579511974 6.70575305909714 1.466062488714177 0.88840682324169
1.83644737951509 9.98925918601924 0.8663486933752528 0.8076325324781867
5.557892843654495 8.911470004306841 9.41648720492779 0.9144872275969153
9.412410960981351 6.958248058546361 9.284063930482667 1.212587676133063
8.01021685211018 1.486401906110129 6.305431125781579 0.8376508499452052
6.922163042189735 4.822019414469477 7.640407179538721 0.8174895482743444
0.4658668471588722 3.131778261224332 2.957224952208416 0.9122674869588808
6.220909034391902 0.9172380823298542 7.685887221049944 1.106286432413091
8.20480333899854 0.6262406412772336 3.09916517150045 0.7569090329531628
4.068408538172661 9.617540413859066 4.459876389714442 1.249178487770315
3.721597809720123 0.1355803776024711 3.474037730890146 0.8059316818689954
5.311313974627416 4.802465938922968 1.953705912753787 0.8957646081442014
6.824528603685442 2.58662528409398 7.182247424393014 1.398454020957821
6.652734684026857 3.770948126144542 6.772831799296703 0.8909522931140874
0.361376599687726 1.931397314073486 4.71824363284761 0.8327570573982992
3.13332021999212 0.642208730847037 9.931568254146194 1.19491524058191
1.257689343783421 8.224998334300128 3.440501768690848 0.9661093726344112
0.6891399285867671 1.231479644906962 2.375438190061919 1.302830103971591
6.945715518534367 8.644227394526595 3.322144552038565 1.23143736785321
9.222623843609863 7.834258502783017 6.065278512731171 0.987568989695125
4.749466052481599 5.166581023770667 8.615319561025943 1.46413880232579
1.294736687088751 2.503953683223796 8.899492622880709 1.163614065256024
4.746760915079355 0.2725531712274242 7.396692502328398 0.724227843820782
4.919768810633856 7.409278522239192 1.698470596049323 0.7796357586119613
2.022244733250229 3.432186223718065 1.086433285647144 1.271478438460747
3.392176636776723 7.419206466395623 1.911248216301769 0.7538966345544067
7.722517355581014 2.048319660431225 9.716536018953761 0.7327849395509265
6.554539229693319 0.06338259782615818 4.300727020086428 0.7962880449635467
7.79004049075332 4.040144266424701 2.802095418614007 0.8999743176180112
7.380554271551371 7.125963411259088 7.92571215984424 0.7525801778374318
8.440342061627785 7.430492427533351 5.053266161579343 1.009914731726935
5.631437681771115 1.883714990917702 3.568716908672574 0.8251933759539049
8.564648240567486 3.623447714548313 1.273171819496773 0.8867568195113119
1.652206734833665 6.894470634179654 1.764988454009667 0.8454967197872197
0.327008546150519 1.490454561894024 7.481595622909741 1.441914311819318
0.0848852838645464 0.5292292726638891 8.629433716053699 1.418260690054138
2.024417948783057 7.38264197135681 3.666826303440399 0.8558632725632004
0.5576080056579158 4.213411055263332 6.349150432879465 1.186617406415517
0.2136391995358344 1.573001238585216 3.532846932079906 1.204630468427599
6.113591843271807 9.223346867806463 6.138907989537994 0.9970554622775449
0.5212817545080206 7.008091834319025 9.037797500955682 0.96729761812925
1.943690298080437 6.526894161702779 8.057752834688607 1.241751897484423
4.364458949388816 4.068425065808084 8.879025837604528 0.7261927412231199
2.091717813846544 7.266003851278748 6.202334606779087 1.288878722866965
7.224012136087502 8.686105334477412 4.335223178707561 0.8288411090108243
1.651901840162143 5.511934149458663 4.061470882536886 0.8070447917378285
2.668535259624689 1.622058811048792 9.999855245870238 0.8701379790111872
4.687440242112229 1.942865963959475 9.023872654308436 0.9519735958292261
4.312816333639252 0.9036418144248504 0.3032717654645278 1.055902788417226
5.10402632310278 7.497859032268716 6.145818956313803 0.8249848316939856
9.885636373974394 4.00243058533951 8.794477812419156 0.9809510118690021
1.521220165467581 1.628212851759852 9.808296997405245 1.312991828461214
9.395497226970372 7.938129010302255 9.61381270228128 0.7226289246125327
9.300221627964655 3.024579981041747 6.953036343432274 0.7809022499264643
9.187889899018183 5.489621436949152 6.55515219035161 0.8525134036971227
4.056182870162671 5.957398192776251 6.261511786105023 0.7244372147039093
0.9105586762710903 2.608046342907566 9.978570041059612 0.8536935927580359
8.843655464435809 2.372005660043473 6.78170112896388 0.7647117300773617
0.00367818438000933 2.696166639631977 4.910819846239097 0.8215721957670481
1.363090586505463 0.5633159965434452 9.057496986636281 1.206371008900633
4.011691305306889 5.957857811611567 3.479442239387863 0.7903145135713542
0.4871112206131478 8.35124826885537 8.498901114189454 1.092335659718871
5.192099456532091 6.300134387379889 2.399587272615052 0.9016593450832164
0.6015818685678519 6.337371357843762 2.256311550050156 1.167705870268335
6.151260600509882 9.440507069128405 2.89948535300405 1.031518969537232
3.563181293553681 8.270485018572403 1.722151841119583 0.7386168984813299
4.687327188889572 2.765816249742882 8.591155462835848 0.761035839422293
6.758012693309793 5.652081466671925 3.18060105920238 1.578874077475261
3.604161079898387 2.377671978858416 5.889531730851229 0.8305763856126819
2.631995365016901 5.822129525934858 2.74285936921422 0.8317612064097062
3.673073942296852 3.01695982024403 1.623285727910106 1.155360113893096
1.015176289971828 0.8308781460800684 5.69483263965741 0.8187118092676352
5.114000268692197 8.939789273648282 2.685715909598191 1.170766450428506
6.236891829729344 4.343953074823712 9.881506316106542 0.7416823650366228
1.793392596265455 8.914318527259471 5.117551966256145 1.083727590226881
2.043308516685846 6.849094236170515 4.793146802148671 1.564625697815727
6.588213232499026 2.132858597863868 3.700241557671572 0.8619013496185347
9.000122010649784 5.731523660710454 3.043777573887177 0.7569766545962618
7.609817594767506 5.468000719004213 7.532638037425872 1.010852512286689
8.687008279612522 5.011294623590929 7.433186186247855 1.199470543493032
8.880528984176308 9.981643784334178 3.614074420017164 1.219581948892427
9.226802139030779 3.707342088697291 7.875273677397191 1.221736984185855
4.967605227996665 7.172110295942593 7.2495582165593 1.345558070381477
0.3293027431333794 4.471565689432654 4.478710734541484 0.9240171425322049
7.878240986849833 7.408159114641627 7.303633921735242 0.8584584828284778
1.820903810152215 3.196223974171639 2.14629477273269 0.765942778721186
2.892476259716386 4.663107175759409 3.125812681434627 1.189701751382751
5.364890182880935 4.989292281305959 5.194531701820984 1.553731048115578
8.920578522299913 8.703816129635262 2.993528143257375 1.547007809812083
6.835731646081406 9.860893127104745 3.489312939367105 0.8771597925823951
5.729235550647577 1.656226833991137 8.835178504574708 1.137278861720968
1.823217568368404 9.757120048740733 8.677740401430919 0.7634872654443485
5.752318364489857 3.665535173783877 7.118378951965592 0.930343192539613
6.804235486651733 0.04106208283999213 6.906361602523729 1.324502666064424
2.20329917064733 5.806539438771043 0.4997912744162846 0.8526514535964976
1.110288629386332 3.929687461657407 5.313882251774684 1.14269611110729
3.239092133004938 6.576130816845748 4.848986788669244 0.8149491764460711
4.271820015960887 2.544807856959875 6.355887914862026 0.7803870696712929
6.150785736687045 6.888706226979376 5.536411176002143 1.022691128836303
4.895577206565234 0.5906249915446481 6.42729594550688 1.298136480543769
3.495353139186786 5.494998508998618 6.728572277699244 0.8157011476131218
8.345814883960584 9.310094505389429 1.937987282474169 1.091933122241512
8.719746523496216 0.1333415382447878 9.577414683413254 1.089949674365187
4.289602183490736 4.2558438906013 1.746328446288783 1.264728099628701
0.7498712683474739 5.194435698485036 9.303041021310841 1.189475035931153
1.250967370654293 0.5820022141085767 0.3716313036040808 1.076184586070115
4.581310583203632 6.455839175561198 1.441461622066003 1.220333741668082
6.973987231537608 1.700703871587887 8.433504435206009 1.39714419232939
5.846435656810465 3.989747216012262 4.193288494828433 1.13914747583937
0.6322854607860107 4.805800914296544 7.418970909299884 1.167382616763968
7.224764391288939 7.249131158442385 9.625802297060616 1.068636246190261
1.568415342555942 5.233352303866175 8.278211328282953 1.358139574375022
9.965531862269335 7.015613893191768 3.875698771451776 1.147201384155677
3.276595104642747 4.463908490993167 4.053407798001317 0.7881449961113335
9.344851928562882 1.070464514681805 7.997408942977209 0.7551889937516135
4.942157349319968 4.212684553814593 3.060506365045134 1.574003634877059
3.930801443900351 2.284313417433389 8.495146955405309 0.9768883103221582
5.011029077384226 9.297695848722512 6.869639782071751 1.315429587775031
2.807770823696137 8.086712701898191 6.095719358156576 0.7598038883046486
7.761482799911582 6.12886576933887 3.750436737640706 0.804848050971339
2.074831267667408 0.6796376016587012 9.842266278105093 0.8010332582845655
3.682455357932949 6.03110511680245 7.402537374228872 0.8415321115675019
7.598544396728697 5.270498067058451 1.080018032689707 1.291324910560894
1.060848936907641 3.840711445895181 9.28780804654558 1.523108334447092
3.139759683459983 3.307228609280445 7.108191374054573 0.8146557142050029
2.871242214436429 1.742900765168158 8.394557079944894 1.09626571532099
4.130436547552407 8.147000921349159 3.149749022370409 0.8097674971697313
6.092286088095544 3.828984721808196 9.303755471343404 0.7980129752451136
3.165270433346147 7.461461723134087 6.542083070794652 0.7978350509536914
0.00254326796612414 4.838512309211827 2.852503584613413 0.9717610191379732
3.074233682791497 7.480328448553649 4.454075015005677 0.829800586243841
0.4225032879460088 5.469927746513489 8.337045814387276 0.8823557486388084
5.816684727576289 4.879614755326391 3.592007231216152 0.7370246028762684
4.375283953583972 1.431931443253767 2.568593834568998 0.8026436593697887
5.409805168330422 3.82509160881997 8.302939476351469 1.507407914879491
9.16912706960585 1.186442879740778 0.1962460293216994 0.8448816509500983
3.367918973345054 8.997163728773884 3.417559810787259 1.465247116434637
7.373333460091977 2.584412709488924 3.740887638715275 0.7952708820553734
9.538112133224375 5.559514804893717 2.325056121791313 0.9728187113144408
2.167930778345653 3.23398876655365 8.911440941211236 0.9127928417859896
5.168592210029177 1.209947156671182 4.275352458128489 1.035164473977757
7.62062663530822 1.660346404361915 3.233626299315712 1.30669950169476
3.182405521587354 6.640227193866687 8.109812653922013 1.186363924542042
6.14161142453379 2.512400650358212 1.586291960587135 0.7392740968595231
7.856798775214354 7.778903450502299 3.029185183621674 1.189490824720314
9.952751682789785 9.267984580245159 0.3769606353587029 0.7727263990048698
5.605019175796077 8.74235223504647 4.588462231934249 1.005198608398926
9.803099281769697 6.229167683275997 6.773677268305478 0.972143219350302
1.426100006402726 0.760591702848078 7.047996448534502 1.268675194109589
1.072304083836986 2.775066449068841 4.909123010024826 1.249819988821543
8.410143623168253 3.482651832540302 5.018750973429551 1.279410152149951
1.042384850826396 8.049442725528168 7.679334090141878 0.9384584909626913
6.497126229962683 7.26031899291058 3.481268391098165 1.606598301972214
9.938107948433379 6.437394475871913 8.265851349837611 1.220004685694909
0.1002983956367132 4.446264067457054 1.039882120026622 0.9061693102632506
1.994634460873559 4.395290936337521 7.361993040668853 1.210182958349831
1.422626266152763 8.53537556148491 2.291212476276153 0.8450416930596254
4.468902433178159 3.231907641085348 4.729896937121934 0.9216038686633952
7.88153205030402 3.575034702404555 1.955359922420167 0.9562843283978486
5.112496314044382 0.1986987817421315 9.645805469676976 1.093406121260033
6.086412712219264 9.622228341677648 5.084395372168374 1.180239914905957
4.341146218707711 6.453391211344076 8.079659475247659 1.115820139160165
2.777101989549614 3.307742900054365 9.600071185856279 0.7289314286460333
3.26492004847358 7.600076656226065 3.446992615167305 1.076057864153887
2.380750435320084 2.797325842765507 4.319805035393722 1.503781491259125
7.930090303974762 7.385669960321992 0.3602532015030812 0.7573867140579454
4.630017016793639 1.824165138970413 5.337657189153465 1.542475021386242
6.946059697718857 2.580604157117952 2.973108684718412 0.8677380850300143
9.130620875389752 6.124756533509776 1.590221468573598 0.899177783766019
0.3640711444213717 9.184511570491374 6.375273862866611 1.154019266147325
9.576180389037333 4.643704977540277 6.904244842434999 0.9317254139864349
2.776247198464827 5.999768167618528 5.397498527956151 0.9169660283606238
6.169206910873178 3.327675838072269 4.998293968161846 0.8151787024523542
4.727042291385442 3.044710324504501 3.155309428990281 0.7577041339694047
2.413981128856995 5.217213399098577 6.377637899804188 1.345938730883714
2.026814071271331 8.32793687123938 6.009132396533965 0.7605518798712031
7.013732652725208 0.8171786120365931 0.7095023191250482 0.7525394263738874
4.071053761444002 6.047239590967669 8.929916802372411 0.7685737740683285
4.363528974391224 5.715607170556246 5.536370221145337 0.8875617498789878
5.267405986038923 7.361311404176281 9.098211065339724 0.8427553356120454
1.509767487126934 1.90592400316172 6.908562427973821 0.8219965731017463
3.290834833751457 6.174795361695259 8.996448376747839 0.7629458990474306
9.407408796086564 3.459044102140348 9.770938734340278 1.408476267662579
8.088414189708091 0.4921623742745528 7.282142549602884 0.8765367896049726
5.736012665946379 8.663079585757194 3.55562720409104 0.9941873893829913
6.016045737634777 4.748524732049603 2.525318898530595 0.8675451979142288
2.475056957903574 7.055370555762668 7.241236043276351 0.9130843217010743
5.853227796583615 2.971514580932036 3.341187285025817 1.387098496408467
7.00570761638595 1.811515081866645 5.878973485989476 1.304746935234132
1.263887323359569 7.063346186138486 9.783979140222449 1.065146449069887
7.106407087792747 6.35434602553416 9.231959737793629 0.8637696698006473
7.656243710999859 5.716302849544348 9.291664772423506 0.7264245127972642
9.529817512847474 8.757499876376917 5.793732375180385 0.9516936444473688
8.659032083700504 9.484331633744844 5.599452811711942 1.005390926472545
5.328036106882252 5.87893697126565 7.518883950352058 1.329947122171147
9.75739021491276 3.791265791674556 2.133648743401058 1.497490794673051
6.354063371661034 7.64648537024146 2.219113677146991 0.8534688440231802
0.805350591407563 4.079084896674458 2.894772756745333 0.819652582224872
7.123143530122782 2.698815402897352 0.109969543670354 0.7786099224493314
5.703632859871422 6.373778966094076 3.11361311579575 0.8149867563415323
5.592503753216065 9.686740681196522 8.875129937561699 0.7599652025368506
4.545839133701423 9.351255708427669 8.887633948949151 1.371403650378776
3.002000590616737 3.069175421556994 6.125454859844454 0.756268894448098
7.135890145268358 8.176840726743038 2.362608908321347 0.8175020625344893
7.812746099375503 4.829744689482738 9.312620210828999 0.953485345810604
5.148428258256913 4.742097052345787 7.467570445292546 0.8472059166367514
2.957718845938547 8.641728445565132 1.256919357862582 0.8652282713486563
7.675387201924718 4.280911127316454 3.703420178963433 0.9325493251021142
4.823593338666859 1.798192963078323 7.948163936020977 1.111822015458249
8.667873785907311 3.835438859665764 3.756360299367297 1.182698208373325
0.9720308044221592 4.708865199030703 0.419440900182303 1.201227068203796
3.951258145710524 4.806610566953538 0.1713328585278439 0.7982915413889035
3.195847809529539 7.214661581978424 5.558712370612461 1.046643914785894
9.511182798488708 2.787546705783732 1.089483999326782 1.312164406055298
2.869258063962437 6.606692960306193 0.5320343926827308 1.154021937484082
8.731109862376501 2.250652809138841 0.02872750938259671 1.35024702279958
9.934360460220139 9.585373542903708 3.291174184018685 1.059325463189343
9.458171988521826 5.089982699776316 3.926157568814913 1.256105570128734
1.39887594539876 9.485067745139622 1.847701374215178 1.016477205340464
7.733003507524058 9.029719387169273 5.504711492805503 1.005442630661671
8.833025473187988 4.691447427998226 2.816347124212995 1.326274201126405
0.03771503294571543 3.88588703083578 7.16512433162518 0.7574910152705154
6.546966464858071 3.62737185003749 0.8451596405233451 0.7385788911319768
9.807583007213774 8.794182302656985 1.011536200811386 0.7417500651669545
3.151918324780562 5.470871260101287 0.3904719450115179 1.106070347802988
5.949338966560014 4.798132144995511 9.020564512146464 1.040817036401455
6.950765074620666 4.10982071354762 1.652674355906849 1.181547731168452
3.104116430559918 1.863533697004449 4.011980882246696 0.7316703090338458
4.951583383664733 9.038796232341532 1.70719293029335 0.7727782807446769
9.687242515620966 2.419199649781657 2.112095960289306 0.794379315018603
4.506874738849622 3.902875585758187 5.436960136978901 0.9489658977487482
3.739838747529234 2.182117348976575 3.566011842452413 0.7858551165938111
0.915515159689345 5.187287176813578 4.600041267499836 0.7867260279100285
6.808825300538785 2.528333109438242 0.8773147715441664 0.8812621391797958
5.533556828065452 2.860992617395938 9.409692178809189 1.349410342145389
4.720761376557054 8.103058323024053 4.787141929341407 0.9594566134742908
0.841390670697758 6.076905101174849 7.363424190791732 1.341283478490397
9.76035349958287 1.309849822441193 4.761371340868844 0.8373663471565023
4.164012709729112 6.956364147988674 2.695462084082548 1.54746705025378
0.08030087977173195 4.10291080297502 5.358005738704489 0.8752256722634989
3.689959231562316 6.319580568833953 5.580175139901734 0.8329005316387298
2.797711644964764 9.256607472483122 5.991408180393063 1.517475294168463
3.336512453715252 0.288961880710582 1.081757727579381 1.202507424460109
4.593005960556921 3.316279997710044 1.325221604360685 0.8341093483251186
3.207879501616405 3.884125394213754 2.421157060498788 0.9504653795026446
7.271784494059385 6.23751192492973 8.198781328318899 0.9618339996586729
7.888877992495194 1.061700498869368 8.953133813594778 0.7990463042632699
0.1092119356768173 7.485396670995032 8.409071546224505 0.7640586401010075
4.827332491889009 7.074471309686671 4.667018184114021 0.7902536120222893
8.766488654064757 1.193681299170666 5.746708912121256 0.7395602617284652
0.5585359482408602 6.329561097629746 6.2980060716483 0.7447646844991992
9.687619570662692 4.951641653423053 5.067812724671604 1.003577654767553
5.838063903649031 7.835371223474569 6.040041572075636 0.7574297080770616
6.691534521059132 4.490186078212243 3.626515650772871 0.7606486966874015
2.941954955666496 8.43184002828735 9.003570103441417 0.7718002846542229
7.642925682460453 9.191207040938355 1.20188276036336 0.8405581624896905
6.730719220049223 5.388555899882528 9.925715455157897 1.508464030369896
7.998820645991076 4.249195677686632 1.159320219853911 0.7757453849441996
4.465155115930545 7.704477470776533 9.330021080738454 0.810987276675092
4.586620353859198 8.413257452769644 7.817848458902677 1.360559468319702
6.325491508831344 1.048992929463931 3.904098066798061 1.311787509637484
8.075445265260932 5.714439657815826 6.468818549207331 1.262737453252119
2.036013905473449 3.841245738588082 4.746539760453401 0.7650082138247192
4.362905113852412 4.328230796295269 4.413659259747208 1.223292197865497
9.547184587614275 7.407961726148028 0.4412606689045639 1.162990313420872
4.932549325492877 2.799196480776024 7.838205702238971 0.7653888302971376
5.048746257160102 2.972421419211663 6.941947407598437 0.9863464734954008
3.136259743720204 3.942546823551093 8.927136547996676 1.082757523185448
1.532214034442123 3.416142921893163 8.162967865034116 0.8741058114394
8.590131776552695 8.709997294597727 8.396310196560501 0.9736408418198761
4.420419611775968 1.581698830845739 3.394722207736137 0.7633707646000459
5.514395238181558 7.735395005137002 8.220003175521166 1.014583008780457
9.611487452085299 7.853843579755527 2.010962738206359 1.119125057675691
2.309482846243199 8.086169808112789 1.057384105667577 0.8379430788850064
4.10320383295312 0.7363231937432778 5.612486137810953 0.8941556335013382
1.348022533478596 6.537781389765494 6.212937067324475 0.7529469423258661
0.8255165579042288 9.777205469168864 5.313763324176276 1.379724036859737
7.040717621692326 5.679400965258799 6.795293627338514 0.7598178327683845
6.607607828104474 8.378489483459324 1.39316822295438 1.287730100093375
7.754574851861532 0.1818896453779894 9.202942880081547 0.8901823785256164
5.338040551066173 2.847957705757699 1.368781959606605 0.8023290786591422
3.727349085479764 8.832854849661757 6.935607455744777 1.182442737054744
5.544726281304993 8.746828666152357 0.9828974836582681 0.9916875147030136
1.832514478953484 2.476844484479581 1.459481713008073 0.7353022971666823
8.041146855919365 2.94958989922138 3.042074419160546 1.226667584930032
0.8347069902299508 9.468013685754034 8.838142907176982 1.129432100522516
1.847499190808234 6.623878324657388 0.9356209799624482 0.9008531894804018
4.885859665992797 8.065689947230938 1.12034465280581 0.8125654655882226
4.421747673615785 1.913939107736621 1.82018696487343 0.8666769304796137
8.098639598486431 5.884345291445418 2.309110984457804 1.51076660057509
6.213381094259232 0.4084831400567745 6.023949725583973 0.7788380559290903
0.1753085086060912 5.368139950660323 0.726562788970484 0.8757167777787963
3.174931467518933 4.922701741027652 1.955934699914767 1.2104520433881
0.2018949522006119 3.510465690259581 4.671957332771694 0.8409044843014374
8.17059733822863 7.647840848254094 9.622490769837473 0.7853840722038504
0.4286134267494213 9.955134423381674 9.870625414466515 1.037411932663803
5.035198782456731 8.276600760754427 8.948297908810934 0.9359122513286195
6.362284534711994 6.558707578491051 2.475924895681032 0.7675853400724307
4.125884899556345 0.8449942718488422 1.789177911428842 1.119164737818318
7.764057911360051 8.206606667634697 4.941981990733381 0.9485411047145201
2.418212286908401 0.5866800234893942 2.648754620805917 0.9535182199761999
9.315131550487159 4.663709753666339 0.2503721401686732 0.792657493107334
4.00273327670455 1.270813331610882 8.388164063771985 0.9516122447439616
7.951245765340218 8.693453194254751 3.703002396607434 0.759564786681888
9.600472925413042 4.511715858128853 9.481762889694657 0.7685046625924439
5.897285977118838 6.778662588954901 1.476351965616046 1.428818975054373
4.02982622535098 8.250666409232071 1.123179127759642 0.7294411720654695
7.670144291986231 2.24444342186599 0.632454946422003 0.9343349387191077
2.839178816381138 1.159250619518941 4.09505053017543 0.7526301143565161
9.05541585219675 9.729676841354092 6.745262702576897 1.395343893975643
8.415217426597341 2.434145729740081 4.206078779597585 1.286208826453787
3.467894387377391 1.781753510214687 0.9608226536576469 1.575371525925318
6.952029672561383 4.490318482806241 5.822488115356583 0.8461171274304972
8.646996772791075 2.995014844721441 6.087675623571618 0.9954638459288951
5.217171827078409 3.897201212939628 6.248552666091477 1.114903924909094
7.296203635678101 7.100484065855314 2.098412260967605 1.287052503978914
8.146467526158998 2.253987553302291 5.434600574201096 1.172987554416853
2.048214801244297 4.745587922242973 3.868533614194067 0.7943967157053154
4.131808020432201 6.960302457758599 0.6375330942835344 0.8064063835980462
7.14997611518363 3.657085234498079 7.517484231381887 0.8362554049090631
1.918374426825473 2.975811740846917 9.92319125408485 1.172449185955479
7.121788550673789 5.05135678505729 2.158964792804251 0.8164017197652078
1.487286903211174 4.530580851881799 4.582316862288114 0.8468800621490651
5.843217873801634 1.077338240413343 4.920079628491104 0.7651787115430964
0.3112655243180162 3.258793456534376 6.629576323027865 0.7749336120622483
2.892727370655821 5.020623673321198 5.328822839863187 0.9275077691052095
2.346059422735009 2.240494116709075 9.204210607977995 1.014271268273467
1.565577060808478 0.06384186333158071 4.278692350211289 1.132709965136139
4.869250792472839 1.15330032860766 9.476391088370868 0.8659367295815374
3.867546238032289 4.247623433939646 9.479186266874802 0.7777187099818426
4.660457079047177 2.419613015305321 1.09761409003351 0.787298620687354
4.72172333988613 2.726116369610835 1.92534282088687 0.8262719591776256
5.806549919950771 9.95847450219544 6.537897466019238 0.7416268247838425
0.9701528654154067 6.287325224265638 8.541579632740577 0.8880962152520032
9.417184580035755 3.871535205244336 0.8578647106597835 0.8559868913948246
8.80987463138025 3.660000875509993 8.838206782516004 0.7993892154982092
5.380182233684931 3.716671433128133 5.119622913353106 0.9014027251002978
1.202229911113392 1.306872626353387 3.763846615998419 0.7989557692985251
1.107663493050776 2.546483781856856 7.755942826834969 1.084103625576639
5.916649350028774 2.776978193339811 6.023902242462746 1.510436629664167
2.901426533926392 9.457489177754205 7.168466578761885 0.8332649330202195
0.2736820750547364 7.341811144166862 2.549783985342872 0.8369282696929575
8.116044964973794 6.157276890790901 5.070946755237109 1.40755973504032
0.5556910697387107 3.483308306879628 0.5998754024135022 1.321854860973875
7.82271201397085 2.202196376677859 7.905130993317196 0.7916084148838185
6.457079696634268 7.908560494368585 8.223098073495937 0.8328471872669755
6.436658781476101 3.475207650288224 7.898451371640173 0.767986433036654
0.5760879602895662 0.9977624727813493 9.638788798262796 0.8771086248626944
0.7457214107381515 2.428163806698768 6.755667744773676 0.9998124728336589
9.678492988388649 4.76978292310056 5.982619189135041 0.8196062026852573
6.667166443277745 0.9354854097615305 6.378861151243576 0.7240513629019782
9.032844873390113 4.31608629165991 5.438203942739811 0.9000268668654878
1.731497753287555 0.03620271056225088 3.302101880493101 0.769230354261267
8.925651263963603 8.948241651792893 7.567368166754638 0.8106110644626897
3.632184956927221 5.570116222566901 8.210051971322143 0.9582093172890003
1.469301258608261 8.492303653013794 1.289928166856695 1.045448006474092
2.533217049847677 7.401206304629324 8.03142459320793 0.7657456036822926
7.834654889191866 6.270485622537797 0.1643749997521448 1.299830611232721
7.947470972513497 1.125607361072526 5.373681491122275 1.026910091566949
2.576707414594427 5.742366591315569 8.592666251789886 0.8965287285288449
6.360009789719313 4.976670623355913 4.286479028217006 0.9605164303843539
5.595122686373151 4.036939290613386 1.148597465311689 1.354924108687932
0.8022993483223594 0.4623564332025864 3.351884833417154 1.145027758859529
5.984173865232465 4.946127624679842 7.978937895396494 1.018887467324594
9.951523343134607 6.566262862662509 4.834292268891647 0.9122702202737196
1.822618745536272 5.426757916189328 5.134180725983968 1.312208624801552
5.136587609482256 9.639695787799118 7.859903950199087 0.7554657196275965
9.84444001710161 1.487833862635928 9.654718776303378 0.8167961198490755
3.343679687732821 6.084997925132596 2.288030206313735 0.8409007846108882
3.931298187930628 6.118603323758758 0.5354385119514282 0.8073867691287487
9.032742262618314 2.005577833285376 5.983355191382169 0.8865399826165342
5.203869552233039 7.015153856833121 3.530530181370814 0.9196266676663436
2.287623459317729 3.425065110502164 3.020976404654124 1.22927805762504
4.150915062198954 6.992778292985668 6.231065889748401 1.207850079452601
0.9771436152801615 3.654095116329393 7.313474786774196 1.146064150515064
1.238365583185752 3.650864388762084 3.867871565725781 1.42696449289721
9.931083012928232 1.737621738311583 6.277660352759004 1.014524209233984
2.021162924083798 7.677280529441907 1.935065687206857 0.7920379043304618
8.302409594176121 1.41172974693568 4.571212071745413 0.7586208818968438
7.315894951321776 9.42121705177307 4.02691551619756 0.7253115399286568
6.224232387692362 1.648555927083281 2.586666537506552 1.438218969179422
6.434811346763389 2.472054699266953 9.004068852317422 0.7242727390435677
1.128340270277589 7.258549097028844 3.887407356931846 0.9734877643018657
5.966690624605161 5.903990442907027 2.283564865060849 0.7825138932845255
9.045911312916852 1.671149738846563 5.129935757054866 0.8849056747798757
6.727220493396288 9.433147030244138 9.195233269757018 1.586590281263986
0.7535076987524901 0.9450918749544867 4.643266514663287 1.235242508275407
2.684472165024556 6.01128725569103 9.589336797446114 0.9251807266975091
6.563923952464158 5.754752227473814 7.621796720094473 1.046039889309103
0.6477166005941115 7.395492783742003 0.6729150598064503 0.9666529722056527
0.4798154084307348 7.931481347330968 4.244684915402341 0.9748169571811679
8.738883642848718 9.970313611946775 8.231868828034838 1.508756827404265
7.164463693029032 6.255005212811873 5.895963319495835 1.062752313851961
2.816558564397468 7.988038682749993 1.794314890987053 0.7877431127261665
1.979401767144891 6.263414774782182 6.885546353809176 1.048117566930463
1.325089858316162 4.766690497497287 6.680211878249889 0.7572681730256174
0.07484472614180948 7.332147358612694 7.266943451856882 1.397551696275742
8.612425035631972 5.911787951615579 3.974590670314005 0.9690457295352235
1.190553879941461 1.580459595101572 1.133121476422369 1.278337024152771
3.545627304463552 9.002280433865094 5.155053006311541 0.7365674113470898
0.1602235832176757 5.70994523289504 4.811352428364371 0.7649739779460293
9.313781966733385 6.713553487374645 2.57961554913011 1.376857826206809
9.533706778849195 7.934825856771558 3.835475089514746 0.8245292901739889
7.661874092757429 0.5272960753007604 4.089029734535228 1.444490325246448
4.064036287645065 2.83204192867396 0.7007642535811308 0.7961735084105147
7.580514297559619 5.218793735926259 4.277530378757241 1.217622752509561
1.511467703128593 7.451399783664409 1.07174503338844 0.8581851558963152
0.4219657520507691 5.817925256954953 0.0329687006874102 0.7543158225818428
2.809328914402776 0.04295870298157477 8.426834064597376 0.7435246382151134
5.096794003655086 0.06146977542758835 1.041511907617685 1.55612481206719
6.091940447481424 4.939878940904268 6.631265217272843 1.606955936471617
6.476801276049533 3.408150774729407 8.714771706431392 0.72379404563887
8.934109521803657 5.366029398474364 5.634698090431799 0.9630762840428212
7.681950910251337 7.973154355323919 5.878047990105075 0.792212108208132
1.684432347266966 6.200825694159962 2.389221384879559 0.9848379813818311
8.57655166047708 8.3696331372469 9.69194421855159 0.8180998935367343
7.628281871703585 8.580189447760603 1.748633812174724 0.7525582381194584
1.745486451687805 6.111776537361846 9.17773675919922 1.088733180597084
4.873521648512356 7.097927680741648 9.863214136180588 0.7424139372994131
6.342814475275524 6.239831088849458 6.64123694189002 0.9572383277645613
6.751528094768586 5.176130067849365 5.226317471062847 0.9725571748321746
1.407802655073818 7.200170509396117 7.275752195416769 1.015032921113385
1.120386986407218 0.8276348471079918 8.112210860839438 0.7484790292887051
6.660305813023192 9.647244490862702 0.750641032402941 1.438178372639672
1.129155092641799 4.228890796579098 1.747127294782116 1.410963779259239
1.961401313694565 1.274387067373808 6.008239216511523 1.226865546716895
4.221040863716476 3.377559653918552 2.445871700031032 0.8833975790733248
1.400771134507392 6.972621314936365 8.826581975912037 0.7423299510426601
3.184885105011388 0.797336871902654 8.716380712054281 0.9443918260891787
9.820012945579704 1.966301713767161 5.338811772112396 0.7660539803721343
7.024745079672845 5.213672880594237 8.602420087101747 1.150923774028588
5.402955854514552 1.976747525831128 1.707899072757819 0.9711114042139143
6.29088635362208 0.7230853586150819 8.889689088041568 1.001534619486895
8.379230750875525 6.019336566695487 1.133961466286934 0.7456690605298467
4.696365596013646 3.002775511870972 5.747949285281937 0.9100887816893493
8.210540325557069 7.059072543326252 6.236589755262711 1.390145250567631
7.46965821908448 1.408840632469663 1.040039774759012 0.8502111911185917
3.03947542808913 2.180669215519305 2.150232307961066 0.874705289143531
0.06229078918414509 8.039937249413015 1.192024750290271 0.7354474454831703
2.576880284027211 9.967990596825475 0.5178889119128837 0.7595721367621513
2.437647512233314 8.149667658817235 8.398633915149876 0.7699243554207629
4.013235153817229 6.258012681498958 4.778043571548429 0.7983925902534252
8.355992827875584 3.972449484675908 6.028546835620918 0.8694376545952456
4.071644447799832 0.4642919640875675 9.187447647536574 1.060466182794276
3.061126667360521 6.414343258992389 6.424087956202523 1.236912097597118
3.476449675908529 9.047923794808899 9.354520403076677 0.9281324902570685
3.721810074474497 4.603329017625169 8.322872398072491 0.8603817207787963
4.91418772971094 9.223026876079109 9.987406280307118 0.7407777779759567
0.4367508216694948 8.446871539499494 7.071374230137076 0.8190655087721287
2.540171419347401 4.034288005207427 4.003117236857695 0.8362115888085015
8.561678835580565 4.124714591807289 0.4115894547619358 1.021758417783335
3.045334401113635 2.80025208760377 8.671140836401163 0.9975529948104188
8.747388359198018 6.443028125531725 7.501781585285685 1.543453192427211
2.312238840362371 1.734037049070491 1.57130477782405 0.8886495203113671
1.475439926686384 8.128130351768238 0.2139152833972979 1.131722580868513
2.303905013102899 1.57282547960099 2.54758352665612 0.9815951287558558
4.333808608989136 5.472153073663571 2.423561861069616 1.434621893960121
0.4704370915908151 7.609433480421279 3.293184619111039 0.7520019819805428
6.159549506682846 4.040858517158655 3.238104448845744 0.797592030619073
3.161550894204464 2.995312291350134 2.517923208583112 0.7771609854509721
0.4757637703987771 1.645271233181097 0.2405618085416439 0.8680760369756749
1.539457149822692 2.321453178158604 6.049242266896897 0.9474755431739784
7.130312073357202 9.52263443392367 4.828760669043446 0.8369239575502817
6.277515490224761 5.179832678072724 1.463694164999107 1.299947571476004
7.924335582328832 4.83341731346394 5.498131525041922 1.274877814412805
0.8360417444204581 7.725159652360614 1.729262072557547 1.067756352716698
9.908786052598321 3.894705366710917 3.559856711019679 1.285952186573567
1.540020731363187 8.053389774530068 4.462282363488721 1.010973529606082
7.34826423214219 7.235775148614534 5.212572533667139 1.165813018899406
9.307554773287281 6.274581673722759 3.585106802132604 0.7280113253117332
6.912123708474766 4.318340938567271 9.272561138500153 0.965713183972957
7.519591189826313 8.117605037173554 8.718938843010299 1.455097957437013
0.2314049995472122 3.987023708599613 7.95129146234583 0.7699982591652947
3.812389935849192 4.471148047337244 2.697920625526008 0.7735227242247189
3.570331698674788 4.743208284887385 0.986500468034358 0.8753511585685517
4.68137051321121 7.41303979546118 5.42800677775847 0.7912705919898995
1.090497362483099 6.465675663946787 0.5195291175930128 0.7874073046169736
5.639725886385476 2.135890449486408 0.7074789856910567 1.023019921362045
8.688061988196214 7.679743124411758 2.403303794353089 0.7422993715613954
3.985790201324535 9.711867543707953 0.125193951959891 1.302639180778735
9.150705227513344 9.869763329597944 2.550609532270109 0.8774503323410446
3.94954016400235 7.787782377716477 6.918899275660863 0.8929140130774308
0.130236657480165 8.52788024987133 3.437850932944989 0.9790953838489403
5.470404863050495 5.407582029641162 2.950132382327384 0.9971397575617164
2.530709872296689 7.157306723312459 1.417279256012713 0.913692455996571
8.246677184592727 5.510508029887903 8.487084899007346 1.170550264138888
1.709940993147033 9.48311388187753 9.818524491800062 1.451701150683511
5.854715049005851 1.898850247867052 7.754420475808764 0.9446957189136674
8.061991404567873 8.451599109155165 7.47038427792793 1.101154258479216
0.3953569937946088 7.889634385468734 9.70775176983862 1.209444144812274
8.636859095583114 4.310586820600172 9.375278087042814 0.8899537798843852
3.460931695745322 2.503835637681847 6.825334274577183 0.9270925685073239
9.555751186565326 2.237533573019408 9.170604014937416 0.9752396041681554
0.6659375511285437 8.353205399075504 5.37665683669082 1.42538572233521
3.66998463423937 1.603372317262239 2.167247479239577 0.7619880826747784
5.350573483095387 5.718535788520189 1.733942595375405 0.8363887996101597
8.691785483918204 8.318701545645277 1.814790825519419 0.8846267175625765
1.86684823947877 6.361642385496886 3.500030151769311 1.120529073749232
6.182178564936942 8.727428727391802 0.06475809966660416 0.8360716141577917
4.305381271041559 8.582600715556087 9.674569034963517 0.8309541132350661
8.751901517699139 4.722618724668193 6.344515849632918 0.8973305249082002
5.944850864660205 9.382409776537182 7.457485422796389 0.7653552965376347
7.792488930035616 8.708451095544266 2.551839052663632 0.8225390509239229
2.052855912387694 4.102549168114784 8.623421430435224 0.8709729586770816
2.183578641360427 7.355301127062894 0.4786118127082206 0.8430351971138657
3.371879267181805 9.997205893450946 2.338499636557295 1.324401770154733
8.605374349383776 7.922166803796953 0.4669058725807284 0.8879616034730117
2.491837824868745 1.670918143449666 7.254934869972987 1.224624353252438
0.4876607692440071 0.3365475522544092 7.498858777464775 0.725221312775235
8.781073752535807 7.841639070738884 8.912450945468262 0.9861553733994926
1.404706495743784 0.2884259215839846 2.472074294759164 0.9531843981508097
1.687215701877879 0.6644429903202097 5.163753954640399 0.8866131692447222
4.507839108629508 6.473070441163159 4.037435631618328 0.95270453293586
0.7013521850829996 7.121578381061028 4.777264319805035 0.9225041634319822
1.869851674587942 4.05180056779583 0.2695862188513287 0.7597737365439664
9.975500379705631 2.454838796869949 0.01532223071279981 0.8994263167030969
1.988614398435382 8.483707352695737 9.202139196162241 0.9016292677166423
3.489113525578314 4.600617183823223 6.116487382352382 0.9085213557056858
0.8681519824442384 7.050273570614078 6.552929374790247 0.7307794491056432
6.056371549369202 3.695647085044777 2.308820056200785 1.1177927750249
9.682732322099866 0.4797539261012373 7.512283211390058 0.8791606663742725
5.730571353693019 7.086786569123315 6.477653224074101 0.7573216987381912
1.3826409461653 4.762465286847494 5.87339476297702 0.7766761524386719
6.64797646028038 3.129931993342233 1.501710513876192 0.8263135481419037
4.29721963138226 2.373146967710864 7.248994998950271 0.9038891061540253
3.603268352760817 6.779129645161712 3.937873814789687 0.9078305826906221
2.395535107921297 0.2704486987186938 9.116246609594411 0.8755029670856773
9.658146708415739 3.075419682730988 8.683365737288288 0.8518461913588675
1.469392549732067 9.120798864467254 6.220063092534858 1.038131531750141
5.895433464677782 0.7030183071561812 6.791847287548436 0.8039811871051347
3.662084664448339 2.415781487691235 4.543724549350109 1.091214864447778
9.350752852052478 2.671013882265326 3.181578915759336 1.411931450926871
4.554408399508002 4.995997540143029 6.498995066903876 1.415237278772546
5.934128994838568 8.272285902976046 7.139008848110308 1.430459423752185
1.177352337988855 8.027027745415328 6.571074704806381 1.118148551082783
5.123186274839025 1.833329663057887 6.735983408704775 1.203437159770732
9.845587631425051 5.914131090783103 5.719394569696008 1.112635944310677
9.455378540570745 3.757092501142348 6.23901295479115 1.149734057375817
7.581709512474455 6.355276614409657 1.26817841081006 0.8524589696261378
4.92569749272427 6.429322205348434 9.148674754779387 1.080587155748581
3.700086263790232 8.663490384001209 0.4172136855002784 0.8659375416135676
4.28685657002457 5.456884933689203 7.563003786193592 0.8252716169839076
9.422775989193104 9.045356659739269 1.803273033021046 1.047320805558783
4.645619873226991 5.388647706096664 3.553514565691309 0.8096644235933358
9.692341585957891 7.732860073558954 3.04450881704815 0.7862058754034412
5.336200816819161 1.15887299557116 0.3345596330413858 1.009587832171855
0.6027881556362423 2.239265399649673 5.74003194335125 0.9013004149547316
5.831117082758364 8.091793820356896 2.811115470196263 0.8154485391299389
