0.2425979821939295 9.221405823844279 8.833572131282525 0.8277356589076991
3.823136389363877 2.301479432043678 2.45752605945594 1.139249729059312
7.135479336502926 5.028352456357124 4.964572213154314 0.8740605205204105
7.435033016801462 7.476343599745707 1.921393071565137 0.8702516862781927
8.068843099216991 9.401495907403923 4.564686078227906 1.314195572571493
1.713109398396627 8.059553132868086 7.231979351515451 0.7790715423172816
9.861539003932684 2.535956067402291 7.3219641877877 0.7449997037506546
2.381874796397248 0.7984926655700485 1.405074846131633 0.8735947307005488
2.086229152593488 1.603979768619286 0.9441528885508166 1.006084566888493
0.7798889247101437 3.245649428155866 6.60949886692498 1.018573020537006
3.668102154221434 4.81058162602345 1.149906562605688 0.9698792771378886
1.55681981764792 4.304468077461756 4.473583543487503 0.9670211884923051
4.130979330046078 6.92564445633451 4.14089491791715 0.9624189047066001
6.435699974947473 7.62151591379685 1.624718343063136 0.8781893590407701
9.325199497442002 7.108583945595977 9.105134426976793 1.097558000625118
3.042541549345955 6.850942627832408 4.199892625498514 1.059067795299026
5.730636444223035 3.789729402277755 5.529259153489185 0.7627278868992059
9.121614494226954 9.279079226508166 9.099043510873688 1.413551683938035
1.016169640266862 1.154137531678995 3.32526138003136 0.8772568470337163
1.657627575708468 0.3125239284612613 8.584728946999261 0.7997982180702992
1.002482363661209 8.212094211918238 3.784334041139795 0.7556645003258233
3.456724744330102 7.05759850187169 6.749546797526751 1.159047367141078
4.901892593583554 7.216369487594569 1.410450480168306 0.8463592128878812
9.49494650314171 1.80206774294044 8.447974771614849 0.8494601503335799
7.423689160746547 5.780519285859858 9.105981875791466 0.9043344365919865
8.440062589347255 9.054909119573285 0.1641709227480048 1.047621401376175
8.307720134074255 0.3326929507846055 1.193075734430638 0.7422366199457716
0.6019735986886131 6.309602191935165 9.473778742375153 0.7408322280607679
0.645674280862315 2.368524432249312 6.823517981104691 0.7647088172713842
4.78750482723453 5.613010002934377 9.93139859234396 1.023682290661433
7.696762735273617 2.749644713860576 5.484385651478063 0.7248478895811262
1.630664397536415 9.969739112238161 3.418476708017189 0.7934663684602499
9.54416452708687 7.539474187834567 6.45526601941642 1.267207267857109
9.451662344707223 4.249029022226489 8.057213144186596 1.061198161740949
5.358962766056458 7.17358177846861 8.440027951543033 1.40143228947937
8.866028498461931 1.459504681199682 9.390218095619565 1.464905961042183
8.292806459703522 4.596429672470535 1.172512905104298 0.867831521796658
7.732645912286396 3.358750800062451 3.518896464382328 1.012432760039963
2.240088679544294 4.839516803302735 8.16317893329442 1.522913394165594
2.943226182520208 0.898948786172764 2.720006614085104 0.7994265640352556
8.527211418061267 5.831649489508161 3.800050939195969 1.469767990324556
8.525421997083882 7.158663182008191 3.872162106422269 1.060457648798765
2.595942810009916 4.591450298123868 6.901422206703614 1.093349145132058
3.572241640249988 9.353082227969972 0.4669660829256983 0.776577959899508
7.939195562986678 4.4193419380853 7.93198048865953 0.7262895237277707
5.590009429616307 2.686252291537268 2.094171759360195 0.7895450341067632
6.018830199787621 3.619712387147693 6.954279281156907 0.8673769204729487
1.32208742229357 7.78029647454749 3.205824937541073 0.7579124043247289
6.000567792301638 2.449974873540156 0.2266996651898923 0.8420721961286449
1.805330716353769 3.402348842820977 9.919591402727647 1.276617286392611
4.868312464287657 1.969795521436219 6.539928067098563 0.9898768158270592
6.493821319756767 8.234783467947803 9.175782053765497 1.038038370285211
2.35263269876287 6.604753205882385 1.660497973121372 1.042850183219346
9.973097428652595 3.469040987321832 0.2466530930249722 0.9539337270582071
8.037968163063127 3.661903775436601 5.534915505630496 1.172387010554208
8.932171798181139 1.784461450622537 5.946838466298768 0.8921910353827585
3.61556951448597 2.7654683731111 9.639445500469568 1.203291598058494
7.613685819836677 6.755337217716385 2.924796629448652 1.564570619170169
4.431136322161061 5.102888591058464 4.090882907478839 0.7857206199717891
6.190221198062447 0.388958617774714 9.282521810487161 0.7860172186885862
2.658933266767143 1.725364629637914 2.010026614339791 1.363993120630556
3.03094486499617 2.925549660885579 0.5393705287738026 0.7784245677193649
3.247982702590115 8.16966075028672 2.326040905989033 0.8747543731793154
0.3458029346463531 2.853763327038275 8.707670069782901 0.864452181221686
9.361678746968584 4.985803916058196 2.883338572391424 1.474355495610296
4.808149732284849 1.24971606684143 0.6939801669366374 0.7956928778430473
4.50424538427583 6.553941626995367 0.5830310014943529 1.294401714002798
3.141478209125699 7.866460467290318 5.904068136445978 1.205246556621919
2.577370151641913 5.993241158558115 0.916908232591136 0.8410848801282851
7.979984597163339 6.27045649106513 0.8527584933519117 1.200952881347173
3.746274995563466 4.295688712599213 2.761665283700909 0.8516309611373432
7.795474352205853 2.954180901658732 1.913622500948993 1.15408514708081
1.593020938923956 6.008780903994669 9.028995606984601 1.389558402041148
7.418284278643092 6.854027575140604 4.443178879219528 1.451452243375315
2.233189166957731 2.696642115728512 7.420347572162928 0.9758067100685521
8.514540024353009 4.738867513133818 2.078776945268903 0.8473249525808546
6.792764793892645 1.704620558872576 7.103303695492659 0.786824714998868
4.268377679337768 0.9999995653900196 4.651345801036685 0.9305901226852266
0.9099637184834286 6.125224826900699 2.38059548601558 1.06533965337883
4.914473520964736 1.706192488784966 1.969520658136723 1.325963018365957
9.388163736679296 1.606811814451752 2.229546412423283 0.9033062748814937
9.807005152980286 0.3523109418210035 3.882713770503556 0.8446453970587867
9.71955367076116 7.036202693336148 4.073717640309912 1.282979779466172
6.843819079661277 9.038380252845107 7.632199310849315 0.760361195060792
5.835597302461624 7.769780030648157 3.539147252927823 0.9314971703181465
2.877317921375186 5.745668849781462 9.088832396178439 1.064930933085404
7.98288783137839 9.038873481981021 8.437218888092321 0.8387430508801708
6.48180730707502 0.8277038824566439 2.775944140654703 0.890729813379607
8.172774958997259 0.4493832275027131 2.726042561404517 0.855451073139275
8.109130471499403 1.147529934397635 1.134541059345162 0.909817877905312
8.292120230713726 8.918828277741392 1.234772203542847 0.7949382682011691
3.975690249378319 0.5312689879361832 6.254278977077031 0.8495506304091538
4.973185107007033 5.732968283165961 4.199546891426535 0.7536754959406201
4.865186157938191 8.413993564469987 5.155517150733608 0.8714423833768951
5.698797324813032 8.11422868981974 7.810191879500707 0.8562852725744761
7.685041451734348 4.973287780117077 1.962856005041725 0.8346322814433736
0.599388314060314 9.919711973383688 3.400084918390701 1.168563089383101
4.433146543317704 7.609184109251668 2.409428873728143 1.267989086627376
0.4205245754410025 9.908029894226775 2.02985361801879 1.350846815935235
8.262088787982794 7.590194773520393 4.69342064006797 0.7804029803900047
6.486183564825871 7.26247575549068 9.033453631660985 0.8543208193647647
2.615566935472723 3.097933321288128 9.171367252831674 0.7985715925399207
0.654891154254067 2.295247143820839 6.029394941493524 0.7488002309212901
9.937621920262956 7.257167486667425 0.9290384394442297 1.093116613058817
8.429741418583617 6.358231398442481 1.979343315520564 0.8695090013706933
4.185790066039234 7.866146802520859 5.510960333490577 0.8312883077585383
9.478621316845215 9.829736593764689 0.04082559902422345 0.8212269975461189
2.348048471837342 4.178450797250209 4.07579862783136 0.7870717143132904
3.455926878973422 5.639767183897303 0.2267097619695468 1.420925640683545
4.526447563638772 9.823834607520791 2.233615402129052 0.7534536921639733
6.309507940944015 9.673702851037799 8.036334634216789 0.8863833033413936
8.412749509742282 5.454761485650046 1.478327361911693 0.9396315118274938
7.74965573823895 4.056999262215957 1.987487074457157 0.9718724276398196
7.923218395754554 3.645346638264312 1.02424436430575 0.9995054613197317
6.819155520877582 2.642375898103649 1.053725041904552 1.467209265522403
1.993181251546815 4.40818203310968 0.836717803338739 1.052578621451106
7.81029865637626 4.444419494848629 0.2378402902841625 1.197508403173159
9.992609975237045 1.990539239524802 9.383250691088532 0.9368642369967171
4.137049430313789 0.8647936290961411 8.817858817659499 0.8850302731236321
5.381376130596871 1.237778393480691 6.559980562325489 0.735883338431376
1.387766750050275 8.940629322125321 2.785371154314844 1.567111735735913
8.66702646520825 1.506006320209086 8.171961994083965 0.8795985963079467
6.681252326363302 4.667578183346932 5.885682801724053 0.8227692927870671
0.4424164539808983 0.9775142029508144 4.030016684685031 0.8381608378026677
4.528270208884124 6.020448886120249 3.384493784780926 1.11261854852093
1.194693629073318 1.596347169745349 4.204188402457635 1.055181589078914
9.406620737243767 4.908492862617987 1.451918367742986 1.276254539853388
0.8673638297397146 7.16995641797452 3.760843442174391 0.9142224743115986
4.182441383046487 2.942087297404227 8.584645892158214 1.141511204779875
0.181329109831041 0.1449161477001237 8.830017489527354 0.985714348988852
0.2418403308636652 6.865328285411733 5.995150771304496 0.7563351535595735
6.389921522311548 4.802624876019397 4.06832111248317 0.7314255630178367
0.2514820764589598 9.541145902305059 4.470089517646514 0.8869526807355821
1.085135133098062 5.698490049522677 6.582649318873964 1.065117799158714
7.162964114156594 9.480890339544182 8.357952149081973 0.9134248003016882
9.852154490543123 5.077881999103264 4.188118729951515 1.191682118574238
9.726681683851446 2.493488909901675 5.306876477347133 1.514827025761127
8.829839847426895 7.986388305037451 9.712594923614819 1.210289723210658
3.340005612339239 1.211723643551316 5.363447994576306 1.400883307456406
9.758564448759111 8.283946877381023 1.097922745330389 0.7369403983301008
7.983546329244248 0.544614101272941 1.894220754247227 0.8065518762945209
4.543490107264857 7.48575842790888 4.798075375201623 0.8932415697832473
8.34155929547323 7.163953452975877 7.112059961002858 1.002991754708549
0.4473554601736141 4.765947133287014 8.406336019368469 0.7497836757379724
2.869579988528179 6.393214228296295 7.357403752556483 0.929882994668882
3.328402677120386 6.456659495089349 3.420802802958661 0.743962672592419
3.194947473243227 4.76889083615366 2.088998777542345 0.8992366301399236
3.693245376574688 8.819839283495728 2.005520807128077 0.7346102912822504
5.451496359853655 9.266036185715281 8.876524325843416 0.8506752440934197
7.142357998607932 4.796790412213108 7.717557536032794 1.047591779171564
4.788772681202703 2.121844589191822 0.9154749589009381 0.8506024453187079
2.120525441691164 7.63289750945746 2.387682513443963 1.462059180572604
1.806153457831163 3.602467297858112 7.053766331593191 0.9702950090882965
1.066960789928071 1.32683028240665 0.8685652223316331 0.9320655046729047
0.3030663613180817 1.437293047934151 5.565184210903852 0.8959639644207232
8.999792894891844 3.390045425345838 5.524157438952596 0.7456361860694297
8.296596359386522 7.913543875369657 6.353031141085935 1.045800153140119
3.230633494283364 9.553902945979146 3.524480518322098 0.8127844160623092
8.104994401059775 3.509573089607911 2.67770215405319 0.7732083786212506
7.411461852606419 6.958940253034948 7.752852756027219 1.134395724346547
4.291675330707124 1.095031796303792 1.293365232077389 0.7571231374179034
5.313371373541314 6.327339690550499 7.32205182328746 1.257609797941471
4.091010162707652 0.4086013889700457 0.3992873631944127 1.428445105745128
3.684841962673692 6.661224551217307 5.35658124263607 1.555527535230278
2.117048819513604 7.454454187279776 1.19827298785176 0.902511423861815
1.395481788261677 5.448793668821764 3.831048463762702 0.8349353802708992
0.6795538596751571 6.697385759783182 0.5831922047221816 0.8233839849017813
2.531101861675034 8.79843920630791 1.02563299991007 0.7303683897169548
5.54842171098506 0.4099816305738768 7.473049481457346 1.448187654416015
2.110512813380102 2.654707438447432 5.295073846961302 0.893355666859275
9.970248181806703 4.817727263437297 0.1804276720267528 1.426407740407194
9.62130438467044 2.807673929735652 1.066306133163059 1.154138158144714
7.113012028333243 5.558374593117544 3.880924116213093 1.357352136877681
6.090710241957839 5.150809118058447 6.416566377321474 0.7293071864843662
5.980494693972293 6.528434390306576 9.114572061408886 0.7432257093393206
3.442146882411217 1.34088339161693 8.747453469241545 0.7594041250759961
7.940233231485251 3.009405190410349 6.574645625837157 1.138185280581402
5.634999378758132 0.9103703337929514 3.575503854000538 0.7866486109487747
0.4865735836694374 8.660240771522107 1.769860701254967 0.9326716492192165
9.162342082441127 0.1081957192343552 4.391054266952992 0.7821370133427251
4.578987721391434 4.906046173330903 6.401055065259489 1.293761394022033
6.044591070596262 3.319201602744063 0.4052065337324406 0.8651667937893299
8.614041414711707 4.897739181532684 8.562241107587433 0.9107393867078551
2.954941307188187 7.991429396961609 7.081652413128658 0.8894218230634466
5.336329338655972 9.743889869847338 2.487534591472116 0.8775767825287215
1.538358780088847 5.099074124440901 2.78404754585037 1.299072001371358
7.765373360259813 7.314311889721977 0.2573358773932665 1.034665954006325
6.214072900629434 7.580563848163004 6.20842001437585 0.7741283297370258
7.013785227299629 9.722839246183536 0.7988818533517926 0.8726248373888649
9.547905505728604 6.021708316553341 4.404797190930928 0.7908707344664392
7.371841113677475 8.259599852719397 5.919807952453169 1.038168490573759
1.315875659897416 0.9323010697294487 1.71233256815045 0.9393635151980166
3.736554324680859 0.9569994343884791 7.221305472459941 0.8160659437146874
1.234596321203842 0.5796702167636125 3.928980290980699 0.811636634874729
3.668569276454848 3.778053187870992 6.530182563113207 1.550033433820745
1.37190655954883 0.4715426137424027 2.610394288719403 1.048062717893572
8.54143161151581 2.689890169194125 5.749935366820252 0.9219681196154204
7.746176145710623 3.349353198711547 0.08895620101304846 0.9148611677842686
2.072693157379609 7.14928591103815 9.552137769959772 1.109170031492154
1.408485448555393 4.659938012855078 6.98017162671943 1.161785687145845
5.724423259265047 0.9132655260459188 5.617146640771065 0.8345663603109975
6.985499526513474 5.972920873086263 0.9848759971966535 0.7798566972862934
4.319196960112102 0.2482914210893638 7.263266098804135 0.9891318758265332
5.083910998323586 6.285709957122203 9.076981352187937 0.8107121994081952
3.292394920864376 9.148921008209324 2.727705062570527 0.9042888900025023
7.339423661470708 0.7028560428185359 2.483872574903017 0.8970522047972942
9.266635406067451 6.883389685515465 1.658274819582299 0.9889598995538801
1.823477489406178 6.582999140208496 0.5508040685573079 1.114471258432622
5.360911545340756 7.177372595847257 6.471749205330743 0.9385281890239778
6.827586182112239 5.950387946988783 5.080553338597589 0.9987517238354163
2.80610769822902 4.967150863090773 4.211900559424344 0.9161248207189395
3.327512284367721 9.309772500409789 8.543411279390755 1.448279552260466
0.2620410561639708 3.768621022803667 9.439515958780277 0.7775436537541901
1.749898814818914 0.7091036108438298 7.800759652303194 0.8970315061950042
4.156276777920711 4.861454093448164 2.003510411501024 0.7600187349232058
0.8537755886216869 9.331595844185484 1.177233885513065 0.7749234757769813
0.2557054627189558 1.865653860320186 2.490219483246316 0.8128762766813157
4.062425767373479 5.14517879215638 8.928587926982026 1.478648686977681
9.63788177831562 7.399347139791713 0.005703084429093952 0.7916097213434152
0.829112666902353 4.612083762845484 3.680493417522928 1.102068030048173
8.222967256755453 5.590704427463251 2.526609386364499 1.022742885844414
8.866234893361291 5.100602669002006 4.855759804775927 1.123304950091276
2.815638716435957 3.778006389391227 2.241942761809171 0.8646525240095173
8.856610988239117 4.555511182646845 9.640008547838788 0.8198459612978896
5.025642858276325 0.1271475883639583 6.169019121666515 1.331890973900628
5.490752874445826 3.656499677228412 4.648385489470976 0.8781035007047527
9.663007706961778 2.883088937420563 3.900867258234036 1.231932354383545
0.2771671945757947 3.270483181541171 4.643799591893377 0.7448580856997664
5.227529018868174 4.517700159630062 5.490812300509175 0.9782683359348175
6.474189850438949 6.795437737588251 3.598037164584703 1.010115890473415
5.749152436756937 6.633089054852603 2.968267141865375 0.902385320850645
7.280961293935186 5.424847947903203 5.915280503769997 1.003613115190159
4.925996548115267 9.258722856059219 7.100453376559765 1.16755973766888
6.50294252180336 6.378762325365022 1.936274558121113 1.381144737522206
3.206566434101505 0.6454077508984613 9.173228152235779 0.7879993839264228
6.005909930969214 8.279190354902841 0.8868035388363238 0.9773633879331836
2.341155659001772 1.74846623453174 5.320954848412781 0.8134857559996966
0.1807475848875917 8.293586968111608 4.590422703584447 1.50764344581118
0.8134071785022368 0.6359069943003848 7.001135832763953 1.502488569318255
2.964763099042454 4.096535343706509 1.387453182373932 0.9070640936091448
0.8435021401257192 2.430578566472067 8.139809292501171 0.7676120318191422
3.100509400369244 0.7428988328143571 3.566747830152606 0.9087452291436442
9.741270061174903 7.364907236971318 5.339985977501309 0.9449031321514508
5.899637947856913 5.398214239415402 9.951220519765071 0.8534966203495904
8.363759870457155 5.783148563391017 8.610768222132467 0.8562824324528646
2.254796050050349 7.982416761887807 3.812160478244614 1.394507019845963
9.241467516156211 0.8957777588957339 0.7111641576502536 1.2190849360759
4.933891458103971 2.830816895563356 4.571136115610276 1.02015647482785
2.822638787412797 8.897487068181904 5.72794929074068 0.7968834031311232
0.2090400516168966 6.032382799680504 1.339055391319134 1.356638263253983
0.3709988471076342 2.6533541026096 3.126937791667479 0.8546653023198963
2.776744046609674 2.942361532318445 8.357883100154814 0.7993748569336755
1.554575694277058 0.1297399041591263 6.122149898581319 0.9272251005329137
0.413397128103703 1.989245995769129 7.560149823412693 0.8500554903861434
0.4591066905207863 8.957819209050506 3.657707232397186 0.8085770117039398
4.385388838211597 6.700005387680478 1.82653657357824 0.7965697928580667
9.597614347636769 5.699629298789477 6.569840296638573 0.7292131596675019
2.568890209637119 5.55478679548164 2.275565639982601 1.098925127173024
2.756622914679673 5.152500883890201 1.235984939953787 0.9317420088623504
4.840116912739779 7.872498253125575 0.4727594769311905 1.371558360220213
6.536541640047602 6.001330164595544 8.810695132330149 0.8387273510092264
1.165349314617488 1.465403827258513 8.143826828736229 0.9672887315595243
1.08211528890041 3.210432956512181 5.378460005096697 1.389840847377136
4.651428047664967 1.265055334747099 5.696021818808823 1.195912221967935
7.261268641765271 4.256168707281867 5.398212368766967 0.7667421019730221
3.234926231347202 0.9123037242349541 6.536855087466585 0.8091631384243929
7.914202994143508 9.702473678518277 0.8500163468123534 0.8258419024479563
6.88114594931841 2.372699224330361 8.086727551832073 0.9556744209739132
7.290572643028783 8.265012361453369 4.69716181731897 1.356770570671703
5.051209003571012 4.815957988048068 9.6020524350306 0.7281962813078638
8.653192964285745 5.460546848438619 6.97182276308614 0.7818938439953707
4.570410806498909 8.446381995008331 8.149490289049051 1.523298729292747
4.486763047371769 5.353870912292587 5.130200463964371 1.319461802313138
8.805578359155753 2.358828145829597 1.76927254148074 1.077839423304044
2.923378654432358 0.006130407023946516 5.980031597847444 1.362682941793603
2.232671767362822 2.533186909468321 8.783588052383669 0.7423969712805335
3.154563379078394 8.020177132201043 8.315182342649441 1.01489345214074
9.905756820245458 4.0404722979574 3.688736314018134 0.9865618359623088
6.077527926323383 9.878922747561621 3.351277122031189 1.315254908301748
7.778592721066961 7.788267361312655 3.754251876284733 0.7494919861787446
7.646576345844367 8.921912715256706 0.7788227055325192 0.7596172743175491
5.167091412705605 4.652019744103404 8.8067888755262 0.842649647098098
9.73327120994472 1.676214238931159 0.3257842317536541 0.7272852629811779
8.446521524467364 2.728870325282378 4.537798064367914 1.44156573307325
2.187686918174428 0.7520508372169465 2.226599936892428 0.7364460438962435
7.591656309848444 9.603009548336098 7.422320753235248 1.117534293227712
7.302284933808336 1.427820772317264 7.750617024452606 0.7857054737186244
9.974459542301615 8.139506379116474 9.159959381854444 1.29232016069895
2.016984930849608 4.854562968330871 3.832226191111455 0.7533796606599579
9.309981001260907 0.7946377028002127 6.097308617926048 0.8654087291826134
8.32342865049182 6.42538569957682 9.568014548417233 1.407597198568034
0.2392167273081902 9.590478694629466 7.808138669029561 1.300394843594007
3.024790788287594 2.412045424197552 6.026457865501174 1.313841928560619
2.793393371592483 9.074907957046223 0.3182791800396966 0.7533006438644371
6.682179720935184 2.125898602537615 4.15550034059013 1.039279849041207
4.047993034351936 7.977677094950142 9.662168109239897 0.7652811363874776
7.469079706835375 2.5657341653232 3.908170126846316 0.7923842461854017
5.461594991870218 0.7325332502881821 2.697163714670785 1.007788327430189
3.563953818068961 5.977790947043683 1.61225978244024 1.37896518063093
2.412204196059222 2.254936293497626 9.915562963329343 1.259567471091506
7.712124464906561 6.729604674123106 1.732048690504837 0.7264717012026569
0.3919812753679874 4.44612860080563 2.835262104453261 0.770000354773382
3.217714567303621 8.881852169419776 6.633791818649438 1.067994658363951
2.746222543899347 6.896435717365326 8.568430361643443 1.256754947333206
3.932576675265055 6.565992482010599 2.640249624540199 1.046268027591036
1.123843238700184 8.905246938150484 9.738848758166929 1.574107642143707
3.79568015759829 1.748282024560646 8.198343240634106 0.7362540008292208
8.630439268080485 3.077133824192141 1.045138008761978 0.7573416507598183
5.347661846321333 4.254106851604881 1.37572722288278 0.77425573174248
9.157853650226432 7.906250331376084 3.919856214536888 0.7662857874605237
9.87957770555027 3.843834838012997 2.786013609738055 0.7825049120062481
8.844962341619478 7.127123948755703 0.5665282232760904 1.14854483960712
5.482041444758853 0.6158193387830034 0.08441748658194802 1.243405145954854
6.704314339851397 8.893863710829132 3.872436772542693 0.9093358361712955
7.40570308580889 2.297905612148221 4.850979070915006 0.7278013627331056
6.29330887873493 7.500343316312598 4.523603786441641 1.105034012045201
2.835176265621088 2.598393248572601 2.595105498628384 0.7239103151514918
2.386341951530586 3.126663657026649 3.51224936327535 1.50897092497486
5.72104362770335 0.06595897228916292 8.539721624329571 0.7528773825595499
4.467674912182073 4.000306790008232 8.246105157570607 1.069783563998465
5.908194378576511 4.595879546841092 3.490636724445327 0.7836938457471114
9.08425313373737 4.126918885694809 8.942217705620966 0.7464883964167464
2.837573774118019 4.767654198486386 9.330105401710773 0.8984184818864389
9.232755876032421 7.675852622544216 2.250177678786761 0.7549784316890529
9.434972310631617 2.377407165431636 0.01956803775056026 0.8704122913421277
5.418632605000297 9.291675299462323 8.02399060175728 0.7919463967408232
1.20261176921896 6.684423837019382 9.804548086795238 0.7324378665389865
1.135537720085752 4.096143963154688 2.894404257559566 0.8107098262732234
7.57185277168128 5.534496137171298 0.03037349781196075 0.9380472309437744
2.370311036516895 6.248533297225895 5.35467940768697 1.07305134982318
6.526240428132373 8.364117818258904 3.159094336641038 0.7755905160092028
9.132714816276469 2.412452289614708 7.75770527875236 0.9302913112231184
5.31911329344563 8.898325872087085 0.6409093093474627 0.8370329940564251
8.868894541187988 4.434117960525532 5.726154877916694 1.009290338555901
5.568759365651767 3.024977688735495 6.242226180800079 1.062360029450982
7.92738665179012 2.718976475445618 0.6981394246972805 0.823923387637563
5.197124881287833 3.50214396545089 3.582858900347878 1.277288865376306
7.479417476836754 9.119136824784533 1.723193539294861 1.037854310958651
9.380131179049592 4.660707004180888 6.812753342239222 1.279502080039844
7.1352005908581 2.419502793451439 7.116673862140243 0.7385730194438072
6.160059846715333 5.938041232553961 0.8030869841393962 0.8316106229771699
9.6716955729961 2.138175425472614 3.033282961017766 0.8262053795440986
7.860063986327779 5.712773496712797 4.916738796301226 1.052487060844151
6.43524829243144 6.622472304181028 8.152448319346425 0.9238885640626097
8.36768494121465 8.28190729360519 4.152891254742676 0.9476169964467055
0.9032134997840036 0.3980104850497012 1.106534252107366 0.7964411079564837
2.937862325469095 5.969268018500864 6.34433025768752 1.182940141327665
9.179429566675118 5.43797645219596 9.227990235479043 1.054317829805475
3.469458323038254 2.564374561212273 7.521488674982095 1.413639733813975
1.620624393370399 7.225005809471808 5.639759191806892 1.279883149816836
9.277475108328733 9.418023315698761 5.339116707215653 1.416078169931513
0.1177655093190544 9.657508416648787 9.555939889282678 0.7238820642830126
9.159424112781704 6.779937422233551 2.841621406812108 1.352081140111404
9.597257783399007 2.416926711623921 2.276464946981061 0.7445054345380518
0.3707955576769828 1.82690394008525 8.534039107793118 0.8134873592309376
1.437980638621857 9.183451977394332 4.368390507407432 1.55155799109281
0.9689017009807354 7.851282412025907 2.172394519702297 0.8818204663036104
8.102931798977261 8.236119869214441 1.874107504442917 1.071732549615982
6.071217896687548 8.470277057106889 5.455573758849882 1.497426754268021
2.669835560492976 8.554590669178072 2.937552266227661 0.8025082721097961
3.465745222847922 7.462117155159647 3.248932805269958 1.244059365575849
8.426199325913455 0.2372025427217106 9.956399653335268 1.296962375296355
8.816307489873727 7.555996643084196 5.619609485444817 0.8113564097053124
3.966242446818015 3.08181293529478 5.263461086068238 1.351541111908577
8.576881417405275 8.004122740609503 3.006615182530315 1.316774683973458
0.3460255794662959 3.148579867873897 2.070112108491065 1.320783173283389
4.495544904770351 2.829568661245109 0.3034633769721951 0.9628183296378559
6.225565258230913 1.504457983283952 7.806163583388612 0.8449947335298574
2.316619521429061 8.124375108954917 0.2641120539530584 1.302580900708766
8.806484464732073 6.550768107208566 8.46984504530367 0.8089826649108641
3.591218560033958 6.26121235262787 8.698187374873326 0.8210665826957775
4.797971991747589 0.1084098807435219 3.238762179332699 0.9268458206200159
8.721740603781011 6.635173900815247 4.992005085390153 1.357496427957896
6.709619138329203 7.794475738407335 8.167860985968925 0.9843925878261295
3.013842687424315 5.439201600971153 7.175714453069209 0.7533062414342802
2.17660418234964 7.163474020830479 6.892020087569088 1.278360784528672
8.066071737213125 8.678841833490678 9.201556640542837 0.7772576561995678
3.858412749581247 1.941781134731424 1.416427438898775 1.014897458763188
6.203682227723852 3.909589179591671 3.96858248575358 0.859919232355795
4.444519628436907 1.402193142265376 3.368445088915244 1.599441207362287
7.654637163053108 9.882114369299522 2.356207671764101 0.7948649613499937
9.583271923977904 5.269703683488218 5.828022340416513 0.8956737775769577
5.392874531460879 4.844293059235617 0.5961893644360672 1.083225731779675
0.5547085059836232 8.510117830156533 0.7772003064145204 0.8782865378378353
0.577674916239751 4.937191560641671 5.927083870673505 1.114404054135874
7.533806249196256 0.576090085814257 7.437058332480321 0.7670500503968879
5.710617152712867 9.32454631754492 6.46670953428496 0.8147835375441073
7.755345947727464 1.316461171633907 5.965376095120841 0.7285291342725663
2.168696709589533 2.949634429668628 2.168646489004284 0.9427515678608654
6.685260173819693 4.730792722857251 3.280499932752581 0.7700731237436304
2.688573034134221 1.255497141389877 4.191111221895945 0.8291923416890129
5.066116217474444 5.060509812313523 1.794113242489329 0.8835835945742436
1.426608275709932 2.439982862691278 3.566319358129906 0.797873554433158
3.19017375186657 1.554042308036203 7.054524328320816 0.7950972216036022
8.49911874614925 1.089486824818603 6.484330751013904 0.9890188203460706
4.507907446513598 3.850580997071533 9.492168728892301 1.375875795504002
8.845685369208242 1.440134497144013 1.470715718125973 0.7768499460211439
5.9183867256795 2.360034494258287 9.230221818713478 1.00532982234134
3.396114187587641 7.231791580202556 1.953597696951256 1.080384191278881
4.447119227365939 9.110997145135851 9.654242436138253 1.592717355588571
8.162737122163616 3.965672075129835 4.318527806485645 1.071843312860789
0.01581570055005144 9.289444889500107 1.172986241258346 0.85864880252525
9.593825085806493 1.691823436997489 7.609103911084956 0.7361474959633157
3.413850962148512 3.809357038531986 3.370617127373291 0.7251136022386544
2.95149266692471 2.312481833525086 4.595973664103262 1.336291316343606
5.04928566431539 2.341469909904926 8.749441358214966 0.7499196412246207
5.749972732542355 7.434519766021752 9.698088326754302 1.122450782861047
0.4865983099577231 5.143350178112711 2.207790353658567 1.062015574008251
4.595749572707066 1.963880780123215 8.139306134412042 0.8738339215925205
9.286931966983783 8.955137661573366 2.123929816528618 1.544596092690802
7.216660217841519 8.945853387213306 9.328941279248633 0.8727300093202423
3.807761868128495 5.627829035876907 5.959338424396476 0.8004855112356407
6.139009110860227 3.12682330984443 7.729220956742508 0.7687320092908233
2.069420572041333 5.726160783633297 7.113201191024192 1.12955067972521
3.089586983005909 0.517269943770402 4.456584601604156 0.7841996348391552
9.7226615280802 8.726825012487215 8.236960429629272 0.8414641426276789
2.124041015243977 2.76071522983493 0.9309571919257531 1.042639777907389
7.339784045986239 7.242829912609383 6.581458614467546 1.226835305085188
8.944044327409566 8.012560633496449 7.283765081667577 0.9474423917575721
6.520149651571384 2.872874394415055 2.359030763712545 1.012915416837046
2.372917599452544 6.013258323463921 8.104372418085779 0.7815523470623972
1.941702958360898 3.812191070976109 2.571312407981766 0.9356353033713153
4.401337212308431 3.960895175752508 4.435246394864381 1.148704470533044
6.27825848049081 5.541172537056224 7.554980062141913 1.184244690623146
6.718834808554337 5.029619576769579 0.5273407630536241 1.241161086908791
5.324986517580972 6.839833570325248 4.059430316744181 1.372606885110129
2.275374382675319 4.031245240595088 9.180535175759093 0.8216882147588738
2.475599999909475 0.05710647829759607 8.061140147108636 0.951555639424339
6.122894469396055 4.209727418717912 9.512420343395101 1.572619211467012
5.571562558063037 8.277851695899304 8.825228117270841 0.8479714809191431
0.3208297585617048 1.657698153855691 4.666126801817777 0.8388559079927613
8.307461505792908 1.51222336835012 2.165000547851961 0.9376462150159983
2.350278346187586 8.89119998820901 7.569991562478027 1.379992869803887
6.452535229552963 1.792057162948524 8.603624713831904 0.7429938130858782
8.851922357558079 1.308192059561272 2.835945588853118 0.7831078935622989
4.025022289449414 7.25793090903238 8.802976954028631 1.315605127556198
4.593467564015463 3.067878942970687 6.17934196267715 0.8305195346613701
5.834539596275079 2.358349237009663 8.148240025033477 1.043167304866109
9.424906731149447 1.365369985933353 5.37532113646904 0.7790091136580435
5.763176047263077 4.705173343572977 6.95459259416108 0.7322176170164655
4.564573639643476 2.98999977959524 1.609020856730405 1.379727653071416
0.8973115991874203 3.819507324308911 7.409624158847811 0.9121883465413578
8.2275839340339 1.991742305627896 6.527912197533308 0.8492314754375291
3.067286329892541 9.808669506148455 9.717663212745656 1.10767559747694
9.09597742032658 0.4200121318578787 3.277127287564034 0.9391422624505902
8.816720425449027 8.123805000237819 8.45020199629643 1.253898313578915
7.610316759804401 1.444474748501163 6.901422963924739 0.8957506337246985
0.5820767357521961 6.095535075863997 4.204139674213621 1.208079807342345
4.274828703724187 4.126889955720366 5.508691569938795 0.8416838622789282
1.883816041050964 6.306417601528057 2.541453861719027 0.903717504440619
8.094871693532724 9.723413363756714 3.384596127476319 1.013247742265242
8.867946183477432 1.734440421160346 7.186436004219617 0.8124070732818313
2.146997633079257 3.611189163189554 1.501801787235016 0.8841316408422629
9.22478016857983 9.130549115078683 3.689759322047588 1.555785873754564
0.04342754373885094 4.294670183480299 2.104310415448315 0.7965390845021234
2.692472458203942 4.537075823087293 3.051923886036441 1.237958922477432
9.113230968297566 7.676796447077974 4.724611505386551 0.8545350661835062
0.2011731870059708 6.493321505477746 7.02783782618766 1.300564684424851
2.247240119143204 8.209556832120324 8.977202873908684 1.184800645914051
7.746565686684523 1.002003941862537 9.603220932067156 0.8241316465662067
4.533388339261651 4.107063763780459 7.276148960220638 0.7686119490607086
4.18918157438009 1.768310070774324 7.250009787666103 0.7622779960755005
7.567329220865565 0.6438230805227085 3.445720242706998 0.8676984941461406
9.684310969150067 6.229177291946632 0.04004936087628974 1.380429458415134
1.723734636122048 7.335499262152561 8.565587432904186 0.9313751571900235
0.4338944640322895 4.2716612472109 6.756627784640716 0.8449227969770785
5.002605619155025 0.4369273603892188 4.178884025910122 0.9446223785619425
2.965035872695812 9.381220356648328 4.677062390629197 1.481473802889835
2.426135470496506 0.10874534857372 3.878437328328344 0.8776690200764548
8.636649890786668 2.288172055175276 8.578969266833738 0.8142534036157946
4.842612517548156 8.252583471547901 1.574519976135763 0.8320166140354213
1.187136209786845 6.933789817778546 1.51476904192234 1.25522361601901
2.590004716597185 7.204602360323925 5.044465899244466 0.9122726100848612
0.7968174251106729 0.9831773424357292 4.828265351427845 0.7781894411068445
6.747702241187882 9.027858047981519 6.594624516377582 1.289737297209541
3.763429520842282 3.642017994630504 7.726871746583311 0.7763076173864144
3.035486245379063 8.697382648639023 9.576884814496314 0.9478179559334657
4.063147529520563 0.05240018392347112 5.230192262098587 1.268665004435634
5.236754192613208 1.667391679220885 7.472891835795813 1.026949816011649
7.667778132192 6.001472984371246 6.929020492233714 1.352341865977123
2.280530189091449 9.22976058283567 9.785365558929019 0.7271843248312707
9.806136502279015 3.503174991400808 7.12120239215147 1.158307146041245
8.701109937989989 5.333639823716122 0.3856049613400414 1.294586851817457
7.296633814889088 3.826403385548021 9.550434757739604 0.7451188058874851
2.049682803307284 1.746121098046377 4.55283804498835 0.7320940851634902
4.498800117795207 5.769908620419745 2.358465440476315 0.9464993866403353
3.957442728533225 0.2848751813462679 1.628775632924356 0.9974055363225361
5.302198798429111 5.861946757759918 0.6686373645076393 0.7825355524441119
5.509378691247027 1.591546749173126 4.595070220318947 1.605613103154876
0.5096431655529632 6.897207327578523 8.456111608057487 1.575351996083157
0.5315048507096853 5.541350074071753 3.215211112003348 1.023275794537484
4.967565184740929 2.390916695583027 5.581069847383473 1.068826797676946
7.76598853561368 2.250751659967734 9.812666989496144 1.150638792069265
9.262299697731446 1.491411465255227 4.019849947467245 1.589752173009754
4.755287345455153 4.106736805714914 1.945902859821429 0.8255380174480664
4.691571791737943 2.680687526135147 9.380269643050749 0.7812571768716378
3.731560935653207 7.677891098787473 7.634918651393076 0.8130642325391769
5.626543832348884 7.932335795068653 1.64670620756041 0.8080073317294864
0.119432991053815 8.600505249158459 5.99704740694265 1.137646378038189
5.433845036386322 5.316831004496045 5.887159167227999 0.8194538230784241
9.698902634948794 4.725144404210533 5.164394664657292 0.7577932742922294
2.084945774379499 5.396576935120709 0.1578840016992378 1.281888038919346
7.18102564705632 8.13730946848997 1.219179519279712 1.071049718710225
6.513811552931272 3.18904580472314 8.654462488875525 1.010234330582151
2.665280946989764 6.054283802526419 4.500251733326453 0.7311769529484227
4.644405317797933 0.389577288348717 9.365289938491655 0.7831652308384209
0.2503622604424394 1.136370112614566 1.652621621397919 1.196833867016895
5.157811049260572 9.720027225487712 0.5350141494674221 0.7670387236709704
2.915374233592721 8.033023793611282 1.401316099202509 1.050614551260438
1.664437272755035 2.278412232171241 8.117256358675 0.8104937384175058
3.469217438014859 5.031721098826894 6.52583233450923 0.9096383418323324
0.9600848156881614 3.382121833860895 9.246002896909127 0.7940161942275155
7.207018693312937 4.410518159099847 4.225514941742214 0.9476134670325878
9.503883038517678 3.006599502040452 2.867067850595713 0.8290836070105998
9.331622550667859 0.4228634668224429 9.094953980115003 0.8136706088858635
3.271352081219353 1.714364092031831 9.493082966576564 0.8079340806188903
6.046420885720456 1.422814396693671 6.984604780221349 0.7711543017043299
7.352837444205114 4.466228405518148 1.223528774687905 0.882251142349059
8.996803791181252 8.517680064483187 4.708645979963986 0.7438017700236684
6.075818197690134 9.381146722122539 4.465120472284699 1.036843133387501
8.854899855180877 4.610420559555202 3.897535550557894 0.8727246449358027
7.570611201505266 5.907611325156697 1.758374312300693 0.8289664782849016
0.09133901717520376 6.417343232016967 5.149412570643363 0.9214382420037737
7.919034808198322 9.482132472481629 9.270574878032166 0.7874530733972447
1.213365826933559 7.333974142259887 7.481957550255348 0.8427917388156596
5.879441550011253 2.892248440765397 5.194572872266344 1.090560241576538
8.884173215770282 3.68435493242396 6.406995929776677 0.9727910894869765
2.472945941969626 4.472239732263979 5.004216515588269 1.018991345957854
5.811305849351521 0.3537194864517113 4.626821609844357 0.8437917468654136
4.812175754684695 2.60657583234686 2.863625229250941 1.016421974502322
3.733848749294739 1.07834552154797 9.567952705923569 0.7442804882258521
5.143744828340396 9.503125066431593 5.085842387667908 1.118486439587399
9.294568862552016 0.6404846948271981 7.30939255706935 1.428745645247913
0.5808548389154888 1.469975610757159 0.01052361085322251 0.9551480514298131
5.581798935189727 6.015160870592831 5.079942473281068 1.180602880318107
6.674518425669826 9.948609773122564 7.264546438205987 0.8083322230379456
6.131314719819689 2.149767018854656 1.827436547766483 0.7300523188366487
7.156526576419052 0.8744445683005485 1.543490489412679 0.9282058855033974
7.171547147837395 9.737288884871697 3.833959172467059 0.9306900663845713
3.348810187582877 8.956414121478614 1.291822810184777 0.7738530727817088
6.441143377677355 0.02825449700528559 0.07193003596251635 0.8946743475652202
5.547464700520727 2.687721881782311 1.08855916805765 0.8335886675887091
5.985237155864114 9.041869348006829 2.683650282358476 0.7634168954753418
1.968565524338195 5.415226008582871 4.671955370278069 1.154117446642732
2.428478464737927 9.140524617878381 3.569748274748673 0.9501979954360749
2.28493121238257 7.741073620314747 7.910442961258288 0.9039243976527681
4.879988875767866 5.092878771350549 7.742598168597423 1.35715014051308
5.76217388874612 2.716704096916343 4.09528519447112 0.84009463669504
6.667846832512375 0.8325975916730022 7.210421626932049 0.9023565614757671
8.868685264025697 3.687179637332548 3.431163446047959 1.143245750958445
7.983165686256416 8.971197128008475 6.453095707991453 1.022865235326331
4.605553569439038 9.908538008524578 8.400152456354533 1.331547684175719
0.7269578762162976 2.951059141983806 0.9416927484604909 1.046257295768909
7.771609373198515 1.544905129354999 4.109267562201214 1.332524703540497
9.469177095003673 3.93065807707034 9.649947587800947 0.7846054678044914
1.105362335550891 9.116397145861393 6.752703565065236 1.48243975820021
0.669742178885846 7.097941552482085 4.712414929247639 0.9596644784485685
4.543706877039213 6.289283702263792 4.586843902843998 0.7575962965793532
3.974375543831518 5.936154193757424 7.112425087503489 1.345608692330977
4.542211065543143 6.952662525097203 6.817670388365645 0.8581896071326575
3.782917138070955 1.218658986098786 2.183611557165517 1.04456640823362
0.1596500266337153 6.894218288762435 2.213561879576682 0.9660531592185427
4.36217406948497 3.582619602725092 2.65999434818886 0.9921051762786227
8.178047943584639 5.181618658411928 9.372083831645615 0.8956654578480495
2.969591739732998 4.521985200574561 0.5364641338818443 0.9440459272185273
1.045287109563273 7.083171632466969 2.659526088991292 0.9088211128837087
3.341871136826499 1.006791090721233 1.244821156319775 1.001973493641757
3.011875810108549 1.512561720757917 7.879662459392808 0.8356789704702733
7.235484833513264 5.901500212360326 8.113965746604734 1.073171460750474
4.80702985386024 7.005881603154723 9.594911264536254 0.8640228056303337
2.272813442736993 9.265104490720518 6.54274716447338 0.7389847378920225
1.161443894809269 8.426717743983177 5.520252806526996 1.059492921884313
0.2259721149921645 4.647916025045085 7.564649730528742 0.8960165474382473
6.57253023149927 8.972378873423962 1.244092974795861 0.830808265457739
2.907931943416362 9.934745444394199 0.995064075062706 1.21885889080103
5.37390085592157 3.301506849799295 8.661901997568027 1.189534418835104
4.21040940242987 9.222467212037589 3.36446999272539 1.098262237478003
9.927435972840826 3.86076290497722 5.837576409721446 1.361759161551108
5.496782651991476 6.407263412370685 9.930999913665191 0.9671854580068961
4.215290452790828 1.856540001197466 9.106768830805915 1.149395856034723
0.08704280282929799 3.94751364497495 1.167263384144093 1.098747765353989
8.306190917554773 6.365526883116218 7.761688281993995 0.8231668971093242
1.656707753772163 2.577178259832935 4.465598410107606 0.9486326387759761
2.072462560929343 0.04279951361102485 7.062358789941157 1.124981827405381
6.692281037400739 2.355611727559922 5.243565496594293 0.8247187338694242
3.94768928888546 1.753494800639046 0.2884208564614876 1.23231570519688
0.2561707164670179 0.9744241332633397 8.120025838840542 1.030793157403808
0.9307740324243252 5.151388599584891 4.565023157197442 0.8333289269659323
1.672637268286531 3.441780572832291 8.349794579301154 1.459561480645839
7.215406589326863 0.2024596931399314 9.415699331405429 1.098783157741167
0.01588418891765642 2.963080335581053 9.492365297553301 0.8132118591083348
1.11376398343327 4.827313255952975 0.5915499024130644 0.8697293316960255
5.924150972218379 5.224498658496107 1.392119205592401 0.9213333102216968
6.926600911210863 4.494092061542593 2.417999074009921 0.9566996034129134
1.416467289518037 9.637579332093177 7.854093082552631 0.991789930188443
7.146443467305657 8.59115127814516 8.553648919354014 0.7734996217138577
8.27350055611222 9.713276489893635 1.751830142736317 0.8966121299778517
7.169869007894253 1.263729549800863 3.099868973701916 0.7262821564427966
8.439512623954569 0.6986073075837873 5.190733029303002 1.589176823142969
6.492378508837361 9.925902206295804 1.986362514670602 1.456177582417186
0.2270836562569722 7.495221490660506 7.472520480256085 0.7519608298951387
8.321395687521788 8.5135532054103 5.415901463099795 1.127331347167408
9.991385067772038 2.750349321999531 6.441975091977048 0.7895653362156876
6.968459054809582 3.62800413516136 1.688004390375554 0.8483193593548188
6.601090612529203 4.435350605719018 6.878663964068066 0.9937032848500988
2.588413982549151 8.942090272934404 1.939571792659507 1.089599234821117
3.870486990362882 0.114417235837484 9.198413282885127 0.8411489456383092
7.036337718072487 3.30310234391519 4.642542003278558 1.383166239371427
6.36085743779749 4.350373153922146 4.97733291200202 1.144073753858685
1.571227545407756 8.484438842045702 1.369415601954881 1.345780538893165
0.8250181435416093 7.746258089613999 6.546380951508746 1.288144296832061
6.946170919454866 1.161259890548261 5.192048322339376 1.434298288661909
2.261860309552177 3.755719280906325 5.934811511012022 1.316234669219489
8.648365144644005 2.672738879319341 9.417598630850446 0.898183796379153
4.23515450080146 3.911957248622783 3.470913100255057 0.7284479606737235
5.646226112842415 8.353637676994067 6.771685065752551 1.189070847012963
0.586011538135115 7.592984102787658 5.462900405499644 0.7931852870160866
5.429642618443894 1.229675488376455 8.760177148922592 1.5588225900967
4.415693080842023 7.110443859480632 7.702886302752538 0.8937026595015235
3.64537834116018 4.654358015337353 4.758618578133368 0.8966606640972111
1.743573948726032 1.368519641964153 2.499648229504565 0.7684658297556538
2.2827942528139 1.284496051491006 8.834502634983487 1.486832464967687
3.20417756527024 3.766719937521364 4.389418134152488 1.13975410436276
0.8340445837895494 3.851009119408746 0.3453345220485526 0.8245598225899277
2.543725498151739 2.203446532329103 8.114634093088339 0.7846364474890625
0.3143640112248103 5.57224440808228 8.943700321129016 1.101435466905103
1.310007927935842 1.896213598495942 5.304535104610723 1.197651536692636
8.996610771819165 9.677227298907777 0.9399737511520578 1.192484255316216
6.450133182165685 8.337313933240535 7.432127882093408 0.8526866855472135
8.602056523536241 2.982103221099718 0.241003436080498 0.8339437260899731
1.282999072221341 6.188811861339624 3.33103698421814 0.8730071211359255
4.507445768584297 6.211407005345257 8.234443862940145 1.146394771792745
9.555817126050092 3.248769054408593 8.144468699684854 0.8836180037372536
0.9669769885991708 0.5896993646208437 0.2342339344539235 0.8118270487744947
6.881065951823753 5.285000324242245 1.651280271578659 0.9410359694138303
5.586320731024252 8.986097171026683 1.665362181880564 1.168886634720295
9.846374394939808 9.67669483868929 6.565959408749436 1.179860895937059
5.005789113043923 3.846534590306327 6.253542640694887 0.8833068851124423
3.528601894453439 1.250108442893265 4.17577906154063 0.8134505504914605
7.588003692338073 6.459638557716534 5.693959327832392 1.125095051740697
5.098350652212694 1.950277947884657 9.940818672057212 1.161249355311338
1.304389954376219 9.865017705652273 0.556604949727042 0.8169055938363597
4.52960851222436 4.412805663527806 1.16750696837714 0.8786014496566581
1.95774088079931 2.143894834804934 2.862577876886433 0.9518412467681753
1.316672357136671 2.201008659330643 0.4430234408816013 1.035302657713849
2.460118300031553 9.946649888139513 2.784248541468279 1.260770934792687
3.052440590891104 7.566118528978566 9.510677638474412 0.9871642495166739
1.214344534348338 2.239637554784864 9.195430718096699 1.41811429372391
7.619093403528685 1.656821853408728 8.733842587373598 1.260532261144604
0.9642477319016739 0.3917824112107049 8.154742754198647 0.7595836659971802
1.190447240311525 4.570836044532204 9.300566416731121 1.5615599205089
0.5103793323535344 4.193163042813464 4.7613637989402 1.132214009854291
6.848126046193576 7.393580713420612 5.506708327416856 1.102445926245449
8.502538109156548 7.335836205554827 2.08590150812949 0.8411094657992187
2.644998842414201 0.1373725123194535 8.941028710126773 0.7308735061823353
6.231327847405335 9.932636468052511 6.600802779464667 0.7397345911666477
3.100206022544738 0.4176453369765842 1.970239021771182 0.826086974124336
0.03334374946071472 0.9107813219166194 2.924511051839349 1.254286036949657
0.3774719169589613 9.821556635480389 0.4140263809572386 0.9878035207294542
7.928093844220636 4.542971599866282 6.6616233094301 1.580265016501882
7.947383423622335 4.950214507941413 4.335376474593693 0.8113107798171201
5.654169782313689 5.954886732507291 8.403444522638441 1.016858127855
0.7869172827016911 0.06218638250171326 9.643592985809573 0.7734470774642593
6.750259939070324 0.6977588826399916 8.374329363393516 1.338177948515165
0.9804259497807344 6.618806285060717 6.295148438963528 0.8149057380553569
2.890480493726041 6.529570952716324 2.578772399891394 0.9934199308112626
0.6525533157660246 2.492219087991431 4.339941552228046 1.012133262116363
0.2302142284796715 5.30061271345277 6.842988812764471 0.811112211255294
5.771836761003098 3.041839239315621 2.861914185132388 0.7445180691138579
6.641399030671783 0.1612719755386594 4.523176134836056 0.802893220227735
6.336411059666252 6.18428928228056 4.322947175973147 0.7764589138038431
7.912432263793228 4.302285719595234 9.167970525420651 0.7480761480097403
9.455671356714928 6.445873449610941 5.886261208035961 0.9324669983106866
5.740335681922109 1.648606682003204 0.9348536273471397 1.229529198172691
7.071905107852389 0.09939660040074849 3.035730306920255 0.7607642076229055
0.4492741516006671 3.082961918659807 7.807314659262161 0.8612293822250188
7.677973829910363 8.780195213482958 3.637160331215932 1.007688514602116
3.220898102767439 9.877862320289296 7.226616148505949 1.166265810965939
6.004544713751926 1.901925297217399 5.933302996846202 1.266466764322862
0.1088092400136387 2.148251891858789 1.688387997361156 0.8011288890470114
9.907328741359322 0.1992627855949469 1.113134087515749 0.7916256544329286
1.121638371589814 4.236424972043983 1.765240644707478 1.267041667690953
3.232570926272453 2.224062621731222 8.749476070214365 0.9675001818343827
9.644863038831868 3.495984929371868 8.988285939434267 0.7819080603943165
2.987285845270737 4.557760796318059 5.948674825129554 0.7710285698055881
1.146166938400368 6.042058664842878 5.393842512514712 1.238386356777971
2.046758192801591 8.252903559494609 6.319335203969801 1.13646336167274
6.301644913950376 6.307218957035904 6.258682966492287 1.593905116506216
0.793625723409187 0.220036167322788 4.544882568294082 0.8128040046861311
1.967168863319985 0.5983160315754843 4.948967056905169 1.580101662460584
5.067179803307877 0.4906928105719865 5.120680798561024 0.8176716769455897
0.347145564666439 1.932258160963376 0.8465808506015471 0.915389616953204
2.158275322684551 3.494458009116391 4.763658709379391 1.052821085799108
1.442535521478476 3.638609235496317 0.9209092772128924 0.7708693730242024
9.696542166996707 8.846589730490813 0.2296586618322205 1.168497894515194
3.513484788652398 4.412732792747629 9.794006524114902 0.8564283059878665
0.1762528669695151 9.136424758761718 2.913969833523284 0.7784958846685849
5.872609182038897 6.995691691685784 0.9136735120264861 1.270233276547798
9.059161539309157 8.694436604807398 6.397454179142763 1.09844359190888
7.938287644482186 6.535335489515778 8.488880875301513 0.8119718134616237
7.902052751911492 7.510468640868237 5.510033254389755 0.931678927580755
3.586950094666856 8.326729854871548 0.4988055256100599 1.23099300813543
8.366780503650677 7.234890711447239 8.12935615025234 0.7501863349893082
0.6595449387852026 9.71113710277935 5.51862168172787 1.350464441114477
4.664320952757523 8.067786021657454 3.713040499012813 1.434244410679422
1.714060896432257 6.581003378451988 7.979731908556261 0.9412270252375465
9.001720564375338 6.36683454017711 6.82762054141365 1.070369373734584
3.521889713441952 8.68978364091706 7.559365136067811 0.8478306325682136
5.337411886591582 0.007683914844885952 9.205560733469982 0.7470797002036416
6.853124172714192 5.28374266485938 6.709588827320712 0.7305594918343769
5.589245644653714 7.237737637550664 5.446251396813977 1.066843270534919
2.128807435019238 1.159349705335145 6.364270360662004 1.430622515877955
4.489971077122959 7.003781663659757 3.305748272072926 0.7822668819550769
9.260607909972443 3.150669574830739 9.780611149431433 0.7476508215622727
8.861866868322181 3.304144160656549 8.696189375441771 0.7984767315034184
7.419197815389064 0.644075898488119 0.5481861115180952 1.059741461472733
3.33861960612825 6.659642273454737 9.463184591144531 0.8695923441407951
9.565161248975974 1.789349789661802 1.162073418511099 0.7561739915514811
3.036119136687592 2.120394195574365 0.8593019671411595 0.9244595152890804
0.2701990688066025 5.993285412816816 6.049754757371346 0.8557934516327129
4.072564255613159 7.310171563385832 1.212335588612411 0.7800897340437919
6.306210819782915 6.694085097998536 5.042998014883839 0.7695600239383549
5.36026389141006 4.706033215912288 4.355755175596999 1.242440696289528
7.379363257929144 8.108302283071062 2.825750944187434 1.067710634557931
6.693502136518911 7.804573606587059 0.2062317764192068 1.10084221406204
2.509467167017369 6.945972526879411 3.347886283498816 0.8828938130367497
3.717983861678743 4.598189689133639 3.75314024755285 1.027340811250767
0.2329263370039902 0.6389472192625423 5.954028159364415 0.833178156424255
8.6646228133795 2.014522365501209 0.6581210029330631 1.16889667683472
7.304653122606111 0.02224840774339265 5.165376842645565 0.7968483517675492
1.164130600653857 4.018915785482799 6.208548611025778 0.8097136168948146
4.893781113485198 6.632544566535999 2.662618583791472 0.8337011109742142
6.798507993849791 6.513558043407725 9.92333988419561 1.507445320376651
7.911476941782995 4.55809934586209 3.203966887080819 1.432556969477791
6.133556654103788 8.418511845684664 4.265677546088581 0.7282824969383079
3.633478877202137 5.398537192717785 2.925427439551774 1.201620368415627
5.881947354970724 4.323817443930664 6.191314453108964 0.9283748983671348
4.274814538642561 9.000184028782774 4.539264320507224 1.12071977080681
8.462470018133487 2.427238316945609 3.037457598670808 1.498630396957438
5.1490941466967 7.947353395418496 5.965581704579605 0.8045147387263015
8.003563327633394 1.951593676701541 5.381203502878886 0.965965421609003
4.603326562019832 0.6766982215531625 2.315971167998124 0.7541312609503485
4.395325609639107 9.241297780719623 1.185587382937962 1.359740882003367
9.947770390962397 2.464121165538308 8.082392849079996 0.7447940715380299
4.009959134580655 2.075659917654676 5.715706475232182 0.8038803836915505
4.505589417469921 5.428119952903698 0.9929042911572461 1.057251501724037
9.379390035827386 7.926275061795861 0.5557783971004049 0.7397342073197684
9.31628052541163 8.237185183830064 5.472330977382024 0.8716412091162763
8.101620696499474 1.273095040948861 0.2843474083076225 0.7293643123857484
6.6698444883949 8.000199814848555 6.676932291481445 0.7300304870397598
9.037347877048914 2.613393359982126 6.712980447860658 1.145166743893465
8.21104791287056 0.2996932144482012 7.147450724210823 0.7807470097446138
5.587830124135706 4.384223073179991 2.129848910225731 0.7972553820585208
9.17919114249786 5.813452730817772 2.021477181919716 0.8260916237984701
7.598791218234288 8.37183110477976 0.0396407033249857 1.02400023233626
8.52420507779053 5.676177050269538 5.922745448952587 1.29892725004304
1.759335638745272 0.6132384046473494 0.721822743022934 0.918439462744341
5.109609305274442 2.354880805652625 3.701013483037876 0.7664016099409549
6.542151925477269 8.505719667208744 2.119959715388282 1.104925551401194
4.007713577002398 9.571640893383892 6.502543459480993 0.9586375010559532
5.258566958151102 7.341979674827228 3.056918391368911 0.7297468814252336
1.110365118921435 3.420872615910243 3.911487226720318 1.17295617121036
6.019562490448857 4.111016255738037 0.7645167039966737 0.8000809828928257
6.432370966969088 7.475163881414085 2.668928678299083 1.187169972346137
7.739228495591006 3.024758542903886 8.755665645618343 1.403851460198603
3.380161781643392 9.609111196625019 1.939566363259336 0.8432314482781945
9.408366651175994 0.08036867073455856 8.3070508099854 0.8253862352894163
0.5944440925768235 3.470060756635923 3.054452380053321 0.7644480200027656
1.323412493769919 6.504483631397996 7.108176698529218 0.8704897163594839
8.006441116441747 9.014788771338621 2.629164484263196 1.017044960994291
2.032376124005736 9.329437819521868 0.5963513743018122 0.9117370935399097
2.233414087422182 4.391815059368503 9.915194231813905 0.7640985567551243
5.39602221855754 3.037758550298838 9.78957433910505 0.9660138320033098
4.860728567162012 6.179439678840703 6.111379351708935 1.247919898330621
6.284402779621668 8.724660942723045 8.282525673590728 0.9913124403033221
3.753308149441599 0.2160431966528964 2.769819358726506 1.227771541693663
0.2079798865578308 7.937157352859626 0.2367847020493397 0.8104999936667058
6.761015927183101 1.291831592371713 6.422053265737384 0.7556980895455881
8.739926817394513 0.01708008793463445 6.339649489168322 1.077049161420697
6.302002622246063 5.28074417922665 4.661207821926139 0.7450139173353232
6.615332740748347 8.949819620190182 0.223137905005335 1.137010982148208
8.864770687804157 9.218754683944859 7.593403085666198 1.446488088615097
7.732369725485764 4.937799833689886 8.51403334993163 0.8109550145795049
3.71738459610122 8.343078839378009 9.009241211686632 0.7852684889188155
5.089968199518442 9.484774599897346 4.016489152049448 0.9624019183878398
1.064494060233735 0.9823731618149767 5.635131067371115 0.7741219589349932
8.685093678339008 4.720464928584735 7.635417086251184 0.7703639300652543
7.225674337235786 2.146180124441904 6.150109908343901 1.218176237198379
1.609152336755538 1.282288861883532 9.958240051346657 1.054376420859405
0.9407590855274806 5.578649773832781 7.830978368854892 1.405195975558703
1.230164800893372 1.798003189577659 7.174319459256717 0.9389845816279109
6.013211057177112 9.622441948146692 0.8256467029033165 0.9822268092726403
3.413874327047492 0.6043938078014698 8.102594155329898 1.103815228513147
6.161452944100032 3.903391446477404 2.844019835093074 1.106970828576545
9.868987649558694 1.693150437738679 6.600324331411586 1.30260144041777
5.359360267692966 8.719811533822325 4.476906449988699 0.8603610809640447
6.109999208084753 5.225627727202561 2.45074676298049 1.144833431392905
9.874644147120792 0.5640304719572997 4.941587681004544 1.195371941817403
6.625403010443146 1.441093236611092 9.804706784793717 1.536316570802013
6.361970160202287 0.6559916476317806 0.8893820036501054 1.05173771795094
3.192508609868436 2.972897641775554 1.599521261048653 1.261429605482626
4.853754375420351 4.743243373235227 2.981029969959266 1.515844500740707
8.351577902564571 0.561798731896378 3.916837205163148 0.9284028435513622
9.996304637283348 1.161588639179876 9.029322266001385 0.7892240258021982
2.76393114103351 3.689794619654958 7.585215979198703 1.157528344250838
7.260756184384502 4.861825069009012 9.338740455327242 0.9696909578722226
2.583024118276832 6.315919896263514 9.834645545258853 0.8615115969114359
6.791161148356338 3.449951057949244 6.066268492315671 1.469801655981939
8.386697285061919 3.983503790801632 8.525674229906073 0.7788710719511113
6.735165647760473 6.397680908681556 7.369751790653221 0.7296097916945921
5.844776252167244 5.134962963024838 8.789437817489738 0.780947926514121
5.461370803279879 7.170646744420306 2.161743847981928 0.9805053605779365
0.9068460784373822 5.761762720318073 0.215026761852698 1.140482851392831
4.86748848072505 6.705831573923912 5.190455601572354 0.7396982602824954
3.32851817395013 4.063657548246211 5.359637332950333 0.8715709356083695
2.643340928856287 6.961319879016965 5.939251657780253 0.8005538915329559
3.437737817554309 3.253931216986514 2.729354385380788 0.9422011754637537
7.51680255831593 0.06131333567903074 1.492838759055652 0.72828289734186
1.968737259912987 9.339435142334873 8.736625994957041 1.127821622489304
3.103208665696499 6.998250912152657 0.638758579381109 1.44173991338326
4.17100577004348 2.013730409504269 4.690261733985333 1.043851028905618
0.3505984965411701 6.575742668346561 3.169875207301621 1.017677126168564
6.527064559241126 5.378609557023039 9.380608290556891 0.7893645614817412
5.927375446857254 1.908116255041499 3.007546851696588 1.516544967093216
8.023008459490891 2.232128044150583 7.643254569071621 1.283516600346543
8.039298987644585 7.263555814960339 1.167744368715466 0.8154008041349936
7.997886444853097 4.686997283052906 5.246941852086966 0.9114834904533677
6.766936766953645 1.499915650507239 1.064859693508763 0.7627149734916703
2.928235208792146 3.722150266677652 9.830460701370368 0.9221578781479711
0.9174875175430597 1.320471405053601 2.467994012028532 0.8252914763610697
1.723057353504138 2.487088975130259 6.35282344432694 1.297743313601447
4.060086068847208 2.454435687430319 6.532371682987777 0.8519335059444024
7.150283486434151 1.837282275852392 2.20882358003765 1.354951203686263
7.178142544594542 1.982987171205985 3.302878713692793 0.7394488336104539
5.649200721374465 8.701766864972523 3.61010445475255 0.8600340088637294
1.319963118314175 4.336481515011148 5.423662085445494 0.8669670452058061
1.30907025430496 2.156451378752917 1.757902634411537 1.451610688152921
7.127011900260764 4.127477554173769 8.595968027153251 1.092336892026304
1.17523360601921 7.600135369757345 0.4050930824478549 1.180992619691989
3.7896437252713 2.618050443303447 0.8134031701732491 0.7598628543827374
5.14818407875249 7.543835747456327 7.319302194977911 0.9012151722139113
7.437262175995309 0.2786682132163987 6.297173294058447 1.448071591524988
1.328998827223045 7.828215427287231 4.548691707656803 0.9165850089614416
9.70511089733092 5.953441476024933 3.525037270974996 0.8715922082525277
5.949510565373101 9.307503525543407 7.30087697964354 0.8361660003133887
2.924791574919232 7.290131269292355 7.592810557419411 0.7487308260212693
9.295166508917276 0.9487604014811002 8.425071321450702 0.8415091424621959
7.684279117907579 5.266347786824445 0.9106376174456876 0.8380817684764972
8.174033371461627 5.400930773257878 7.817558546759482 0.8954676946347668
5.166127488682289 9.230499350230124 3.160007584630514 0.7854604392357225
0.8048136425985419 3.012618586599428 9.973303599531782 0.792705583616768
6.769303764742394 2.998519010815308 9.750199499297205 1.14276049184266
8.169957977226863 9.520080426214621 5.708849021652726 0.8240664899581108
8.458230515156849 6.880495886058013 6.122933469108776 0.9463676691370532
0.4607876422342017 4.952033665642285 1.210701125226671 0.8199434794934191
6.952442634437435 9.166565826120312 2.914360094792226 1.054771250721537
1.041232156138727 2.072078313299347 2.914956973528547 0.8081064529769638
7.162862411227062 3.500613853026092 7.491932997676576 1.403307983910976
2.24427607120757 8.249207553064128 5.127082761252699 1.228126396221888
1.328856404560805 2.975357942089658 2.760251744230103 1.044187333619661
5.65381137464744 8.507286310829206 9.782541220559732 0.9969569379753747
9.122564864295086 7.81728493880579 1.392899248640492 0.9051261108959388
1.034423892062492 8.400592689429544 8.177376812859539 1.594548288173152
0.4321230216427041 7.152699305254923 9.720797698297515 0.9327838615428523
3.0169841849932 1.846677829326254 3.314130169777193 1.30425871369291
1.144572887250139 7.679392544086667 9.311822876968993 0.9742358416202589
7.485140751082426 1.715465014041727 0.6676709335794094 0.8822732719283334
6.407614299815503 9.470157197830796 9.047755345753588 1.097777061813302
6.214739407418543 2.485533067212222 6.947439846365411 1.063728082898845
7.714418266301717 8.255975998641281 7.507632066577965 1.502840360569188
5.245091064881997 3.513616620783988 2.342717383276768 0.7988296181225245
7.460583607331383 0.4466429264984673 4.361985644738939 0.8912020107542891
6.155745852587758 1.202388880142555 1.909876362190138 1.020842086289292
0.3333011600015312 2.382800600988359 0.05672039098975068 0.724173365921102
9.959964212917578 5.999574581198476 2.441127023826485 0.8077446371464564
5.033569600039449 3.384690608039217 5.367021327838526 0.804291044749665
5.483592408320273 8.220337127312906 2.603483145363622 1.116355594880075
3.848360005074058 8.878751596010048 5.650488760739433 1.220174151044075
4.8912555314495 7.881269456492516 9.280942461129385 0.9241446474606682
3.476113994912894 7.987854672320328 4.581350909482119 1.405763405917558
8.010793631833328 1.299713708206002 3.032908943833127 0.8864245153892751
6.009321516834683 4.273277763677346 7.977868708665251 1.42245558421217
8.219035958246815 0.3406633213813648 8.463271474763795 1.579155811660828
6.914657785679657 3.85857081829404 0.5613256173745984 0.9940808639597098
9.941913838999788 7.817709253894242 1.816316391338779 0.8928158505737008
9.30296414847496 7.047293842912226 7.733632320863196 1.191455332730101
3.100698426063709 5.368458794011829 5.267072345667126 1.130012815788262
7.556465226287434 9.47704396251512 0.06479525286270271 0.8843463807953688
4.257746934410203 8.11496334349923 6.69028522332556 1.443076109272044
8.668734142732092 9.774684997013265 2.679534740512806 0.7373594333530007
1.567580099942256 5.557293231064675 1.433171922536348 1.437884427823766
1.079463640998151 4.40634618302428 8.059407322864665 0.7690011563682956
7.627005791703336 7.61000381339022 9.010779906948629 1.477671839729346
3.901511210145165 8.163955995159455 1.500494451447836 0.7928510840685513
9.823963207015787 4.575322700923176 8.994966236049297 0.9515387992817159
6.623430550471073 0.9677570446881434 3.870449410638075 1.196875524380741
1.05903920945625 1.605592032692249 6.273236650656403 0.7981378792327161
5.373273184390382 7.887448710351099 4.691409786662178 0.814922605495483
6.87936492069521 7.701627676060965 3.634700251848568 0.9031670923264471
5.226601526921206 0.4219488150887407 1.436553882714167 1.41986265415411
6.167202862474714 0.7174872558296863 6.349699142570123 0.8583813577240896
3.869260632841739 1.54644363216921 6.432511210814488 0.9630386688875121
9.710723369813918 9.865789241104833 2.859649987858424 0.7907417898353609
6.38781950728719 4.445311499907842 1.570130898771087 0.8925040405880499
8.517540153254187 3.668786483354922 9.506512806240918 1.061997115345173
6.998524885893391 9.298531770179622 4.672017757497615 0.7467592748395638
1.749594754693389 9.841117254407614 1.610193650374809 1.351524692175345
1.432452289368228 3.259607339636041 1.768281978194968 0.7322278650731026
3.718079182246155 4.74405758883919 5.667127217263908 0.7395708636648219
4.034456656269977 9.387501184720858 7.559200183572127 0.7853346882188009
0.9977362714528593 9.687352618678288 8.685539096295649 0.8385730264496306
9.014156073266447 3.661860093312937 1.979486126243167 1.490558764676924
2.242721963437889 4.545389696817907 1.93108047965929 1.028079945698312
0.03519501754788989 0.5946859382936054 9.80541010790674 1.035339918177465
3.614751968171757 5.755586934172503 4.205769113074704 1.263814801133442
4.232062656286653 6.307650738653852 9.450975100686094 0.9306976720402339
2.700866097646701 3.126027578326343 6.777648609917054 0.7362790916292016
0.244090951509619 5.511965558278961 5.105567374268142 0.8792668404219861
7.926016976567064 2.02263255920257 1.400094910933138 0.8708523848659409
4.441697899899093 1.018241962458851 7.916733354088897 0.9916800045500218
9.648195791585483 6.248636224099064 8.927615893353332 0.7256550708518199
2.104836609698796 1.592644289630583 7.577739761682218 0.9911222440555898
0.1169308429245075 7.970240057769344 3.069520292534591 1.524678995693004
5.745261204198484 5.835667337255972 9.290808407745844 0.7299897600361351
5.450096576724872 5.483363644219744 6.685241570940256 0.7785110359319998
3.961953734078925 7.202167430665887 9.896910528008444 0.8191548798587541
3.219151639348119 5.723424200981963 7.999200762556608 0.9595082955762572
7.324271899447457 2.751400069405965 2.905667782692719 0.8208140659326255
6.287010754288953 9.906819447491724 5.540084486654486 1.348257991786547
9.470806828279541 2.617053565723285 8.876214380976126 0.9304656139881478
9.872561513926268 7.884428487532578 8.090000042741405 0.838347472884553
9.410770226677304 5.634792320412975 7.929806082443743 1.557738764457191
9.94096110262794 8.470957511014232 7.209061124143388 1.213832670824301
0.9701560522428943 0.88492613435873 9.092452293062038 1.199902716328453
5.245982518701554 6.140653466957638 1.619506510784818 1.160942923387178
7.12290242350524 7.045518340764434 1.081642717738637 1.043356187178045
3.56496027711154 6.808530107923672 7.843504742959661 0.8908191131757369
0.3944901212922513 1.821135042847922 3.499689421167037 0.9339212625389317
5.934265351060516 3.49080619474485 1.611054189824939 1.164527098176872
1.899861426361093 9.273197609342054 5.66525739128876 1.095798673640651
3.325670935109161 3.883396244825807 8.716608779715576 1.350970481862094
6.638639776979141 5.176877109486896 8.469603890473021 0.8659261715760236
6.597956020618335 6.079907200644183 3.020172886223786 0.8096067229327066
8.580512944269554 3.497194548228495 7.571308099604163 1.355717509534808
5.396423756022861 5.907346273259931 2.605721363766414 0.7898548693842419
6.215384996605776 7.318228657919718 7.273065624474215 1.228256552470284
9.454929140322129 5.838507839161102 5.200199944906134 0.7652796592068601
0.2914647629820832 0.9131165111098549 0.6661295950286306 0.7887316453365363
9.029588270170613 8.642805486883651 0.9874795879882969 0.8111006029808306
8.960921653925009 3.951374349092207 0.5876171186288182 1.286500695574607
2.909867592858827 3.277153143588484 5.238596628838009 0.7461490845972356
3.828338168377452 3.922549446432445 1.858471460404666 1.006199200695094
4.61854952627996 7.234821533107545 5.941011937822247 0.8519195405357994
3.982485673863392 2.884707024175719 3.753121259977836 1.423473881343803
2.50233399238149 2.048156478865158 6.901778308654631 0.7361905058381055
5.69340672285978 9.476277136827514 9.888928172925617 0.887487846917732
9.133159930352429 0.4813143010482579 1.982572008057105 1.406358965370928
1.773085382433283 6.715920078969202 4.357615816869987 1.386933255197948
5.792475334240769 5.651593723931748 3.573335112832264 1.280660151075292
0.4214347409710839 3.827773363161132 8.485148028357129 1.084267403683466
7.099655223890814 6.625774533527104 8.720651259757705 0.7907325425560432
2.000680307902061 5.128227324593118 5.935720364646539 1.371694533317189
3.894226372834517 8.395982405060591 2.894047117378211 0.8308481258147756
8.283167108851492 8.06481501853029 0.764439802077269 1.009126976221111
3.939720369779477 0.2058641354037316 3.981621361118388 1.166657062177871
5.275095116644841 3.9931045643914 7.029098155603201 0.7547918906695741
4.583874313712077 1.114586479044744 9.676699217232221 0.7359150153901542
9.304231578182984 3.873706396614317 4.658057917182021 1.254317664513436
8.218368936702396 1.12014280288851 7.472703337850816 0.8543973792478534
7.185954932569921 5.441403891380581 2.652578267498771 1.029948140594239
7.205342698804094 3.603040244229284 2.648823350452144 0.92703652641658
3.326651091738156 8.626076633051399 3.567097695118155 0.952921933400928
7.222788619346631 9.159726187196382 5.509030172762068 0.9246399798459897
4.923270457719673 2.943785504442114 7.395116918614573 1.53859847439854
1.853474256111208 6.292203075914836 6.243796635500373 0.9509325543343149
6.866818921998584 2.349028920265324 9.015012117803778 0.7829108151654847
6.946605024055774 3.972673652621533 3.450461345211048 0.8309991772973778
3.587814804688206 4.69376140002062 7.651486621459168 1.28945804190959
9.052199685226977 6.084659581408649 1.144768421288248 0.874746337334659
8.821042916726626 1.823211360950625 5.08707500324213 0.7383402434859864
5.099944467043477 3.673702635423547 0.6310889989038869 1.145400897581973
4.603889047996104 1.03627357138886 6.757532997626383 0.8831423664610657
2.029322988082089 1.9796410897863 3.802148692957299 0.758742336979455
1.672476081300267 7.047208016831078 3.288015313196046 0.7458494282986819
4.991806667640608 8.907092500691464 6.006140678407972 1.025868428411768
1.2303081928543 2.757796713953863 7.405275960309019 0.9460574349439099
2.54525629741484 3.627402819052961 0.6800817015984195 0.8412534358831842
4.580355531585512 8.868876041282148 2.365288749766952 1.093753915852911
3.802142089832593 3.706200299810277 0.6740125149346488 1.332500562653803
2.057275497281306 1.017594536355734 3.411196375607293 1.189286107013139
2.791989374088196 0.9745024929852164 0.1690818039783371 1.355056444412934
0.6356141436605545 7.795673103615569 1.321015078372872 0.7605859458209889
5.161264562221704 5.44185670908294 8.991570462327555 0.7401492271838899
6.273021141094898 5.293806538882007 5.479102714407465 0.848584502364351
4.263464398896123 4.713631448534311 0.284852958416989 0.9741823306062911
2.676233926960681 0.8028206018795535 7.460660319338232 0.853879724570885
1.723218037239691 4.163674347990725 3.516706558337759 0.834679610441003
6.545596992667535 3.026778513380761 3.475897995986985 1.147772993647941
1.854266255684569 0.1666445010935113 9.687046955568551 1.255353061771419
2.436956639928448 5.812311201364581 3.489770741434944 1.340832083564074
