7.969126740321704 3.682313686165029 7.476925612396935 0.9773251105100729
1.221379155550204 7.088152302909569 0.8967667436587246 0.7922260976907783
2.290128932975313 0.6799924790517574 5.466546556960123 1.25203134331608
8.727266888640038 3.251986072943366 6.767716603528632 1.162184505146073
5.209862607646263 6.501973464726399 7.818721687862144 0.818479465140051
5.074839020251631 3.094309261030854 0.8641590233543284 0.818624314566647
2.222265511100113 2.753661905995886 5.277960296161477 0.7798725640968706
1.701281322049503 3.918334882346078 7.070032200651891 0.8193801019008354
5.398049940534127 5.115747549491369 0.1449542046138907 1.158220326883148
4.782494730178861 2.401734023220591 6.949212685878864 1.263674966432011
3.293704944345239 8.153873424547088 6.445431678445622 1.42670206236976
7.184858425085634 0.7852257010122032 0.7337148777672498 1.1232125541237
1.459154798199743 2.263085858994624 8.575624584269798 0.9329265028047017
7.575242585429494 6.08291984554461 0.735550285297375 0.773033610771192
8.017686407551075 6.453009678061153 4.792968203528732 1.280772060910613
6.21608551758411 5.220591415894551 5.264258554013035 1.4483953939918
6.110022589796792 9.479382753993134 5.599629915144224 0.737096263142461
6.698836652341988 7.492057343889681 8.971483886339414 0.9572925758114106
1.02334421182636 9.001759324606224 6.892548681702055 1.199817426118529
0.9914880804296988 5.118438336104714 0.3656569263049048 0.7459748643694321
9.038834261017938 6.489636052219319 2.508626824375868 0.9782296446733291
2.338066973024312 8.971605256853534 2.137417783076403 0.8141753655117167
6.2000488760837 8.293554271493507 8.642992140191756 0.8882203855763825
7.868675903695303 0.8484934921827236 4.052694111181793 0.8132729273053259
9.943556013679352 2.69976587073892 6.147779257795869 0.980204267112484
5.941590532729422 3.352089673178624 0.1420609472843348 1.243544279622357
2.013632960758075 1.729991045301106 4.514024611011554 1.552016150919617
9.50008474601616 4.73768726367378 9.223899078519752 1.154221545288277
7.050632379229205 4.586874807883341 6.265020988000527 1.367320288082612
2.943689663150899 9.93619407400805 7.560484121308487 1.19904172841203
6.910098435287535 5.45123852056948 1.207795336154438 1.122941984355257
2.378122934300904 4.853959131685689 4.249111528951406 0.9849401770625359
5.985901760790771 0.7784281958188422 8.473573177339645 0.8019799593686395
4.147105812781958 0.2826539461817179 5.075168982388583 0.8076883516421973
3.836811609724692 5.636330414591854 5.560890247364743 1.030032679498131
8.95876507177953 2.179919882669299 3.015765661811629 0.7598148666856256
8.161097652029737 0.6379490894491902 6.716487597863811 0.7250877589341767
1.575122491119018 1.773683426655762 3.283454839763372 0.8794425103219379
1.978706635118954 3.741721548455073 5.515049391400874 1.168019887031662
9.796537085067905 1.837156943354611 6.375940112982375 0.7766139461829498
0.4473435373462298 5.101181438595839 9.701668014348199 0.7448963043456965
9.068228670328837 4.764738480926497 8.112150964357191 1.11157196509567
4.426996673118473 1.495107242949675 1.539121232262495 1.297519483153689
7.307240004657396 8.572321840135073 1.598353956669072 1.492940023893338
7.129295608583603 3.055307789153964 9.565282326866811 1.403225753811085
8.134684134392465 7.556886008663302 1.129040934431271 0.7564004702002288
0.1123414820386093 3.733887080726936 7.321426528241465 0.8342684456344855
3.314789057999673 6.498780636775126 9.563971156882204 0.7421150576453001
7.686747131854371 4.453944249044402 1.229507517689617 1.233593882584271
4.726851729282761 4.382909999706295 7.103989701367058 1.464124757888676
5.390503326493153 5.228291915160443 1.130600221108037 0.781573627253341
4.150345925829625 4.079855872633144 5.906912099506187 1.018757122517495
5.827100114461034 4.873038777908607 7.676825049428878 1.038767348991701
1.167578056685444 5.991828218944666 3.534358897208645 0.8864959771779279
8.980176304387408 1.377040177362967 2.48451209058158 1.054689301019348
5.687985600645342 1.523131531488583 8.131731226453704 0.8575833431575388
6.553145123299449 2.151662397438472 1.484016628451698 0.7874104447030706
4.559833759002319 1.196079904595531 0.3995607173035731 0.9729874772614491
1.950937598181606 3.021708844504471 4.459303217432289 0.8622515326794559
8.136681244740286 4.334345874851381 4.6394958845851 1.413810996360463
6.105967340419026 4.690661397707042 0.8579089496162473 0.8967139993964628
5.300328413366628 6.022159175446115 0.7397879951171958 0.7516577374834796
4.897617239207988 2.273648620913292 3.571420648870085 1.259220312393905
9.671741433144035 1.934589007718964 5.516113697940203 0.8934534057976952
2.401629084943374 5.276257780138402 9.091543707225933 1.081384090205321
0.157051685877132 2.353312913154517 0.9463552497873194 1.257813869295679
9.976323233462738 1.465857614215436 8.106772948483604 1.007589616402395
5.379580249172063 0.6412878775270847 2.974878329382167 0.7954907120379043
9.746501011380261 4.903870395172191 1.101214630005063 0.7519895488948379
2.950452024866242 2.480848234277127 5.132795575872105 0.7196889050385987
7.887016408508045 1.606353505022845 5.441526792490029 0.8969067962554339
7.293689796170339 6.465152326673377 1.589719213206428 1.120847721681512
5.793419173162401 3.271825008892957 5.742576053229201 0.9624060024933438
4.134325777428155 8.005884438130312 8.423600778881708 0.7306992447875754
6.139480017125375 1.65090519056368 5.827333623796222 0.7745409025505198
8.030914729012014 9.6280756824066 7.868980318905725 0.7744698266821014
8.980589797957157 5.697686845127055 7.659285280065912 0.9240668760805926
4.836036619441974 2.627756869036135 1.631481775395955 1.006849393541387
6.511658865491356 5.975610253126646 9.5475678499885 0.8614993818061637
2.225809533673554 5.857835131386658 8.118758750937628 0.9024876371471219
0.5790910804779691 8.515747915505255 9.847865729379913 1.394568287324886
0.0825222398003389 1.410247058606502 9.437099845996192 0.980693208931713
2.058285559719402 7.375772482627731 1.81613286798505 1.230644900498824
3.614243765687065 9.481513868648436 6.643269209208415 1.082316870011981
4.688564003503961 0.8253142815838344 9.416455164548944 0.906293475971543
1.645729391260388 4.920653673883731 8.476825093408104 0.9225053366047214
4.831870111526088 3.824205159904328 4.421931309647992 0.8246921024036246
4.986105659696182 7.531469551682244 3.121667487355005 0.7494822227977065
7.056817832414921 3.690692684886615 7.054656430529279 0.9558001936156983
0.5215642757748373 6.786432091931871 0.4695244807319043 0.9021130038189716
5.457014506823313 5.908658907877908 2.433501035929111 0.9753299692020899
4.623991000054429 1.345233677000484 3.023686148154436 0.802026227257185
4.836939347353804 2.146233937301808 8.16621066794608 0.7317486340263868
4.495190164435678 7.756892912093035 5.8843369636087 1.201900276461376
0.3081237267326065 2.366833011749105 8.613087232833976 1.12858294729887
1.861601120373387 5.740925673172304 0.1969849019498026 1.3284587013595
6.838845504070165 2.406316207207751 4.259294724252126 1.330443210212733
4.872255107308632 5.757991866334998 4.906836009928901 1.391381629746959
1.062905144070073 3.197910540492059 7.694807473382109 1.342709143013079
1.729559879192104 9.464760111238459 1.257740097452973 1.493668713412326
0.03233388234694656 4.003362899958773 3.885707251853937 0.8396806003512126
0.2046223578078921 8.2893272830492 7.069578588046391 0.8856627221837551
2.448656728226404 2.979664583342472 6.075431134936096 0.754839149580844
9.598242507248491 5.27423767664585 6.439742287618345 0.9222803976645781
4.403867944966813 3.821944689325525 9.066866777566736 1.114603135084
9.086075098965329 6.25631634577914 5.000428623728428 0.7930397176323642
7.652944849231445 7.671362621486728 4.368459309431234 1.015156483226893
1.630969331779523 0.1526143719974238 0.1979775197366618 0.957972656510728
7.961400361375617 5.297545069245039 0.5842565382400289 0.8787787643747558
1.827697478126238 4.658564577880274 5.028020711090812 0.8935069572735588
3.587777278202186 4.676926488635188 5.320869329573218 0.8853166618791304
2.361034569222507 3.290177379894319 7.393298337876574 0.9923069181597384
8.260893200205757 3.662737341302071 2.138828840421249 1.028758120333582
4.171247248764376 3.612329575650773 0.8855848688267731 1.124183348816933
3.975145648570846 9.748957245355312 5.804747787310787 0.7566870196126028
2.716778279101892 7.043581663027055 1.124275612970129 0.7384739464045867
5.675750046098551 1.427926930020046 4.718621126464178 1.600406095435791
5.627070801928141 5.262685210337135 3.763753242251715 1.100444207272017
3.309500728914558 1.829158249542265 1.713109255562284 0.9514259848707173
0.245647185225637 1.228443580745816 0.4943121644339232 1.128797469626081
4.555469371787509 6.46494701339163 6.06291516453423 1.330358368013871
8.999120451273438 6.557711627988329 3.765090843592163 1.402031818078358
8.117665546984517 0.05564059872044557 8.899775846861646 1.072170670934421
7.739399213745068 9.069687992107003 0.3633107524781531 1.043990919884169
4.884485456031959 3.426182014722434 5.31210096919939 0.8395776990505541
6.0992464256558 6.265458167880726 4.365631488664991 1.257967071675585
9.656340979348096 6.41574005401384 0.1795301936038585 0.7488678505413813
2.051229564238197 1.272932287240154 0.4644906295633133 1.417000114539749
8.797120507983289 6.933092416779115 6.336966515758271 0.817784983740703
0.8835502062741474 9.679743322578192 7.984399305191261 1.329993301621579
1.172414698654749 6.571403976928532 9.854210483587915 0.7553678873672602
2.755985337834844 9.181497188526551 6.319550812360871 0.8069851156052229
4.320425475430863 4.495534728600772 4.371345772164677 0.7537694814619921
6.77082289139499 9.097321023386474 8.600704909672096 0.8194690675173306
5.436288119046378 2.139235752167988 8.882904769782545 0.969843212975001
0.9649719595323336 7.443108985054954 6.070407391527327 0.7903237191612572
2.93299562686075 0.7051364850590057 3.418255681327951 0.758657373695719
1.340924879947213 1.320519611721095 7.108779732766695 0.9024789334920422
1.224908812999705 8.427455899126311 5.758680991276493 1.2673545510574
1.05718585224601 0.2281962445781094 3.564097487699387 0.8722437281022082
0.9626594753722983 6.466623129102853 5.565106705126577 1.252436435783618
7.130032100797656 9.270285818460728 7.811835396767585 0.8309235312363709
6.502084148970223 0.5680460144698063 5.763399716846269 1.433681628270945
3.17771206734091 1.981334217204781 4.346828542959923 0.744391536893237
8.036393946752726 5.477631163855791 5.899349242386882 0.8228676181734005
1.601151878135789 6.933434920269549 9.075250209805974 0.8453464655150382
4.397356853924882 4.4287093398108 0.1437706650781723 1.088067362247386
2.976998450101044 4.922813586584748 8.099055577668308 1.251184239146951
3.807745666203926 7.904236428550647 3.904020740291331 0.886826814459682
8.032332193802414 0.07897618246823113 3.396069590488978 0.7212224985634115
0.5771327592943087 9.715294504029622 0.4842658593094595 1.177562769530905
2.992389339881797 8.219934472977609 7.535258468686103 0.7420762791708614
5.683027454201102 6.598126993546791 6.746054364786983 1.165768294699992
3.959370122862981 1.473843986272857 9.621199132833778 1.027769669849307
4.99162684643696 0.3163374093205351 8.387121769301666 1.302477021368692
8.297912617074854 7.693001311301628 5.520790958121569 1.159505586860324
0.7045982476627322 8.485446973377673 7.884206880343875 1.028116957277255
6.682525215265371 6.992091546277629 3.355598219464818 1.134749322643639
0.7788386751892284 5.959625386980072 1.988494840952064 0.9318561270618451
5.51996010141846 7.428933254266858 6.062053626167324 0.8366988327948927
3.84228684039105 6.312839554520646 1.323140160677601 1.449843409803554
9.105557657299675 3.668688120609468 7.790358505422563 1.104847812890329
7.041619734181454 6.762678735706802 8.357820572267288 0.9219506188876926
4.577065170699175 5.666675990855381 0.6408657059160837 0.8128792111214153
0.266771655341731 1.302700343050087 7.074471767611069 1.083573892320559
3.155513219385182 6.434503062865526 5.589133329263297 0.9693948300593562
5.227785409341379 4.079444378550389 0.8421676419814993 1.139499987203899
4.205115635361193 5.528346996402731 6.69514949407897 0.7821808510294659
1.017335484901739 1.078533491182494 3.19579209246011 0.827437241624881
1.039959428350915 1.565024765604662 1.013865617578508 0.8471857927191864
5.972305889859329 5.484964980698425 1.697927940960137 0.8601020693699053
4.517613101121792 9.090655422931517 8.727619696281327 0.7759446387328794
6.320520985138819 1.253184786457487 6.756799421281783 0.8187972675176941
8.91291580880306 3.150615697388459 2.875056949028781 1.082993495308343
7.451925435914488 1.463216627420345 4.459588701050461 0.8422715071205977
7.011866714902522 2.019646189862541 6.254070387678294 1.238038012959295
1.07061396309754 4.104986038290686 8.465459705493075 0.9700831088518812
1.637561635986253 6.08746280129761 6.420986509000632 0.7368416843053395
5.341758149128761 4.132549065658019 9.531105691730971 1.026137112849948
0.3123290238665899 9.5462455314774 5.758630391443409 1.565779611359974
5.709164606643033 7.282649374505212 3.848493154537789 1.078069646720342
1.234787543534849 3.620902659005242 4.732225001971958 0.9325825812256487
8.986446426464891 1.286968013672708 6.932284965688627 1.35219060215524
1.332774223753006 9.282684704134041 4.971967907450901 0.9201069556647316
1.947295397050309 6.546732461597155 1.034859528199447 0.9494471982775495
4.648912279149043 0.2441435206263143 3.339375041997809 0.9878916094779606
1.561502672217193 9.79453183836017 4.166890796676686 0.8267482271614398
3.656183767482325 5.308782488446292 4.442064088111952 1.226657771280585
3.257728394482938 9.407127796111297 5.706559094924155 0.7546222149494896
3.75862735705113 5.263406851260283 0.3438547674263659 1.014372230680414
8.013258627566515 1.240465277325374 8.703955874008185 1.078539784178879
4.952430379531683 0.4327867648695294 1.570787489112338 0.726065444923902
5.924521585592689 3.983502750357745 5.001379721739964 0.8377436788960645
7.157592104368639 8.529976071960073 4.207592893875843 0.9319988113277825
4.125507012910409 7.236080185390976 6.861140388518017 0.908436747875662
7.188613373447634 0.6232988608986 1.950677503954388 0.7991153567045146
3.46087591949465 7.698966067826538 3.107245150095193 0.7658340607424744
6.347738488709944 5.292093781531729 0.1705942402419302 0.7349109395147624
4.064237275694307 1.456692206849199 7.136508063254393 0.740599899526928
2.051766231542338 8.603134048990031 6.580458679161482 1.045907620339975
7.124340132165654 6.151628310246327 4.057893507800741 0.7238556911484043
1.358856585918685 0.2023589675031845 5.030604938953898 0.7725573173801187
7.180029201416324 4.880079030453857 4.297832083383419 0.8104003749835161
6.565306515866105 5.896224161716342 6.361923644259835 1.16427528819739
3.087807797630033 2.38292532715703 2.667078142447903 1.055416381004989
7.208439126406964 2.45544557077849 5.343967585496029 0.7558340385176425
3.1403460659483 3.782597049274287 5.76785548563308 1.030919364206019
6.721661092008729 1.825828556243773 8.771615740186029 1.557959887226435
2.046945817381651 0.5693143822514246 9.456627475458594 0.8984473944074667
5.327610828898172 8.467290814701446 7.199396619846198 0.7962412934807382
1.639970587305023 6.857976526928113 4.799717706041894 0.8964242295749394
9.484904095865009 8.350427885527427 0.156231305370742 0.8355932593956557
7.893898119856749 4.511862328310999 2.269272463160232 0.7882438625600748
9.366519261455545 2.877774388693951 1.33786446505515 0.7379987451157652
9.240610485943709 4.026939404813419 4.901483330112701 0.8361714176236548
9.337989273829118 3.123674085131062 0.5734254084360667 0.8246329961242878
0.7008738428358974 1.948529899015826 3.081996992558613 0.8653331798550409
9.451857007964716 6.04087600686561 6.959814974003549 0.857160079962787
3.945212903940208 5.267542737197672 7.537335584103368 0.9917119208203975
3.730143368369581 8.703865314856891 5.437732190745821 0.9183077993831024
6.2210125538032 3.8149054233725 9.179957906926447 0.9230519179280183
5.437049421137306 8.033088896306412 2.545259669558365 0.9763308483141555
0.9914496893085589 0.251601586223128 6.848314993647941 1.179869984617342
9.1671781767794 0.07803985955261106 1.503758425459428 0.8479022486973385
1.971713909938162 0.8572398857267927 1.649084101769357 1.022380416831698
6.380493943142175 7.836985365495329 0.8512683533648269 1.091622728015633
1.450681442250878 1.327280955399791 2.404940272414726 0.7467730194889145
3.190213953894192 8.811872305149455 2.68132533046424 1.147704540444419
1.72351633552692 3.008302937589978 6.638181822442209 0.9156794111230011
9.474693507309514 0.3356959997518105 2.260848320294429 0.8250036382244982
6.566872128084478 8.580515823717779 2.528181816895082 0.790961673530398
2.747615613816565 2.62356286193364 4.310025718726188 0.7346048739141439
0.07912570850006516 6.150421091286558 0.8494583399967792 0.792130759462521
2.237610385616982 6.864736977443112 8.362430258233466 1.020931591270336
3.630963866061373 8.864819407924976 7.414610456114775 0.8155918572701383
4.925381651563168 6.600438860455765 1.092097800771594 0.7199389207649174
0.1577137831578745 4.466949508119007 4.789352312952461 1.077769538900618
1.791766242121711 9.782659471023365 3.330720858186972 0.8753834060684695
2.257938028190045 6.316761412243478 9.279312423502539 0.9381177853490135
6.947145286078408 3.265890355343214 5.984812914647985 1.265894447489621
8.024130708634631 7.130512976629069 7.007273616929865 0.8820113879308786
4.203662264219873 7.304286915670022 3.248918374159588 0.8051816133083456
1.037628366945411 5.097157263442636 2.742302895520483 1.340950433553864
6.623204894192363 6.477189705301925 0.5058215809507494 1.272081785353991
1.41663876670328 4.52505144354201 9.556964181352763 1.371057633603423
8.224122777602032 6.151446718391067 3.018871600747992 0.8528738392909999
8.334486843466834 2.389413662811095 1.970345444387962 1.406858823737516
8.935398670204377 2.322428879365371 5.113304862661767 0.8706658750382509
8.381083126035174 0.8373065979978844 3.29011088084163 0.8275255973316511
9.659991179354062 7.801018046185632 7.932158780495769 1.286364552410102
5.533296068446559 0.9991953929680629 9.917744343704195 0.8839891156481854
6.101725895471198 2.618005722672618 9.418237340202925 0.7787266666923189
0.9851014934278657 7.62274274836209 1.59336220382334 0.901621348163381
3.764212635423013 1.91477469198642 6.204489443670476 1.385456739451539
9.556329443734127 4.383112337236699 7.30221950853386 0.7307768196324363
1.140273924694533 7.544551170965541 5.141642304341904 0.8415547690649988
0.6775215526158351 7.660438255586562 3.250953618234212 0.7260826872896115
8.828288408036148 3.949875211348195 9.300291776734998 0.7299081312819929
2.674247789798323 5.380037597912094 5.316262947875106 1.317859905028525
9.005786735302737 5.342050705416837 3.134451307652262 1.223929970125668
4.80393422502883 3.384771424391529 6.268114941128561 0.9831806216600125
7.68547027511281 6.557476016383925 6.073941217713466 1.326464626161388
9.900440102986826 5.269058989033097 8.475761330627272 0.7675186234341438
7.07027996554443 4.141507619945779 9.902290223438495 0.7629915097452612
8.93366857273667 9.691920679392311 8.182189006428914 0.9281403912365784
1.245226850366252 7.561158468888137 4.12656532946738 1.116689857938843
5.416954298245483 3.747455583408515 7.737169401636873 0.720526399357321
3.818744838397323 8.990216206705979 8.33774573820005 0.7338063034859407
0.2214041727896931 1.140071641474948 2.470194454574677 1.295324317684423
2.498175805990013 3.123111623770984 0.6836353993228472 0.8250239299340406
7.551375131519599 5.313571249143566 7.638671602179008 0.8726886324368102
0.4306027142988033 1.150908614843065 1.429585660741879 0.7530706109387637
8.309380497541174 0.8180107321972552 5.857008930794517 0.9408346952775234
4.937066046075086 4.967359899892102 2.837379245584396 1.23092803294663
6.295260650445273 2.44579467413528 5.406045406111729 1.018665972479306
6.579053300660071 9.222601513483763 4.14651251338136 0.7448248421514438
8.489645273474061 8.691035467437082 4.40293628297936 1.573730254368998
2.762930755625673 8.968576014881316 7.155952930077814 0.8881904754367036
0.1178170507703158 3.292585767001295 8.289997205015476 0.8349512010129675
9.688364308413762 0.3891641748188912 0.7485563422541364 0.8596901253596338
5.5533893360534 9.868127746895173 6.253923395671627 1.056218472510223
8.413495213755136 2.772858655954364 7.759178908366315 1.089342379287208
9.723130748079084 2.539650134975887 7.402223407885587 1.532677876728977
0.9724250822012303 3.226866490051929 5.90622543988643 1.157899672033088
7.733491585324321 3.732781967740644 0.4146302488963871 0.899101844771653
5.014358482303122 9.108369962725792 3.384215959635456 0.8722692191639533
3.264488925546342 2.561755935761865 3.634405098030473 0.7773698069679971
8.79199987373284 5.504523756901045 0.8704469608211285 0.884218784763086
7.172396595454323 2.960531448860916 7.958398435587062 1.281946699014012
8.940540272893617 7.21582933531623 1.649936242681683 1.240041884342897
1.960446720760661 2.963610609234308 9.127456050674066 0.8133568924230514
6.410470554347025 4.244148630737136 3.354458448882784 0.781704562343836
0.7527664117470223 2.791238946108848 2.671268125072271 0.9532497974515788
5.152530186572466 9.058346646622814 6.463825963681651 0.7285342134382403
3.471285242313756 7.319110893134535 0.2692170171415309 1.401553660006049
7.70578317402097 7.438018630477647 1.985811271420194 0.9526547118932766
6.440963766934789 6.121119489362266 2.257244983378195 1.024350142644831
5.578629057765699 6.190165269278754 9.839679722341234 1.057878545631863
6.572900034577122 4.425373388979714 7.232184693543792 0.7700865125435172
8.767046660703654 1.20716658271635 4.700226487351171 1.418756559167949
2.578842376356941 7.730335484632783 0.7929903853630448 0.777982752992626
1.725844756658543 4.536255369321961 1.783707959991469 1.217102746223315
2.09344822014311 9.659097817138461 8.639045664041323 1.307732627608935
5.99461105298684 1.094807328816043 3.224191545211207 0.7676204381062119
1.008025758038915 7.43454318818736 0.03134844711813578 0.8929648480377084
9.960724575019308 5.731263175294282 9.234480369284951 0.9524404207308567
4.078436665151745 7.100643774246072 9.006048608541295 1.381122842449549
8.80231465188756 6.853471865860672 5.458761951739971 0.7463510728652628
7.996719079832565 9.90371978093704 1.319691434015983 1.485718764890292
6.935987457880534 4.687438896951367 0.4805982275353582 0.8000771092314433
5.646736240268396 4.354420257122774 3.254417301856643 0.7407009637745227
1.06949996257264 2.58472387594322 3.874846634477723 1.209055077857808
9.984881900505028 3.032585360036673 3.435194967727513 1.226584990335353
6.121517135196511 8.844786100819581 0.5593791097532441 1.009049384844273
7.845934696750908 1.924315014468079 3.339225208464442 1.483358862671089
4.360708183870186 8.34912204054285 2.891489153239385 1.309826460597398
9.580116370778221 7.083033922546819 4.857727431147874 1.112420810060475
1.600548449276361 7.57343875556601 2.950891925630756 1.110042366039094
6.031135639121282 9.884530706530063 7.98503303385621 0.8518491595863277
5.103430525942636 8.947630598113722 1.164127618504346 0.7272737719679802
6.242176259595356 8.718108993608626 4.958955486171877 1.236291413842549
1.123676436557803 0.5902182279260082 0.9861816461522632 1.066375406665624
1.267608378168073 3.518439222844552 0.8193733574986661 1.536677653724822
8.994629499927356 0.04178608451319121 3.873252145901665 1.391344141041252
8.865507573813602 0.6116132169367349 0.9809609822844401 0.729773233113259
3.454762659182383 5.523173608212617 2.259080666203524 1.013379236766236
8.415705725237551 8.027109120108186 2.132527905098481 0.8741612733654988
8.062614179398048 5.413483499838894 5.000449946156902 0.7807650794943662
4.023042085452938 5.477663998655773 3.111670808913721 0.8098890649637485
5.902142326602255 8.626631357038285 1.684171307423646 1.241206922318242
0.4077979489494765 5.359856916372347 0.9520436257152265 0.8400039437925706
9.819189521218131 7.061016740786775 0.9819992584618242 0.7530746705719691
6.021132557446096 6.46429556021382 7.78404397720599 0.7322319933777248
3.673882541824856 1.146435400186536 2.568489346105214 1.298216668097263
4.20392238999863 2.400281040450867 0.4861774928144235 1.386374994204247
1.988472913167461 3.036878165409252 8.297452201621125 0.821434632352916
9.635145785466174 8.984534437451746 3.75082332675123 1.030630075164763
2.738084291160662 0.1808759474345289 6.434820089402958 1.042526709049359
1.914533309465271 0.4136301958929167 7.732066749363413 1.036287282808999
4.18395306301477 6.266264802132217 7.95197491080353 1.104628116459302
3.620375820541558 6.01831261742334 3.578288102706194 0.7981848016433913
8.1088193429391 5.405786443760893 9.751256147069537 0.7538626959499365
2.986345809680326 5.701175640341801 9.769856533907776 0.8554273551201171
1.322698379279814 2.705690501088869 5.070192582227396 0.8805107491523267
6.740397169568199 2.726051598243945 0.6942721623827919 0.9878403574882969
5.292620743694781 4.313323993500953 5.805611744485264 1.263135105811316
0.7560375319470846 4.734774028782341 6.327929730959615 0.7803913036489741
3.075477613323709 5.907888388846065 7.310268645268147 1.163463750031399
7.117981114754476 5.471733314822673 0.2567188795975095 0.7771166536373636
4.541933120491926 3.279030076623851 7.974524017214157 1.28173194859593
4.894823298821922 9.231893361043715 5.190991052571763 1.571755273335354
0.5869567841267365 2.279424513700192 5.654478725481431 0.7720150093303033
2.513444687481296 1.87707581227879 5.809067894254935 1.19429167269534
3.451538121516897 4.63543844192327 9.318641107204778 1.37582706067201
2.795328218955615 5.226345983954183 1.205059883602104 1.480968236424423
7.638857678123854 2.838372089256387 6.887748179948071 1.021858009006907
5.313114006460483 4.642788009939872 4.611260763404315 1.006510542937658
1.945215795970767 5.358511536910982 3.51679021135264 0.9113624490469175
7.996895793970713 7.170094055265495 9.144829462721731 1.579446813122092
7.701968727444923 6.941008431241967 0.4052341011576699 0.9936106746085631
2.768915038378465 4.27893177739242 4.995726477189437 0.9158577670313341
5.931196294735428 8.044825909951003 9.720242226655216 1.293862698952679
3.675191684371872 3.433336114256964 9.851627541812524 1.103444811348716
6.317826800741138 4.571945523183471 4.216468037329625 0.9839248573018673
0.9954708678755918 6.056636056342962 0.9882618403155551 0.9472183309155765
2.418946322861161 1.451502660311849 2.509921221147355 1.168996419129772
2.959141860968336 1.642573983561624 3.511721162507202 1.066511301712306
5.246798081023679 5.498715376322676 6.057452905896298 0.9938462304294946
4.902802991226737 5.154407598679501 8.139811575522444 1.069329761548683
4.775173764530332 7.651932001076331 3.913723741160406 0.8536700086884477
5.646539027029911 1.980167516595753 0.7356501001590432 1.54011216629827
0.9259703274646314 9.771740337181511 9.292493249140371 1.218566634622054
2.779336631710569 3.29472257056482 4.854701729217739 0.943314082612736
5.481212506276532 7.185449268073948 0.5197426907662162 1.163685225780942
7.214900317818193 9.676488327228466 2.667266804858902 1.520545743188108
3.184908439205577 9.222530594647612 1.317381708450939 1.273295171213437
6.927483300854009 9.275000761379555 0.02444718095809817 0.7221274964119392
7.675834004982752 9.125015304786718 8.578437479751212 0.9458769377764474
5.950123628948583 2.072705258603125 3.717939181363026 0.8014316519597069
6.04090789563443 5.084458949414772 8.921617243267903 1.461299852745958
5.509652367022497 9.123929353735861 8.513967939923445 1.210202443550505
8.02326574618842 4.528812670450299 8.074524034708482 0.9284724969160734
6.8847398637429 1.605374936686799 5.193109385359862 0.9764978368277595
9.813396322406087 9.119855357089245 0.3193035834839175 0.7272647586263251
2.522221358692829 2.147841169877275 8.361116382922095 1.159758791723745
9.477566199910019 9.377504941179932 4.706004380836187 0.8632962442395274
1.021199031110119 4.32382994761147 7.551292856074704 0.8016102615105483
4.91434937110257 6.963787489416811 2.136485613149903 1.412835536759032
0.494178042303931 9.704770628083098 4.341766104206764 1.260902268064042
6.706328510014591 5.797618275293782 8.011047715125343 1.131315914807402
2.4570159790402 6.401846810161153 4.913444992262528 0.8846153124388039
0.3951609033232472 3.212446178058991 6.745425694886073 0.7316347068431639
7.129556764123548 0.789624716329167 6.924714692948283 0.810803787811923
3.182585504492438 2.828477064172703 5.813770429201214 0.7532262633449878
6.729112797320076 2.834063700452577 7.012127273997244 0.756879551311471
3.679950557873337 6.208692144236119 0.1994727252911455 0.7853096699771381
6.594192648685315 2.090743450761619 3.173380049540989 0.7636170074448656
3.678761796162362 9.510249284437911 4.995848531404543 0.8727184671235845
6.341856093025685 3.036507155817551 8.729672401782855 0.8233478218471731
5.212076255294183 4.207093508565215 8.470707225400574 0.9752121640031539
5.526045972653543 4.523413115205877 1.861368984932442 1.058114503357741
4.743574414154637 0.7425130849968364 2.36428686770544 0.948023715641924
3.415359857271588 1.286134964698337 0.7011584321518394 1.306501606617176
2.708075934250245 6.12529361939861 3.124583791576657 0.9693924910049311
2.431292801478035 8.381898336153657 1.450970597015392 0.8720274617799901
9.463121154648713 8.856440314190882 9.416487206680916 0.8793349832846281
9.179055385461741 9.272765665531892 3.031650847892949 0.7219288157037488
7.681263116719663 2.824685186802887 0.5237182190484968 0.8110450798309421
6.210623788581362 5.064389836987305 2.676673896868802 1.256709223007045
2.586358523327175 0.3561355692144819 0.1995256617925156 0.7241536707362035
4.664793972713145 5.00694959291792 9.22360845604393 1.078181733640352
2.233803967213904 9.021377212059951 3.003875050160923 0.8407884690852921
8.131191518249473 2.641313002209466 5.818732775564905 1.318413229929328
5.348951762409082 8.25184570240064 6.355711833796804 0.9062358319771999
1.632290039409615 7.960821331599476 9.551917423316603 0.9302981301260599
7.089969698015595 0.4517620993076676 8.166584064521578 1.41509635627593
0.5693818670618722 4.882689027028814 8.863140364293526 0.8698262794024745
5.789110360056915 8.795049674043696 5.855271975455485 0.7311844236572748
0.6585291619999467 1.753331411414341 4.809128351030479 1.172354330511069
9.750270582256576 0.3773594908846079 7.708738155164345 1.314655959989038
3.172761143386059 8.911075935743211 0.2835432814393279 0.7255478242367738
1.746145587831912 2.524810703171251 5.907215312995913 0.7763462942576181
3.572955880948776 7.057206348459451 6.194537972774791 0.8166968862235433
6.970461106168993 6.727354467830136 7.220184572211069 1.316081300782989
2.66715113249469 0.09211223649132516 2.443442408094159 1.525404943004706
9.286650129514051 7.768533053614963 3.888626701931287 0.9782230638291289
1.593745313814688 5.775801953287371 4.625395920708508 1.261100372361524
1.986892654577908 2.861311331588711 0.1450827207972127 0.7221934866632036
0.1768178627429484 4.321835229030906 0.3887510555680695 1.206498504012876
4.086948740609403 4.415448002882688 8.215875595744803 1.010940212920023
6.56636495540621 0.2674598687151031 1.357864202444969 0.79198539514672
4.044178942521864 3.06134127189591 5.679058049879888 1.012676614946141
1.454343894148985 3.129727479535299 3.108442990461249 0.7624317112048863
6.165147220147422 7.749088317117087 7.000304631150351 1.268488196919314
1.948781552916363 0.5335714417003334 6.737697324378463 0.7565574543170988
6.379238741028193 7.240661609393987 8.034253597355731 0.8032326345156091
3.936391432651805 3.093290842769929 2.986712778389381 1.180466740676893
3.25955148141062 7.183554479033161 7.764923935492504 1.37804585854047
6.217620826466359 4.411389763985517 9.927776505570378 0.9425197935318921
8.713340247730009 9.187152747826465 8.931063971344699 0.9003242890463906
3.378094625367274 9.719490327900626 8.752340861224573 1.04664353523959
3.465803801968463 7.742394185089871 1.828272085602679 1.587244481610935
1.67732495432776 2.362298399937063 2.490685154374042 1.037379877122403
4.581923799123707 0.2407623886401189 5.781728760513348 0.7677674168073451
6.126795147080308 0.8116915039326689 0.8130486213539022 0.8244042043058188
5.537229094952419 7.245456905125422 7.683706823659026 0.7744373614812128
8.816507421198155 8.100353520655972 6.761527726002142 1.59674245177666
9.563751125468249 1.827603791938248 8.846239342994064 0.7283875910064077
8.805924158668587 1.829963598357147 9.254617737530763 0.9653048913773545
0.3029061302744973 6.71218899719588 9.44971211524846 1.121762768195611
0.1566413871936223 8.629223599277628 8.715363042928169 0.9326753833217369
3.197293791968285 6.87860195442447 3.865638762830046 1.166161461950407
9.114209347918987 5.085321818244103 5.373927336421506 1.355276296446015
7.998772112910855 5.214995690278061 2.790981740571413 0.8243171780069546
6.15007146474833 7.006854428392483 9.686245495606677 0.7877245248484038
8.239256703750634 6.495416848185831 1.998349004261943 0.8083534592401658
1.937106592117982 2.935290726756538 1.591227511833263 0.7781064608482707
8.501122730493648 3.847446630042362 5.779995526254788 1.124996105458668
6.519509104242616 1.992175809487588 7.229262045237765 0.8622901569110106
8.463311172127735 4.762378512587695 6.88362046498617 1.572676937352878
8.718566940523013 5.91532301826142 6.379710210131864 0.9288300769701027
9.676243290198345 1.842713927234379 4.644521503425516 0.735188089682985
5.296714699280638 0.5232031211561693 3.942106895298475 0.8299298566853244
4.390973480132935 8.130893791797066 6.969087920534931 0.9385982652138533
7.736843763455609 6.772932580083499 3.658525087984535 1.062113194587611
2.447651303646829 4.321144006552984 8.856064387182284 0.7876073231122683
5.506980857823249 0.2449072278552844 9.404118418458729 0.8897524015459043
4.839616993128536 4.354306805358341 3.763372138060928 0.7795139914625451
9.069539591103855 1.179949328933648 0.1691196726814026 1.212313351341702
6.929597511545308 7.43510910796296 9.955351825755869 0.970157217603787
2.898315286349693 2.385453986662677 0.996867501799199 0.9306702377617841
0.1070517209492672 6.115505064743153 2.968187692235655 1.405536422583953
7.964644374808341 3.044407589908813 2.933768347817578 0.7672696015855698
7.458552313975259 3.266842187634415 4.886807116919867 1.033382528094996
4.64910958771215 0.4590839518205858 0.878020660745179 0.7512404322414409
1.90368097593594 2.346268474878404 7.439850619230731 1.000692170009499
1.168557097966634 4.661156646882931 4.045922107659935 1.342835943104772
9.686459777565419 9.077502178867791 7.683055072684051 1.201615964144618
7.816891896928744 6.881046501689069 7.911743210188919 0.8523610479513399
4.03771562428877 6.316234067185046 4.375651995554792 0.7722924161526505
4.315346608947328 2.15436224262026 2.502762309950664 0.9987192536713531
6.252460162946867 3.939230248730583 8.136529539186034 1.127294004481703
6.472051765268303 7.398821550105214 2.080379778258581 1.478329128147021
0.8773806602632683 0.8630044923599188 7.87524371844439 0.9700316471303799
6.874983595451424 9.011515392563632 6.054318453016498 1.1999000954988
6.969967938832426 0.1808213279047932 3.917947742175752 1.053412629025029
6.531634254484418 7.020004689710952 6.119989417009417 1.049436423870321
0.5852226894411594 3.009912280747681 1.7725861291409 0.8642463249344857
6.612934851275822 5.430335140111169 3.836510652783481 0.8670058751752659
0.04595882842980403 0.3984613525786918 9.74715860485399 1.029348654042663
1.038486304773457 6.823192158427525 7.420753102822943 0.788208316220103
6.605153447109118 0.6106286163367891 3.159358449538749 0.7620116996263515
3.290075263274204 4.844524762759716 6.49191673632326 1.465187600954226
7.200408257746838 6.020172297636007 8.89072347526329 0.7209734044698191
5.822506452313332 6.440799767878367 1.410707363764595 1.084002975681319
7.329299170994453 4.575858965094869 7.307762636048867 0.7312102163720506
0.3335380606698302 0.02509094763361697 1.663364340405097 1.252444998813782
4.917997269045484 0.2597262127319866 4.602657847678915 0.7238428672280722
2.518964450786301 4.808958775106273 0.04680923019367178 0.919841523340592
6.541023651142456 1.313066636676359 7.677946504758578 0.7245450057993074
1.940413154923728 2.412391618995148 0.908096197741658 0.9028209785741984
6.298532062778532 8.053046034321094 5.898944125358535 0.9758060675280968
5.357524023895506 3.220363146464948 8.878726500985548 1.116991257429808
9.955270738207151 7.418180164450631 0.2071725873235008 0.8193597309771745
0.8959145695322879 2.253559361590076 6.648296439854337 1.250705380487484
1.282981355775824 6.130939513614758 7.829704475037206 0.8582503918395987
3.728904832409204 6.610359187622978 2.678815226790479 1.191102973762652
1.587162541796289 8.136804268555595 0.7291592048882122 1.328268975629154
9.952235350440196 0.4188858719308852 6.588370833024883 0.8452832187426348
0.1703786817792541 3.121336908094135 9.247811967974252 0.8293916905271902
8.849265160972088 1.769721356653198 8.109103904969315 1.129469926317263
6.582469116495238 1.225961818909808 1.587852126087045 1.025714046771014
5.963355294048059 3.763194738438548 6.748217934661329 1.224629652757645
0.1013224105090715 4.337181679272688 8.116381428694829 1.088705261130764
9.422933262781624 8.193535095511997 2.041855639151126 0.9212656513221829
1.562859968695233 4.379036616996208 6.271390016038305 0.864892016721676
7.230928808352008 4.256507497566165 8.918445682736133 1.20096693442852
1.059085054888721 3.109297571259352 8.865649738918638 0.9289234158398455
3.478287037608537 6.017002950905079 6.340976597184011 0.8179150103680537
8.853145224717348 2.235049182644029 0.7779241865307707 1.165549199833742
2.585485210390479 9.579269826376656 0.397046924508796 0.8216427382119844
7.447544922051584 0.7628423995423861 3.272766039045147 0.8239701659361441
9.137640059207227 2.328114511861922 6.392089025515352 0.7844953862046882
8.886814399089097 9.772044127156526 0.05791091266044379 1.535894279691964
9.192338290839819 7.93624336583085 5.055231524705636 0.7558099450460938
9.433793563867415 3.851215719943653 8.717832686450807 0.8446203332989345
2.059522348120594 4.110535795086188 8.000897248820785 1.073951091394672
0.7036088567012266 2.032842139402798 1.980350529515032 0.8976800870451407
0.5484065934601845 7.684067711443384 0.7761119332420762 0.8527280855387381
8.77156828215081 1.685729752219478 5.804370780622431 0.9440260248408191
5.238086790687604 1.279533810160587 3.540593832267066 0.7808893447023807
1.994146237607687 6.137644696959585 5.560125521972135 0.7249506254772423
8.545776438890037 3.391195278525552 1.111028979709646 1.118243615401746
2.553971053622387 8.127688706278464 3.804816408171126 1.580864861570106
4.864455846782158 1.404968836371052 7.583419498645085 1.04896439264163
2.940290808792808 0.9187291304189404 4.264282823269088 0.860153720987317
8.064528013293341 6.111631449340687 7.242670044203141 1.144407951866489
6.618391561964817 4.491366758869616 1.722815490864757 1.064808165039245
2.526984382594034 8.674889415127263 5.251871240303563 1.454842394828372
4.265581552465847 3.134329951425972 4.145905745753041 0.7653981323725106
8.188602584652406 1.277759706760279 1.282135947540601 1.139261447662423
7.967010232689529 5.515977701827208 3.897308718354058 1.255315122674594
2.698253749198122 0.3095637674541818 1.117286878431807 1.021740963379529
7.217680203953914 2.966869325051867 3.358457500022141 0.8636630595011706
0.5038778464155058 8.087415159882035 2.450192191640977 0.9612886077269734
1.725710119989023 1.409463645047623 8.048761666610019 1.04000788950951
0.7138148504748942 5.884155838952946 0.08694774401724614 0.9163200792100791
5.565149787276773 2.921434876494913 4.558653743712522 1.35014228431682
0.02443183477091715 8.196386945329756 6.033332747879871 1.066776991546499
0.6851726546369852 3.620418576177526 9.759585697883843 0.7764590210411572
6.049139568741115 3.118251757207616 3.22011340374313 1.465860185290726
2.639157952230158 3.41211998007699 3.969090452953334 0.8283437218415649
8.588287257172025 9.926599852570178 5.189225293137365 1.288493029646588
6.858776762900904 4.779541077105377 7.962931936828146 0.8960911579996971
5.627666206241958 1.816331332048852 7.17281631868618 0.7815508035931867
6.07769770755491 0.3977882174137825 2.257754427939357 1.230443262781803
8.003353614112202 4.014888669507006 9.607393930334476 0.7423320594770474
8.516683652512757 8.427837680994806 9.68078140672848 1.211477339285168
1.307153278372288 7.83514466954241 6.941701691774012 1.156463542218238
0.8257760998678243 9.326762332883211 2.322989277338947 0.8669856171848979
3.830802621791898 0.344589321096509 1.551599231154347 1.249412714928913
0.08830413882899178 0.9595052377622948 3.928948603037075 1.415814872056338
1.796223647148892 9.610445447147338 5.933468645375792 1.236385718785712
1.475051038429752 1.835703505157661 5.570046726626784 0.7556311634204379
6.016330432880157 5.649155977504523 0.8005476594332306 0.8046327187239346
7.210625911987373 5.65969816507723 4.750810471338204 0.910276413886017
7.473776209704405 6.137242198276469 9.797665346838038 0.9549589564817116
7.214315136250497 3.869703866190398 3.830675726144148 1.133464911261164
4.142234080266853 9.6756063636878 7.735333345876331 1.10501141840476
0.9733370710339251 4.278804630313668 5.475122095539022 1.044223584157777
6.194817355331799 8.838325582633304 7.6675129932483 0.9713859346044237
2.745256076661601 0.09012127740465448 9.441667602409018 0.7354022433620068
8.553963089065588 5.770132947606045 2.329168553340043 0.7481493362357269
0.1714119628043742 9.578422808047598 6.963465084132696 0.7626306831937053
4.440005771665247 4.993686903049253 5.993833348793636 0.819325666953696
6.909140311547293 6.690669890442865 9.361927269483026 0.7693165452770707
5.812151527456229 2.736017363392058 7.771212650211889 1.407113335596486
6.552298258673123 9.47815218914374 1.743682889810185 0.7454522228314715
9.176844358335824 0.7381871011220642 8.932585637025056 1.36797505007561
8.531532781939731 6.345768169071166 8.303662144741786 0.9350722079510917
2.718289505174971 4.153964650489579 7.292002969522143 0.8323708446093847
2.943556103412144 8.925057892220524 8.164761304109247 0.9493582101696961
7.610479877379139 0.6966899195505338 5.094368582784425 1.073934185100275
9.825299380454677 9.648385423265475 8.752608647906472 1.143579507954538
7.63577753309405 1.667157587361917 7.511749965471665 1.479581439603828
9.776108578191929 8.865047226798991 6.619305948084328 0.737953649303697
5.782006285914677 7.498833870325937 8.626771320755118 0.8664030915597797
9.693511983162994 5.396536270433057 0.236722079906857 1.129983068843963
7.227773625430661 4.814905465530286 3.250841653095006 1.018743891924104
3.46777877191707 2.844252578907645 4.536430279280097 0.7742289379115507
4.964343881816221 2.892613761446249 2.584274138694769 0.9355332194208473
5.343941908293072 8.226507522871067 0.7323496955163 0.9325004797033374
6.593384111249461 8.844275315184833 3.383116938402659 0.8609956262270034
2.534596314029218 6.022869854171694 6.311518897951863 1.02703294985719
3.936257966545718 4.816787611331119 2.626617330499896 0.7476832264656132
0.6439702593956309 5.763451734348118 6.727264813136287 1.399396249870871
1.005031602635348 6.604133028659695 4.14310535000184 0.8117275984380045
8.917922835757205 9.733460940862184 6.614460119660285 1.597111760377516
8.843460098749061 7.324350111205059 0.3500106206636877 1.329163424855338
0.8194576224705963 5.223984411716476 7.90900985135877 1.132806894246013
2.957901451998752 0.960220962132452 9.644288999261402 1.010512314396765
8.880653068970505 5.631949274282325 4.394755793570754 0.8033162838924668
2.044929487068784 3.941452866355499 4.398216380964723 0.8809825967037641
1.110010463290497 1.035885993857503 1.793157875042154 0.7212788650979221
5.604353582384168 9.062735704739417 4.159896465879476 0.8629446926745525
0.104866503209512 5.377019324989757 1.818582520638321 0.7972469729635342
5.151691166293146 1.175261363517244 6.289207030059303 1.557074472966532
0.07701842297258343 2.093735530436387 4.008309596832072 0.8029016861353192
1.047210357185084 0.9047557406776385 9.689613955739391 1.155085283886296
5.149394441956699 3.33401032210539 7.136928830955751 0.7234837723531844
2.901690779218663 9.658452105227306 3.907297124714308 1.510543182450865
3.988052428972686 5.372798178370894 8.498528571590576 0.9023027149651079
8.711270779354541 3.25230112981989 4.886607261533623 1.007865463379704
2.639956887123309 5.836388786585302 4.102979077059678 1.019297290447137
4.69637041340015 2.183967194545586 4.661547229591882 0.8020363001491218
0.5597374851666659 6.857938494444458 1.349957405914978 0.7625302217293631
4.18023558686565 7.096858988470279 4.132708506237286 0.8007642375618694
5.425482536920462 1.137739960066875 8.974141078349358 0.8070588824968299
4.437883615871818 2.886156940564002 4.879912469880349 0.7243718599292931
7.370180325346288 7.862145103252528 6.406347598871789 1.350545962828648
5.267333931066538 7.091675943332117 9.348582461663204 1.024534697448598
5.320984126913916 0.8165295053636745 0.7135025119691862 0.7473834985743103
7.993442077175898 2.247057702446806 4.66506547624044 1.065960242429609
5.026758530986076 2.442815038506684 5.652589765700483 1.220347701377885
7.985690221903949 1.620584112952067 6.320973285627017 0.834933385803066
2.477533076931619 3.714403209652065 9.757152841037177 1.282836657377984
3.955197164186987 5.849311854270547 9.382192672298672 0.98640203920547
0.09890154860447975 7.159399183847073 6.818467542448232 1.375606954933353
1.292398022107945 8.739474650294339 8.799871903794172 1.0569902291872
8.89170117239215 5.506569068235654 9.519723761137389 0.843641455815245
0.1436458705560228 9.829070988221407 3.036560236379728 1.301969085820413
7.242929747165911 5.61692364040846 5.654536054749971 0.8284105592463542
2.360809165608392 7.733115237895347 7.1781585045532 0.9352119887340391
4.948553719957046 7.129101662571132 4.860108022170954 1.280979941678886
3.843080075853179 0.626216193877811 6.526358558099843 1.188758856567139
9.442675126868096 9.285718211794558 2.092656597210219 1.165729837300016
3.448563016799891 7.524670422171582 5.035715691216138 1.461236717447776
8.754020647894025 0.7093129241133322 1.859056689258261 0.7922658065942997
7.146889457454792 5.938281938251581 3.094151326583434 1.135884839962133
6.427680861597254 0.1374923626293334 0.03235310974295746 1.23299827473884
5.750386607208649 6.476278637239155 5.552998996793713 1.129419700769683
0.8864240597567229 1.516970926190681 8.794805838245491 0.9181655165656236
6.814372206751885 6.373794475582676 5.29081233708248 0.9759737629022015
2.69868514527819 7.170579463974261 2.821724638726998 1.103316319646374
4.960901119974674 0.3587072165163863 0.143954329116055 0.8186617368528963
2.101334423145723 7.102419986056151 0.07102582937053015 1.243655408012944
2.820309678614344 2.492718057247858 7.416713274000214 0.720650248783797
7.481890510127431 0.970449544818046 6.213409794846357 0.7336285696082491
2.107698078859916 0.478073821555427 4.409531355957608 0.8485448644811505
3.866955901850608 2.228818517171717 5.039326538267357 0.9673545560347604
8.175812410259553 3.576711805992322 8.57833311733445 1.182719901963234
3.261507398059454 4.23015025714635 0.5073145292587244 1.074068475460656
7.296500425842384 8.023131216428489 7.910178881693267 1.572418001364825
3.945120200243193 3.899674930009375 2.258976612595851 0.9089076828955203
8.972828852891752 1.449473630271 3.503584539212711 0.8738511937012391
6.105057494484576 6.473778581527649 8.74081581019192 1.13353761346437
7.51279636792338 5.223444663172829 8.560057649963719 0.8577290519482131
1.902457185108576 7.759205427014866 4.831250731144265 0.7271618502924624
3.106058875895218 5.119606298660774 3.337695931306977 1.12625072330178
6.50729829751831 2.191459320563174 9.949134219608101 0.7548704951327807
5.263371165774579 9.512428368192589 7.348542290293664 1.236979108736457
5.959083186312073 8.867150157085442 6.690975069454918 0.906469738915702
2.504895889415946 3.903879410023543 1.904988455950666 0.7483797929522552
6.81732144061772 1.732436381390827 0.7900712762376105 0.8052588241438589
1.16223308500811 5.85909118388744 9.00323258807148 1.377259376281285
1.289663795442497 6.649719949229235 1.680307957698018 0.8275612882471011
6.5023648147684 1.298119640464986 0.05532459453651883 0.978818758013602
5.630952294369006 1.816921450874405 2.313860547135546 1.579056354958855
0.774968622779849 3.876248119244393 3.05371142672558 1.131755427825719
5.93225930923334 9.724684887037281 3.343435032041863 1.283023391385285
1.155311398738587 6.821180611948347 6.590497103096427 0.8481295717328191
5.067058188931042 9.717469832831856 3.993754611836414 0.8160325799309871
3.535282937644609 8.654158341074075 4.509575310656815 0.9482835673333186
5.063760742367275 5.689224342691211 7.155736595521566 1.131165458594558
0.5281247984771698 1.258853682027751 5.93291093339588 1.212213071668754
0.7878006087097356 7.642165019019179 8.792943398889211 1.310499331885894
0.3154177228767907 4.239763818442674 1.830906433522014 1.411158296749423
2.148673514403483 7.249050027606885 5.901329237736998 1.575566601251302
9.130531023878842 3.630356443338254 3.950354730223731 1.05366054696306
0.07770061058608557 8.095680039425201 3.536368781627517 0.8119278958437971
5.113454767670782 7.02260014538779 8.43659305241551 0.7677470814707695
7.617069370040361 6.697925803716847 2.566476934208948 0.8508737267591715
9.417654837252861 5.650100861523266 2.238980305401526 0.7571752753409414
9.507555837029054 3.838881337837972 1.0794765654286 0.8461541215444149
8.338198396833441 9.01443445791687 2.243737397022245 1.053618024102157
0.772918624441109 3.57206423194669 3.993959849529516 0.7720085554408336
7.650514611410505 6.093547070525975 8.237975789444535 0.8371476814960561
7.974226633113795 5.565649296808213 1.543055778570465 1.045900214952918
3.490419466213362 4.095671695625994 3.069186358547775 0.9507143675538317
7.220171140178646 8.456677896046752 9.426860998214899 1.332115467070985
4.548936537005686 1.410274398679736 8.625142227925229 1.00603794431725
7.215125870448783 0.758820573724317 9.375450048127739 1.03986219642767
5.010439859930447 5.88295693764998 1.560339521146413 0.8590305056245842
4.475330605593824 5.860812077720905 2.340184217867982 0.950379524611755
1.087430634036676 8.757151895949759 3.389232404821771 1.565487831956508
9.70840440694433 7.905611496303295 0.8530414517236061 0.8308920856534776
8.54688011527808 5.994617116945838 5.556733968340025 0.7324275869346821
4.825304984132147 6.307792827367904 3.489892481539361 1.544850842970482
8.934070185816164 4.683669387295514 1.855098561980826 1.440445675040568
4.299514583819705 2.538054617989822 9.084771704769295 1.388002103122602
6.908306912441764 4.191784510264398 4.958321464814034 1.010180227880414
0.5562226847973417 7.049387180009786 4.735821378985677 0.7989450396218786
0.9259384350757949 5.149001188682399 1.685658731623166 0.7449811656541335
1.472514926736125 8.40497855939862 4.6261192781369 0.8449115689932056
3.917056387096497 1.011456775426167 5.510628462496846 0.8464001778105258
7.51962662554345 5.587524549382103 6.582914344160392 0.8058884020041244
4.078991226557486 4.729996118512592 3.57468548080314 0.8617142857931683
2.306979853388526 4.585466329338669 5.941702857666618 0.7665681026486125
4.733291036797383 5.765198119270279 9.842566696144088 0.72698106448886
7.264016583317364 4.046681819472299 7.920052893654569 0.7415475934025065
3.71231044269304 0.3728989970577079 3.322431165889595 0.81797808865482
3.811200066772731 8.152999304573477 7.707063560795769 0.7219216332060703
8.501942610509429 7.316692166523366 2.769799137698914 1.003062555286703
5.818410919273396 1.719664574197977 9.571681379618063 0.7783305817903921
7.022597631229726 2.491079654941996 2.368801346964557 1.18824796365837
3.425569022747182 0.3700564911151849 4.668693974375081 0.7825339274069779
8.885784711898753 8.342183986858522 3.024971494502362 1.168566163146263
4.676884119749187 0.8614564682985648 5.250788466053168 0.722194080677101
6.493458440224849 3.360859201357373 5.028491207685708 0.8123215465714816
3.322710567870869 0.3663838264686115 5.593159074966982 0.8687892391294498
1.31046390531684 1.030952520488935 5.226937756316639 0.8212654444265733
8.631035642048428 7.425851855642964 4.545214385516541 0.9259454776827192
4.550613469924746 7.402741915293514 7.77641936053935 1.089501240220169
9.405186309505678 0.698575885764775 3.035790371982736 0.8339347658023073
6.860083028406823 1.354385960440421 2.622385323391396 1.072224688105971
9.887925968733068 1.163410043025098 5.006034203051446 0.7578062914851632
7.258914266747459 8.271678390081096 5.274584310244313 0.992883633310752
9.566833969953997 5.645596084922095 1.254177688307554 0.7724987007558035
1.686324082523203 1.799721500017588 1.652935214708678 0.9037546105861494
8.296208980129505 9.257039562029425 3.233995532490656 0.9443916552386697
3.863968851971804 0.8169136774022334 7.89094107432691 1.216070867794595
1.589244547502867 7.487072276012895 7.944553205910356 0.9084820412143094
8.336028113305991 7.543234415646997 3.725246259990093 0.8022975462975124
8.902363710100838 5.908955478477109 1.637246875301731 0.7882271654787424
7.306868364918718 9.473051878223838 4.934309758422724 1.290602401494633
0.1564123545141527 3.373634399685876 1.122892551884476 0.7248473264541643
1.027965749686425 2.28309122622139 9.827168080246517 1.536262913796192
6.361071528787851 3.672076253749753 4.255428039425533 0.7381441821297267
6.242202259636772 9.960290207931639 8.874955768383664 0.9464497721923725
6.046392559651021 9.948047415152926 4.619558471666179 1.250304899822382
6.821156751366135 9.50339343461423 0.9012407695853807 0.9857757260318606
7.723614152656983 9.035743141882346 6.980219667990208 1.217206610487171
0.1554644338819566 3.260365505342429 0.3279246995877683 0.8244076834041961
6.747347137475365 8.632144631256526 6.976733172233388 0.7743376288981637
1.989295044108631 9.587017816324861 7.064488602863694 1.012405790421959
9.532474527975561 7.735297589706948 9.252188595862135 1.317766846189552
1.663561466398233 6.400348076398927 2.589750154605336 1.160914501440116
4.337310615210055 9.073202048612492 7.045314408113666 0.7234007399888569
0.9251708711575057 4.61569271451021 0.9872569542873322 0.7283872962828318
5.308650403630011 8.250341749144365 3.512924077913946 0.9100554113398465
5.552717295512696 8.116545394763927 7.98695301364991 0.8919050830102976
1.817224079215911 3.727112576702222 8.822012032883624 0.7361418183379265
6.801169849721199 1.285709261234636 3.78764850550884 1.017734363384414
2.052890508312224 6.654146322739095 7.234765520165197 1.265360947475096
2.40584671043016 7.820385791989379 8.143789176863292 0.8167692265279143
4.483938477303868 8.083208183377442 4.921794579678111 0.7960086715427952
3.866585714263219 6.392206689604061 6.934513207317101 0.746411209343351
8.072468386435609 8.39252477988329 8.789707504733515 0.728670743570445
9.11104536917396 5.669058962825637 8.588447765830852 0.8778251918114535
6.244046719075545 9.087842980755411 9.328026912874543 0.8678484030205871
0.0672855142271378 4.969985683808958 3.481408477896689 0.9497544241505022
2.42595202942632 8.793483723842963 0.6663402997656676 0.7284333763026197
0.102399446012934 3.359611630063688 2.460234173082766 0.744251781803992
0.4066327840031292 0.6402471179510894 8.766440790373643 1.023668586897622
7.982041415769291 2.412544787851918 8.782003356987252 1.171259342769334
4.875309721042176 3.407943688953764 3.558910897516791 0.9733566994600156
0.2833837981722365 3.999574975241857 9.098802270983937 0.9145310452434993
5.892089656586113 4.903270687560555 6.612978884950298 1.029602387781865
5.019452297972399 7.431298953408488 6.765207257528307 0.8618947804067719
8.58661579360397 0.05646653239064436 2.604406003812461 1.126383774782212
6.762816166337338 0.8250810694945732 4.605527700806656 0.8155665561068134
2.553897970849164 2.554299818329134 6.712921561374992 0.7571379520880878
1.184540213675519 0.4336413754927793 5.84741290187532 0.7612746564050585
7.998796192324031 4.671196805800139 5.763924656020047 0.7425395370660219
2.252469766871926 5.378341828443101 2.507132173165458 1.107161615608515
2.685804067109383 0.8546627708053234 8.523181863564272 1.263846726967803
5.623104202664447 9.858959032112052 1.021593170859459 1.3131411591154
7.158056571197398 9.68195419542654 9.240203984927266 1.025370696376153
4.945166667131631 1.702729578523093 9.604514674608559 0.9241355039273341
3.072765981862551 1.04837552744074 6.044537238708383 0.7504148593027341
9.554520559880961 3.663679701395683 9.683154599645828 0.981015685509772
3.176997961374345 4.212110103961245 4.043650905481504 1.050409438192784
6.207274065915653 7.444601619432788 4.914956718553356 1.259056802653881
0.0297780560540295 9.472358628750397 9.684622154248103 0.7612224960811859
8.236907059267276 6.556211029962073 1.123368553040727 0.9137313618804115
1.948075782270904 1.564655438242612 9.156816134745521 1.078605401235613
9.907930250680289 5.061827714471264 2.56426287423534 0.8104348330205594
7.95628653440444 0.9798710264291688 2.414845356357961 1.094676298590587
4.320961765490008 8.770150899059926 6.244922091154216 0.8970711492751602
7.384662783160131 4.911238157237837 5.304851288197148 0.7285382841999164
6.805818421261018 3.795559179448613 0.7313741023997489 0.9922648468581976
7.762640186308087 5.925525901370308 2.360327290811626 0.7460689317852327
4.611722378580496 6.622214440718538 0.09304278224009919 1.038330166835925
2.991721390494164 0.9965204282377604 1.780492596429497 0.7701058878706823
8.532207573262175 3.064591993801451 9.829713247150043 1.334463488049536
3.238479877073669 8.080752014517648 8.402225600922907 0.7781491821024519
9.416521073657039 1.351878978654307 1.400677692673986 1.230291506596879
8.69619903049832 7.982083157795302 8.641120309073116 0.7423866797912999
4.918787899681443 6.084825945959095 8.855197589072253 1.212930936301946
3.132678418775505 4.512641664755588 2.23474927972954 1.015102391237165
4.616485806829572 8.614468218268811 7.877768259738366 1.131182375158938
3.839102338453659 2.059127202927659 3.33237157251578 0.7875160232750131
7.265085165673146 5.191131696279266 2.22213816604641 0.9947376194741886
7.51148469488753 8.104964042139187 3.076697456673488 1.526327344542564
8.099442935008673 5.867787488811716 9.020351923050335 0.9392208611349533
8.733766800295585 8.591075744797404 1.053473308748404 1.512655300349161
8.484558894663538 8.722294620203334 7.966608082573123 1.140646067661268
2.689498276174898 6.324768487981662 2.01800598584758 1.151424526515087
5.168065637553944 3.836479355597645 2.645857114367063 0.9270253401248378
5.551355015196336 7.527470587740617 1.441828137521052 0.7313524242198618
6.082847856548756 6.08936469384648 3.208206418096918 0.936252203493666
7.279667104181494 7.458876278940398 1.119774422195794 0.8874197378703065
2.106072237210175 9.674327873736791 4.763189741529867 0.7300072631083668
6.972074469546265 8.525190048460088 0.4758300157392569 0.7863510056698898
0.9626207219318461 6.833634973711352 3.334373143222451 0.8438457149562414
0.8360122879516119 1.936578123654291 7.761117657377733 1.006270189308171
9.862816662618128 8.671118032781548 2.832806130727727 0.8862149706854969
3.443886729664931 1.620073129469618 8.785190499377441 0.8568016560770602
3.568374474654485 3.23569922270863 6.895387008416585 1.54333448100937
4.768033054510106 8.257839415027796 1.737302385576636 1.07664998872284
0.1424016107877013 7.148731957763032 3.84514646710189 1.085585999725661
4.505328585480345 7.428483064129845 1.011409098714598 1.027214987904803
0.2497803645175711 7.293332870382341 5.5888093282428 0.8432574562506838
3.097968359189721 3.547587759982677 2.361025774290586 0.8293467404362603
9.149436186562767 2.999983841863368 5.71822197851009 0.7914810155780464
4.288294699811609 9.831704077023289 9.071311927382853 0.8040816451956486
6.08968661071322 9.360528554955094 2.354788726631488 0.7455451388535157
7.67783619531736 4.687723941863376 9.993622425520963 0.8354399675299463
4.006902197337648 9.46080157576225 3.213881047287082 1.006156804179747
3.142843036440961 6.141483411783686 8.627090552384772 1.229778052983124
3.901911615522544 6.446251192595717 5.140031181242879 0.7197890926257313
7.307272062104719 1.666544111687652 1.880693156617608 0.7247955231506925
8.123390087442663 0.7216285415731649 0.4717813659621972 0.7461596154525367
6.56734851245462 9.823197316904153 7.00995563292286 1.334340260331358
4.722129601141786 6.665464585506292 7.161747473807249 0.753012605977931
3.173125847599718 1.427144758961232 5.030495832253181 0.9274866809907142
1.779188821954157 9.087183914903692 9.865757525290272 1.204130027708957
9.588373126028291 9.49953707139338 1.030180853193203 0.8340797299255418
4.51138180716082 9.638827488864921 1.049488447254309 0.8958537804634785
9.087478799093667 7.019098988474734 8.458340105375902 0.7849802761867126
2.923378425146666 2.325965444434159 9.704282013061933 1.545059289314578
6.05804602691485 5.746804038862344 7.251836252744785 0.83260498002796
5.766469233687199 0.6802688586905137 7.421646074637407 1.088087539314107
6.088201663293328 8.347593168880669 4.002693169508735 0.7732119123240636
7.66466807361847 0.1392842204673728 7.151593729260407 0.9030055597338679
1.586574771089422 1.160576449126867 6.209800625680215 0.9452838886757997
5.987898428836038 4.063248616245578 2.551549888123335 0.7341146437428142
8.439719565151146 2.271051756362311 6.84840059408377 0.8541574626437987
5.750318465777594 6.917707187607068 2.925296224759844 0.8438258055138549
3.295581070804784 3.881461088629889 1.459008922029311 0.8700640629902034
0.2678857503369858 8.316577774507714 4.689488513161214 1.528333468955341
0.05038714322911142 7.521087203432181 1.695916046576499 0.9364000753687549
7.634387305929866 9.965038555301371 6.100608263895943 1.124662634980572
6.012689090829206 3.273764048580233 1.671862702100849 1.59254014827407
8.283954446420664 5.441779411090472 8.202043150646771 0.8497342381334533
4.121729403071432 8.498229936700792 0.7572160646725355 1.25027008016995
0.3241506303066499 4.632341356594892 7.064125246298409 0.8808152578489099
2.423863802469402 3.780508016317435 6.504045652812818 0.9480437911902156
9.829628053576471 6.401036611771323 1.761722745542563 1.090802963452044
2.724629840073227 1.342119710180638 7.155099878340952 1.593688185863812
7.133723563485409 5.298869390595097 9.424825516332129 0.8864158562197183
1.246026815398945 6.798310089880488 8.341157131211968 0.7677245481399211
7.428066399045236 3.224195204685498 1.470441545805796 1.201648844206023
5.586062674846644 0.9098206060637504 1.471234665349825 0.8378016541458859
7.586648097229815 3.997164950709478 5.550440660451404 0.7341693427689637
3.073650518328806 8.32152167191189 0.7661571925714761 0.7384115232405534
3.279344263906963 6.2299380713742 4.710420645635891 0.7759105537986221
6.75839559308521 5.215977483365019 7.17321593344762 0.8246421358281228
4.989412646695476 8.10578031038804 8.87098098058661 1.14692082468236
1.945361228116133 5.15914684158242 7.138881059631302 1.523242765664945
4.684893789354244 5.166651288296201 3.9827404175882 0.7706330393501066
0.8794801537157049 3.957063625137596 6.786269196644565 0.8873219169656339
4.076628755766471 0.164258747959144 2.640663111617664 0.742173115510953
5.856268657530618 8.782927170182445 2.806676768732513 0.7546593257114477
9.566265754694021 4.129655657154704 2.92223869272715 1.195904954871281
1.680691258046842 5.657450752010419 1.59041340498037 0.9758300943618273
9.284136792196838 8.614612648094198 8.589988610156592 0.7963553267869893
9.234993413614623 8.771628366012616 5.540247398247674 1.07196407148327
9.178187511306133 6.458901569656246 9.329667497956098 1.141016716077049
7.962887813504134 0.0376437197827828 4.307653467499609 0.7724198808834035
8.462114078424509 6.179002245022438 0.1759790834316777 1.071002974803347
5.323420037455571 8.123513878141727 4.453107768089605 0.9211858584548379
5.611221677556919 5.83724808386724 8.125235450396067 0.790103557994746
9.689084030708633 2.427480797031608 2.215392557472387 1.293549425590168
2.819628512566239 7.464051623123253 9.094550174749156 1.160415775142709
0.43967776816218 8.679321615395462 1.372853026828015 1.433788335853186
3.60997722803384 8.695342023910007 3.58876702697869 0.8071108524858764
4.488276163383299 8.639616643446306 4.067039804381851 1.051941541673663
9.170436426000956 2.811276484816531 8.707525534321288 1.246889928958633
6.200675215952577 0.8448444584330961 9.305346629834641 0.805116374156479
1.702332791178811 4.689938383866508 0.676024820087 0.9116786016040356
2.129714658675141 4.117175451761706 3.068475381435671 1.552858479112513
2.363900928564107 8.490318939144274 8.940127940855753 1.029944074667466
2.814540920275632 6.331118570421534 0.5860151734711083 1.004187405519626
4.069523598058037 3.851200055202398 3.771322589310932 0.866439755178511
1.193108889922298 0.7218432952205045 4.329854621553898 0.9364764806123571
8.262336776828333 0.716196985392733 9.625020619813629 0.8055341534943071
2.505537432882001 2.343746681022356 1.841857531199684 0.8712498829630189
2.409238002208343 3.967597548588612 0.9617530871101952 0.8810451319149343
4.140309690953379 9.888772025438076 4.161646033239365 1.003360255560195
4.15408156615286 1.204506910942463 4.191681173000731 1.575234802945941
9.79424573818299 4.008355226087462 6.156095855079074 1.523499821944612
1.92427604020752 9.042865430332046 4.328852656412006 0.7982682188597449
2.540284192108722 1.543731104771029 1.427657515209798 0.7403238361592451
9.33783713655035 7.412277155157689 5.829902545351409 0.8978713038416615
9.320477015463384 3.514266300177774 1.973323407565637 0.9918000575316201
1.020135120017355 1.565430697521917 3.914350532040326 0.7461403490941143
3.55434985107929 3.237866540684532 3.875188243958419 0.7207269185960309
9.777805969377484 5.266154310078984 7.4333083825831 0.896109798149179
0.07794442202611272 6.421405121051493 8.128771092281724 1.575411683538483
3.840271984756204 3.762641331502793 4.843653485274109 1.166598161226923
2.845736289305598 9.824364992233656 5.096180124904271 0.8540059382758696
1.912924792101495 2.136012741666448 6.5616686957688 0.7488143185764926
8.777047817031235 4.437980963898227 0.3222303829780182 1.46381251157614
8.459873865418041 7.511024542970943 7.989775821931532 0.9042447677492786
3.355480037517562 3.092808371872215 0.7468523222349022 0.7971308735783312
7.754861490305451 1.76874280844873 9.996732699527017 1.51430217521177
9.161275515581098 6.358635681436216 0.9000283743964732 0.9212079295670763
8.082022317686894 8.858414767406693 5.790309211785012 1.21497063374454
1.466670030324011 5.324672563028852 5.792455296659772 1.181817243124367
1.865678295258056 8.626769068421405 7.755235426040896 1.237392742251346
6.213054256226639 8.014129771369092 3.193656699415231 0.9658539236710444
9.631050571050007 2.43657664100112 9.812583322200281 1.145757857072662
9.764251558636586 1.865043958317499 3.204131842593855 0.8991790896331673
9.627610681959146 0.3263638018508574 4.841314643438605 0.9322974713663138
2.958427669397432 6.7620992243089 6.766489927986528 0.7517465399643819
6.300158148274164 4.040602721996088 5.728715298464779 0.7253726121576194
5.384693999927198 0.3976350325867417 5.366094632428555 0.8477426870589669
3.950713128523027 2.402819413410355 4.086163455305472 0.7751811577724035
6.801772374052984 7.721618759569409 4.022065000613855 0.7442139692436561
0.1266948778770416 5.806748108753421 4.481818566311833 1.594597754652071
5.039262559344203 9.181651003614959 9.850378256399516 1.534663011411185
1.170969557484858 2.466914329963414 1.410035494375058 0.7820181136381937
2.38386867575463 3.045254571400476 2.389569756919745 0.8807532862541112
0.2818106576383772 5.228396850574459 5.675534671548675 0.9982552174973774
7.563163137236231 2.159154459216282 1.144054610053801 0.8074131754520093
9.649529123537341 7.418798428890666 2.795554874441973 1.22704201296666
9.063809339388742 2.398879839506327 4.02504673440669 1.257389063347062
8.307866647161521 4.21088401848594 3.242458922999963 1.355990173963056
9.701003676040356 6.255605008292655 5.859462099295457 1.283003208806619
1.495096200678635 8.400242026769796 2.118252081160046 1.141584640225078
4.774975997268132 3.301045975540084 9.927847248619122 0.953171036160702
3.607667514789587 4.268514302538681 7.440694129760193 0.748615698470333
7.285744649343543 7.297506950149894 5.278274216887389 0.9187734022428427
8.395611033954246 0.5701698100759922 7.839955883631344 1.191641972510836
1.369456080169592 3.472675620328657 2.129571755062614 1.039879583871498
0.04140176220576607 3.080467398302949 4.871036460065684 1.59639147343972
4.731110065667191 3.64366252097121 1.773765440827691 0.922846539432818
3.772225979144222 2.162678246516692 7.869386524416669 1.319182789112773
5.283483757520634 2.570205603192427 9.68055045077298 0.8054117364631382
9.269500786212859 4.739092443459792 4.16881730801797 1.111440821193238
4.273370626870784 4.846357594917356 1.473842778790458 1.553690162306756
4.590568498080768 9.754279833762848 6.508928863546982 0.9141893506394029
0.719235074560769 7.545400785126062 7.697898352907568 0.807535087285925
1.701963234371096 9.351051460826728 2.456119514143159 0.7611843399535501
2.56723035833039 8.2047959748546 9.960369923516987 1.084470436708507
3.692938265292825 9.559409536161667 2.271760416840819 0.7205346536589955
1.253711136079384 0.2910201536444756 2.49119648261483 1.225895489595179
2.77058687302987 9.218352809162152 9.554823651148689 0.8483349382868153
1.849193806052307 7.654227682718715 8.764926677432399 0.7732499485832584
2.397242058263144 8.11748305972381 2.549037454859651 0.9001535283056813
5.439308554878123 8.097344872340971 5.425792303313767 0.9335222649390192
4.500010712941239 4.70799394550642 5.154278502143551 0.8493998645476089
4.398817345332808 4.035950855604482 2.965261734838699 0.7537023873240932
7.966480596088015 9.247372776779478 9.476401337443786 0.7716182227846541
3.714985164377821 2.887545747421721 1.782201155899199 1.246675216091293
7.544843779470606 9.315413394559867 3.821805703254872 0.9266289973361898
6.13062135611514 0.6811398635070243 3.896402749408044 0.7520252333837836
4.480741586572914 1.615961013686926 5.315960516420676 0.8122276753738747
1.505875412567964 3.413134213596393 9.647235222651375 0.7248321531167047
2.237799898085929 2.590190304656776 3.4585352531184 1.141974579461347
1.953805426313942 0.8163090403680229 3.416197535143966 1.133930920509886
1.539880275728831 3.448652030249497 3.832859341701393 0.7258061674797724
7.76360567472411 7.962213419949442 0.4146440268135365 1.015175721432717
2.695299376309632 3.225344488540514 1.512267202474341 0.8213602274961656
0.5451459246891344 0.5895088804106996 5.023778387691435 0.9264837778562391
7.821719864806203 3.787632784783319 6.521192753989615 0.8173037357920521
8.347098490454947 4.786271333942775 9.047790504150923 1.14027054665312
3.733546445216613 8.511907594921325 9.374621215302094 1.49539741099031
3.702695138782318 9.982379809621554 0.1162274794969032 1.559319716561188
4.652033284464006 0.4317185303333159 7.219031271224284 0.9385113086400969
3.736609557003377 0.6782551305403905 9.00224174768606 0.9695148379921303
0.9122518732283791 5.0832117956339 5.021572223610845 0.7346251485888663
3.990413518972479 8.887233263407779 1.94661065545137 0.8341754257853788
1.935666846971382 6.691872116481544 3.719112628231589 1.176299309870454
7.138762569749217 3.796040528719986 2.590487676082341 1.313752856538113
4.962554454070595 9.501325951172912 2.230682855790043 1.468275512842137
2.398965807363425 7.206713843568509 4.580293075485276 0.7945541636905897
7.019596405855559 6.892102983575902 4.421425780825768 0.8995901361680942
9.400383835147284 0.7910986088589711 5.792868518808395 1.195542230124709
8.952211143828888 6.820151558378722 7.401345791419974 1.110522330557292
2.935826673269217 3.219470933038148 3.119172626446698 0.8151945174322276
3.170686548222139 3.375825484998364 8.490176457448957 1.583925869287398
8.050236181549019 3.094391090730254 3.945562830255799 1.120992721426901
7.669161160552789 0.0631743122726236 0.01119197146056572 0.9237099161129019
4.700568631024779 7.798689351924539 9.940674677608168 1.056797060232705
1.429209615050121 0.6334426316164277 8.699452117821011 0.9894920272692492
5.921446582424597 2.530188349319006 6.501245629601883 1.106993140027478
0.7068557791303787 7.046921735839952 2.376279305889798 1.060751398055949
5.599013684822351 3.94202857194003 3.997931373417394 0.8913348041779103
