0.806450019153907 2.206548706302117 3.881114820020207 1.080358828093967
2.473363059340283 6.880899123165383 7.329046976616918 0.7922863881206001
6.463963407720677 4.394542463830671 2.475646922945094 0.8369513216072695
6.635813329162189 1.878574365558044 1.98472899823974 0.74191461880887
4.368963524832228 7.772869991907279 0.3923740446089675 0.7557813222427316
5.715305881036775 3.955866933771317 1.765448535092213 0.7769942186593404
4.441244063961591 4.717444885562624 8.989300856049807 0.7278941553333224
1.503013260867228 5.56171851492515 8.025876748274841 1.021515707597232
1.698272248769594 1.59921135264134 0.9816775526008426 0.8118012896988445
5.721999681401014 2.416204402888637 1.76660835934447 1.098989222263202
3.965203279749356 7.472299372039791 3.658857142296609 0.8382394434407143
6.930877653704623 6.550195525454485 3.912980009655644 1.144168007422353
6.928568475736262 7.13715707927411 6.680157271218914 1.060916433374943
1.357450397685372 7.194244915634647 0.5475230050910085 0.7539854668846129
2.033192859592434 9.795019407562661 1.315301193199168 0.811058607356806
0.4926942752997632 1.02752223866397 2.921765220530489 0.7494075932687898
4.09252762368669 8.767906264180954 0.6534634854981458 0.8481851837382329
0.8493092075963417 3.740724159411025 7.416828363417488 0.8908259118594871
6.557106307856805 7.792557821267735 7.698017835776578 1.2865826856132
5.962427943485041 8.926305586230249 4.790532517166704 0.8822252641028328
7.396843647404692 6.723680433144152 7.729515808939962 1.335307533383501
2.676042074214806 1.53402521502258 6.916361487049706 1.239786951420276
2.308160355248995 7.80879838204994 4.704750865278669 0.7328540540373615
2.039569450613969 9.736406078299956 7.774470165664683 1.446811949500618
6.37619461145797 6.765478311389635 8.625319352156376 1.237710001260257
1.637773163959326 3.035674907939479 0.5240709929988074 0.7770971820507125
4.242486072267737 7.46882127587475 7.23096340491875 1.003576146448677
4.155375008485306 4.83948360492357 9.722253278369747 0.770305201097726
8.813527339080093 9.340904893299227 6.467930091924795 0.8703775948624295
5.058858259421589 3.773150637140342 0.6555118060136278 0.9579064067108337
1.415549118651129 8.544437191492957 7.779656476019565 0.9361256497566967
7.09687835993745 5.528608261455646 7.426076359079279 0.9751903981749117
9.518827110723072 4.367713818968576 0.828260509805493 0.8540070419069525
8.231517993734519 2.997418893155011 3.897567354036964 0.8678686584576405
7.156132134700864 8.498152938916514 1.108739838866063 1.347931747275741
3.786297906698604 2.686031574201659 7.45248249290261 0.7240180409734878
3.830203241557382 5.540685407415839 9.132511862842067 1.129531737081305
9.902367790381946 2.844539660069803 3.735101746284923 0.9253115841888022
5.972639800299519 1.479139135717853 9.854077960898532 0.8523197937538979
0.2592011750656398 4.317650883103846 8.62662462239375 0.9513485933459254
2.132320841489919 7.86435876684677 2.548252748644277 1.559866930942614
0.7818428590559334 0.09390134621310775 9.291372663482996 0.9089921400515499
9.11985310069832 0.9690168101220942 1.245549206001386 1.032076901577953
6.090922188808007 6.11566339451722 2.173384321330941 0.737763467518718
6.263718142277911 3.036988680272038 8.501159467689629 0.9328548474502053
5.061706574223327 8.555238297165497 4.906423716467953 1.01887696255185
3.78864315160146 0.63256205974623 1.345126168518427 1.39444866292497
0.5344128134267667 3.457730708166344 6.669030796075269 0.7434657857777413
7.32172274959991 3.304395304428568 4.418011487962982 0.9467280517040602
6.623000381527477 6.715484308879923 0.2304283094160287 0.8065154646446249
3.36755641139384 7.202324338211978 1.999905292695426 1.218804334922805
9.614902488904734 4.468370029720368 6.33897516311266 1.586007015715807
7.011339221536289 4.638367625113269 4.412452895156798 1.597289029370321
7.077368887032577 0.4099288732894058 9.840896446459663 0.8594791929876774
8.782595844629775 5.547378844407069 3.460083264385618 1.135785587471183
8.858021071421188 1.788909097873044 6.648050328043253 1.438098280136249
0.6700495580981392 6.524060379386794 9.399164066143799 0.7901304085394555
0.4865996545773921 8.325416608700056 3.803922732359954 1.16600765841563
4.619780224541075 8.44934351181953 5.908763878568687 1.066922500646114
5.292205416546496 0.8800903662702342 0.05940808935691044 0.8120829899688335
1.289067560144291 2.185597725234623 0.2362351562312015 0.9962153114125404
7.386739855013012 4.162254234720742 0.221595970548717 1.167622506073707
7.331865413086813 5.603342944544323 3.60438555265908 0.8541667292729149
9.918342431799299 5.88913690950948 3.81946065170435 1.151880668271332
5.003684443078569 9.705463359511567 3.673216972201256 0.8822365542816319
9.526040675105801 8.145956708837065 3.532931934647258 0.8270792443493344
8.061145528861706 1.514004628330539 1.037633973545389 1.300804691074125
1.162564003302839 4.299953247098789 4.431808123643696 1.211628920607549
2.619176251186814 2.239181462523926 4.651032263867235 0.7451221738883794
4.218103618560057 9.515629717529972 3.366003902897786 0.7849075047357322
3.049328221954822 6.351401420447658 7.760647570730662 0.8472215184356252
1.522424300439912 4.312447672568611 8.361914698560193 1.518760746798014
1.389577278891172 2.389683724984923 5.087085503257235 1.37748056266957
3.296687128903502 9.66107265239844 7.037639097076847 1.273284545915126
3.307510939890095 7.312278721518032 0.4117556402349388 1.47772147711615
1.11995820972019 1.102591229013865 1.922989977854937 1.463972023498317
1.134426516048952 6.842390681153715 1.297743143070648 0.9181194233972128
8.97907566850591 4.297499814780839 3.564896205693692 1.036831189291615
2.90526020781926 7.515834452120347 5.394977677575161 1.114123410263721
6.063376526105453 9.632586765190196 8.369370287771831 1.231157816426618
4.393062046047985 0.09999140747077639 8.967460826944343 0.7452961984694977
2.188700452591873 5.851397180191187 7.214297812762442 1.085905101482026
1.822423838072027 0.2602108555687321 8.966881179496635 1.141868766970027
1.460744387220808 6.7905557155262 7.235801292053849 1.129459166327423
8.362692178880385 2.812452478645446 2.007738826716003 0.8880101706996386
0.05620162283392904 6.912455023442964 5.47558157043385 0.8866191991202607
6.753572981380374 8.761180174972127 8.325356775465695 0.9270689204470902
0.8750507598760215 2.841805471076139 7.250878530442209 0.8865968826684846
5.455135553633448 7.490374439647671 4.115957272462707 0.8551930071875842
4.566581416782642 0.741441188463613 9.337951145344352 0.7258222835484046
4.284204272669998 2.52855974903139 5.621150894905977 1.564120102199115
5.795987342981802 7.535398995516609 3.073057922756878 0.7908447588010883
9.329034029664948 2.076012580409079 9.491879032603189 1.479308207537323
1.344395391242997 5.937965461550395 6.751680822650215 0.7968584593688702
6.617169708372026 6.910983310480568 2.004457207478891 1.154667037023916
1.654960877499037 7.458455426132757 9.727200660489508 0.7645013840375172
0.1146471483399403 5.690989737498574 8.060531732078003 0.8055329799103439
4.296189296014625 0.5322496829073731 6.397886774046986 0.7431061302824786
1.964438073924864 3.330155592386991 1.327011547441286 0.9197514012856137
3.131303012137391 1.503734534377981 1.880340300621148 0.8052281306510496
3.487102226739716 3.100919642142209 3.737794900790913 0.825412147831134
4.451642907561244 4.636015028748532 6.471705171449862 0.8849925611233125
9.160372081056721 9.880555209800336 5.651335897347491 1.143386264827407
1.702108411421601 1.494735242406734 4.038803486713629 1.11813085324561
0.3439222975988321 2.79977912033409 4.541534089741818 0.8470951316359044
2.960612746913266 0.6317616006980442 3.067873485867791 0.787655936234945
7.604926857638117 4.887675702699235 6.60275873269742 1.275284636401798
8.684489292282253 6.882540562841235 7.241839028370868 1.342257003681219
8.421328591840735 0.1602684523301134 8.258695982392931 1.603230524766052
4.572006614908737 1.851163978235019 2.955163745211146 0.8519719231463524
0.682068644678685 1.149405723785661 3.75112426963928 0.9205700855240391
1.919681875642708 6.189552026777219 1.514195565592926 0.9500907372543219
2.619804774001155 9.756097190402931 9.992227924758724 0.7732798984528869
6.99907457239626 3.917457271968482 8.477117467635235 1.220603324073463
8.50369799454003 4.273005166579241 9.878573210723491 1.018623919962684
3.199002256714357 2.640121916191644 8.692869833050931 0.783615681512273
5.678987992732505 8.335432624175741 5.701682947479322 0.9098378903197115
6.65572857504073 3.238534035998268 5.877074724434518 0.960188126337625
5.226075321994013 8.159116826020304 2.478147363248496 1.120417559755315
6.189771121294067 9.397060182992607 6.465603828269099 0.8948680523278835
6.248784832177169 2.245913928037885 2.561745729160001 0.8038594026889154
3.826324325144278 2.042615374330718 9.450130760760153 1.237908104327586
5.023153499896738 2.146003237171743 9.447152863382481 1.056423821212497
8.14058965594227 2.553645282839236 0.5007337798466815 0.9040280408620683
1.294171814593195 0.2981735124674656 6.87515682075199 0.8841246288258108
6.494079036261423 9.560509731151955 4.04211051979615 1.193934890064828
7.651975544086228 1.495268336451589 3.545644749173835 1.045516803082348
4.337767457113982 9.299218829050124 5.288257854575352 1.038631078073241
7.620267656381495 6.592984263012158 2.187681634657059 0.8835319625078386
7.574778670276383 3.176280308636138 0.1120800164735469 0.7428475872782334
7.974948922126234 3.943998044915854 4.929228538806742 0.8232563132302387
3.126625244966388 7.600307438217087 8.066089226530542 1.509399791017413
6.009445711310567 9.044811883020969 2.609888731124321 0.9119021244492583
2.256066893944247 1.479202023769447 5.00448416449458 1.047698801453117
4.976648986061583 8.80388272963474 7.995238402942813 0.8639617600755982
8.817950233301438 3.650081392685677 4.387556334488726 0.9744461882707279
3.52662574470317 0.7639738154833509 6.867722597998592 0.9145501172317999
0.1290878012696606 7.436075381735309 8.833895971909023 1.541797854839153
8.998487606056445 8.833698561454439 1.971576617460076 1.004441126799978
8.3331603289194 9.474725249605408 4.071397985116985 1.127471459514626
9.530105215522163 8.759912528039097 4.083189115551837 0.7899713066285425
1.546393318022128 7.342106552690789 3.961490508700409 1.531943902301937
8.999785292599535 5.793279721233075 4.641743342895077 1.158510984058472
5.523146477089191 9.467544836014808 5.610561005228801 1.216869729584538
4.669788962843107 4.171491438910747 8.136612710086048 1.260419651417424
5.317971538400566 3.203569813727729 6.89091796582537 0.8752147981486931
2.325818673685767 5.263803118392693 2.3298647640066 1.515422788175838
7.861980118181523 3.529220474915798 1.751573351680297 0.8287944734062729
3.569047078492262 0.2676882910877931 3.500183752371627 0.7942552729556577
4.129898968998726 1.284491696573397 7.782338460933341 0.8320553567163641
4.854031109547218 9.477076679359651 0.7560115962307447 1.175563354998505
0.2029116643933182 9.822195390644127 7.23609072165331 1.045364309483858
9.930573805057334 6.149033839852014 8.978716102755236 0.9201738132107289
7.142490739188587 0.4757240555115683 8.342762129944497 0.9323870581500587
7.492696177338237 1.790825901479262 6.674997891185807 1.093568888122091
4.244687621384901 6.406634148557309 2.759342931003139 1.541736467858585
5.040920662173948 4.564456376812085 4.866579657620379 0.8621078482663493
7.96802868019803 5.575361700978592 4.968031703841207 0.7638538809079636
0.937837998589991 4.744982425400346 0.52940072134675 1.496040642466314
7.962794020584321 3.894093966977286 4.035254488790173 0.8646893969700644
6.128567573107564 5.981410548745488 9.620246219325967 1.02935270324354
6.378946954566319 5.805171459899841 4.51268892492685 1.008994759533318
6.915814781973876 4.402126440894913 5.72915321711515 1.016922139232673
6.658056808596189 3.336034504635572 9.616406881805078 1.29149862075035
2.998999621507486 8.463069582435979 4.759456929812369 0.7853620406549321
0.1705590171519278 0.01081445722349472 3.70866123280846 1.501354961924635
9.489209414017978 7.221111936905316 1.568343128696326 0.9942447388303255
0.5399633477942378 7.061113037453191 7.737920865747535 0.8702381284026544
6.057031056579553 4.133063188174843 6.12383265467959 0.9104152464421171
2.948933990665441 1.400894534737015 9.743532820428307 0.9168132754224819
4.216375323174099 3.63657941694899 3.891142204149109 0.8109517530770081
7.052059779371856 1.79126556332787 1.327948674931322 0.7843794184116952
5.959065504632292 2.638062524977781 6.930813500889483 0.7629023615054683
8.2183754832989 1.419814359006465 4.941584638618495 0.7546862128000992
4.53365339586333 0.6436603161378629 8.370572726772735 0.7944435760398606
5.917265826998068 5.416597742813548 0.6358784995055178 1.284324240719987
0.1890290881222356 5.852066960634765 1.938270803245434 0.7328220631636638
5.769331485795611 0.3529478309145795 2.343511734841881 1.492891901508093
6.908589752228907 9.43502442204718 5.428239058184631 1.473734743936219
2.293058825537152 0.283924962072547 6.639389701523791 1.082060488474702
8.6293932349288 0.7076058953846165 3.17496062387631 0.7691163333750166
9.78058425662303 6.544521053480961 4.646182463374357 0.861507875060228
4.812186005075377 6.580807584204527 7.1460352899635 1.055790672721415
5.247169756281223 4.045524215736037 6.508245791321805 0.8133717779130383
6.865555107023675 2.845435046646143 6.896614739122588 1.041068915108346
2.067202551437307 4.806886206964069 7.410209398070829 0.7560254903074723
8.409810685800554 3.69914651919659 7.781705411281346 0.8208508362285005
7.904941442472211 4.643693382377667 7.891420747586332 1.25842069144578
1.123426879177397 2.433671023582315 1.419169449486448 1.305472483964337
8.81436762982489 0.528053652067272 6.36712283791165 0.8437716425439618
4.285335714917786 6.944067761447918 6.271234226060894 1.029043114713803
6.207072051630631 8.371333155176105 1.78394410401246 0.8717142977601239
5.060171377068255 8.497833934966716 9.91100450355918 1.329001436217882
0.340676241007688 8.620886453958844 8.975585142468448 0.7507543895800577
5.385598391120454 8.771479822559829 6.459766024205011 0.8779923581975192
2.111154737421203 1.733529708339123 0.01662715957673311 0.8866755089094687
2.688847675456475 8.851506606548961 3.020409870246243 0.8221172204981534
9.710006683957944 3.756926649119973 3.846283068698357 0.7691420197372656
9.164018463522968 2.253096206675872 3.336722475390121 0.976975199837248
3.174196152424686 5.683512906906503 7.224604134029851 0.7755013830705535
8.66750797987147 5.923039958029789 2.4333587743771 1.019793648239989
9.438046253711494 6.716797581749213 6.204468026584896 0.8902117266687134
9.54037767934517 5.677569177170038 2.864684167280036 0.7610339604740681
5.746466729191255 1.55459718499195 2.293360302194818 0.7908118427454035
4.498229546172138 2.955235919521467 0.9664578717498952 0.962814538822253
5.411637248815758 0.485260909422316 6.48050740654761 1.402599385325508
8.216812284568428 2.645813102182789 9.564488019617841 0.952882983091387
5.323517747037196 9.845996211824644 9.519067929377725 1.439908795744086
5.787989506186722 5.621837998950006 8.569703552647809 1.243245060679542
1.528434410012921 9.982216553107616 2.133965077016278 0.7314385191483241
5.419988015361472 3.016732202478331 9.223486717449543 0.8383566712182059
3.428130123873292 9.387278456721093 4.719744341194048 1.076844494845322
7.472804510772931 0.4715056009091523 5.345292799352029 0.8159115912617388
2.598733212123987 9.719586015219441 2.859834319242103 0.8877225705922909
6.207128869572112 6.246620048595943 5.311068069567022 0.8123608621057573
5.479351268529283 2.42147945457531 5.174797428360407 0.9150123104104233
4.446622738990574 1.081022292109606 5.577416068632306 0.9933908417675068
7.450070602751332 8.193637956109148 8.034189684822433 0.7486784232843666
7.442645138850987 8.259897302362923 9.140047758207476 1.174554520343041
0.2386302982254973 8.521368886054535 1.200618441031676 0.7249476308460916
5.804342992434488 2.849685076576525 7.750024426303868 0.7415640429478439
3.661092031064875 6.535724328300038 4.076573420846322 1.169749137088195
3.259033642128175 4.216746381194058 4.913524068664414 0.9406707823696645
5.134463778714525 7.314170864101174 0.1450755184162567 1.026844089844541
3.090506913811074 5.933301289517837 3.085506647518176 0.9678515441480031
8.938958747487829 3.499447506591222 6.519224629964906 0.7505692468000592
6.421166339974979 9.740410985825131 9.805337411178414 0.796131187118046
5.792785588125991 4.376695851958287 4.488915267689898 0.8109218265470298
5.886749878264578 4.442664903381247 8.162374216416071 1.141011321650986
5.202267561622413 7.961148781997738 1.209134708255801 1.394023608447318
0.6526612874715132 5.59265980048708 4.595808786331451 0.9642135537536101
0.5726080866814521 8.780480613157614 0.5007573569573409 0.7978562664930976
6.25751860297903 5.327730226139108 7.68570100698685 0.779615632692677
2.787971369412659 3.17778130851968 0.7346929163558814 0.8481330190459172
2.688411998164232 4.355866315277762 6.709550715556311 0.7615242060382398
7.915592486507473 4.806172794967365 3.410355862950645 0.9910377085683124
0.5088802235284052 7.197253839507494 2.405855254231211 0.8654866085730999
4.390827434705478 6.824821903401891 1.266142863126509 1.353262396863962
1.663729967833671 1.090098352811251 7.610912537819459 1.321811858423034
1.419992169355423 2.084571994941858 2.406705516668475 0.73300244046765
2.201529587800947 0.7163252081963989 0.05612189367405485 1.10488738078179
0.7963429257515764 7.943550903571882 4.753330884451107 0.9112627610461053
4.707416182611552 4.242057612123397 9.693260983822833 0.8000740629315187
0.02382113346875104 8.265292634306707 2.499212790001957 1.440014334580063
8.911797303194069 7.797155568284294 2.132111617825678 0.9470370455879438
0.6209884457038972 6.402279651277872 5.035356757004063 0.7884478433302198
9.419247605442152 5.636140925849767 9.580592810398105 0.8381899982944685
9.191564445707742 9.555053600488815 7.454506305956616 0.8536026790781091
3.061512476449769 9.769329534540686 1.500364487545798 0.7436896506352754
0.6352121982390979 5.355322395990685 6.52666737617582 1.008762974420314
8.965070104185106 3.40185351264348 9.551784674979066 1.004628873442887
9.780919993886451 7.964386474005081 0.2216023765709974 1.444314604926813
4.354177073049957 0.4049731696232883 0.2146141991153272 1.118118603281136
1.283699931082998 7.041764486487819 9.048520687113022 0.8942880662836835
0.9627598820139638 3.378212599612123 2.250803571007027 1.190516817875831
9.454961480759597 4.303554402049316 1.732795774718586 0.9061400365912544
8.130539779185316 3.72607965471914 3.012259828986903 1.196716113957822
9.346611421772892 1.214373961806819 5.363382352076444 1.493728181989862
8.558030316835294 7.487714306096397 5.957091254628432 1.442157090588474
8.180086521234001 2.187124081468284 5.604208100763224 1.12310991627035
7.498798600502738 4.439031320783554 2.138673374987913 1.214465685409838
8.913554696122414 0.7649919519155091 2.375009561476294 0.8519534528204199
4.599439147123871 7.961353326413373 4.180714540616662 1.027585602797621
0.7996079281212431 6.31653454621004 8.404029885860798 1.107283817997994
0.4596604404646787 4.300698276759421 3.647223655505387 0.8441554040388378
1.247375291571897 1.612773082055992 3.080622887111504 0.892620136917134
9.100632998880291 6.709999529252755 3.985982916661885 0.9921449853941925
2.771949597378414 5.244573010041285 8.274800044829016 1.550798940635266
8.71366457951423 4.739383266882474 2.476477218373615 1.296274443179391
4.855082925165393 7.465716906998621 3.268004666215406 1.062377551015328
4.739581327242638 5.130886925021822 5.631441322514803 1.077641735735574
5.304442237608606 2.105801823572051 2.631036293658244 0.7475291880062811
8.955298721096012 5.959575704672093 8.966785047334143 0.7521367429631266
8.192030707584973 3.113837674861338 4.991273285302577 0.8573121809200918
6.665684746197493 0.6561174302399486 4.893202054860092 0.9710895048545795
7.059340278067981 2.088449933451237 0.1729780539235914 1.500555388293877
0.7391490895306008 4.851616252808597 5.587492879832783 1.064849337072508
8.636851294489256 5.064061651812628 6.771511371177747 0.8055910711540035
5.83055784775214 8.498723958731297 8.249130596479448 0.9559197567370453
4.237331704889776 8.134209137947497 7.984846686301179 0.9090180399184435
0.7311706907368853 7.437973747473589 6.983536565165442 0.7854508050400884
6.526625174056515 0.3014887726550653 3.184769418761758 0.7274703376681296
3.088544877398268 2.331172925832146 3.896217623033652 0.8157790247590441
2.167158730259509 6.924797650334853 0.4683853398769366 0.834698445995973
1.676484864033032 6.865307655515647 2.033422320571634 0.7707074142718551
1.281589407781782 5.211565848565796 7.192922423596849 0.7988780568774145
8.637355587487374 8.417961810099403 3.854295410444248 0.7614231448360681
4.561483325777369 3.977191254202005 7.066120186077244 0.8611861466790686
6.19622848120325 0.6061547871660433 9.945437875888501 0.9051446544493273
3.30705566598246 0.5862876471214851 0.2149909253841731 0.9505627697582067
2.935987657833501 7.021767079607251 9.263982005079576 0.9362440559110686
1.51838814579679 0.06861722840713069 6.090632248699674 0.781156662859981
2.548557980861563 6.438447968322452 4.105741639059208 0.9683460243387825
7.636380789075519 6.984903648680437 0.7981721810288356 0.7729883678057884
9.215852262027454 2.333130380751482 5.678736049316401 0.7516356181152845
0.7639126336787272 5.913937142559623 0.2670117326796107 0.8248365982085729
0.5627787935205697 8.392889323350145 8.195189892553623 0.8758564791568707
2.115081886824909 6.588045889292196 8.322873017708194 1.346745372981512
4.369481565778734 9.069879632553501 4.232446721342355 1.085203810111336
9.449726465356594 7.470823107214654 7.867651902774307 0.7279955182597733
7.352256116772228 6.742701203024279 5.802230651875777 0.9777430457126792
7.781249138175321 5.536324381872282 2.745291600078841 0.9637804715418161
3.191470687334408 6.130730724823056 2.145396834236923 0.9107292314830413
6.542725266268257 7.109763318900243 3.005453510627027 0.7874224568595491
4.314507267348366 0.4008789999439444 4.437901895620032 1.556012743008826
5.855689420157641 3.324253686241263 2.697788058719036 1.452707167216843
3.053588708056665 5.000784694333018 3.380362681502846 0.9519169148519039
1.253004920610207 8.858859920317531 1.632830561259283 1.521306325440684
6.606643072477927 8.315043413916982 6.4132162504629 1.381147664055536
8.746066021432892 3.69868585079055 1.997817632867195 0.9118552958904436
8.455911207997813 4.206371581436255 6.994876160322914 0.9609475489096436
6.765292649037923 8.433056383973298 4.185053516947347 1.09250503805241
2.258732620099777 3.348867532771082 6.774636248796776 0.8046237401906635
3.297723690604057 5.359111177977561 1.465441723425481 0.806516464953033
3.219868511428524 8.549724711667087 0.4487720907214998 0.8844398461320558
7.210772600906935 9.494688951520164 0.1911391508368632 0.9809864470470098
0.7428459489209049 5.174104338581606 3.709673174886767 0.9588343708615261
4.917060595614141 2.1706724941134 1.28210237359469 0.7996036018500505
3.733941778723696 5.043029446686576 5.148170557464021 0.9765463708727637
7.668274782871055 1.921131509749683 2.339529307511802 1.3473033237686
0.1430557296947088 7.12530454597437 3.553234050914703 1.320398172808438
8.092473289489572 1.435003033321057 7.398908849136424 0.7745907114846988
4.715155766106723 5.37571000273463 8.504433375539195 0.91598986711566
7.000506402649013 4.966108176789718 2.980397960882263 0.9634131771174449
5.235943845558094 7.446675208859837 8.036368242683592 1.454795049864584
7.238947626987327 8.704753002055291 7.417581538124326 0.8026083173180599
2.511694554253478 0.7210645318694997 8.324439657976637 0.9191483435503327
9.911896445453621 9.140422164450024 1.776034048728352 0.7654735390881087
7.902194351707132 8.375403383849994 2.219412165935376 1.289280038913166
7.998095092290576 5.138386592063741 0.1869860788302191 0.9830635593450667
8.457855100847981 4.607833818649953 6.104099045357811 0.7265628150800914
2.20144215839838 9.725352573299141 5.731158618155148 0.8401557555761969
8.262149035687312 2.016529730506298 8.912588649007526 0.747317239547283
5.628262041608393 7.640147600771715 9.249802344099985 1.041334968618651
5.57117044393645 3.778640079165386 9.848190655643823 0.9126148057093972
8.578422925801096 1.575633647056245 3.021256029571236 0.8798079721122742
2.892028659145437 2.585667929290306 7.038709019673236 0.8301908860020416
7.408180492054021 9.226613456936597 4.353175268012866 0.7950179683328857
3.312848941810623 3.338561069102288 2.51978439324262 1.01737500533095
2.04709597365183 8.09631484125056 0.5521667520933482 1.415478103355445
6.43363809868607 0.09058735866207535 7.23927112654822 1.072241912879832
3.63302421968329 2.373468023239608 6.59214071047164 0.7283245228103097
1.75072880277317 4.071224149854157 7.073560513403483 0.9387359597921908
2.308167617014854 7.192517903671291 1.401329921194631 1.048981417589602
4.030538101827815 9.478311741894681 1.451580029708912 0.7551893750782833
0.6073229385921598 6.577038542021885 6.37924157059548 1.250512734462676
7.197879956050279 9.583371364134052 9.03472572501337 1.276609275410499
8.027806090243951 2.639956989158431 6.630395084134574 0.8377896018595625
4.848796937993443 4.013988164046086 2.90919445327823 0.9578320521846192
9.103372936239602 9.395253624334645 3.483229134629555 0.758079509692981
5.023505019363739 5.472978486908586 9.6444371133781 1.324747334457713
3.469852013208611 1.523438128859114 4.887542267752179 1.336057213793119
6.940005459434395 0.5671845514560292 6.276918024854092 1.258219838752244
8.311570413289582 3.389297978959388 0.3407443066482352 0.7624078830871086
0.1144689077274497 1.941577436957576 4.575104560480595 0.7335398263809207
1.065811436469095 5.843864089246877 5.576957615854631 0.9327609850982046
2.167777793915771 7.947383027096634 6.088333440410024 1.032284404852531
4.529101351486367 5.949404226148922 3.935652425519991 0.8912297678746423
3.41370661135725 8.336037053172936 2.299130747594219 1.080646899412488
1.288557959874396 0.617400664996367 9.741685644670239 0.7656954933544835
1.007376871261904 8.243913925892381 9.674528254634135 1.240545875425828
2.93622912856493 2.438569518909652 1.211660339985583 0.8895127373049543
9.991865732075327 2.319328189142916 0.4876551801825658 0.7828908920253771
7.880527033371172 3.581635776313057 9.192959988253511 1.099405468820715
6.322002007835357 5.232791296521374 6.585285434370208 1.338286103012794
0.4329467678056376 5.590869209907995 2.924032510415295 0.8695060950989073
7.713381326679163 0.06085051235369843 7.177701582974518 0.7621495862728088
7.601717819457123 7.383346035866338 1.611695291824839 1.003770435349923
0.1948373770087775 3.851655960586358 0.6049601956329331 0.7906468575592188
2.932842664087569 5.689324808931652 6.350023326539194 0.9220381797924626
0.3729316631428847 4.766381518057909 7.570262536907497 1.307333604118004
5.619465152672275 2.222500930069194 3.785045820025891 1.596713293248233
0.1661128774627041 8.811327857783063 7.374076404676872 0.9302867056417403
6.774149913027829 5.440741930775011 2.101929123301129 0.75702361912424
8.991068739405915 1.552538165755497 8.181044147511896 1.32877287649092
3.011170600161063 4.135321186698197 1.475655202193786 1.509123403964256
2.090363477047747 2.719779371848267 9.789673434314063 0.9937793551185127
3.803469410053704 1.368089179303486 0.4351006863737061 0.9062423283737339
7.423711728495213 9.299082200413974 1.851332245424339 0.7983628014006943
7.645615914159978 4.777573810546717 9.158560376787337 1.242832771746996
2.840933012587007 0.5782073210778638 7.439701940803472 0.8780123469640404
7.770285711450085 1.056485885494201 9.914352578114331 0.9100665737186242
7.058373114990949 3.270088410889418 1.53963220211381 0.7977489290338343
1.289889189035733 8.309957512812982 5.599215348540896 1.068871040705732
2.176411315969967 3.024792639426989 8.670510865551622 1.281620560008554
0.3573191450631841 0.2773967775264508 6.039932746049351 1.449542652643661
9.672973507940252 7.142274239854262 2.531891178061544 0.7567392793875142
5.655828433708843 6.37550200862463 3.447609157606796 1.542628710451128
0.6436203958420605 6.46145782172485 4.268707353786692 0.7226864244128114
7.44543897013595 2.869607391845631 5.382924071819927 0.7788022253103506
4.643290921187824 0.1649204828268658 5.597112309125627 0.8464627390440055
5.805287806210984 9.944216907102781 1.232451975432194 0.7963066364526643
2.321938000379212 2.148283077206321 3.293834281612231 0.7299738265769582
1.445313286990462 7.981314999495256 7.004668141278188 0.7955282731744365
0.170324743500242 1.067636652366885 4.503736019005152 0.837304876666578
9.457036902893606 8.939894634788176 0.9944392936469604 1.016730020685975
3.414926538331577 3.860329393642385 4.108123400635512 0.7550103457598304
0.7683280459212305 3.134591012832444 8.307871435272617 1.174616272718369
6.251611120831297 7.807625189840979 0.2887438894829508 1.360258781528681
3.14970687572905 8.963668305178066 8.037912809519725 1.067008413387533
1.321630100447759 7.996479158840479 8.580144655730708 0.9412497615767205
8.432757219494533 7.56052695259464 3.906455983741768 0.8897477805796885
0.6496111095323498 7.204158420224729 9.993696266878956 0.8694782209279166
9.008467954611763 1.889606053826526 2.038450439527903 1.319826394651986
1.747059140222726 9.138601029844375 2.845459846292627 1.08884422734404
1.710245967191633 3.223021079978579 5.798376255334432 0.8337890412587431
9.409233825011693 0.7166398200038993 4.300685447603153 0.7658767242242674
2.178426486305231 3.816380067356489 2.657878965611644 1.388257912102708
0.681135263748085 5.976081974548936 7.392315184382127 0.9743066780285029
0.3736599636118865 6.617559774196549 1.75655974348402 0.8474745059186222
3.74342301086633 2.633988503908509 0.4291022639826592 0.9591596804891706
3.412601459547583 8.884965932160094 1.402500471353723 0.9199778129406666
0.2762606213299457 2.55690949459874 9.03832712132845 0.7296601900047828
6.836917869510424 2.690863316479608 2.129311930059329 0.8391373711795443
5.435597459584226 7.521524804480115 6.584306523045395 1.420889797061143
2.10875850496522 3.9331148139429 0.3976648670008132 1.222896741817345
8.915438376505602 8.882256617628176 4.64387171870834 0.8061681437101047
7.023030691351821 0.6920470197452533 3.913914036585098 0.9093190807857304
0.8246435823090947 7.907325836169867 0.7628776486137057 0.8593572297575638
7.736519539236875 2.239182357578674 4.512635431659314 1.188811170048242
1.585847061896493 4.325878917757621 5.36182947611441 0.7953487727352229
3.101501745588233 6.544250731113359 5.009908532775917 0.8589579599961848
7.374479543081389 5.81805102245515 4.503676555432018 0.7788169665859758
5.729504658722675 0.1884295300918604 0.4994138272552207 0.7242536774998852
3.633038056170758 2.46277661757568 3.04975110935665 1.002725619048623
7.393089960459291 6.439054496580424 8.819813969539652 0.8056729100368266
3.796543520696603 6.611403282905441 7.218743015523284 0.8622195041079269
4.728146506965111 8.408297259501037 7.152219551334379 1.021711170985484
6.581951793353278 6.342320124614829 6.137106196472824 0.8326636367616459
9.852765729038108 5.777584898009462 5.61135774327393 1.381016313449728
6.8892100440205 7.853272321286817 1.915521156077863 0.733492147099863
2.651578171812397 6.312597799152454 9.963558578673171 0.9942541444906526
1.00779340194267 7.87152527460123 2.185018661766231 0.730482051249114
0.4129094012585166 0.3085836778743933 0.2166112692680555 0.9855163302799091
1.403479796902525 8.398330122292354 3.409975565344988 0.7736039239680137
9.766346222619603 3.098479596509318 1.437759293700805 1.558741890262098
6.934102406844372 3.172854295698618 0.712540726906975 0.8176624691592129
1.711998071992122 4.380821316263715 1.554471581858151 1.092066831709096
0.319851176074355 9.522649425735128 1.008235889502935 0.9938637728606708
9.800580560496726 6.56087933451338 9.967020323769869 1.185794676149544
0.1893984160273066 6.390317772237285 2.564921679526811 0.8430628786378193
7.822523452966906 7.155093215859226 9.277850770687778 1.066470697624526
4.47343450934693 1.859962703260563 8.549725047122488 0.8120014795880643
3.908017481297422 1.995087458287897 1.32560278169263 1.185487923780139
9.835084904578867 1.154391721401476 0.4735442260934842 1.031558163081019
9.082424050161261 8.704979208219831 5.653800679481889 1.165849592501754
1.511850218447235 1.300567485157647 6.129993896362543 1.555521842242929
0.9971105403232418 3.534800590386743 0.9948720942903944 1.022485408291262
8.177667044910688 5.736719261022928 7.417161672602031 1.110414075918766
7.227052235172549 0.593058781229503 1.830450313995929 1.554282742243079
4.16739951775024 6.857933219174609 8.004256480075703 0.9137729815735043
0.4642702911192065 2.45972864436991 9.836861337046203 0.8031561498391778
5.254498828341246 9.466709611708071 4.553314323513191 0.9020047378511999
2.055198425233631 3.629454617278987 3.872534162224478 0.9640445352796807
3.060571461435768 6.390332344466148 6.863837122038601 0.8002575750201546
4.260487908667708 8.496538503552445 3.155013540011068 1.253644661694382
4.741585573146454 1.337945278810485 2.023455088758922 1.226059713413906
9.756830572640228 4.402380209423223 9.70225435562868 1.389607503627035
0.8903924169896172 1.872701466425799 7.168291822154018 0.9872097836571057
4.515867499810055 1.52615983471371 6.727859121597159 1.297889907091128
4.578290106973424 3.44434098869009 6.393762872825818 0.741267501938874
6.154333601033934 0.9968600097641334 7.208637043930796 0.7820901849709954
9.835184972940036 4.935655664881923 3.335480346403399 0.9557944411804629
0.2515324662025153 6.995008091091694 0.8842381061934113 0.9638725657336332
3.02792666357167 7.00010427657717 3.11346785413941 1.086221638214171
5.545677243613063 8.641188262059446 3.686848573963002 1.459445067709406
3.611445665079182 9.67724823637294 2.388254392112088 1.274868328158809
7.349642795258088 7.711578720369556 5.693169610089448 0.9076478387182391
4.306628441786647 4.504775576694882 0.5497450997677756 0.9535834261244973
2.717618354061278 3.836951494908805 7.687757270967691 1.322636865431102
6.231957742856051 8.76356999205356 9.372661738034132 1.244683534372142
9.09979989514966 4.846528237559427 7.636374646522457 1.169522229318701
3.847965784972274 3.556987990201697 0.6022798854987034 0.8918387819629053
3.285896694070081 1.170615835089059 7.970480777378929 0.8387848946132967
2.428635919698849 6.774177908754235 2.228190832214482 0.7394689935376583
3.457356516569444 6.492146272048408 8.60185610568791 0.9983539056755555
1.017770964809674 4.613415585827818 2.658218512728094 1.349957336111753
2.602079023841725 9.186416640880788 0.9102314249091492 1.004969672391712
2.010140939946379 8.916990736714229 5.833237957495369 0.7738781671116455
5.373448223665105 0.6448448820518915 5.185282152953535 1.033120610404916
5.228985514327956 4.733585570960929 8.84473982317912 0.7958778482780566
6.555710562502417 2.613988056871143 4.88875912772402 1.277177487720285
3.388484222439489 6.54172214280056 6.02285253950035 0.9249501372233211
5.371064835388028 6.160960222643647 4.758296085893386 1.121807546947432
3.651084164759408 8.47466479305192 7.196650439154008 1.072431184598583
9.330601569745237 6.491909443457495 3.052478234238565 0.9273371615616548
2.389771759126403 5.29136837987389 0.7460392615231759 1.443233747640578
0.8228499878013129 0.2675380114302828 8.188417520047995 1.248042397187611
2.555981618833643 9.082504507184494 2.018157739921548 1.171021067931488
7.225096124253599 6.494602865706793 1.258044877277011 0.7487406966678392
3.359795900023541 4.852896263786143 4.293610060852144 0.8148327567534845
7.321188019040799 7.502920805766458 2.740405970353466 0.978431721748064
7.575599509561527 3.03617735802609 2.386018406700445 0.8108315140109106
5.353047739545293 9.444588293075183 7.276801727567205 1.122528416307589
5.230054461493062 6.56998884399322 9.075192793019074 1.073447462537873
4.950354548660129 5.156367766609621 3.076747412484181 1.293836999522125
3.627227574273761 8.316497869941784 4.081613952387428 0.974455425396428
9.062897227045628 2.447187514341377 4.569965689931124 1.444964005839591
2.69391950599744 9.401235308363232 9.00871517467032 1.179882837238682
8.985881329419469 5.006891691248994 0.3451195332035206 0.9152503844362293
9.72637797317641 2.841469781226183 6.452534166841067 1.273422018168332
7.18072629410268 9.443313813206387 6.726630761998575 1.071107752820535
8.466342951511477 5.358661996313349 8.558997934481354 0.8671846828453875
0.6695546944385866 5.211140492586424 8.609086998899008 0.9654512126297021
3.824814839400477 1.708351953452112 2.463245418048735 0.9029527691271172
2.863122348365271 2.251375309308725 0.1410939170725201 0.871401836320676
3.386494068742905 4.740672636869024 6.124893034473585 1.147280157033462
5.766027633985185 0.6802754596706295 3.99112414808725 1.433831328541094
7.632820226721558 2.574166468097792 1.330284481938908 1.007433664142791
0.5029843667543343 4.210926202353258 1.619448340269742 1.024804342383809
3.548109293544703 0.8558414706930162 2.523085423366043 0.7884470565053633
4.309129737938409 3.853617081912689 1.449920370344836 1.060106343055576
0.5862552662018095 2.810454230924501 0.5729884158702414 0.7322290048362085
4.05832306826436 8.000321897587625 6.508468062199018 0.7344975488485037
7.895900382419259 8.66903978292234 6.129272443843841 1.24120960073981
8.077943541611932 0.8174126698987594 6.775160748397216 0.8745888754994479
0.8870338980536496 4.285575124930181 6.547309187916797 0.9586458170016919
5.366884314400608 3.375917652669583 8.375095430823174 0.8222429161525844
7.911754840473962 3.646113037121343 6.043935342510419 1.419926822826131
7.227767210269579 9.674884941699741 1.11684120012448 0.7285503055487454
6.988981615610614 7.452501688159833 4.687634942912566 0.9248313407059694
5.050890134999336 8.26488236941114 8.786151693604548 0.7563798105690104
4.748462918028937 1.318368369350518 3.687990034872492 0.876581588962496
5.444095673581764 9.147878135380598 1.721868803922444 1.143879694781997
1.255919494343953 2.279135892670726 9.12466165490839 1.195654441930826
4.952879998389131 3.056441670234562 7.686273495485565 0.836794783961246
8.172343883326551 7.327728807284315 2.340089440464924 0.8188214732630363
5.318291668868431 2.335977831295208 8.399743749280624 1.082365940692329
9.445008583720984 7.745953025503945 4.715486123256812 1.552931516789024
3.689582285824987 5.166800413422781 2.457552978517206 1.185935015940815
7.924360367660961 8.244866835113925 4.756887371865728 1.469157069265452
2.339886603994953 2.75937943411939 7.676711441340368 0.728542257738627
5.586310036801417 4.504121400192238 2.408826113322201 0.8472828113067561
3.275138674213689 8.721625416304176 5.920840442140669 1.560035464235531
6.732038500288349 1.223379272466361 9.073974139730527 1.260072519642857
9.123662857256315 5.385679142149241 1.463256060142846 1.18935932272424
2.923889844430154 5.343779728087802 9.655291263128358 0.898743475507199
1.640064555905416 5.166199860997303 4.982298253903249 0.9991696765794242
2.223447504437623 8.49898426947143 8.406645088117797 1.067001732741546
8.968391815137615 0.2499961048522314 3.777451457844193 0.8537031805749538
8.292238410749167 1.844832975345824 9.954697823133651 0.7672957123968809
6.198089890804066 3.27092315784576 1.597124195366031 0.8103325562395173
4.475049949007064 4.986577508621188 3.977115798003395 0.7310548406078573
7.097443115009106 2.663947448109047 3.417230831696702 1.428234843858083
3.138472201627898 7.4686461049464 6.641309313930467 1.271970494821183
3.778739877385739 7.561354632920664 2.848767211957501 0.7343569423584015
4.312245259406187 6.767352643750997 0.1594091946949761 0.7534650946804203
4.453880117092965 9.501164576153663 6.450266369159759 1.281167813929584
8.543254849329509 3.131143695597172 7.128515676255551 0.8495536364858766
6.645505040611331 8.228812584299646 5.184183252432374 0.9212283301056072
8.358138237335623 0.4301954750234693 4.835412456787115 1.165676898880067
8.841317198063241 8.914111351879358 8.095627569134086 0.920569769928598
8.701400586249932 5.128388573268222 9.398755057559644 0.8919548412038917
9.253228685857058 9.742872792162363 4.571789594277225 0.9617727987667586
1.470156414827749 9.542282946962491 0.2037520601273757 1.564712798309922
7.12790646530517 1.561710414577174 5.440511808172998 1.294865880734657
1.603472553747325 8.402855354817447 4.627393584970501 0.8854585098654926
3.18998852427249 5.862295698353468 5.519409286273013 0.7702409288637353
2.269183185160086 4.308780172870006 4.613057443613083 0.9914509558908813
7.937393416577412 2.42564233287972 7.639083562805638 1.194553874270027
3.392870610741165 4.627122484974366 9.246969498340942 0.8650041391486135
2.699787594110537 2.474315421940494 5.815567379510785 1.558377464187813
0.9311548097430666 6.267896587225272 3.362144470774346 0.9954753854072468
0.06126365759746456 9.297956424676093 9.720520064192796 1.294900962383034
6.935322350625419 3.555472667026608 2.324846301833489 0.7956183981257223
7.584916565007019 0.5799242993208598 9.170028024460146 0.8169176372671884
9.69008112602779 0.5983010050076698 7.865992687978996 1.07827914003345
4.526434874847952 2.084670013499053 0.3741617412648512 0.8768734542342773
6.565940056811156 1.343271480104027 3.039668938361909 1.29830844165833
3.590859572041407 4.103188688675266 8.266821621719062 0.7579092141347765
2.059258076505595 6.784150622146434 9.39470098132389 0.7991515314624688
4.231404580265171 9.270432121173933 7.622528836507694 1.001886696445027
5.080161954367011 7.352156217876283 5.205185231589041 1.399665365574306
0.8172950445392357 1.5401508611616 4.539757840147912 0.7336194415349548
3.11259748018019 2.765544159341145 7.865349719870253 0.7886423513639376
2.362382707799454 8.454521633568699 3.900720913896073 1.174365274319465
2.324092067971211 9.50518642802148 3.671678880103188 0.8479441823640493
3.286683107811778 2.35212395030977 2.083013287752753 0.8435292282928997
7.79458290109846 3.316742694944208 8.22936627649929 0.7448901312840966
8.487414181758506 7.942886204776308 9.689497862724837 1.095449545256541
3.132724236182746 5.676455240414042 3.940207660721545 0.736522204952707
2.07638933286755 2.654137048634973 4.096712299469871 0.9614320597155882
6.540928670614568 1.94849718391605 7.813663064084196 1.536545926539161
2.86385716730875 0.4918572811911393 9.196591293048623 0.9478010216254301
9.46611468951882 6.346810767520656 2.037153207942481 0.9098026398825868
4.01307745683997 3.492936757325555 3.096566625555282 0.7787287796328528
4.943214205310927 6.202584537620031 8.062799400405986 0.8729198840344964
5.306055175705469 4.249256446436411 5.669789452293389 0.8124370491179601
4.391091427709119 7.584360409341362 2.160475949426957 0.952715974309824
7.575289297499235 0.2772035638733505 0.6633495033585058 0.8960696502460425
2.864017471990964 8.072329531784176 1.448040499523232 0.9701048055241784
9.856364526270905 8.95769911384156 3.388391328876676 0.7383244801576353
6.293043844580812 2.234435882159113 6.0893645180474 1.17036462475608
6.072731376291235 6.943487972104096 4.589243046791961 0.9724050372861853
9.860131139676922 5.527784906954515 0.4813704883512826 1.07526900829322
1.234465316445849 0.4416481715589283 4.774090747817392 1.568527174034513
2.570873921845985 5.232209667964186 4.3477973200919 0.877676115248524
8.91641945373402 6.902402489388757 2.405609311289021 0.7750284328431671
6.139823235425466 4.880955019030835 1.676416468493999 1.025777488395632
4.194222324155697 6.247140028901126 5.215944747466343 1.368565467327917
3.505043865300881 0.1290264088651527 8.306363626099911 1.325328787774737
3.815059353382093 5.573846112490371 4.369459109363654 0.8107637693681007
4.078491611817447 3.942759355262361 9.142952638300679 0.8675481762417933
7.881136922797583 8.907854603037681 8.343633797080958 0.9985969715663729
9.859709933813246 9.383433646574957 8.378146156769576 1.340267638824665
0.7955214652729325 9.257037763850727 7.829037221128639 0.784214562135643
4.500427078043141 2.819578853299448 2.216026236936197 1.456445709941005
8.300254290385922 5.476635228554552 0.9419429909367194 0.7246022673006355
0.5569897312882455 1.454390067716346 9.666043387504494 1.179248666912
8.962189060278279 8.942344514352962 0.07266405375835228 1.03431157831494
9.236745571147758 3.386328758291465 5.466383883389876 1.118957229669777
5.998627842272487 1.257090168393271 1.118166979963391 1.528972259172412
0.1509534959035874 0.5098057328930705 1.250275965174064 1.028310258386015
4.976880026252714 1.255784253110437 8.891331033426185 0.7893127288249969
4.732120427646821 6.937176399378425 4.136343362532895 0.9135927988650627
7.782086419550059 7.85741873549228 7.118629262546444 1.263192983455768
8.482764674988916 6.594069147535573 1.447982392698633 1.335925951109101
7.681192309932937 3.467926677929781 7.275133309284096 0.9538118460762949
8.039983840345736 5.974002381897252 9.454595859275036 1.155880088115834
6.143368790413687 0.2988792349820413 5.653452751122749 0.73316520954099
4.243116340084286 7.45351462659304 9.194248583234836 1.536926180910508
1.46737613131646 2.254314119007463 7.971173559263405 1.06999506311918
7.945060755834393 8.726749679568726 0.1729434994198464 1.001545475520432
7.301531893971536 0.4787203645166194 3.042735841071743 0.8374031731875065
9.054685193542761 7.425241033806075 3.170997790885323 0.9902147800404918
1.425943355296447 1.203163414771852 0.2676143799346909 0.7434295286955821
0.5083376073882684 7.116089761398759 4.6554227051156 0.752814276028781
2.164417334191576 3.818837083167093 9.39462808787664 0.7254657081904601
3.968482918493811 8.36683217912892 9.908204190041738 0.7678113911276684
8.36489628305717 4.356689152097148 1.096642916501908 1.387668339922479
5.8383428951462 1.47060026574565 8.624959595694442 0.7435335686743988
8.320844574159942 2.107037793428537 3.71423078150735 0.7629570561284947
8.417411700575839 0.3615672318979724 1.712273351663455 0.76357527008472
8.8094664383572 0.8090308129574897 7.255905087511449 0.7790872708599887
5.880325609362764 4.317199266849756 7.065108383002134 0.8695991881212923
1.647700397448121 4.415562735010941 9.536961361186325 0.7311242216148358
0.4432227169778757 1.578969704551254 8.320691095205886 1.431124650495295
9.324449566888495 9.940138819626835 1.77069652528574 1.113440968722521
7.052510116782472 5.650416943818648 5.465601032810815 1.227816493166698
5.332157840285698 2.364580716014502 7.350151190704472 0.8052408149909159
4.424622397871051 0.3701988981192106 7.388310165200354 1.206400421854332
1.165297169133341 9.085760957655367 6.667481714217709 1.53340190383476
8.296503265025045 1.073112041466751 1.967693196597523 0.7218397001809198
9.749569071963545 1.438204563382629 7.401194753729207 0.7529827122070826
9.811979577018651 7.093010874193248 6.998636206293332 0.9595808730052816
6.985871131324627 3.933736421732531 3.221849383822711 1.104735921796472
6.692235829891445 8.257987728234214 3.104357643368777 0.9953712550547791
3.103406563735025 5.770365421461445 4.700896457287113 0.752045059530814
6.332181028402752 7.490789068498847 3.795980239774921 0.9723634241705021
8.608132290730639 3.234945537100341 1.141835657429123 0.7956848613976909
9.852162097668964 9.167079530080292 6.454194605951105 1.067769666232752
9.741857028752024 2.548118745498484 8.362456276330866 0.9164664898430673
5.356312456292372 1.273523027720105 2.992622092453948 0.850909776258677
6.131863769016933 2.275144806183608 9.225354711315825 1.114815738865296
2.628107401673779 2.152802229112507 9.213379001948725 0.9088269716706632
7.846136600738429 6.83224981606716 6.582825294993552 0.7451253848239194
8.763354029131406 1.010305720197868 0.1539916253913332 1.032088729876607
1.267135995623201 7.060688267667407 2.792822209175416 0.8074527992004152
1.468893981012317 6.499405973715996 4.875185495327366 0.9085513615315161
2.614610545665236 2.518421819454132 2.605812966209434 0.8314852992331366
2.788603697195458 6.102017188325846 9.083974559231397 0.7547177762583505
9.011987713129427 2.497067324132548 7.575785737987724 0.8425104714123327
0.4145769637063668 3.519553977226943 4.109712263530299 0.768736022568091
9.847463684513759 0.9417210297661061 2.171620854000826 1.051204141283506
1.195068652193947 3.813194986445232 3.452360088184759 0.8946566625013028
2.041632332089747 1.497736462362 2.767810293661101 0.7797505616269781
9.093633102424766 5.852313589798483 8.056297650646535 0.9638733841717498
9.828425280257809 3.830838031063319 2.751708638608249 1.40250255332429
4.082334117649673 5.733403820584966 6.530822838439647 1.364797851135921
8.286415257740725 2.628072704895839 2.992261531270751 0.8988450471882508
2.256811831749973 0.6412425318711712 5.452003130354828 0.8105283394872057
6.870697048458319 6.106398190321491 2.82121942873144 1.136415126253754
6.278649619050713 7.794059690691376 2.422923399369893 0.806853354715524
3.301458623862918 4.524132441367943 0.2359481698096488 1.09090521327913
1.879951949955989 7.669044833517862 7.807429211223524 0.9689654509975356
1.035445772302771 0.5797494309574869 0.8026107397661741 0.7521859158963146
6.405493348099438 5.415518170174917 3.659549595375563 0.8329417529940719
4.683484300504176 3.021435769229634 3.400807266847751 0.9192457238911477
0.5207991424431858 0.8941420861620664 7.168690029826466 1.05210041595412
0.0718906797286345 1.798030027482586 1.437769672926358 1.048281057610977
0.2824366987599602 9.079922717071916 5.006751521746503 1.59323655212612
5.497897344884524 5.240653117996684 4.114643319961798 1.020199227580348
0.1417755272329801 7.935444855369157 6.109483904686808 1.474049106277511
8.286441237390898 9.402284100813583 1.16132161379035 1.380428343544997
9.584980652907594 0.5453820326106384 9.242595701507819 1.485677670024973
8.742129332458742 2.811553037770564 6.061451478630417 0.747447282968617
6.911829173604676 9.479256671975968 2.869894982336337 1.11688462774832
0.8766562827294923 2.495292280060843 6.236136506837529 1.098354025033972
4.231556879854048 2.937923269332035 8.538320587649864 1.311868385216685
9.866141596678185 3.403074049131465 8.908906938829309 1.012708066293325
0.03302099748528797 2.312619137772355 7.437899144351615 0.961394589040638
2.267922547446983 5.923875361098445 4.928204110323198 0.9313070284217734
2.409450480243954 5.612153651245054 3.605351859999948 0.7728514102999846
1.87609339322543 2.428218921023587 6.890207269053751 1.105410462861601
2.229385027303693 1.94901468347341 1.850664028495995 1.156920490687124
3.350144511685167 9.177211454064562 9.795583378849022 0.8109042894093828
6.793940166698783 4.527098061567787 7.5028976745592 1.065518777753632
5.57970573266012 0.9700108975809296 9.307628584876246 0.7357764698301347
1.480936418853793 5.536162762609561 3.144335040785463 0.8513402721080625
1.335930975512308 9.236761660996667 3.996807897595573 1.218879157526529
1.341367690032349 6.685401043253224 9.839020656168394 0.7850289468876407
4.185077966149096 4.944290057055691 1.470861344104051 1.030783787681142
6.248304818740631 7.603226773730568 1.411018391533678 0.7706103570145713
2.760359870712397 1.420151962378479 0.8787661360134069 1.237411777170109
4.762965327961132 4.593840804339821 2.136377903667185 0.8049714992184437
8.424344328908223 5.970240149441278 6.023295891475849 1.49936082019671
4.661444453193716 9.924416059343642 1.905164527354947 0.9704256365051208
3.637799118911159 1.358272444195487 3.531946402565575 1.329276805270752
1.061694653739727 0.8634241877347126 9.010351708415135 0.7698640565207479
0.7843723740202581 1.439948427625647 0.7642891823615749 0.9098903586065578
2.966484026592067 7.459759997097521 4.134696656598585 1.106730006389646
8.182905889654341 7.721273085033974 3.075193604672108 0.8184085536359681
9.539099959460069 1.486311361749597 4.245987534929059 0.7326914339765571
1.581510825021569 1.419477658494017 8.602671730906382 0.7265622473920635
3.753312158130385 0.8953608032099458 9.372550007706185 0.853706491520361
5.150071623274042 5.716335375726799 1.752601483972097 1.429895123034735
5.889708966979524 3.697398718499866 8.961607085692588 0.8049665312390367
9.15239360823583 6.874888652284195 8.319911279550739 0.7684384558202393
1.85744142532445 7.512119823667224 5.259142390812713 0.7607105894429426
6.652591726220805 3.988782741260193 1.753150685027556 0.7220273837536715
3.917525228540285 7.660169529934469 5.641647728429724 0.9319563838632938
2.702747070382543 0.2179499291894338 0.8565845350355283 0.9066274717002815
2.65441319198273 6.418674374955263 0.8552888004477199 0.7329250465259312
1.659940314663604 5.597473351033742 9.373134462165529 1.598463743112944
4.683150145978473 5.397307120882974 4.643460244077466 0.8437896936084296
3.35039359300065 2.56376446675347 4.773113104398498 0.7279602823117818
7.030039508391678 8.607023075305106 0.003838467397917489 0.772587749735637
5.050216296751129 0.4411707916341878 1.184168028670725 0.9322072772639396
6.229359541658626 3.813418550479985 5.140582714865133 1.044211746451752
9.095382594047825 2.898581760549037 2.56953081186164 0.8831218406827012
6.373504610063319 3.528861533376675 7.546182343644534 1.042898580659462
5.300926561021731 4.582970755819443 0.2599850703313666 0.872578823681688
8.516409884762325 0.01952515102134012 6.986524468025334 0.8291562465215114
3.226198357200621 4.27158701095987 2.672158999365571 0.8338229502356712
2.356630589313644 8.356393844746833 5.279064362220684 0.7546766783418255
8.860554882040658 8.51791945719313 2.960028751615146 1.042323503431107
3.509030015960155 3.531190958024555 6.571703445788078 1.392055789087888
9.580739581849487 0.8258910667215402 6.762169037133544 0.8943881262636652
3.279450265233454 3.413353434707068 8.507648686050119 0.7760414424215004
2.81502147197887 4.315439560786283 3.828044261892053 0.7231279327005115
1.517136062432767 2.780619397907889 3.155122412521231 1.188773488436644
6.350292082295144 7.230281486132856 5.635551210504775 1.224467850167882
0.9803515561173882 3.515547360929794 9.609507198487357 1.457193242554009
0.35152649875271 5.451145205070532 9.545692559926888 0.9913012275406248
1.59417208417213 0.4317323903778669 3.21380437041302 1.537539262338068
3.968720529533279 4.456211926938707 3.369764111019289 1.116241357542313
6.067216984745857 7.877591194585066 4.627519323890181 0.7616737086601432
8.233385712104367 9.401685499823142 5.155910394249008 0.9539222377056243
1.82263672488855 3.529352692650409 4.967526993499671 0.9018560265812992
0.8367924158153428 4.677504404205343 9.345511079079863 0.8165197661427027
8.049689826908589 6.590707327030445 3.264818216868515 1.346406548370471
0.001505364040911283 0.3046247304914252 4.896718348106838 0.8783378820708575
8.846016148952636 4.205202838964615 8.693140944569373 1.312254079394297
1.808486146125542 2.843273962082082 2.167979786219794 0.779104264703216
2.556941363838184 1.893541040917671 8.085124270261812 1.153614776064363
5.049875570747646 3.412792391365449 4.613423406548762 1.393721808387277
1.602125946967722 6.210209229236494 0.5636562387938249 0.9268522986994389
4.150829631150727 4.322239233792333 4.491071891471039 0.9832825542868017
3.988703728091682 5.805567545976349 7.843112052366529 1.13488767779866
3.681958140094979 9.946642382288331 9.471169672822747 0.9544666408417801
6.550202011650075 1.450117187165009 6.630862827202049 0.7589110520426315
5.777083473444399 6.714035620463158 0.9698619110178863 1.341081958657279
1.881164174665069 0.7232725912783 1.012789400839581 0.8455863248472385
5.282785796250703 1.684085682045936 5.833670664355488 1.038507743457616
2.751376461281712 4.100465145471922 8.792759623778528 0.8976899174189101
7.981843656462884 0.9233567044787506 2.734360534125474 0.8251554826851238
1.514914117552038 7.714561656236096 1.498220257071979 0.7794972934240972
2.790373232903125 3.306478592225972 4.590624525610258 1.131740415659008
5.493608699004259 3.243518333086235 5.857373326415403 1.182299760130774
0.4607283542863461 9.90518783489135 2.299867235227128 1.31087649144468
6.211331564752696 4.059880242882688 0.7781085126357179 1.366117537639922
3.291529875253467 3.786146115893503 3.311188532020507 0.7483950895386453
8.709007693678746 4.217026160783186 5.27004399316137 0.8525707178288493
2.687378614153256 1.640560946935755 4.148322107412528 0.7928339950096572
8.686175864523612 2.891987649553666 8.537355299257788 1.282207388219764
3.481491391239799 6.352293291453392 9.503188795758389 0.7508553467413687
3.315023638598059 9.282690755279969 3.612186016185207 1.071383325418966
2.521931970861154 3.898391122984666 5.74364713107506 1.239479286099709
8.382970057727114 0.5145272405986656 0.9318793401358449 0.7384521095009451
9.813343913008355 6.508623381438924 7.868657631484481 0.9430045600173758
6.315144300087199 0.2438661869331415 9.145593595178719 0.7612604026616205
1.397974164300895 3.317731843711339 6.655154766765878 0.8728009172389593
9.313092272568039 8.500313767061513 9.079378191641791 1.116001961034134
4.3963152853362 8.788418851430874 1.980388963071882 1.07993888939647
0.264857405653981 2.277858661475201 2.67138562876326 1.501478099738845
7.660054255757847 8.674565739708536 3.483995350406433 1.17726080517327
6.240382174106854 3.490675810167336 4.033993955851347 1.210038437385772
8.312719640552627 6.99161528899215 0.2041410230107465 0.98477863170819
9.087825728628829 9.465437246815968 9.282929420681876 0.7904715873348168
5.355727032166244 6.167810418849988 6.073602527290531 1.420858891570372
9.813560553420899 4.633029577812177 4.640303737191624 1.542125781091749
3.802908402131511 5.72760440285681 0.4674637091906286 1.498297153056672
8.256887297817139 9.670666663149261 2.725070369125076 1.533203265162637
5.409028496596822 6.418260491699914 9.996531542919238 0.7824520441917605
4.452084685082131 2.748501411985321 6.89874385666496 0.9345810649258923
6.86202576048292 3.909357244617685 6.631875737728854 1.001228048861509
0.5643229395389104 1.354044448326259 5.302179778967357 0.884401291697384
3.491588625114083 3.387092386476684 5.381831388398257 0.7828934778713676
5.041520537223966 4.403382289113661 3.977612840418694 0.8460605988547297
2.642629216143798 2.976249978732806 1.850709374114232 0.834089005195416
8.973086899869132 5.085984920753313 5.451640690570544 0.8118600494572453
0.1372004459508414 7.866172856764818 7.538699111812477 0.9330113935669755
6.021920973267532 9.969465737557044 4.8454351776074 0.7897565306280582
1.266653613601421 7.497723193975606 6.318361968685967 0.8708354528704348
3.041745147465142 8.237001751570796 9.368075308874577 1.291473005970602
5.809797786874626 9.678370442421228 3.31287004249197 0.7505384182934437
1.946469554975259 4.720475544016886 3.599193591487251 1.185306527902727
8.993393084301786 2.854906929724241 0.4746568243585759 0.8534767915037
1.571799485617153 3.968692668797221 6.076801099435349 0.7372240119031005
9.349106600114506 9.971768914201258 6.726007926374296 0.8023453548680433
2.69346610362037 5.087715495068518 6.984143480447768 0.7539360060927763
4.540425059927949 1.310816886834393 9.886916925549333 0.8052118844482592
4.292677655068768 4.021048298913414 5.568425867346424 1.225062341465252
1.193874973486444 7.217883965577515 8.226523001097929 0.7375776682362232
4.056623816314928 4.047315675767283 2.395218642473104 0.8896212414763526
5.038440306499585 3.807752691303134 9.039127926619255 0.783087047401796
3.916006491554855 7.401068094431499 4.695345576253151 0.9645525122303731
9.759437149742418 3.42566869505454 4.626982471398268 0.8170376168556521
3.598909681079813 9.635347329132696 0.6366754844040279 1.015067596691896
3.927191417150892 3.308389191256714 4.6684047151738 0.7995656512234864
7.935536987310915 0.4793883105792862 3.767360447404314 0.955542765169383
7.084304760376586 5.622626451690187 9.949060553327042 1.066285391059786
3.938129995681487 1.125146316185045 8.570128139649366 0.7593494283492678
9.518938911278852 9.347027186552852 2.673804033936339 0.9229829195754782
6.065272744123415 6.387366339309136 7.354232688366786 1.435719599804129
1.867805924797522 5.047730032275089 6.224354692561707 1.432103344300655
3.149776021246968 3.326391336166973 9.616991310387208 1.428310545088657
2.045596721812778 6.3979852389855 3.047412507286388 1.179353809656613
5.281840981802102 1.65327958433783 0.2861311043532433 0.7272970124484233
1.437079288831066 5.350090548867378 1.451591535061362 0.8381981447082292
5.178333289835924 1.312949085479597 7.789304699126474 1.193133622850851
0.5731898639397283 3.553129420092664 5.479898335688111 1.515440283778223
5.671799327057882 1.685194876764854 6.872651300829304 0.9555543460586939
8.355650369930311 8.88943724803959 9.217531009696904 0.9123094048656382
2.489430663362528 0.5765398989652637 2.006858951641825 1.42610961201604
4.999664590489835 3.815205612303704 2.057535995296562 0.7517790484087314
8.034004371427921 6.73746792214486 4.727930300719392 1.48251724959896
1.5931863549201 5.820318905079562 4.109312662020137 1.116806526557653
8.151185331198327 1.043939365615898 5.835616518568598 0.9987014514023964
3.740404617021391 4.66477946630012 7.353610646839603 1.304567901056955
2.560861220365413 8.91904198919794 0.01760268671319731 0.7427734226850694
2.689285535731037 4.997586362378342 5.277464567485061 1.02016797591861
2.104895638647597 7.46696061819738 6.907886655342947 0.7985862504799652
6.438653876344283 7.877609398220837 8.779730609985016 0.8587464035820491
1.657870749067207 3.206286522150864 7.518545209387347 0.8388979543089924
2.536053438217586 1.294871150928913 3.382617046272049 0.8124992176801208
9.532977516781518 8.129592168243715 1.468704830116245 0.758587225287377
1.253076407143602 9.164142502809558 8.794894756505238 1.310600265562093
4.200399039663202 9.310401882155993 0.008783422417292241 0.8053549348793805
7.163430376851383 5.115666539674459 1.066823768756685 1.354099896948979
6.879624622750325 6.506529563749829 9.472292222298243 0.7555690809810657
9.56790091017049 5.811471176769444 6.96560709979881 1.319133634334111
5.137175712271326 5.247954810476761 7.378551938763052 1.453477664712992
0.6696829419381323 5.122337367057369 1.653347239196087 0.7840520759475031
9.838762546818854 3.171433664454388 0.07782441481950286 1.015628509350684
7.200919492631249 9.570052699547116 7.826894467792438 1.075645906351815
8.453577900248698 7.777282573547376 8.336191286260638 1.470342650184917
4.999761158187408 6.003600649692702 0.6130943612288908 0.8414652633862413
2.322376191560496 6.9450300306551 4.821913643767472 0.7977298226396423
4.746385192621688 1.325293480333151 0.9241479660354956 0.9333968097247257
6.836953870069246 5.785202700377881 8.95386787127979 0.8539809551226912
0.1322614411038558 1.614122061048926 6.377142228267735 1.141648824121652
8.920933937727462 6.960168476175568 9.296514650121031 1.058022121315541
5.346102235662478 8.96280530673509 8.801118908730823 0.7297369542479242
8.092707507581531 5.651928935225331 4.179230930793202 0.7710977887271507
7.849308525975421 4.759304528275542 5.465608155274456 1.011945717087156
6.880204944074555 7.208888147706324 0.9831990173685835 0.79369126649272
1.124681017062752 8.461819544687655 2.702379134255365 0.7221730712075846
3.31386566499054 6.431139862514288 1.342527714084895 0.7430308704245815
3.634948836749846 1.894741516717954 7.305728412796233 0.8842898210607067
9.918247585021845 5.017533655093502 2.233722590192063 1.033040375184452
7.483234439654912 7.739470203453999 0.1958903508892862 1.057859809129141
6.157655466224552 3.381295656375745 6.674576613039351 0.723109951053342
4.449638199412823 2.155242082541663 7.697342416368021 0.95670055135174
3.174052372572066 1.409507387792711 8.822885628359343 0.8497271065637431
2.716117791823621 0.4518852324722401 4.286485020215316 1.496556192707677
6.542486571818914 5.973771190219204 1.505819066916125 0.8450588745507841
0.8744167981663076 7.752524570112673 3.067981548596867 0.8011541648673994
8.528412392361268 2.457893779158479 1.264174023618831 0.7255699346455434
7.195405994350557 3.673330439099831 5.193294821512799 0.7338207055516717
9.329425638391553 0.009262484389652714 0.556880035721421 1.267791567814083
7.724332604711219 1.402522733623435 8.342803402845608 1.169324524508833
9.593594355648461 5.190043079900573 8.717937438705865 1.083689158654871
9.15561726414475 7.055564925724875 0.6612097208346047 0.889093391211041
8.090144334211036 5.362488847178288 1.767396082080136 0.918301821407101
0.7293387225305203 9.094887099396017 3.088277882047594 0.9258705686989031
2.152503166348989 7.601018430660707 8.965065589029491 1.001625745812215
5.306637245218051 4.831608156831681 6.324961946287257 0.7678584141892023
5.93309310793044 1.528097552858844 4.894216598968817 1.017806204240133
4.368898650241213 6.290428051313604 8.711083528905579 0.8319812710238558
6.714059045085223 5.901883130175712 8.145095329457012 0.7373289827786204
2.093636752030562 6.583556669894444 6.021653906377184 1.559278786526472
5.311671674001006 3.298696338499401 1.450049225862242 0.8597459835071729
7.282022018793707 2.563049094564828 6.110791898803728 0.7724808005230426
3.885163717874291 5.468465532979845 3.512165907454542 0.8931651941313514
6.054523014951227 5.364703018397971 2.749422977036881 0.9898126054952811
9.085319228001818 8.322043252452877 7.063001297990286 1.425477794074715
7.249179268176142 7.478498202506763 8.513310464334806 0.8177738712180377
6.878086407291281 6.596477442426319 4.946451212646365 0.817954126358187
6.780487143704642 6.059287645753533 0.7346213234610743 0.7411122893456144
5.699913940377845 8.413390500626562 7.311465501073782 0.8957099863248151
3.933034414828218 8.015059948550057 1.320309991508973 1.081386360501081
0.02544698325005146 4.913916370307999 1.226181573828924 0.7808643203150109
5.251517884255607 2.422311901515822 6.535631212460028 0.7830580128392532
5.416778058825678 3.713806724415455 7.607567367614004 0.7443418150753187
5.692004489685512 2.699645052972642 0.4467589618135304 1.495980795636111
6.854692600810782 7.356470209777179 9.422035449842332 0.8887215642346276
9.175489445841389 6.658037166168183 5.320578705841413 0.876965304021143
6.576155121108527 0.1515533126844082 0.7254945630592025 0.9791633151468246
0.9897133634323207 7.237499938239043 5.418830396142376 1.011627166030831
7.557607908824163 5.659566505785564 8.345755219464621 0.9866793681940177
7.701313168173958 3.43287576500449 0.8358406237462801 0.7713712239722605
4.498815732031952 3.194294666892003 9.801647550665519 1.257458181136467
9.567302247850858 6.290283554790959 1.083080776811642 0.9087507618630065
6.502534191815302 9.405859441266955 1.714780430595494 0.9899126667349611
8.512679770913426 7.993332164087508 1.000580383815507 1.441982498872106
7.280723738344161 0.8840918839080759 7.393013646999393 1.11207283520958
9.519371635071138 1.150779478055209 3.270887246447607 1.194245729549694
1.15798156571734 0.03896720302895674 1.423082144654967 0.8344731001774387
9.174093175782192 1.93169833672011 0.7898777017221693 1.063302768781747
7.485683475056958 9.6677012888089 3.623747274777118 0.7764983736141403
7.547796028946172 1.089456082013013 4.546694646512672 0.8388233881962982
2.936429634520986 1.649236128242839 2.695589230452956 0.8369260492277015
6.40008201861936 9.062958424979085 7.328224824411667 0.9573126113272672
9.627498094123016 8.267656706479539 8.147865966875772 0.7638415974003131
3.525410053362513 1.513590211275434 6.10776797998976 0.9878641502304077
8.434050891319938 4.71728479279281 4.427042349860034 1.131108978359521
8.822862888152981 6.023484767936706 0.322079910382097 1.098291099631954
4.179545724474152 2.40900607414004 4.179084830216738 1.264168495286625
6.228407722911938 0.7118135460350583 8.069001928892201 0.9865726878120018
2.465535453643461 4.589721798652507 9.447363792018606 0.7985750036703838
6.790755971163144 1.641465223607528 4.206083647051523 1.090482081678454
7.331322139613545 6.115374342020607 6.637775533018652 0.9674660285589713
6.089402432437868 6.92361523637337 9.640384742073797 0.7990541544734533
2.154449012325576 2.355541216896226 0.7162245386712296 0.936183878068811
7.699768311021869 1.655699329541224 9.296966425102614 0.7684366143589276
3.902336366545319 3.583658053704623 7.645850930701651 0.842223521767271
7.279929354943314 3.992395509347419 1.219098457508603 0.7413622162922068
3.644412964361937 1.954776942082579 8.239362891046158 0.9255165613992156
5.184644005129731 4.531901380334073 1.288307466719084 1.00220671840146
1.528760363380149 1.350610322305273 9.44591458181727 0.7824804183401112
6.288419066635961 4.716014802353294 9.483419736003116 1.466466411815118
7.376697949110858 2.523627872263847 8.796604963470759 1.235259655597222
2.420933586752413 8.499019407037354 7.138376554700918 1.345787792425221
4.947979238799185 9.362782014389811 2.733819554126129 1.075025514437846
4.382750601717897 6.310282203516813 9.513387624753104 0.742530069021881
5.306345324475145 3.700130075509524 3.596786999562006 0.7347716756548572
8.000866676779264 9.948130466409889 6.093409420305646 1.185075952554884
9.891786221335671 1.991093193862172 3.797547271368711 0.7343558744541335
7.476333836268139 6.600686605180404 0.008438079676448274 0.7779533200990006
0.9728310602158763 7.762817881134954 7.721804641467611 0.7445453784860063
7.343952693483218 5.926796302058607 1.78003872495137 0.7385335148090751
2.654133010103191 3.003929998609354 3.385834365857866 0.9504140863461648
6.778188699188454 5.073377983433877 8.361864847869208 0.9310105045883758
4.867878618850076 5.175916815717682 0.7169614525459533 0.7480836310435219
8.244564678198891 9.960902040059638 9.799932308054119 1.337068209836175
7.412507499181367 0.09378918102316725 4.486081347417928 0.8902553108887576
6.856690759164426 8.696769807488334 2.268893253875097 0.7925341810569601
4.080347403345688 8.364879195958988 4.970945672538588 0.9336940347732995
7.106662101895643 3.008832027542359 7.900211715756498 0.8146497978386387
3.365234231501474 0.2771860824400652 5.701990842434713 1.534083309706317
9.062035143085597 3.738138124886248 0.4280025999625093 0.8232179787361957
7.448386416545127 7.562903741888011 3.770502348752857 1.063857321906727
1.39183415881683 9.372185969691301 5.460103546121884 0.8262952262316376
2.245334400461823 9.227551278208509 4.824551072532573 1.165060855071018
1.124847109725878 5.951086732513266 2.235272224324387 1.175863939942335
3.937151927027658 5.85635599343779 1.718534968654354 0.8231672434497705
2.302001292259628 1.26973597074432 9.045732240280708 0.8711232920184251
2.70227106864853 1.256504670772016 5.803925363722181 0.801330226122296
5.915780679563016 5.061745601178735 5.302375263571329 1.281254572032434
1.228284272791796 3.146676158804053 4.167491422884966 0.9736492088109898
8.451501780701737 1.138101923208095 9.1498064315079 0.9979082715122611
5.963171924530518 4.470460643680284 3.358398351883122 1.141968466680298
0.5973236934700799 3.219866355548835 3.309737637433454 0.7845222642829803
5.410230137986785 0.5740822539524959 8.578575911779504 0.9038370010492995
2.299165176727882 9.325813748977975 6.462472326737981 0.7400545305133107
8.645899152898403 1.247073473615019 4.036365283780017 1.099000766577658
3.166727356882606 8.001143088667042 3.253139386268852 0.9129435624674098
9.042580495149943 3.269282842290772 3.485218575049027 0.9794962456692736
0.6632484604191424 5.936545901102124 1.183367591021856 0.9849111525805789
0.193373768374262 2.279103802163183 5.427080873407205 1.01965391111049
9.595956776861797 3.55411551278024 7.66425787635316 1.493744631325611
4.871145542831005 1.589371074658075 4.730090767089373 1.07872572152529
5.440081340886469 0.3410324144419774 7.670090499970484 0.7808963496578266
4.925242719246611 9.749172362571029 8.243095601628074 1.029471686528212
4.495672375431738 0.4858621346521041 2.995322350259183 1.292287044053042
9.32942079869864 0.2165147882632756 2.941074951562158 0.7694522620014219
4.149896387324972 8.970072041092145 8.885132703032466 1.466177188353461
8.323488685016883 6.418809780318512 8.456357902095158 1.037305166559899
3.617797554309806 3.059696050771092 1.3600335905853 0.9119676920083232
3.901438288337105 4.873328181658845 8.392715475525932 0.7889221414953319
1.995798666126324 8.622401165392862 9.468961789461575 0.824264286805966
6.602812439844329 2.515641598352321 1.288087254886916 0.8404679635489931
0.4836395114620096 7.639833113360955 1.562981133148449 0.9270134241088537
7.002292893125179 0.9400346101563872 0.4912462344365909 0.7638536797818046
7.750832976792341 6.067379769264162 0.6509084243221575 0.9260289392368326
8.118291391407114 9.151706865767803 7.31204159717994 1.123848414268918
5.417391775966325 7.000405966951461 2.200567822126537 1.24012565055168
6.058559860116342 9.10776674883776 0.6076817932402434 1.296374450055608
6.102469096523896 1.144124215059512 5.781371148754923 0.8954948405122533
