4.191864700238442 7.418188603574821 3.235423513557251 0.9279470332404625
0.9976210648707918 0.3580585677762327 0.8823333308707572 1.300793410803268
3.305156038271403 4.165431927603003 8.217975179924489 0.7315270175759813
4.601488491707061 0.9131985166090318 5.587465975669109 1.284032400679296
8.769447315810311 2.532763024137614 9.217948413709637 1.074766371843457
3.935786673041369 2.419950031889938 2.349502189942751 0.8871939668453428
3.355311253277343 7.387620805368884 2.700971624708826 1.004444484797146
8.162877478418761 3.392949630077146 5.205559306663088 0.7632118880861363
2.500481642746523 4.739570336370091 4.675107979731406 0.9143375172382213
1.77443218752505 1.696554940076861 7.356932232146962 0.9730972480058869
0.6503641556646089 9.084525317295954 9.198154345227861 1.34649240376754
0.5774579362867817 8.492268054820098 2.77740263551637 1.494231661631962
0.2483278021052027 9.820178534781631 5.480392557870728 0.743051425475645
2.470542408540216 1.515431217863893 0.3950921323777446 0.876815634655036
6.855017894340951 8.580424474296331 4.882615386550046 0.9867167772204085
2.052097747142079 2.592231184618562 6.742980273610101 0.797715917747056
0.289204279530515 2.483727089571822 0.02446103523438992 0.7775300789319518
1.199044829154988 6.320192601490848 5.47863856836354 1.221191042207794
0.5404849227001386 3.073767005407114 3.586316576015411 0.7793723825127478
7.924137463023403 1.760804992703775 9.064117178415303 1.029454886776832
9.766885475996146 2.572920224960944 9.370791722124059 0.8702450018878559
6.117403783832784 2.433150983082174 3.750124522848631 0.7872693669116738
0.1888007071232179 5.699951145505002 0.8809924716967055 0.7955645969219034
9.967778859515999 7.700899583286018 3.583543400139815 0.958540255529832
0.6311240093054383 3.635866877582469 2.783491817440052 1.07119654233356
7.909909252136242 6.016083979980269 9.56904331503606 0.7767552541977203
0.5365140197581743 0.5843201907983643 2.031949901463213 1.175473102597969
7.769221691932783 3.334966884693841 7.96280697930647 1.145980309015196
8.711884246576121 3.598110265799425 6.728704416631977 1.051337380431185
8.739023883146661 9.726396848176286 1.925386564159718 0.7982508878676309
3.866344317614001 3.553039359482332 2.523653200225041 1.250249449413015
6.928178542442808 6.055837428197125 4.907913492384805 1.308185948497178
5.236612202313372 6.951096424686638 6.9101500992421 0.8359425453943973
7.069453807094543 0.3478510952137748 9.511609087914843 0.8391459772717901
9.601765756625415 7.091231066191143 1.311851296859782 1.231508911853785
4.922322061432306 4.532492389548737 8.658180238242862 1.20844439578462
2.969121892340123 5.543908344074339 4.8948544071268 0.9016380782794167
3.883499819054693 6.341439265498074 3.179697634858015 1.26748671593593
9.361637563060885 1.756201568684702 3.091329614341164 1.043838634506778
8.490690455811407 0.3954608219111589 7.501825152202973 1.03083942710132
5.455986375742421 8.906779681084718 8.721211036694594 0.798390453048067
6.117000704531405 6.928815346892403 4.751261462062562 1.023750157347675
2.737190011732632 4.310600114859644 3.776975824824524 1.027075310931885
8.570884918623095 5.985741738492838 3.916279951716438 1.262667450735894
7.775337841608257 1.827587040596347 2.034287685113289 0.8706355189720324
0.3723916347428658 8.625289827518266 0.2829256975655192 0.9212059014748452
3.951853135072916 0.6815505605499017 3.3987900663734 0.7462177027070425
6.649222911437867 2.982175079941275 5.213272791311876 0.9105144289883127
6.440827955521599 1.768115501493302 0.3979234264155918 0.7943207013984495
9.681830480265981 0.6807948771241934 5.074326763688847 1.312993379677168
8.873638637232636 1.460318644891848 5.474222487000281 0.8232887882265495
6.156596750112744 2.909102482032046 9.299917283545739 0.7840144603893303
8.881767299510827 2.512481367044501 5.145998580182722 1.233759849823229
7.176936880544813 2.261951438347674 2.495813010602015 0.7478611956270875
9.882349499863846 1.220445651901995 8.330853292159123 0.8867369095315726
3.854956880408578 4.766583503484013 8.297938015346082 0.8448729540602015
8.516892548880866 7.04501732538213 4.102951520392737 0.7417584565819317
7.87028870572705 0.2190640813752765 9.824834124293924 0.8294901121549444
8.342829111220455 8.055022174698275 8.856801088038798 0.8705717915975933
2.094203478721054 0.722180322496584 3.319794998679744 1.034409513679733
0.2503977732040009 5.812509280669492 5.290929740210538 0.810772621198298
0.3376717166638366 0.08692331085351281 3.030361583343041 0.9727408782042745
1.729296475102341 8.569813456218506 5.610978038785042 0.8675765946230092
7.255024555793197 9.593509281516262 5.065275021993509 0.8425980657840709
6.441314984582148 7.792358776824294 8.441569001106309 0.7841924131700881
6.187655197889011 6.952947134628737 5.741366181397867 0.905687152432078
8.143462999382056 9.391498944412159 1.483531521533225 0.7428320159022757
6.928220104918524 7.050054927750813 9.015977102421601 0.7603317669333415
2.406320726900636 9.503740722835273 9.372939880303853 0.7379835623501504
5.491462679530215 6.345868968128201 1.339518369887829 1.46693599786306
4.625964022955833 2.741015489513016 2.767730844334771 0.7991359611852713
0.1945783584719219 3.69913163138427 0.4322235385066509 0.7611032917836879
7.32933791908304 9.312669289688895 3.966271215833394 1.210006622773367
5.22216695127294 7.918617713842547 2.948614807702143 1.300515675153047
3.732838089943919 0.9251643421123624 4.79060775884206 0.9610984071330028
7.693983319248545 3.647936825018864 1.790835467929514 1.186239076662604
3.335822956498309 0.07045386077465855 8.556242448192977 1.037761540892724
2.440474002353805 7.679259729822255 3.39136390187973 1.240897611725321
1.024251430651494 5.462151758584471 1.426325974640946 1.089872583098184
2.624780383075014 9.984227738279341 1.69185145608564 0.7595276799945506
2.592126579403613 0.1780565734818574 3.872943723590251 0.7292964906459111
5.641247681710095 0.9748349853513417 5.205297437088685 0.8568594919114515
3.445470370200013 3.878126117070352 0.6483797773896449 0.7699348592025973
9.758482254430987 5.511987758471214 9.793064337218757 1.476111113943287
7.73014625222629 7.510093465651773 4.092294669776377 0.7553444944762896
5.506172311566234 4.55831126239422 5.317824947748625 1.288107919725169
0.2894379114062396 6.707133928397481 3.164940319036349 1.085511864515318
7.207533763942946 7.397996582402589 5.160301422965385 1.392844015339649
7.35071195062179 2.548513660484007 5.630547427502811 0.7760120308176309
5.285699603745734 9.385722197841575 4.463904227915 1.034339619687186
2.945146800042413 3.968907622964029 2.836983114159573 0.8028066493981268
4.097243909018115 4.104901706286768 1.393308528500707 1.014724692500366
3.28827979057618 1.657907541788252 1.923943909240206 1.217499827041516
2.072976940033588 4.615594258937465 8.979064064992805 1.619213875165979
4.979273214234508 6.667918802876128 3.411514089600864 0.9992256040242826
2.431507240758245 6.130659842743316 4.453620108811085 0.7974207991467237
4.180169820555008 1.500556462175026 3.018090137781363 0.9503176870259346
9.947132800400889 3.951571484129344 3.670045708053831 1.188089367192679
3.130536598140066 8.072750429163534 4.490307340405626 0.9376734030532072
5.347495988938783 0.4001172729514125 9.111524008954483 0.9320113701133319
7.424483164790742 8.058720495755363 0.7594793464311601 0.8262166274231688
5.122154758489864 5.771538663568862 0.200440621611081 1.120260225585521
5.738994012083168 1.454798626746602 8.837865604952588 0.9984052466875539
1.545757850784236 7.728017317877396 2.852953695577046 0.7702012399526388
7.170983699022949 0.2899982409062896 3.564108631142644 0.8493757231401505
0.1068577461823295 3.019043257678605 5.906697871008284 0.7947885709839161
2.53391919087949 0.0639648493763656 0.1855128935559292 0.8858043196723836
9.172787387163984 7.571459269367298 8.022873047437137 1.513100649115886
5.472542014843648 8.165197157407615 3.986993529593752 0.8459870473704604
7.196069473152505 8.830836325250866 1.182946670784091 0.9174018393667959
6.513249059476029 0.8932800092358252 1.017209245921912 1.193750446851367
7.281870286313738 0.6160730203297927 5.249067227105287 0.7790480654677555
2.480306702693589 1.545248601015571 9.466629876963081 0.8610077937069329
4.797544592630906 5.511792165845655 3.468021152499073 1.174443515114406
6.885513180246337 1.075217349019294 3.328942577644641 0.8313284371102703
4.906951245935067 7.317670277475847 1.160764613346267 0.7490122953841909
6.745926096590889 1.776323246620358 9.144699604882463 1.106911221121602
9.936318693679963 5.846940595404388 2.624501602318031 0.8695665918325902
2.957663427458822 2.517923442191685 9.973862088231389 1.465509199877194
7.761990895134133 9.616334125389439 2.667339377716429 1.536795839028588
9.346875793952721 8.557745766010818 2.483661157975979 0.9746861483247711
7.079397077921022 5.331220141848047 6.566163912827499 1.256995957201092
7.40806142631329 8.994060298222305 7.264973712415666 0.8574604497498615
6.834796590233609 3.613021611987207 9.644363040422142 1.202951029527928
5.252726249411255 4.613001826065145 9.927555923521798 1.210650542129649
8.795231744907538 6.384041376136141 8.012792943765003 0.9059116155449741
5.087145610739399 6.655130838100126 4.55906051560263 1.07595610217988
2.020590813242222 0.7517029870288262 7.524435532175275 0.9526925999575877
0.102671209453562 9.057166869898115 5.879811546121189 0.9303741189743175
0.6243207997896661 8.29568120842954 4.317598608593631 1.249430842273392
2.160480936555544 2.425132297902139 8.987405588482968 1.031038452976333
8.36102474103002 4.476655134616951 9.659337803193178 0.9957114517567904
6.699304612379521 7.412653337947187 6.221729778058824 0.7437484425694357
4.383080201025885 2.407920859993701 6.89078670485823 0.8242861990033338
2.650455801779312 5.611790084003053 8.201504409199654 0.7412968720007379
4.839989967634257 2.036013813867183 8.9689054381237 1.095923520148497
4.093047328912923 6.224053323558581 9.314959398355546 1.390070937997366
2.606817654209449 6.87737441582578 6.795243814972219 0.7766695080016365
4.165601148485182 3.500058222342827 0.7184404268503842 0.7521903320466915
9.791597407700689 5.083206032066292 6.448115016262476 0.7725722808016177
7.314145570736649 1.191976886790811 6.585313860556124 0.7868597985187548
0.877787481717245 2.523054771344602 9.067035039597386 1.336536651481558
1.162674942420374 2.945450959094933 1.930690460712199 1.231280300566956
2.627290876115531 3.465548561888397 0.7322086665058637 0.8031273542853856
6.895414340811929 9.312211038881143 0.4703935511647528 0.7908637617833645
7.372416083530378 9.502515286453768 9.620648620654732 0.7850663044338122
4.08693841819034 5.105383328603107 9.073967211098832 0.7449980684923573
8.013632207200164 9.516919406110173 4.712343427296108 0.7969808823544534
0.3030139752044692 4.837478198742994 1.754783910633472 0.7341430384326714
1.497147718933725 6.615563917218494 2.909245217427191 1.310328151333503
0.9412311117672835 2.334475733165248 1.068952282426427 0.86085811840313
5.337356020952866 0.1869573239088463 0.5940289755692774 1.426404214490964
1.133388477570058 0.9914341602949872 7.132716027284823 0.9462928074659844
2.366811758113631 7.872221684800263 6.854687379694643 0.7995145943936912
5.550890732435242 3.385032471722214 3.785980617593619 1.236361940398863
1.739109572799923 4.592700609263989 4.080488344002148 0.9548540439906008
7.487056887407682 3.407839900139483 3.644464002909951 1.066963513731534
3.955748383582614 5.609072089408539 5.007765637773859 1.039354153081808
9.23265760039761 0.7227005777152906 6.466235406427526 1.555666064109995
1.947858969080111 0.00183159894485363 7.988202478842919 0.7727719847919875
4.625705423147901 8.294308571723981 1.544848950445781 1.230839834560363
7.138913200867333 3.998031534304856 2.759395618183625 1.081008869637559
3.979046735387038 6.147687805701237 0.961308472026794 1.568783000525811
0.7878092752926592 4.066146525335032 8.197923277818328 0.8294622909447645
2.503815594521904 7.263919691227088 8.758864251283139 0.9388864514814501
9.058003506223971 1.328119828950569 7.691998793101289 1.099337381086587
4.519413426411074 2.824608585021823 8.21527564321871 0.9135695404942222
6.568320560769718 6.076035140419386 7.808267169441553 0.8163106958916811
0.9842630419684629 5.71953691071307 9.011123178423256 1.387722548438332
9.47238164804453 1.95899588868593 6.925856743512299 0.9651510474393736
0.1212212928737633 4.10687300180701 8.749629612732985 0.7389363994303685
9.833073656410466 9.14599183990255 4.774933386532634 1.188092576099537
4.397433070667783 2.073712793073047 6.001989351302911 1.029121283064443
5.771996260454361 9.978752802245269 2.482982208453063 0.9917304702321273
7.889788578006523 8.770322515948918 8.168779629599815 1.167766215779858
2.262044888178371 5.431056918118657 5.739501029039669 1.187458707083612
8.043377271338615 2.895742022606763 1.120505331777267 0.8822469416667498
1.850879772632874 5.605885421642335 9.76317477062697 0.8696400483231357
6.909463362508554 6.987943690996033 3.939077981100245 1.099513109094198
6.328089310872149 4.49950360805913 9.90724285154838 0.7335181330343704
8.403435925959771 5.453985534343184 0.5408273135521237 1.563418200793334
7.778464346534001 2.606690702937378 9.989557323414513 1.307760294886382
0.8811780724752095 2.671391953264336 5.562239111787037 0.8248475908283471
1.699012950732265 4.492366396798445 5.018894603012884 0.7745073619398275
0.5504118098575873 6.367079928711179 1.398354764292503 0.8838471952947324
0.8251646376033683 7.326692962596024 1.951257952585656 1.351596527624692
4.988075144022128 2.125934798864554 3.688779110629137 1.431675029340053
5.609088371032522 8.516255349343639 4.742771034657848 0.8029030941885978
1.571769429308737 6.782987945432708 8.400017858414516 1.157480925904334
8.358561595461588 7.930290794154738 5.811037236847421 1.384313815223558
1.251498598156106 3.134134912928132 4.992879196414766 0.7317648231144588
4.515303444362814 4.964682435828398 5.423567275012164 0.7564651470393963
6.588887589221647 3.297483819883824 8.419111162993257 1.267885378687518
3.085661774723381 2.836430091992501 5.025006482168219 1.151428964070172
9.617201975910364 6.770043423075547 4.047490084693929 1.035159151551159
3.864705368440366 2.648706838526536 9.01024859728877 1.12882292072581
2.955916680293733 2.696138445408836 2.618862869283867 1.169455360353235
8.579123143957043 5.416831923382073 8.770335268502473 1.538566198483695
7.935819859803129 6.944910669042001 3.1114073119661 1.476761752875436
1.403664824253123 9.370691103118466 4.242526910319002 0.9740554140297906
3.381493828276385 4.613914493863659 7.276685096463129 1.319088520154136
7.938399184823576 1.050587414393666 3.515095538496008 1.176959803622855
0.09192331883888684 4.935507619654808 3.177852048858059 0.9234612071738146
3.163992820149399 7.327181272127604 8.103925880328053 0.8445694978405416
9.524542235993039 7.278947083570593 0.3003830985939238 0.736646920303957
8.38278227596877 6.087389330952159 2.305552601770391 0.9622700734478095
5.758313570327326 5.204113048687391 1.985931331889224 1.163116144064758
2.003400158130356 5.716551416950604 3.154264477787838 0.7638019851879509
5.69596564686301 2.428542787027525 8.817641710474099 0.7448427789882318
1.304600132203814 1.232564810986614 8.018472759244741 0.8643675080501237
6.576136353380247 5.066793673831651 5.537227435621189 1.049195146549832
9.697826516772626 2.939314096746734 3.538533350932567 0.7899249384554318
0.5747163857127713 1.293739239338754 4.872745556359067 0.8371689046553679
7.58389019960339 0.3085504897660252 4.45577007981929 0.9778180436197706
4.800952002052018 4.286948251208679 3.389781711299857 1.048611919989899
0.6343798079244457 0.149488056320376 4.75313523510667 0.9034244862375232
9.601556265924142 7.574924433029583 5.947580404364322 1.030084297194614
3.901477655935463 7.736625144759003 7.101619714770008 0.8482611182367534
2.345013037836305 0.6962110868249528 1.057371868278068 1.194930035639411
2.360252013548447 8.874824809073559 1.51078445971743 1.490205308403078
8.804201957659938 6.292942083421334 9.541910449813026 0.7705511984623035
3.143280350619072 0.5294528309825198 3.359321216337999 0.8216277396568826
2.573732145611235 1.798948481780624 4.688522948168926 0.7515876303755215
8.354586485940814 4.578925756954834 5.060842953376178 1.318087624763151
4.008725090381617 4.404330316908874 4.924817352312551 0.7414341505536627
4.978294397755374 3.142126085870426 1.625441076961075 1.590678474700868
2.771791525001742 8.609660140612835 9.604777483044071 0.918962197486469
0.7350978972280243 6.228377009005886 4.234808362744579 1.347294299855658
4.850157791694934 3.644365180629135 0.2224556963868352 0.9185940681939334
6.0962593541198 9.949541557044959 1.544103385953512 0.9450466721327386
0.09712926725181649 8.296733030599349 7.682064734553443 0.8369137329964768
2.213873753394057 6.276940134377624 5.235915939576176 0.7460842267074418
1.126561234247153 7.840315989151211 8.936883230174022 1.243420773145001
7.26984308681127 9.894343382795471 1.364205784600927 1.204509846908278
1.66885884946898 0.01558939803513182 1.916947294411253 1.151217061707676
6.124939835069541 4.661096921224066 6.399785474594959 1.022178407500088
6.695426600518471 6.456714359041385 3.004122921590372 0.8054574442338052
0.6383327915225911 3.197817653247643 9.897875855997841 0.7675960819903244
3.695860100302627 1.530099590951875 5.678117450614586 0.8199537292111814
0.4351615766928296 0.2218324728857702 8.412315946011283 1.193673732554422
2.199148034200148 9.567523916855889 7.347659923071257 0.8037509034359066
6.218394160073719 8.003470095132089 3.4893624369317 0.9076708384308948
0.1697165117908473 9.840909101249254 1.278750647932136 0.739152411232267
7.08685279997639 4.150062840313846 8.028560900849563 0.7868999449664839
5.859645529876986 7.346759348430324 6.510552883837597 0.7716577697240745
9.340406138552201 9.717615914586654 5.679399979098605 0.9549041090766205
4.05787565363924 8.235299699013993 5.958087356634045 1.442427801771079
5.859693475176322 6.572761324575136 7.560335646034543 0.8806758017189373
8.735152800015747 7.015290036786852 2.144390110282512 0.9677352218188535
4.403770763667914 4.90267620491911 4.313057519100036 0.9597132555038125
1.430628390171303 6.890938317666865 7.036028834843458 1.488939446939217
8.965266993751268 7.038545493951734 5.574162158143285 0.7392248656872413
9.046331310856951 1.507188314477593 8.915177472083455 1.094381275244273
7.307556288515808 5.255714041129599 1.175982344990649 0.8948247063951426
8.893511006148252 9.752211324958163 9.704381250143584 1.29920241449062
5.794147405111645 2.728414686048136 5.780073699420406 0.83935611434095
9.482793285938639 3.089307449284606 7.220735369423228 0.7498715156025276
5.458486146390872 9.664772305360671 3.437689704366606 1.047225077913935
9.294251440141242 2.795906774134205 6.333877932417104 1.031435240915147
3.354707085033531 7.93999815100518 9.561456576878641 0.7453926557616928
6.746225080176519 5.466074181990314 1.862225979750391 0.7410290674930312
1.674940494361752 6.840405509632411 9.77274721737669 1.53647230548833
6.372535225591965 2.148305161971406 8.112143612912835 1.106470310309683
3.127721621126738 7.580013321823671 6.444370838759826 0.9764041069444794
0.1766931815129569 8.211644556056523 5.391399493173679 0.945888342654298
9.49074343874196 5.001679663710401 1.200739325259057 0.9955247158803811
4.844882031334797 8.100049136256983 0.4796072183649158 0.9384979858156175
1.754497763369445 5.756181900253022 7.964362997825843 1.0319272912724
9.753837093917378 0.6778481016734529 7.679575289458372 0.7619011076397098
6.685667872801391 2.952326669250324 6.274811348220449 1.127985259499697
5.918481795432493 9.991600149776087 6.5197738279851 1.023101211781895
1.492452453576466 8.070683662467207 1.3432323444922 0.8215449433106879
5.535146332245048 0.6869546336035316 8.201487301627735 0.9354127770316391
5.957893310735891 8.198693738819875 6.44349708803538 0.7635895460695016
4.48506029659509 0.2615925490398496 9.38018309979215 0.8086183319940992
0.1009862791629779 7.444716619032215 7.00675440547387 1.1639485183767
8.635953181314859 6.38380273726407 1.390927514111474 0.9136418778534185
9.199747612251876 4.434088108151863 8.130949202188166 0.9126681449212605
7.315695947349568 4.942546907161708 4.828317995374444 0.8336716749820081
4.056098168046044 3.811096771479951 6.543666267269667 1.109621006278265
0.7154814908642383 1.715832255716011 2.343771852489646 1.115518680260583
2.291102521860348 0.3290988374024362 5.812108873059967 1.144300224791361
8.064171779296382 7.488295227907383 1.073607625502196 0.963556071827686
7.42709398031079 1.268230491446406 0.1203754912433996 1.422733255626823
1.287161849531246 6.579823145507491 0.8920209833425187 0.813387069060003
1.474069435872212 5.431876434237762 3.684321351988455 0.8076864697494501
6.246870907093348 1.580252883923156 5.267097076798313 0.7682081864077573
1.987621041063865 2.664181724431078 0.9612495581544401 1.256242243716808
2.844902703984778 1.292176053630503 6.184585472058375 0.9370676705632679
2.777464925948363 3.551007828454525 7.04141699922741 0.7677500154090282
5.783095248558541 2.538635955396652 4.715464330530407 1.22538060320484
5.239856296205364 2.523792346100136 6.546105207911371 1.002445893413507
5.891474459361199 8.796715866892185 0.9207507460986353 1.555615614088355
5.294366355097242 8.389940640881372 6.058911792111844 0.7303453292510799
7.25341236217136 2.167994192276325 3.64436769123501 1.40865877555593
6.334243531349598 8.066250982903158 2.504555600391773 0.9267567203613585
4.483940434598157 5.521702641751231 8.417119862348626 0.970278597829757
8.319564627275573 0.2560259761511874 5.436962504009133 1.294173925576336
0.9259834485156494 9.201992256955348 5.207190791928064 1.120472223234609
3.834011385630701 3.551748078337619 9.797148292717358 1.166951851871729
5.533873915664967 5.81263571787426 2.783632000594476 0.7505409841404422
5.586920267286871 1.450601099963887 0.6391340210468321 1.053025217480068
0.6627426386781056 1.408828823619019 0.008830271278693624 1.403186418858405
5.795296335031398 6.074357896697727 5.24917309023783 0.9772995508320137
8.497232725785368 0.5080212602029299 0.7452699449434165 1.343635213845195
0.9859530866006784 4.064834320485658 0.01852930155908595 0.8023386911161795
8.431684838379855 2.550707144668924 7.198969749682107 1.250426491003234
6.662960584360243 4.386597560859401 1.64943789421989 1.2763291135636
0.8771186636487793 0.1206307525650485 3.849104076735668 0.8623727157428179
9.896415991683496 9.403174723794104 9.948014657145899 0.8215034693940367
6.218417995206253 1.768040820022545 6.632265979251158 1.403463680707525
9.263658859827601 2.236849166697176 4.056279919161418 1.054702220129009
3.174913790137944 7.652770143533197 5.363226566127644 0.9144988502681158
1.550474805229746 0.05903705306983365 6.839625369883684 1.037594576160974
9.345945429521839 8.34616507895104 9.557109848927174 1.584066935203465
9.980987680993124 5.643124164066378 1.728806015897449 0.8758934612980953
1.851081486405769 3.410028860198276 7.200218079362304 0.9105324728868683
4.453969263952287 7.049687000313028 2.129143590803754 1.37670767892284
9.955931800177115 5.053123871716132 8.541413834983938 1.140733383493159
8.075925854498085 6.374676937484816 5.49508728248329 1.296261783661416
0.4670735559032524 5.143539284717876 6.919852084850151 0.7870912679281968
8.835267248440042 2.517509936873844 2.017378069356739 1.58008652507695
1.389242014658133 1.956773087982219 1.680558535741271 0.7730966159593855
4.158522405033166 9.508099199385006 5.130336043719605 1.542172522599274
1.939169509078851 1.973583824846704 2.569489881105083 1.279503572964607
6.131262747849642 3.638635328307559 4.656077682622434 0.8316441006050044
4.754068047462433 9.09801357195796 9.80538075685336 1.372385598939779
7.505895504124942 3.033090017406164 2.693196531752974 0.9386165386594593
9.584712577187384 5.844937662191054 4.667198588229333 0.9060541719761159
3.067252073804961 8.211329825845283 7.57233828837611 1.02083805061062
1.330834825709017 0.09320601756412251 2.950765847971917 0.9409314414325459
3.743129693433372 2.086292278371836 7.862140820925893 1.304744667592781
2.754711482946679 6.253267763301966 1.528834229209437 0.9504358859511401
1.367315429130742 4.307788659385965 1.961056589477883 1.467889212259812
9.341596557815631 4.378058944947063 9.173979264402616 0.9978767480480205
9.274529410471837 6.441621665390142 0.4027617355469549 0.8517198796455474
8.679436665151337 3.490125811855429 1.332170595954376 0.7680903265371191
6.869255359716553 5.025527805269411 9.679027941319871 0.7305202805849337
7.911667260665737 7.730024201656668 8.158120503970641 0.7341605967743543
6.510171418161776 3.031982012000849 1.886983536577021 1.439813542758966
1.869163156465932 8.869103718181305 8.871238404219103 1.167221465338654
1.728660923842941 2.086313333028979 9.931492606326474 1.082640253247765
2.067309298306054 7.478568251119436 5.846240603300183 1.39434999705306
4.789671513201768 0.7465120308215102 7.48181151056087 0.7656032282249104
3.826747188867926 5.649833794639112 6.831317084169759 1.03179806999599
6.30654968063073 7.88218103160905 4.447665737057489 0.9506549185541487
7.471288608959683 9.706521901776071 5.869355765756 0.7969405210283466
8.370167419301525 0.8501103746033202 9.386474586524669 0.9570810813869344
0.09987531348752078 6.851590668001018 5.199688812200733 1.233187625129383
4.307332603268881 6.127475217226683 4.184233865958071 0.809810725936842
7.828916227458294 9.695828432264188 7.593654790419265 0.8384942084262348
5.880748594280973 8.786304260670464 3.051558911094316 0.8469600837645704
7.32231057371116 3.925276925036655 4.677627695199221 1.167892174567
6.629068253357543 7.912042324728059 1.530321430765428 0.7743413179854263
7.868010445976133 1.897577808267652 7.83880276979371 0.8063535794332406
7.038957608800144 2.686878002210318 9.227525022383389 0.7301930058842497
6.818374757431725 8.698685919486685 3.105470081799462 0.9400071503344797
2.310449561057081 4.866019057892864 7.715899468736175 0.9012934031633842
3.592440140667651 6.036489454727549 2.157609651542097 0.8365790373461264
2.512527252204166 7.111625984751699 4.642595654082371 1.173392030459262
8.190158986281892 2.791737270726263 3.249740553611888 0.7657012419258332
0.5655148467167205 0.2064729454376213 9.681652439050847 1.030740439366203
8.151896452615278 1.420396592194899 7.049088238560653 1.056975707381856
5.025466062359623 1.901383228802415 1.222413653099682 0.7453533150426392
9.92964676606319 0.7983241267278884 9.122284646265665 0.8409743550768528
6.179117673795067 8.924471177441353 3.999371488131804 1.121903584140044
3.572529496708208 9.064508768486093 8.161045832443921 1.109990652834751
0.2312115821885885 4.36778392829148 9.632716529446222 0.9585256489483879
1.506578037463595 8.140483731560643 6.713623672519827 0.9470310496245646
4.86973405889485 4.906381452943341 6.560765455554008 1.506105597880327
6.529653802347502 3.114441114696347 3.171615873849509 1.086378737143834
9.583571180230502 1.7967366977389 9.876984843126952 0.8557458519009269
4.944085645706386 6.358957204121851 8.414224321452679 0.7817121437277461
1.722639925213349 0.6470864169757119 8.440350224434415 0.7576067557177288
3.347335129678483 4.859275920500163 4.42656152630754 0.7939013468530514
1.654865959955003 3.782525075635607 5.643125021232267 0.9351885784904541
2.350213571668042 2.437585135161763 3.510561719224273 0.8426458044015588
5.284786619713328 6.286047344851874 9.293232039147833 0.9509463881779839
9.837159018462433 9.338785550054782 3.224164090650527 0.8227609807991573
3.930139308036742 8.175967162039655 4.862643122181451 0.728720967787168
8.085523783724012 3.939125532637434 6.023022239000187 0.9057540155245134
5.180487581943061 8.952746980406969 5.485248504676783 0.8043214513594803
3.105154031944907 8.548277288610008 6.646197878508307 0.8753304641133363
8.012604259819046 7.980071473888203 7.163834298886601 1.277277589441448
2.567978915336443 9.603975515826862 2.874337342514457 1.505040764361435
0.3441644791726917 2.893082198614348 0.7585275192262343 0.7535008379875956
1.977629847543661 8.533651159829068 2.820069279443284 0.8943154729399956
0.3201807207723062 7.27709663282129 4.310050291630332 0.7436725362093133
1.254740459904917 0.9785465264474081 2.646092954409263 0.7298197467269296
8.753159017459645 6.801965560193061 6.723431049430756 1.569162268437716
4.411121355070376 8.380852597524749 3.497921209147412 0.7993973329166952
4.409902443635153 9.473687089083626 3.743171656169096 1.099773739485607
4.453643970088896 0.3257837753647419 1.683221276093559 0.7879276694100901
0.9917018942061729 3.764913033429076 4.023042324789743 1.004702830402199
7.148203849116258 1.487226974661641 8.253964082022705 0.8759025506119554
2.229422503446311 8.675994291790344 7.137405009706522 0.8798161586006883
1.548377963048616 4.238160453065886 7.630060259018684 0.9432037182448657
3.431984215048689 2.932944709219132 1.369904180813665 1.449719988574824
7.090372660146334 1.543396762941679 5.732711594815218 1.046845745368738
5.514475254698319 4.986641461242896 2.977830016738641 0.761229488850985
8.241048151693557 6.653504224357498 0.07164564957325649 0.9005080804852894
3.54355070174832 1.379445988356104 0.2931829444583279 0.8037692627112862
7.626791260708068 2.765277650767042 4.715892198796479 1.061018414037676
4.525397683514052 3.897701379631251 5.539871956557714 1.019109808488623
2.165063611351786 7.042273003495936 0.9093524705104562 0.8357828883086191
2.951682616795314 8.225715719028335 8.658931415106521 1.101958647373655
6.08934594650275 7.597591614381101 7.432285017835627 1.156535510636981
3.128598794394962 9.714521960618283 0.8841846390396269 1.000021614610726
8.962250661635725 7.792788319123005 0.7156237496124652 0.9371922015694649
4.066373538705943 7.417522564199441 0.9960776476468604 0.9172349276253408
4.573379877779099 9.156587034470686 0.9121294157261152 0.8124334112101764
2.307326204815524 2.459458253405893 4.340745194959564 0.7516928634131691
1.317015498451873 9.254059884572351 3.297967420303019 0.8206446325507929
0.6225541996976737 3.190161054067524 8.243886918900355 0.7469257589520787
7.504550881800176 2.180040160141648 6.528748531792764 1.097152170123539
8.233233860670353 1.842908197014222 0.9563590207093099 1.108333771806822
0.9915116747169873 5.723512627205361 0.3159424936685263 1.132845477986764
4.350182701251606 3.301159183047851 3.667801936189732 1.118051115531158
4.579714325134763 0.2277473327625424 8.303498325497234 1.048698491401391
1.62258931227822 6.331948387886737 1.746874538460932 1.05275701603124
3.61427352366408 1.900385116951781 0.9311680298557224 0.7704584066314695
8.643272059049282 4.422552165292315 1.371482311075801 1.00659499015898
3.920150041441398 1.183495728929601 6.779458644671147 1.399405044222809
1.077004908928024 9.156188023597924 7.730989489395422 1.583675286407377
3.778409138259583 9.342883224825655 1.94444303034464 1.533695931433707
6.615531441333587 5.139924632352761 2.986187399337404 1.367132324264335
2.523094946757801 8.974433090968359 8.011423869036699 0.9484567660657851
8.348830136852941 7.921089259662562 3.751918425124163 0.8455855038201313
3.669019157766238 1.294825549815209 9.085830448921049 1.555314139424018
5.727373251787915 7.962069413898022 9.550965949153184 1.547810195858613
0.2688400225789911 1.390219059792778 6.752318138429393 0.9025163086930784
8.890266993737306 7.953343296195351 1.746763665744304 1.050857047441434
6.584152229624369 4.095197110921933 3.737684023785756 1.138897685632948
8.704802545702336 3.494961189466308 4.141187140123514 1.523842861135487
3.487748679300437 7.889896598612688 1.792805059328325 1.016880756348249
2.839766917534758 0.4258687766667991 6.871360113976826 1.201052106532767
8.598539102496909 1.744767543374137 9.932917956873769 1.014770778326868
0.7261470116606928 6.123829329588173 2.293548180305716 0.8439503248232106
2.609860230390542 5.386538949524597 3.83921271736372 1.10677730916554
6.744840835936042 3.513076502397291 7.334748370812823 0.7694387150835883
5.145069654465697 1.884890658214338 7.655918377367621 1.504369353233954
3.018095014139063 1.572994497699533 3.157318695122948 1.257133539271225
8.790102328485879 8.974212044404458 5.228076857177501 1.067653904482704
9.817523773671974 7.992871997192196 0.6337533828402042 0.7840880777913058
0.04303687193761175 9.851317032959402 6.259197006321481 0.7401681031617702
6.014617128086289 2.879412017841018 7.268221382202667 1.129818788700874
2.509639691591977 6.644595027354682 7.832027252744179 0.9663500912907104
0.0821529066229021 3.972684290944589 6.622037946245371 1.39166993820339
7.621369487675632 8.141503110278704 2.147262199117279 1.526919902979182
9.724518846206639 4.148741279283351 4.679251461192641 0.7910804679144027
7.992683362711431 2.102696814820022 5.653827246121796 0.7447597848675327
5.669575073673117 7.455944243841071 0.7380392658449465 0.889535438487453
9.151731392713225 8.084097453765201 6.810223136405928 1.070796644820026
6.145182766362859 1.846595383993427 2.769442659824588 1.428654407658658
7.363996612848475 2.421632759914425 8.407100738170499 0.9809481191667924
3.086922240268512 2.127102958362928 4.046943703904286 0.8003362848258173
5.111655375468148 5.586947220159793 5.628371729059823 0.7984135690995211
1.59345742072146 9.773767404996345 9.763849763161906 1.106763783717875
1.360635502058148 2.560400393957384 7.345306279074856 0.910126073153027
6.425486793919151 4.54329790080301 8.85978247558366 1.281966467791665
7.67854658642492 5.198341272563127 9.587460823904607 0.8104388953938487
6.004046439332063 7.967107023501639 5.488760534850453 1.170436238221278
7.170475894055326 0.5092258636182069 6.075488830808771 0.8552949105321318
4.765138357530381 7.680491352239945 3.909254968920731 0.8140979470393239
7.002976991914925 7.495657477605541 9.717913031531195 0.8157442924438687
1.640204009210293 8.468098977582066 0.192235921542584 1.517271888282575
2.398923187632001 4.428883325329901 5.489154280986662 0.7880001953215778
7.220965230073028 7.394107536975358 1.354441472092687 0.7556677113718114
9.145114484184834 9.841322207549789 4.765194523835011 0.7291951321216001
0.6668323353331318 6.881524972756258 9.087383039066795 0.8617711071445936
5.626943774983805 4.74825184808498 4.055493692307837 1.222324156070809
3.923057543033938 2.495928521562209 4.247914453195418 0.938959500005404
3.158616309270156 1.271199755930215 1.01004969753146 0.7414987960156344
8.488670294859407 8.538352989555031 2.884619333244084 0.8392197679774017
3.380544141506292 4.536353237186306 9.212587677440213 0.9962403441870121
1.867135630591357 4.647471014479732 0.5399203481701343 1.472680946909354
2.651488808286511 6.479635579950449 3.563465463109506 1.110157839469062
4.907382118971938 5.121820139074916 1.170800625407063 1.149529431285935
4.801216458996429 9.135453639283105 7.928684862944856 1.257305386176935
9.166203771477049 4.265509592632443 7.235162008802326 0.7934879830955963
6.595694826769315 9.150106771441047 2.079352988249369 1.169756241900493
6.459157534713759 6.050551514726867 5.922338514547388 0.8585212921564188
2.250829834417625 1.93076396132595 6.329669139190177 0.7619134646084977
4.219551969258822 5.188823854043173 7.540277106217768 0.7308346624725418
1.092868209161457 4.68605903948346 3.193249377867847 1.088563329538226
8.76740514166527 5.689867528327806 4.979316410407264 0.8379024595115675
9.191096275698669 6.499334410114262 2.952989058690271 1.115611685282133
3.824349943535537 5.101661405137483 1.688019773910192 0.9422782974892334
9.829847085895944 3.487106559371025 9.66952695188019 0.8942956490400069
5.775705865822591 6.507572201008892 6.40245702746552 0.8385064343869191
3.577650643752278 7.323711658357102 4.637318651138566 0.7983086918533929
6.187051201934829 5.233434826342062 0.7001879653267473 1.393076375910397
7.314007851261812 1.500585664848457 2.705902823752377 0.7986574980531871
3.755602991177502 5.500945895894687 3.981032116639843 0.8652364349066499
1.375404213055657 7.441868348902928 0.7578839607941324 0.7851981572214274
8.855801996817821 3.513684732272483 7.801107741745056 1.034671355349218
4.994449189660507 7.098757690873492 5.781587433849151 1.438349343276858
0.610836018193448 1.725029474261888 8.231551037097162 0.7516035685874871
4.968821491230297 2.676490390401298 5.519918523149291 0.8032827680733943
6.556463406722111 3.876221529896509 6.545417139778221 0.7494087026348611
7.595840591839292 2.630289234641397 1.795025781108715 0.7914260396891358
0.1361708474146206 3.046839005462519 4.70736349436948 1.520456280800913
7.87994991829252 6.013280718953486 1.476239797683896 0.7380706463639262
4.222219889217381 6.984265518841992 4.083919556547407 0.8757761661527027
2.216166393946345 8.464282186794774 6.295873347818743 0.7465354276719061
3.254226360733412 2.613461808517293 6.406234416778354 1.57483467330206
7.293853815925144 5.945715986119919 3.679678950199291 1.106374583791441
3.590799191479774 0.766805610692375 2.593081408015718 0.9648589399658243
0.8456669461189515 1.804778842281648 7.444444752575044 0.8577659412216988
8.266142626477025 3.731385902783626 2.944491930737279 0.9327220133213645
1.970232914256572 8.327336685803438 4.520984311039648 1.323692923770245
2.810136345258582 8.60419986152977 5.536402890333837 1.11676395904744
2.990812101444948 9.003412889186984 4.602088483257054 0.9040158186490728
3.583883869891849 8.519239625587645 0.5785469210173033 1.579437848947992
9.118222921307018 6.945814323346215 8.985086700262803 0.7463688969200597
1.999672335254953 3.72591245446595 1.184260699935533 0.7478194027446273
2.922660963203796 6.537187034704186 0.4232737274688093 0.8812516939144258
3.754465875810606 8.721759378724032 9.204733841869038 1.03405821542456
4.84913865638492 9.32008430867621 6.468564929763617 1.327302598059873
6.731740137785652 5.120735258540054 4.124116667949024 0.871942214428588
8.45408160984527 1.535293777011406 2.752763085565598 0.8517433322414565
9.822870614652462 0.07625401215201168 3.98636115065478 1.130102840742626
7.39002968691372 6.68935998950606 9.70951520503387 0.8174309849276502
8.460368113822634 5.40884347838676 5.747881482873516 0.7642982144656878
2.086173756279416 9.410437156995791 5.142182766004649 1.121208026761833
9.148881030261901 8.138419101291339 3.309891993840935 0.8595020596326453
0.9508665942862083 3.802104156946681 9.109882941662727 0.8591940706290259
4.287040297646359 6.451187742732516 6.515447376419893 0.8566317915815256
6.312326344348041 8.645958110373359 8.604140994231697 0.9339914216932781
2.997318590887629 5.463409684269458 9.955166128590426 1.399318912439975
9.272830629656333 3.519322752973776 8.732264426314005 0.9001255161046109
0.6801555859869103 1.146897544589357 8.886116145099432 0.8263535681403649
7.138240159984692 0.1320475797518428 0.344713368977343 0.8442389616003247
0.9743859732109107 3.867994636064355 5.062618654448703 0.8025910391511828
2.601121037710764 0.4652078850735631 8.17199312674401 0.7409788134650042
2.455197201044314 1.4623714314242 8.340366415693255 1.251287188559986
2.865345172700565 3.363294342955077 8.840621689905802 1.281637538482443
3.636714486519591 3.373268422824327 7.639808032895901 1.263098189657195
2.268936314508695 1.579739857704662 1.603751694075854 0.8222502055996526
2.571830424732054 5.769980281324204 6.98612886145386 1.412375506110746
6.748198125034689 0.6390325881234227 2.299719330164574 1.344395501839264
0.8122521166453424 2.457921765362499 7.979671579495111 0.7453745101397661
1.535053015975566 1.07609856395313 1.767677910804688 0.9321969520406702
9.16730351109781 3.693135802630669 5.575755420181777 1.249485478536922
9.000734492882025 5.299003966413823 2.899519613396642 1.263714504370951
7.905401341952661 6.594853382964294 0.9251722983393375 0.8333589672748848
2.533709233978573 2.332568282726165 1.79430355717769 0.7493885949870565
3.708503086396439 9.949147012613743 3.194504002432035 0.8036987091746042
4.307963765226805 1.169596272917198 2.086348500367783 0.8804076097206195
8.052053376158579 8.82863459840096 9.467068052943612 1.010921292547878
8.078642821595606 0.09816353524246259 3.713003076718368 0.7475174124215778
5.679867898144046 7.261659939062294 3.914116436884992 0.9186694537422174
9.26643369267169 6.131348664149404 2.008533422797739 0.8613560375018467
3.586895234682555 4.489615004309035 0.1079232394192087 0.7817242298745294
5.976877592553381 6.049518614290003 3.886452470372245 1.397584993307158
9.379713577306717 1.461442956397577 0.9184109066499569 1.224131412024202
0.4979850829654065 9.294901155413703 3.839767599799143 0.9054226403914951
9.790423243853613 8.604898878013707 3.640492227772634 0.7887252144382304
1.55905246226498 1.57797230707004 9.006513182655567 0.9398001587285504
1.09572015834809 1.842619760849982 5.43374633111273 0.8102137388330578
3.790897002033756 2.440372910035868 3.293597286055258 0.9524789877830409
7.171539540339706 1.700635118279103 7.374178963936852 0.8459415862687307
5.618425658657562 8.661927080479366 2.163391219834922 0.9552226943905581
8.165870324252506 1.072584956267933 8.306760907477084 1.02527992149446
2.916980062928275 1.01425276096374 4.175775434960552 0.9866004492078125
1.515540466004983 8.22505596071481 3.46152814532976 0.7693500203681521
7.853984436663969 4.721083209029869 3.707742887632009 1.505636414120992
7.196221366763286 4.466741582075612 0.3706036756498799 1.093703641421296
3.605208593359255 9.429558725773433 6.319176348325422 1.013718885926329
5.831137400261204 4.216455712252246 7.56882739323898 1.458450755413591
0.7582619738392872 7.522697982139033 6.005137449222506 1.181659779851726
1.360571577084569 0.6230791947818094 9.207478267548238 0.8788632057741225
6.559669033721073 9.842788683926887 5.699094817362816 1.023176287125475
0.001192060831889385 1.904139022723723 4.524701509754732 0.7549503645080842
7.123068677618419 6.535411409990218 5.903768976503255 0.7496461047800916
6.347614162457353 7.217279519432226 1.216175652947597 0.7477589201116942
4.801152344334454 3.981329257082323 4.465899618586243 1.030535321291355
0.2063436849131495 4.665112253763096 7.601048173420868 0.9014721583835352
3.490231386719304 6.711015075556404 7.223209151941385 1.170941869789342
9.75461089264763 6.251540686732054 8.59387979474308 1.23997080551679
8.012988701448714 7.739495490857068 9.887643296333531 1.250695882267218
9.372943944934857 9.937660974672422 7.487412537354255 0.8814228208696208
6.132332042655368 1.469428903138119 4.112681529817342 1.227248332192616
4.280374648876371 9.488458677700205 8.857406411738223 0.8036223258399158
0.5985618174838671 4.847494651730962 4.372376507148271 1.356226347137076
2.283406691776624 4.803971945777013 2.836963084681972 1.194438978302515
3.407260076679615 7.186859277949353 3.720504595432484 0.9060827189819856
2.097143460192609 3.58897733597 4.573363066287972 1.32753618591036
1.429463216435393 5.881313658299506 6.429421365502586 0.7685854066971165
6.413501657236341 9.926173098060815 0.7215443220994323 0.7454112487585491
3.96592726507104 8.756845366581036 7.161122829419433 1.065370706116795
0.6111636301960033 5.265667534730167 2.314910040969517 0.7781241394288424
4.938177060180267 1.167964932730816 9.742556790546994 1.181163418032647
5.108276512012113 5.58163385834757 4.655595556317296 1.029347498203117
5.9761238784458 3.756968828270281 0.6544463927478595 1.372940018281668
7.000169638511194 8.210341777883015 7.777543016072043 1.036779432595157
8.516134194701001 2.849725119538435 8.308255347544923 0.7305434213192558
6.116577890907189 5.302936309410123 4.769966149575128 0.7608339929803087
0.166516272912518 6.172930069910552 6.39396245816291 1.468914839967312
2.276130481751502 3.245580808287522 1.944944441592624 0.9540936969393771
0.1836199881157386 2.100062771307323 0.7105915950260367 0.735036185764774
3.363587309909231 6.964110439761623 1.767180732043358 0.8137425973400195
3.947699334902246 9.932717959865478 7.348704217874972 1.272097200295032
9.010121479400421 4.275208902062399 3.293566647159748 0.7435179638640774
3.088164095152969 7.411719399729383 1.009858014744882 0.9368488317587925
2.72576640220092 7.38502917561543 7.407396161618996 0.7582995806863172
5.131440767695774 1.183364555944537 3.059198996748741 0.7911043780729142
7.603693405868849 7.166609092402254 6.317717464647511 0.9135811247045207
0.601830462083125 5.859126202208023 7.702351649394524 1.290805274956682
2.048799844514928 5.9539514867471 0.7670244024063932 1.140058964388871
4.094882503543153 6.742055492500709 8.21192240955998 0.985713176257153
1.19665546741258 3.908028524271362 6.390845377723556 0.7394053399422844
6.90560889811835 9.491426375429187 8.0603809870245 1.017080178360884
4.109451340344868 8.23515803884829 2.597131516763527 1.052078710011944
3.083495248977523 9.213420670795655 7.217258789990092 0.8307854920473621
9.306582539154778 6.150434873144362 5.534450983718654 0.8772736439583814
1.055545787167202 2.593162118268621 2.984932018186906 0.9463691460029804
4.107841632181198 0.03600447278821917 0.8246279011157499 1.006109259437235
0.6549826455552822 7.104158737592745 0.9111896338324477 0.7628297341593148
9.989617856043658 1.546294719573555 7.556645991730728 0.7727828222709328
7.363366815731301 0.6658625172815159 7.57968154479183 1.24598968002727
6.235943379558097 6.581609290463874 0.01959965640873862 1.47231561940566
1.773262007613513 0.597911423492703 4.580325105856407 1.497073981282188
2.292682776315019 7.39467992071683 2.022875082005103 1.469316405358181
3.777819630527965 4.16745415127554 3.996475494886243 1.011726324445279
0.1751361822869058 6.512478201209475 0.5334158033626514 0.8903779098659708
6.90899354945606 1.703515732658062 1.889564556035854 0.8734123482965491
6.217523632771838 7.13253320991781 3.112635588604555 0.829099811826631
3.217736218312821 6.48782715933417 8.501667054266511 0.833511019054193
2.362750598809814 9.414529040247558 4.090582160460861 0.8793198887671119
0.9352995108176855 4.948872917007458 5.830190364628727 1.56583692821259
5.031601215348632 1.429471732537956 6.533612636305598 0.8862003558596466
1.070074908157215 4.926894308798094 8.083188449801183 0.8617513939850889
5.574083361418326 2.914125650136281 2.710832034618146 0.869244772463638
5.526452091907893 3.627394621411723 6.316206645741448 1.275571278958575
2.070762427079051 6.373884017994578 6.150743517858593 0.8333838240096514
6.883277214950161 6.272566244431731 1.209959554499117 1.233926272604325
4.789937430219185 9.060813810159758 2.714235088462862 1.012851709915226
0.04252060322475604 1.766380266021607 9.082745071732651 0.8606202346984178
7.90466364855648 0.4300751868638553 6.633592831507828 0.9050567762610757
1.246511722698526 0.3648467599576832 7.749989087214902 0.7844882427891386
9.684709308593767 1.456760085247278 2.079107292177662 1.029825659855067
0.0727054656075754 8.245447425283096 6.359836593315503 0.7570426032530766
8.735119938197847 1.462820462971847 3.940019447521604 0.7380138214665102
1.253289941749343 3.022744668832256 6.423244580042449 1.005559051756356
2.032491871021677 1.391329098862078 5.559084948932896 1.016693932016773
8.917671737476015 9.319390459892359 2.694799683265213 0.754751640863613
4.778520286880535 8.415500420434141 8.928979287092627 0.8114528889598741
2.932212763929705 0.009867819231906829 4.716650684341665 1.063158565798843
3.968796631208424 7.23546516797932 6.445835901856173 0.7362372329977032
8.986227540436103 2.609950673259832 3.264585654312839 0.7464994442684967
7.898492938310794 4.830382684933999 6.152074624124984 0.7305229669737218
1.061219883635191 4.914721940733682 9.772514655270456 0.7681240878545678
3.96664666568541 7.274232045421551 5.335033270803475 0.7669742805658675
5.44147830134821 0.9737068573273867 1.822209295311915 1.439939362439706
0.4765583792932371 0.8370240865887292 4.197068669098289 0.7665699880798936
4.539026958229348 7.481624755761001 4.764418700691611 0.7520082570805189
2.185043951672218 7.944438751259397 9.324336447095948 0.7454129724166568
9.863463951115149 9.511391809117464 2.188201088059735 1.194063995106351
8.377305812199303 4.043930588857379 8.657579792622803 1.095313646933284
9.716863920718563 6.748093202396333 9.631230171038549 0.9650889775377371
3.255065645700531 9.476512090047574 3.894623098720862 0.8078988671375609
1.532714628271233 9.581216333229971 5.929358511721252 0.7939764883397025
3.03872855420573 2.261329149445639 8.683830588403888 0.7597908445058925
9.846511006205377 5.072412689321292 2.34259248260328 0.7443707954848401
8.6634027793576 9.131759419379827 8.764713655250121 0.8024017079954273
4.945326927659617 3.613752619449837 8.227542445078495 0.7700293912317917
5.570838477867601 2.104359805580859 1.820990153519587 0.7430806579732843
5.116752934348259 9.565359126448341 1.762171849839831 1.088605101688722
5.101782070229897 8.80072660712333 3.550603689708149 0.7706873287049131
4.525163500232765 1.965008252108551 4.904966616624678 1.095545330127438
4.907605913139332 1.914404746159434 2.432428533856533 0.9840593867133403
3.122873977944211 3.213918587168061 3.817107036328365 1.251241671093619
7.391064492640647 3.834980866918217 8.835117843417306 0.7667205679689882
3.647390989613073 4.978619175995665 0.8028253382041318 0.8078262318898713
8.12540004065005 7.052626595043767 7.759649831625255 0.7445151641298541
9.864925320153416 3.73382966061802 1.626030081752915 1.614280384081969
6.963397661806306 5.852508726245138 8.90579744888762 1.500360746072189
0.948817708142108 7.451067785627616 3.588999778507431 1.02972185349213
6.795415411145155 5.100541487579771 7.795508000922037 1.151929869212915
4.289200089042692 4.406475553722359 9.491312917809813 0.8214585538055942
6.148075693289763 0.8796576545435931 9.735780493074691 1.226301563435893
0.8936453218607 0.70656990653592 5.892839395093995 1.50141557863283
5.666496637071639 5.546126628665792 8.365269395028683 1.309820553408873
0.7560236825981893 9.463461938922924 0.2709419940052827 0.8625116563647547
0.3422532928819045 2.646921486499485 6.957942495540091 1.198443301555439
2.422286497353974 9.659248065065926 8.558785546366822 0.7850897256326042
3.842222946399378 3.413065111123438 4.582619613583433 0.8438647224941848
8.850277164932603 8.71026337840927 7.647087435801339 0.8640840975995525
9.298478135224423 5.429319621490193 7.406428519737617 1.446101577100773
1.005182482291334 4.472695252593491 6.974185942830106 0.7814389992755807
5.402831303514499 1.838446035061869 5.664677915584202 1.059906753703668
5.036531811877519 6.08394747560465 6.302799733000517 0.796609795564218
7.844961277379175 3.733644186183207 9.543368825840693 0.7907263466273761
9.58064146679221 4.98417249843128 5.377688734602451 1.227324101521682
8.786884313869207 9.182889062791434 3.854347701889631 1.519877175499337
2.818072267888536 2.011139776939105 1.041414924126293 0.8101764234378942
4.411410043674338 1.135958409594873 0.9151031878701122 1.24081852721696
9.667375696502367 7.486357039667833 2.518103653911755 1.194402840131622
7.499540724897154 4.770352635347608 8.540522023180538 0.9638193876073171
7.160903439626927 3.31777412226916 0.787772856361848 1.06403280152454
2.463452712003711 0.5079411431092563 9.179473843808561 1.238251063277742
3.000932784737587 4.915824297407085 8.248018173970644 0.7640226655635967
3.002129393682745 0.8363915165969683 0.0100293992596856 0.7610356473791422
2.012917867771098 8.83730638478688 3.595668724187956 0.7299765230994518
1.329856537842605 2.640777668185075 4.073197223273889 1.22268186291142
1.538277468066931 8.279240055538503 2.131714844751663 0.7367399137240995
4.254216513668331 5.707424264077103 5.928976352923396 0.8211729662692804
2.999857756648002 5.337794564374901 1.206417757113591 0.8475593351259016
0.4544091691436714 7.532808221350117 9.969092786719665 1.225936604458985
8.823345772988937 4.63488018686613 6.296698502821413 1.146847024018276
6.221789859215821 1.859800898182512 1.370162824616163 0.8358808650590642
8.046490778333016 6.872424903630574 8.826463697100413 1.368911946448735
8.720799373667841 3.685081537416805 2.16742910313049 0.7438710682918021
5.730537220900674 2.045730101859902 9.707730248336066 1.050602842429966
9.977558464135896 8.221885643328477 1.658462908101248 1.057012230176174
6.732500197515199 3.07078447163037 4.26270366375725 0.9531987542818218
1.719834752429482 6.496768922472969 4.605006533511159 0.7854288645863673
5.315134509243022 3.448233218411223 5.144271539750651 0.9288223068145018
0.1040283554887989 3.269221944687442 8.806737394270087 0.7438243962711591
2.79825283244393 1.557524413381477 7.219130205995353 1.036688069818596
0.9524080852027018 7.861026422838543 7.559348733392535 0.801327243150463
1.602290109549726 1.539987416713435 0.8687765454559994 1.008612630885691
6.405961762844528 0.8165685668086177 5.682462012144373 0.8470448357834576
5.533044213705412 4.27880937400743 1.597452889473481 0.8272055254846106
7.130872651410009 8.178795579730723 3.93703106169467 0.9845674822705882
4.197702046495846 5.227417914466784 9.985909174090558 0.961139720899915
5.075864257845349 7.107400299191389 7.863280316970969 1.055209524357183
4.32367485790274 4.332097471348141 0.4291309608488014 0.8188841585155916
3.314163946730105 5.438644619203946 8.800403692164236 0.8511616978806569
0.1598551501096857 4.052541122002749 5.416482073205822 0.7606250987341012
3.534590575831621 9.821052265051199 9.725653408098273 1.323753498735121
6.58124427531563 2.595653207176085 0.07027777284875915 0.9492471190549274
4.273157740837158 1.134211642761064 8.028466213983297 0.8518710933360347
1.041588460764704 1.53176059628561 4.175916722231751 0.8019293340554137
3.156394986385636 4.046284555274863 4.839495081320251 0.9740188151339398
4.002105255333235 3.800064847588742 8.668275494564655 1.032463263542863
9.627441635331849 2.456921923168102 8.159498834570316 1.48813549220807
9.767611003050044 0.3507598472200058 0.5145267389903385 1.210539317310944
5.815402448311504 5.500295906588594 6.058479948791045 0.826514533179323
2.159831665542249 4.429117500843891 6.610211564822223 1.423988493211003
6.738142754928285 6.603762567155457 6.861571042415105 1.255785191640802
8.319631820936879 7.243965317521085 4.911965609853103 0.7955315756196453
0.08708848121460112 2.353727004911104 1.586147728828899 0.9861072016244055
4.650661201255767 0.2494413210261504 2.744322184458332 1.313136620584251
7.732467565323716 6.006836760497374 7.639098550006392 1.417772651967121
6.311445259464783 0.1380464810268301 4.478099836636849 1.456169164128748
0.4941517265178442 6.372634953184092 9.760738018635632 0.739711413763548
9.140497825039727 0.3386312319045637 8.563684882760324 1.251713276152032
7.991104186615257 1.45949273432802 4.78505721301392 1.376664034890158
1.141352042918736 2.683735386036224 0.3399232954404208 0.7490035298200314
4.957145520070906 3.505648732932251 2.800654302410952 0.8113830729292226
8.642506322247101 1.168462526854076 1.783893831811018 1.067846452504225
2.955774132047125 6.502887508479742 2.532742360343469 0.8683037923163642
5.896305280228396 9.048119786783806 6.060368529738473 0.9320781449113537
2.917335160173732 9.864544335939618 7.726962643891125 0.8126164455711541
3.002449962860064 4.559921377640482 0.6156631554526294 0.7441351092543632
4.97032378712982 4.162306006985443 0.9543989142980404 0.7863540207686879
1.796193724609013 0.8481908681025109 0.0755251962281356 1.035685281430804
7.254641018999516 7.107638291078314 0.5151090805788051 0.9347647949462705
7.721667794163785 8.555860532753389 3.303502179630423 0.8457749713228158
6.666840085200361 0.7248127833775976 6.761814190241903 0.8087254642352133
3.366031322125357 0.5505553670400055 1.589599809479674 1.04367134894953
1.252943592349147 7.333194881216432 4.810496039592067 1.129283836109833
1.614613780346651 3.367487321689098 8.362383165857286 1.239326227789292
1.762898375369641 6.996897651506301 3.9387261233736 0.8505844718084425
3.413937434335843 0.5251946812353048 5.782633132777771 1.082410692069862
4.960033712772288 8.028278164368086 7.044720942257277 1.307367909875655
3.523854636251713 8.017133406355228 3.350529636306754 0.7679727795587765
0.7470059841119758 3.512345237782425 5.762782850062671 0.7869120046363972
2.995130665335296 6.653598344407776 9.502894255234532 0.9157954558795143
6.903940046807302 4.356664860119572 7.123413746956995 0.7960430753134715
4.255687940442519 2.048330121242055 1.544336300196706 0.8839742832592918
2.777140672024469 5.724009027888422 2.966594095834646 0.760510811741672
7.578355495953665 3.404495804740049 6.847570610843601 1.080479179947144
4.31127944760102 7.926284219926418 9.61529162191253 1.033794972325349
8.709557549421408 3.535640722642306 9.536655461585303 0.9485190669961838
4.246929362766249 6.548381538259338 5.038016918688032 0.8053870805643417
4.932806357322558 5.398397806344009 9.272993144410961 0.8384117699032566
5.924076703611305 9.659853055673286 8.356872843594017 0.9132341015623201
2.09390609116803 1.581989346818321 3.90692776834852 0.8877909066067037
6.570485346536062 0.5519397590261488 8.613788898735741 1.216960701436585
2.912196995802368 8.664429557437304 3.68052269225452 0.9686469828203421
8.453806074761749 2.059573953479218 8.37648938310774 0.7619571746025974
4.513256103731139 2.41172325911832 0.2450514205192278 1.58083255190837
7.664328514502881 6.284282225806487 6.499268691957329 0.7935634228196342
4.890365695882502 1.070908442383933 8.708606050028946 0.8436873796999275
2.168194058407989 3.315864095380987 6.371123461520854 0.7969886092131534
4.887394776190825 3.27282508377349 9.178751911426243 1.20935260948692
5.916172379502472 5.394877878447652 9.487627835380959 0.9403703018167624
1.109249809813968 3.524639580966956 0.8606215504511272 1.152858786099334
7.138277115956499 1.042778760249979 4.14666320831435 0.7994619445522138
8.735062863936855 0.534707459567645 4.28768562287781 1.105432992276778
6.886012105927297 2.033355670487108 4.805692468409193 0.9933471331595465
7.388116703777457 3.378584122590617 5.576700088575228 0.8039222277171261
2.466271821333698 0.8161608548592593 2.25153209070039 1.159718048055402
4.211777674522198 0.5689270360023102 0.08973819051287248 0.7651261229905111
0.01495389959762394 6.570169075952533 2.145589689821791 0.8139803809223414
9.231227642327083 4.718105906653508 2.012533604684413 0.7307278501338531
0.5987800873294979 8.345120426606139 6.968669570223065 0.7894660659344256
6.026564919255509 8.960684395456328 7.294350667520409 1.472321124246846
7.92051603254303 2.262980669105093 2.744599893665715 0.7362384451225135
4.405223579350094 7.077901454995754 7.082536306722107 0.7767439291908398
3.607970067187811 5.784184804917671 7.862374361919056 1.034287402332857
3.846753081810451 1.509207193171261 3.963907346023622 1.015759210861382
5.644208006729415 3.773472652780477 8.672390911859233 0.832563576303999
7.835652443943186 4.930248027824915 2.202505933804556 1.442782992252349
6.536536346299096 7.740341514629135 0.554164737029148 0.9169598685813493
0.8366908688616682 4.60674591215576 8.906054636942855 0.7804719166370832
1.718317600305345 1.847048522670059 4.728045652539234 0.9028591357452217
3.352704578684309 0.8818517673279903 7.852952557985903 1.043155850709396
3.67516056959861 0.2727002408624324 4.116949190607456 0.8842386497846488
3.401138429104666 6.386344258016083 4.441597287488542 1.105541076551059
6.556015853027882 3.951127576341426 5.591716648732559 1.114159601780125
3.018561234280032 8.384869644722658 2.639607803998536 1.068580115053907
7.943388936052257 8.419989240235836 4.658294048140083 1.200740321663739
3.576121457377162 1.941412577706581 4.954887757943735 0.7604695570568589
4.144676186239593 2.871248078737869 5.309338016696208 0.9062198832531771
6.503911710156871 9.667537820614905 3.186261979830233 1.054683671581793
2.275239437772172 6.045154969846545 8.913814334926895 1.050558596711015
3.414436097603567 0.6096768321734192 0.6625333064030793 0.7722301024044755
8.806445304753234 5.390548369538714 1.717669846827067 0.8429573210192476
3.460729854771381 4.771537377386258 5.851394247806187 1.485817287357775
7.02675754499551 9.788367986671892 6.788147703179747 1.106196560910234
7.154503104788919 9.018368011463506 8.922399955738355 0.9330972524357888
1.906257551418607 3.50818391366133 3.144875544656011 1.489283307732416
1.490556927550494 5.515652900589869 2.420564056024336 1.020636821149804
3.617121832628684 7.300813670666739 9.058935713440089 0.9026186074908857
0.4739067732794189 4.690338202210731 0.6991283831381324 1.237862104970549
3.677942308670033 7.164351564037586 0.08132081319494945 1.09628522999897
0.7261681768434337 5.717949372312097 3.144499511608062 1.001023228880311
7.438757881921447 0.9669714944875697 8.990900872151656 0.7994638487089719
9.279984522585446 0.9118189006481859 9.722264203705379 0.8911525483253789
5.882667820928748 4.036664306929966 2.717681085165945 1.284829546936859
0.7740724776350771 9.395162060847266 6.484305832206801 0.9648831279717242
4.469444878392558 4.239797047965831 7.628675102131186 1.007180505910425
4.820063221310521 3.243504219573116 7.287737740221599 1.161978787160196
5.965349043848432 0.6119330224236254 3.338027640807565 1.03880901443167
2.284290427602377 7.856421427264375 0.9632374367204745 0.7696649725404529
9.244637834022701 3.460989205011952 2.894263568771132 1.047523412989118
5.822308762740279 2.510818788320537 0.7668898283089399 1.068776530428279
8.602339076288038 9.511835153658287 7.949574039079485 0.8545693857234555
1.614677263244969 9.064608665981451 6.592689141728612 0.8132492897909709
9.254322037669896 4.89767147292177 4.091480340009793 1.253834628443881
6.269615734266501 6.029199503936342 2.323977187262185 0.857976406779189
7.074575596862766 7.101791285458866 7.974862852722769 1.177461473227371
9.62814730790538 1.19392766818601 3.947852738265261 1.026921656463172
8.729189283884439 6.963531187160374 0.7751971986591955 0.7531233974884254
2.818153749635528 3.961840073277311 9.884917352282393 0.9918764111311947
9.736594013089626 6.569273061637792 7.499744995698881 0.9237233750704763
1.132229323786453 1.913558777712492 6.446792187331603 1.146425591770505
8.464257697717592 9.290643816225023 6.580061529570958 1.587148557389253
2.885443374702831 4.292893586785785 1.731363714102838 1.458299505978928
5.272218207474502 9.993479000421411 7.346747719323739 0.9605854892253082
2.535183677551159 3.913763047196091 7.849853991680458 1.003892640465248
7.640222913574722 7.007585499629736 7.158513449917643 0.7635444759103169
1.946629633689468 9.747268282176645 0.7787195163693762 0.8661348562083899
1.523267206433119 9.148568392593655 2.414554875623028 0.7453092581203549
9.321394325493653 4.255665541958319 0.338940836141477 1.253376496990315
9.565161897751384 4.344380918587177 2.703123091637289 0.8339628840146217
3.018889889328659 3.78074295928391 6.290393924400462 0.775083681579859
5.433098874945879 9.959953775046397 5.495798553534985 1.205633642379361
0.8906384473970465 8.575724783006693 6.023920318571203 0.8949016299784707
9.905627599782122 7.40962089176677 8.975215816919969 0.8169904547454403
2.544281310897688 9.396944616577033 6.399925338709864 1.072966989593084
8.887416354387408 7.151445608204713 9.731505704766555 0.8069140851763765
9.047893551719088 7.306654981317946 3.501172049643818 0.7790968402108592
9.489117764299898 0.5363503760427502 1.608935217203965 1.020166502098514
2.563875842053029 9.209445100116319 0.262840632415452 0.7880994577004482
5.598860839248062 0.8973520626860622 6.088606650635261 0.865666909512546
9.942669754285431 3.694820349569783 7.846037275807355 1.074986846025332
8.183217677263681 2.922058551029918 6.040247315586096 1.064821120228263
0.3555742958034702 4.504226509191807 2.460618928156391 0.7668750452163593
3.018006153858915 9.26225043108186 8.962440668662262 0.7755453932248088
7.045171326364319 8.55497191842383 6.163246365434399 1.518994178697045
4.81506415085715 7.201316299151524 8.921318868575304 1.091604804013912
7.960545911953806 5.487129136987318 4.617315077347889 0.7934277580658741
7.315390555969902 7.957531127841321 8.886939979451107 1.146597865678821
6.062972432203808 9.16261856966327 5.130198732866304 0.8904653662031029
2.628623956940569 3.617533092016096 5.565468255968109 0.8733543306609866
8.043102951158861 5.694044883928215 3.086901224666563 0.7512434742972345
3.027308151535582 9.596091238494035 5.605594739811306 0.7487782483246135
0.4785408025518135 7.116486679132406 8.095379194699815 1.164291603970198
6.652436433785883 7.070990836963392 2.164601284355166 1.215252776351086
7.022887112162542 7.653117816199799 6.952140556719868 0.8111169980633036
8.116544047498508 0.3267246257682155 1.745277181832191 0.7715107428365972
7.586196985134089 5.349896698397529 5.605407975619616 0.8686002112065854
6.344774237640144 1.157337476414038 7.695869461683029 0.9728334951044068
6.428874652884641 4.506798313861706 4.720824839691982 0.8488263552073335
4.786727793559979 4.467801728900908 2.265512928377215 1.138054032096341
8.409620252190633 8.601424647676462 0.2593627263503928 0.7411818327895521
9.798798020724746 5.820891670141916 3.585807852130712 1.025666111340643
7.39505099197084 4.519191227140683 5.572049308346847 0.7641823910509226
3.592854679233745 3.584388759316798 5.636679027696904 0.8938598049164044
9.33378894560208 8.573758835516406 5.941034983065163 0.8542654379877991
4.732705666143559 6.067572307856318 7.414769550356954 1.226186788882893
1.076701338890448 8.180863185072283 5.236382876625575 0.7551115503997435
1.241447745291299 1.783935611188111 3.369185526308552 0.8220494779814788
1.12208677250955 0.9151412114817116 3.463672362490363 0.8432005502340418
9.652984535479899 9.172616394769388 8.263767600451377 1.316405551422047
4.732370427680772 8.501011745170329 4.381181841231655 0.9178494988480065
5.585496705263488 6.697707523217353 2.559106911759054 1.030445427334632
1.580263713861218 2.141677569809417 8.204786736118169 0.9355096052728914
5.436113829979572 8.060282490641431 8.249353362747275 1.080447883359819
1.966927921977488 7.932924367710194 7.943755950681272 1.320941910563377
8.631207405830612 7.754290275931621 2.654477934227379 0.7669717192162762
2.12004841143165 5.26334083229739 1.663838436089215 0.9518959510288911
3.834137528188537 8.705179524543084 4.111905741714977 0.9215022000294372
0.4120262193466429 0.206195526222025 7.100579029078969 1.13665175467644
8.160365925475041 8.448565379401355 1.067332131655115 0.9076586990209993
7.306691936366497 4.249621005401911 6.368004028408291 0.8672270418506822
4.755002889399205 2.918232854309678 4.562078670790164 0.9251406878455789
4.926130754441426 8.195890924787427 5.232977071449595 0.7764592171509943
9.241798587018513 7.902234615969077 4.59375023778734 1.511156335805528
7.849227847405154 3.071668438667501 8.979397389546614 0.8731261895095725
5.375941552083416 7.599040315469956 4.727333121197667 0.893040290506912
7.902186728695454 9.394240922863386 0.4742512016155498 1.150057779524002
0.9027504473179994 3.513168418282336 7.400625739034044 0.9942549715299162
7.171203065589535 5.727757501584008 0.1878150143949542 0.9751902309040466
0.4993213382124106 0.9664590842032296 7.744267916711975 0.7701873221667855
4.928798616531925 0.4674984637024416 6.584244015314552 0.9163735635449874
7.431676493172084 4.413544971942102 9.388317737322557 0.7612496738602993
7.846367420322141 9.102831211775094 5.450642196257304 0.7840819927575751
8.210413375568285 5.553763962397269 6.610665019348268 0.980887900369832
4.205564415812598 7.975192316545171 8.142370707174758 1.28872340754372
1.738582516393053 6.18530483330896 3.892279537841808 0.7315129457445698
9.144056078961491 5.598465363583998 6.225531044486164 0.835535141494852
8.181822347061418 3.820262139368243 0.5123748914545879 1.142790974886855
7.722627471665147 4.476210499538711 1.167096874071444 0.7716583385074499
9.099065566608724 1.490797430666131 4.652910044864656 0.7910777250695551
3.259754379413898 6.43399412664148 5.806118045399638 1.571800275141669
7.783813982493371 6.640071390149314 4.385869903354079 0.9436712428979545
1.972698150596036 2.62803330068861 5.585303743414524 1.285664759230801
8.931091802645785 6.669184083984445 4.755971321602613 0.8404232332670043
0.842009167787684 9.631552403553679 2.391443560497183 0.7332820490703238
9.076928236550629 0.4779858274346561 2.869662899068502 1.562304922079191
3.948139110966585 7.821900977356905 4.028802052485164 0.8139980167431882
7.790394190489703 6.904924516122785 1.864522393799589 0.9698106203572791
1.422347245986929 5.276507962004829 7.110745650164857 0.988361171934108
4.938143746737006 5.002762125603122 7.776918106319257 0.7449485806707034
9.4240058316568 5.97169549042884 1.111324853104122 0.8416473355735022
8.581267076125336 8.877340097155923 2.016710086317369 0.8650399529842373
0.7464526868690403 2.065037682432787 4.67672260874732 0.7365111375546965
8.760445843741065 4.350183662588147 2.565551201788138 0.7685162777213655
0.02518201240072626 2.668320271118149 2.691593420644131 1.070560754986344
6.449536518353518 2.258861511826681 5.615384537916826 0.7581310402863334
5.377444505085512 1.60212406772351 4.755181944440165 0.7315338499274682
5.80108289944795 3.649595888885389 9.485958816748857 0.7945908988765016
6.239472062477832 0.1712865690096666 7.53729509751622 0.9838225205744116
4.865582709917085 6.964358023906419 0.1558619962073915 1.274997823979912
8.314297979090959 2.37446521686187 4.12791733742402 0.7982593389789846
3.686265666183075 8.987047814472023 3.160947297276179 0.9354545453096869
0.902923595469013 9.04576998679366 1.445578771047654 1.393149791564389
2.659250043651838 7.672715490736795 0.1147887601024289 1.026064815298144
8.051177729530401 1.231736110546255 5.980513855454439 0.9458098231466443
7.852939624326148 9.951316811028896 8.719964412865336 1.391699233686645
6.167931918265994 9.502533940827606 9.545290302740355 1.492610252950509
2.286162280602464 5.986874703003823 2.35043153316619 0.7923637265360786
0.1602358459936615 8.06984093084511 8.557520204379161 0.7916116550930549
4.546577359874321 3.001506076584054 6.153423681808848 0.8091210774561565
0.201556004550687 1.07203439502378 3.084835755243818 0.9627371902331484
1.458344302420209 9.894910849301588 8.672398054224157 0.8616103555653197
8.71669995380608 1.93077044598881 6.281929876049993 0.9879115703294921
9.234483878133847 9.116559155792729 0.9875117636243215 1.57172218225293
2.540417806151548 2.664701330040582 7.691408278915941 1.304932455346002
2.930640924601783 5.468473620974864 2.093570790844316 0.8536466187555302
2.874073583078608 1.102165785375641 5.149821633031022 0.8268041754701576
7.016140359780009 8.504358038737395 9.910851673328471 1.153315383430715
9.968172239646416 1.893109966797092 5.715008235782228 1.434060474037763
8.036581218130241 4.535719241875424 7.426613086679005 1.48992802844172
8.415842531692146 2.010655890217983 3.431159656907774 0.7472003877097049
0.4959222902775263 1.421411946459344 1.263552767738049 1.042160313837182
7.896192917087248 0.8665791876713337 2.436547838388109 0.9421731925453437
9.844000534688353 9.84261014104746 9.165231979653152 0.7911798692971116
4.197887546116722 0.1420672505968823 6.27313537956956 0.7654242372905146
5.54728697388969 2.976547818570735 8.18251011617027 0.8805410497999439
1.952490241100725 1.089148934861092 6.574383498880776 0.9885881373851162
5.631244190668856 7.633954823389161 1.784427329490147 1.179255736136672
4.91673501430069 0.6716671468952196 4.146070109837587 1.552315885750286
1.801329100684143 3.337209552154107 9.752070763708424 1.336977725056513
5.093200580138658 9.622584620651363 8.803509650324793 0.7848417540216071
7.576355010875376 1.045911436333598 1.437336972160429 1.061871484029758
5.945915406870368 5.619638399232126 7.082415733134598 1.215134838779497
5.984557415365282 6.842300564580084 8.611263248331584 1.25116690661444
0.7056640661491798 7.964495585210026 0.9587309847568882 0.9113038671775692
2.87110695010306 1.9066261442158 5.467078646212892 0.8542840884383391
3.683590496206653 4.921935985227413 2.929249069583619 1.480627843497388
9.836991713606826 9.034263075402027 6.990909331089256 1.208836841199928
5.664662077290651 0.8410318733132717 7.079559093710413 0.8738775606046371
4.63395039351992 5.689578149125592 2.232846452796557 1.278774446186955
0.3270287877805278 2.110311125087474 3.631089208222397 1.128099471947992
9.172279577601016 2.78744788903108 0.4733344907998849 1.555054819274668
5.552124838373286 2.993992860417282 9.962612925804036 0.7843246484480891
7.068831600326094 2.657797366745662 7.437721204326351 1.012980183538707
6.951843780373738 7.621724468897431 3.122672875101426 0.8695661870635774
7.297837772168051 6.107487652986212 2.339058487453213 1.06996966189467
6.748007747242701 1.120491860800971 4.911168372863564 0.7381495625672464
1.791885545180501 9.920187456582111 3.657237034036323 0.7445093075880637
1.661668499492823 5.487977393227358 4.694898752535224 1.152178476372651
7.104545602417299 2.203300446621691 1.009539966001304 1.145739562284841
