3.193079738180461 3.048479300146876 9.610473227211235 1.522349180818146
9.387261460027551 2.885711500515591 0.838839040294046 1.303643895816632
2.269984914545998 8.77636634751283 0.2296779743629407 1.548378834350367
4.854689074525186 6.804273689380445 3.702111385530568 0.8109126421574359
3.198509957006555 7.249093709287188 1.281317655504338 0.8679578914978527
7.581446418929786 8.418132787141188 0.03270769644938776 1.598139331217203
4.04411423456567 7.345230496109655 7.047906542774816 0.9923409743083054
3.644879558768896 2.051484314584189 0.3399812983696004 0.7635342036304221
1.434686330720518 3.55107410692086 8.312091311665133 0.7342719260695993
1.090334651091531 8.735252094984308 5.357367670796468 0.8103304941756183
4.331453521632559 8.592139083192952 2.75834756082177 1.126134850404673
6.882088435970091 2.033769471487024 1.794614688063235 1.31586248547821
3.791209159109048 5.748343468932926 5.596824720892985 0.7312270388211991
1.678876197639106 2.677360845291058 7.734162955601337 0.8757500405239786
9.894107785881129 9.06008218892676 6.986379309201491 0.805748331462727
9.993943040524249 3.527821262592429 5.024491824121876 0.8154729746488666
1.646153943843257 5.25478335575603 1.601110868211874 1.560058979319797
1.176490575814287 3.873748862102583 4.420398680906995 0.731592336479721
7.8331276467562 2.043781236544677 7.455073329109205 0.7481253903034164
3.955803370789202 3.613769709395032 2.363349879375904 0.7743466702259154
2.89309872395903 7.674737566464618 7.409588286899544 1.232498714937436
7.667905675595522 0.2116755581553742 4.049079066890133 0.9478140019180059
6.123800429685744 4.289393997930464 7.584947463347396 0.7299371667796107
8.631501097994805 0.5573152992822272 2.132983797136817 0.744878608841213
3.102866583887048 9.614057341092517 9.728896662520384 0.8362457121133321
2.629595593795215 3.062084350213804 3.603941378236085 1.023213816454285
3.792113494332749 3.196880020789721 3.427219138010387 1.301334475272994
3.429981676707571 0.6659627458343109 2.093655374034956 1.434166727557901
4.914182219764568 3.388209807304787 0.1491250770906782 0.7303462082060147
8.198025651308075 7.190290172897769 9.987626640373154 0.9766074163701947
8.972834048514896 9.256612392646929 6.981650489817555 0.8725993827219635
1.108376447916234 3.147581428254386 1.805652288830928 0.9207547175697524
6.817133598914498 4.214317783237831 1.18632886954444 0.9573632207433163
9.743374539465217 6.75310469068795 9.117573905433952 1.061324166767744
2.363704149911252 8.830069437420786 3.476333584203886 0.9061023382425605
0.3638401569646099 9.399612551964214 2.493201724749016 1.138680650783099
9.253881971615328 1.338214987428626 6.223751144106281 0.9456420135750477
1.027725856387792 0.6216112903170989 3.837682776303288 0.7893360116938382
0.6274695510151185 3.602833934732346 7.882780079823511 0.9513160911372905
5.97996011544086 5.453424126329368 9.500188064065439 0.8126434742629814
0.8035253662895991 0.590808735092454 9.720188753328172 0.8720109072948633
3.409839864376327 7.109269399015017 3.976925980058447 1.03756138217748
5.043289589069091 0.1032790874250866 3.935472887735192 1.263959810085661
1.270375180226467 3.893964467183556 0.9625802327970268 1.27485649088272
5.315715244176364 3.89041831070664 5.373071500490268 0.7738810989449292
2.657385093733783 3.593862024681977 5.717441350582184 1.530858624654401
6.885487675322023 7.187129153045214 3.80185319244517 1.039859789667088
1.660030221179661 7.973418031092894 0.9297421835337438 0.787635247582372
0.1932924711891759 8.384896769459242 2.67711901919038 0.8842196852711663
5.478971650545248 9.065761179386932 1.858763079528536 1.520108313521799
9.176643301201613 8.306386199469211 8.242245681620465 0.8909198065132296
1.653220672480783 6.247130063192419 0.9268622276281757 0.7952503389769956
8.689409086581112 9.725549382543424 9.493476078461507 1.117770940558799
3.048293589188367 8.396974297058549 1.296760003175427 1.129436385932003
3.200451715348273 4.474365364872666 7.740367210301883 1.175188303914649
7.776635711845135 1.648793738299165 0.1765972460969445 0.9572355373938006
7.245332956663739 7.251659894214706 9.778694188675299 0.8353830478244618
3.328751780446792 0.4846548733373834 7.766406975939578 0.9798419061277834
2.49954139763537 9.982547925307559 6.505029623589881 0.9657060958229595
3.279935268920962 6.551970210070055 2.008696873522978 1.114937842978428
6.469675859459909 0.2559194285131361 7.26149959386736 1.273669529547444
2.265990852792322 9.925999488783241 2.101478056861595 1.245424214723375
1.02228777028833 7.496321938596255 0.4710921266168766 1.000872922292418
8.507323609195584 6.372114985515114 5.502323618267885 1.612552438555323
4.091179596245214 6.133523498088898 8.325018090625672 1.056005464235174
3.33395547506108 0.6593302980824911 5.838116080206992 1.504960268568521
1.650343838651747 2.742183456737934 0.9423308706494216 1.078318689102575
9.44092987152337 9.220956310838883 8.594307078004945 1.068714282322112
0.2047288062652197 5.186652639436018 9.257260221690528 0.9120322170972853
3.141832719926914 6.351776533990368 8.827391685591342 1.001288761632616
5.799261210190883 9.813957263672876 1.039602680199025 0.7498989382422232
8.117173161966651 5.59230543573901 6.942422393151498 1.477032442548649
5.737535738503005 1.492105757162605 2.681723114964143 1.265235674303262
8.999978988936498 2.164078707913354 3.483769741406463 0.8405170806906767
4.349586367431797 7.831345767732055 0.3244543706025627 0.7614444844874938
1.16243570635447 5.71549255374306 3.418897114978721 0.8696162655559667
6.096409977780916 2.154313810046243 0.5749866670931081 1.358593408120994
0.8726880072400711 4.983559057831449 3.96039639720863 0.9940377936034386
9.395636667634552 2.285118928962394 9.840155835723509 0.932986302943845
3.153667380477225 8.926774245709954 4.151708757613535 0.8995660864357984
6.90766769632515 9.414990374155051 8.627884737463289 0.8906833273482296
8.503462463871211 5.26370341503803 4.436417380261821 0.7654638329981928
9.447973108356264 8.855098679941852 5.367257348753328 1.137475198819435
7.992194408782247 0.8604048437273581 0.9398173941636578 0.9344186467149322
7.231929327334476 6.556938452694142 6.179486264197275 1.003650278796605
6.082742623447364 8.215619596408651 5.230602707829701 0.733953541418891
1.121311079381245 2.211275851678827 9.349271068708989 0.9797569131396898
1.017373219780954 8.571974532209602 8.478286924329314 0.9654832606869188
9.490099912759966 0.3132585842983926 3.106505478279511 1.586870299116162
0.362887672747062 5.074671451926921 2.162537806709084 0.9528418003501367
2.977868679753678 9.791341140258211 5.112971044864564 0.8050412796674478
7.697045803214775 2.12154083437162 5.936108429721371 0.7376191756742563
5.120214746914128 2.362790623709743 4.727395867264194 0.7568171586112722
6.523595452909901 5.965804758398414 8.120832858068445 0.9547063497176939
4.482673628194616 3.592790483568638 9.368956111605145 1.029595480508122
4.297860149041317 9.633469539335024 2.212100302419321 1.142052224704751
2.816062377582518 4.418285467156787 4.675897151663611 1.101078057896514
0.3582178498599431 6.597563647904585 3.269782160882202 1.165552519694663
1.207440398889053 4.067627192797918 3.622936690646104 0.7554177414720832
9.970714454782904 5.930619242213843 2.402537666755123 0.8198583883247561
1.037194884656423 2.825332039296433 8.256916562408177 0.7765941100354462
2.590910042371003 1.143630456073728 7.898380894304706 0.9788334254763152
5.337442807402089 5.326251548313833 0.1036167233861474 0.8213404700813752
9.119942325527006 4.11976266590729 2.467279346977529 0.8310118023284979
9.517630459737456 3.139637616029233 9.773268809811563 0.7416177156209934
2.155824773543288 8.057075770035283 2.984007049836318 0.7906303422873371
3.330578500277337 9.465482737112978 7.716441788995039 0.9228111188083626
7.766862453972707 8.607810715228934 4.891376431266083 0.9330170589160262
7.345372372425588 4.202583061989545 4.87488202441279 0.9521745851626583
1.884065088279732 1.504593900840813 0.8432466859995513 1.128597236011598
0.4214994710199593 8.631735400054197 6.097369592911466 1.160107916636414
0.5131856873486229 8.486985671965453 7.236253387089238 0.8922365522720114
7.27892587361255 6.305167602649807 5.270898954988605 0.8405172191183259
8.426990919400861 0.7289435737986194 0.0340134768549083 0.7566711530620399
5.580259100229241 7.140072408681143 9.299294800764841 0.7467926692921284
6.293561909897302 6.80639632208204 2.279895597408765 0.7909237449017994
5.547102260533334 6.611160802747658 3.239810752304167 0.79254626422472
9.521874901026797 2.989670264995612 4.630645271424561 0.7646485815470155
2.036489323593561 3.804027509183179 7.280685380553103 1.513674586908463
1.230275230622568 4.435157332234728 8.1120427784856 1.079111638075705
7.252313657198101 4.519230398333678 5.706386063720481 0.8022836190289179
9.669245470437279 4.412316686273221 1.792544207495675 0.914125954280572
1.568195008723104 6.544985645392916 8.349299915563588 0.7300636224918922
8.97589151339827 9.78655066103269 7.917114311366507 0.8737389990387517
6.758463071814269 2.122334574833049 8.885304216395397 0.8392098119647711
3.669914454833684 0.9007273026438134 0.9012479776759141 0.9215021187286325
5.791003859306338 3.085273744665173 9.12006532005168 0.7423595217726596
4.840591505908418 3.740395391896381 1.440244179294905 0.7387209346623738
0.1767151020405999 5.436847281209807 3.220654465160384 1.103190231351528
1.636513780210842 5.928276587849078 5.239570842010881 0.840390495758211
4.945237061540816 6.888618981275871 6.76597598185866 1.051131266439149
0.9173015460660638 8.746676614483965 0.765921357043744 1.314561490313814
7.16788615513081 4.771258177011399 6.478864647835188 0.790726060148246
8.888803889559197 2.309000714183863 2.242811928407589 0.8350815662214863
4.507154102890584 1.895737560922576 4.040571269399156 0.9031706821329047
0.4294820992417647 4.34320084161161 4.69032097933275 1.018342331339334
7.140082825765005 4.554071103672404 7.509167148259638 1.233776430043413
1.366843046654053 3.023802950792072 8.994813413186847 0.7701653255912783
8.579004480696009 0.00331763797607687 3.962459589551338 0.8969306985142569
5.391558077342725 8.585516891293652 6.471177216530197 1.343997879460149
9.096511329613756 0.6391517169972073 9.500377981398289 0.8289141433540482
4.914607938074026 8.237732422938402 8.24865955468994 0.9264019955876117
4.276651554311959 4.999750750535587 6.095799942721941 1.214113942694073
9.234281542099056 1.564373045580589 7.278565497985661 0.9730855656106436
9.188033291588011 2.918046454002859 8.942479825191514 1.04742217798614
9.712374383406333 7.557411558016891 4.717110184111671 0.9606272931272467
9.672293066176081 6.433063092896405 1.591405035043075 0.7868403746872291
3.443822374839072 7.115534853014095 4.947319798779117 0.7688682069022688
0.271277513656798 9.871079245396004 6.234500428128412 0.8320476722652267
4.942838543847056 5.47154448139184 9.032755940250418 1.313544370633936
2.8955320114996 4.08215973661573 3.63600316360672 1.020889281725684
4.623408820566585 1.173314940836864 2.464089187775007 0.9248399733210556
8.30432767229753 7.160953638088892 6.939237796686764 1.602082161084548
0.2297086990866448 7.731801342074058 8.975046860941021 1.10018978847665
7.85037405388081 8.761601888960326 6.860277183781989 1.505154180835079
0.05219090310784269 5.65936906147993 7.726120100850842 1.000631537932857
9.444734292271679 8.891665714863059 7.627356946112542 0.7314262186279993
6.185538973085584 0.8239279277484124 6.341473456084545 0.906753236603427
0.62837102496902 9.623641370398646 7.016909856009885 0.9223742125470477
1.521753446401762 6.669203175766554 0.2445803036345506 0.7829886087654346
6.945210015241534 1.892195743792555 9.885863166080624 0.8314159216880121
2.122192657899486 1.100928810325912 1.99646409733749 1.09269673679253
6.667732933663162 4.840023811079621 9.056829485620472 0.738620479158919
2.357766629814642 3.217569598568937 1.590536109700657 0.9457011847024264
5.24908471914534 0.6296610940918057 6.978597166465131 1.28377079181633
1.597562364417227 9.741677546531738 7.386711278159659 1.061422625804775
0.2401662886250266 3.254611672681005 6.12236049574904 0.7321556027376509
3.160653864091766 5.274876465979078 1.625883321225913 1.350855234737142
2.305203206623521 7.516474983378769 4.780523940129091 1.283883041604011
0.1188066325082426 3.754398217649785 1.157950516250394 0.8714142466116962
0.03156991640921536 1.815424872359834 0.6132145578671366 0.9461256801073153
0.1459628012271752 3.40821908995414 0.3191538292908258 0.7365752484227495
7.004251940767322 0.424458771012387 9.514218379434954 0.8095710090457993
8.738421063384669 4.494232064000297 5.026258073726568 0.740332865189177
8.406978090667049 3.429304350543235 9.689440434695815 1.302167586765363
0.4774128887094287 6.702995989288138 2.039700619800822 1.084810681846447
3.958636232842649 1.964421051108455 1.511371826867643 1.544968939145848
6.344199557910041 1.093155539677171 9.836947871439733 1.124744401901356
4.979940814868429 2.128406604970167 7.696922670088073 0.7908015447503516
8.899116863723199 1.517647252699998 0.5571129517333839 1.316370150989876
5.796269992229702 1.514224825470847 1.539657840027242 0.8839727809361312
7.035291133586303 9.523182834968191 3.299844464778011 1.392097914158548
8.902599080930129 8.043840555295333 0.9811328854344803 1.523342362552255
0.4893597382943082 7.577192019883262 3.889260718273335 0.8752961345428211
0.6514467528249923 5.356019911611027 4.834504476049828 0.7498595034087366
4.08336076386652 6.885817041689404 5.917427948094248 1.329422406881585
1.512038303522083 8.246667483956257 3.996092799851164 1.302087737634898
1.710852460686061 0.2352172129434182 3.640766415144961 0.7676006907143723
6.699345281647057 9.307506138792519 2.152169811544931 0.9217658458305225
7.137315743371198 9.621033201137845 9.727804299172996 0.8329998090866293
1.547842324313603 0.5681133120087478 0.3273013501987843 1.007449881341547
2.509567781985359 5.539066819647852 0.6217598022373005 1.042419980911366
7.769156382627995 9.042155038293179 8.125964529924218 0.780135578618967
3.081267531796597 8.655306038616898 9.002428909075924 1.35315859138907
1.142635492575478 3.126949844467626 9.983639430512433 1.126417812644827
0.4809170980589461 7.367211741911298 6.644581466095421 1.536653744818132
5.063392360077783 1.566897443436984 8.343474986707447 0.8900723240043089
2.283724097925708 1.948419593027807 3.663850872089449 1.253976018185179
1.179907670053738 9.540591961863196 9.626623856565409 1.299908431544262
0.9524881558056253 1.869370049463867 1.818575598111213 1.607892732793394
8.859692726411017 1.210965893997688 4.741463497021823 0.9793077503913589
4.790354311197215 9.343704801525893 4.852883282923383 1.063687230238551
6.874083130305063 5.158575279756998 5.011669098447919 1.125241219177748
4.899747191059405 1.740500243452835 6.756600762729437 0.9990542898963458
7.396972009156508 1.258404852169714 3.555360848593769 1.339326591443801
0.8360871232073708 4.239303521525756 7.138461970967663 0.9591874608574382
0.1739486629130704 6.671162157775696 7.648583333306425 0.8940471021660358
9.414376234945594 2.192901455401765 4.332882627546092 0.8364106561676439
4.563068968580991 5.463936189365208 6.932012091487471 0.7485038193011991
3.052389479753212 6.517194743987721 3.385269219162796 0.7441746765435655
2.43438837390515 7.186812170782586 1.735008961611622 0.8475811697776797
5.490491241344535 5.347834063018864 6.323086920020518 1.193857376004611
0.07259924755598335 5.911130640540169 4.853492256312972 0.7679259421603924
4.928270799023707 8.806288449138716 7.531187921982951 0.8235238143857198
4.857196197396334 0.6530374373093062 1.318430376272794 1.584041212744231
7.864933020516608 1.661141243999968 8.149434935640619 0.808029092957852
8.626264808487138 8.960954513269909 7.884699841059066 0.7967369817782737
3.44401490999992 6.82519728294344 7.893911867602896 0.8943239624901252
7.751444742818284 5.774635345484847 4.552676504414046 1.019614143901921
3.226902967314651 3.395072052142066 8.111384054766752 1.038598530538298
6.163028157794024 8.855612607724007 2.864325292092134 0.8116520477083571
3.990761376025624 6.219663365587629 7.186197198140435 1.17676908713226
6.643889557590227 5.773152734767019 6.932798093317794 1.400631139103679
4.650937227948032 7.532562841003256 8.668948444926031 0.7654195114803587
7.985329013366242 6.641722897300627 9.02219503348717 0.9986608534838129
5.414515831798295 0.7390315201438846 9.079079551451505 1.334159851664259
3.142893882129366 0.8084499442623827 8.967774359465459 1.456691084965169
9.153217178300341 0.6906129014275753 8.142821502168426 0.8257354920983373
2.787697469959547 2.480745284031224 0.8762090358562391 1.220200233874424
0.6608424522595091 4.122416021919424 1.944395846842293 1.006588384378172
6.597043572602238 7.672744153718791 0.4697301428116474 0.9727461159588031
6.96091147390022 8.406052596749817 1.471089510779152 1.31910261703425
8.2430950661279 4.825491632613877 2.728661540346913 0.7443404820642359
5.880317027048427 6.592327470698028 6.72074897634377 0.8147478061233103
4.831244423855989 7.780812513284605 1.971880363601256 1.297962115396815
8.512346858353057 6.804821077862662 3.014268876055922 0.9864889601986461
4.201369670241012 8.110010438667976 3.911156488777721 0.8897964711301483
3.741085440951116 2.784661594608728 0.6263884502634909 0.7803392922282389
9.369013919484519 5.788706066865166 9.28364010253353 0.9665326650557969
9.551575656156269 1.882108019948568 1.596802014626516 1.148039415870293
1.005230378366444 0.7005624470122374 6.905779637301664 1.307952852780756
8.520476213452062 4.687900773388312 9.406731777722348 1.046668654238072
6.241477578125293 1.52816681521043 3.730956586084063 0.9572718114866648
3.32491630261425 0.7001577687879179 4.563330377025342 0.9609215870703887
6.885075304007922 1.51556779542652 5.825034498411488 1.190924616093723
0.3629496761942108 4.281503715956562 5.876450338686574 1.280763213682912
1.793066184749607 7.695030771607549 1.763504495755609 0.7621242051803323
9.088952546934113 4.422248605684504 3.321696408783164 0.7643265574649614
2.877137518285312 1.640973369328648 6.512433460924036 0.9747308242049971
9.87392315435528 5.015357669739346 5.184128589748515 0.7626330949216895
1.275897948134972 3.937347149179273 6.354743521722486 0.8511484727761123
2.290523567571335 3.021536456562278 8.297584541581598 0.8637579927070617
1.100730140846462 7.598378302387533 2.754543867263771 1.475966914247578
7.385589403045138 7.3822633381405 2.548591620853447 1.612740596016652
8.833500537613597 6.561243529809326 0.8992326451502752 1.311464406740056
9.865449716547392 0.06023360818296242 8.310215513616049 0.8203564567166586
6.339183579259126 3.116604850352258 2.393290571107041 0.7764671597859417
2.964964311951788 2.527397860923121 1.925157693897488 0.8293548893619175
4.303206734232524 9.811605755942015 7.417560037557626 1.104895276878368
7.920636977715356 2.660372934264311 4.495502240524142 0.7449262695126301
1.070422642961023 1.845804731844457 7.479391504811336 1.15205518689948
8.866600795393104 6.244593330088939 2.133782432482569 1.066090963622783
3.347369480234429 2.287939823569601 4.135409644729569 1.128786906339357
6.284585777009447 7.975662971294386 6.152804074331925 0.7384865466605418
2.217572941096507 5.949156598942604 3.539336214335997 1.20604324185962
2.178647038185386 2.210301477022588 5.760585561765853 1.250186566084302
7.005497124521796 5.509193509671976 3.884471447778678 0.8935850473377324
2.139733549338709 6.784325334335222 9.340588851154507 1.228802280111779
6.278890043244192 7.111049750099995 3.060438744048581 0.8100936769498861
3.78041890482845 4.341315575289247 6.927963279506135 0.7702870852920154
0.08519508425364419 8.209144236070017 1.146073836987446 0.7396406466287918
7.355737642367046 3.580683411051993 7.315227741194541 0.7423944380875706
7.127599967000613 0.1576266202706567 6.022704809339157 1.413020781245669
3.397682295968646 3.343255423159246 6.933292736553028 1.298146688561103
5.217921535869982 1.345316849315739 0.1710482490252641 1.114858085904365
0.5247499089267016 4.242077720624954 9.927332265412355 1.223016321010102
5.266032745141732 7.947253221663594 9.180924194443584 0.8678380824672
7.363470675839729 7.917376923314119 4.35641513118693 0.8579490818204643
1.137544080075076 8.218226481332223 9.577617550961907 1.246884444795296
5.33736540353234 1.251071947019439 4.658816576960457 1.448979739158744
9.623188116898797 0.3844492975995117 7.081967334496961 1.493937233196715
6.713294460183317 2.285460947543068 3.070656217338519 1.222485742328923
1.052404782727748 1.265491346916499 9.011999545251344 0.9045233425738378
4.300706783113615 4.39722715323418 1.465422382763922 0.8868046596523645
8.420190491299989 3.811294188124676 3.189554581887116 0.88445010315328
9.722221201132532 7.22737715066419 8.192578070798202 0.8071753515379677
8.432710327456864 5.811457293236545 2.978114490836834 0.9382517405722725
3.052792412886316 5.715999498005048 7.797487681725362 1.23364547997274
3.092163943894672 9.68614860720532 0.5897130496395886 0.7504554591690448
0.525834868125018 5.817478439273146 1.573014791991355 0.8716940554975791
7.631059294352006 4.868672455857316 4.285067036909705 0.8387766071625035
9.488522590945692 4.254286260656496 5.027792579743611 0.8081698282460468
3.887074828463775 7.894623847816067 8.141198246263663 1.153838932305218
6.790687970183192 7.351620217673851 5.198380836995526 1.394245262111965
5.811803089821836 8.877347516689994 9.303761863654703 0.8722764916338906
8.397288161203749 8.711274737225626 8.891270647342848 1.195901246429998
4.070531308000076 8.787129116772178 4.543666068679754 0.7329939956670812
0.6828039123456142 0.1092284569079716 7.890534036551348 0.9707831543747956
1.65718631118732 9.714194524802997 0.9137930001459693 1.017354520189846
5.439650938430756 4.561666161610043 4.40616717260372 1.381126541486271
2.260523420908393 0.001364030308051989 0.1008182303681215 0.8290861960590804
8.460596403965628 1.294910409861768 7.675163868833446 0.7703221954662051
5.080824265641346 2.215959741017132 5.738032860615228 1.225321503377315
2.361354516666704 4.142941351470237 8.773770160311187 1.496479074611399
7.30013623918843 3.516628108371517 3.761909884646804 1.552988952488747
0.2234926081591249 1.132956223941033 8.110404593804793 1.266317599580816
1.273184353778288 3.836539640363776 9.159437461779463 0.8392860504894742
2.951563888305205 5.05605377350078 5.84027352058295 1.40428953789767
3.598967458279563 5.219875179954967 6.93508395279118 0.9485501628749358
9.609212064999744 3.806786192442414 4.174224546756475 1.077226784443195
5.572752810649864 6.696201160790869 1.347931794391771 1.507497776931308
7.313821598826721 5.50876994255191 7.789894828386184 0.7456286945054461
9.128778989920411 3.717076250575832 1.482563688783519 0.7648759707078514
1.840463561871946 7.098230385841227 1.03145910612109 0.9168149128690022
1.197409623077408 4.721688803151658 2.835234581734423 1.22118877451292
9.95466112732035 2.856376351976007 3.620100805097962 1.177271205977695
7.831545710905877 4.575401981445194 3.421708682594805 0.8323692623839657
6.920366113962051 6.771293566731146 8.747892962292459 1.158149841036268
0.419729709669876 3.806088793124768 3.604991713234612 0.8664960835741434
9.40496098138955 5.412751224616795 1.309317502459421 1.290514064409662
8.511638985363376 4.506474727103196 1.68820500918181 1.241869100404157
0.8533076691050423 5.823296408306916 2.524280513428312 0.936515411613965
6.855231543236363 5.148096578130803 0.9300543900352687 0.8475276917941602
1.977943237461223 1.670163535851394 2.739371562142144 0.7364435118383118
2.594282107823624 8.263502919152888 4.05859299866133 0.735526935750643
4.269154336065476 0.6751260591618691 8.808559028241065 0.7414836013779428
1.38105744723099 4.930624591623745 0.331644693202281 0.9397959465013418
2.710308993844195 6.649155775327088 7.520223871219588 0.7589912642835566
3.303029204194201 9.393742554384708 1.73447216018733 1.062977559863541
7.786296372484821 9.183880797654108 5.673949890567618 0.9735751041703018
8.244317937374829 8.060681459832262 6.011059667620002 0.7644891829924144
1.109501330295517 6.066669603443452 9.057189486578771 1.078502484468673
5.119715619996497 4.726366991255612 5.505415940242231 0.801791740153011
2.040814999275326 3.732484163262595 4.311020765535687 0.93303382583382
7.506568548231247 0.01951304565976586 8.892874468224088 0.7493918322095542
2.441174422965986 5.987435175428115 2.424644229694186 0.976941268459015
8.740699214027748 9.363912013601135 0.9589093798469017 0.7412048032124198
8.750555445840693 3.283919568523908 7.873564628589784 0.9750230054100445
0.8354037599523589 2.019195097946351 8.473402623278421 0.8426521586952749
5.739206118650797 2.016518770144852 9.266910962874885 1.284232061271399
7.728916809771094 7.31979880013506 5.853510889284537 0.8012444673207806
8.425501338768008 1.999984972994128 6.671402867519622 1.182452263662282
8.852901172662854 4.232011529667258 7.889423162478431 0.7727202208112793
9.476258581653431 0.9269653053290194 8.838358309329109 0.7401383139825538
1.500833527054006 9.719171202933268 8.472423799917417 1.067811638937749
9.581353549279443 3.740533320123537 8.309678784836498 1.007472110621729
3.951453772426148 1.899327305029485 6.262429938030731 1.116515356426236
2.697764415089253 1.59204378692716 4.847559789976239 1.144332463961325
3.780113712905827 4.265088140744041 4.104636994690972 0.9699617086208352
3.439476210117161 5.693955751935659 2.831896901416776 1.191892083309032
7.440935637533612 6.425222716379977 7.673325788411278 1.054412683270613
3.186230042983063 1.821828925931427 5.690204287332353 0.7701731470499098
6.844634386019655 9.09293527811289 7.663371529060014 1.054482637128276
5.863151675942833 3.400768127337475 4.912710524982673 0.734184820795812
7.963482961438288 7.659961172661607 5.010826845118801 0.9128202195912141
4.272677746664582 0.3461832559183375 9.905321765508466 1.484706966791266
8.68225263091462 2.454244769279537 5.370932962213131 1.561166111794039
8.928625231017751 6.256273158531085 8.132632987382538 1.573866718958024
9.516518827943742 1.308469229992653 4.012791647958084 0.919149900588165
7.487195099342231 4.917412799954999 1.656660944706422 0.9226292217579185
3.515423054239787 1.196498304785419 0.00119199772499301 0.7617936748690991
9.938251576266213 5.28554839285002 4.201186724688818 0.8122219529884889
0.001263519419528736 7.687509074835409 2.069324983440737 0.9152851265219942
4.078040376412954 1.898638261552925 7.301275720276239 0.8456745659938356
4.445038997053056 5.455736173519106 3.131277862909601 0.7389396254538304
7.388816528960596 0.2566192942919732 1.278681511446675 0.7308600203511253
4.034045863592835 3.8354260639659 0.3937045089393509 1.1824131677442
7.228079030445556 8.785936205399407 4.17112758300354 0.8318131770231751
5.324741465025915 3.632705840574192 2.100705312107624 0.7785300598986435
6.212287726383087 9.879075505713802 9.447200789353126 1.044572283095544
3.201106807779048 6.819209735485143 6.688002006554497 0.9760020002451421
4.555045377154205 6.47735893248587 2.586346835965004 1.505123998434369
6.8647910730831 1.576669760772041 8.01059752429485 1.124262661410279
7.647486013797867 6.779227590294105 4.581737051873286 0.926136344480971
6.973292672731793 6.123678667011784 1.595942820304721 1.474642066793751
5.565915095188359 2.597033519261958 1.835195337767223 1.359106790470179
2.077262626278431 4.528731168616754 6.363878499535157 0.7631571640118405
8.656531205444828 9.04344622890649 0.2089785530372701 0.802495899795477
2.5470337412772 6.860641758790009 3.862666738819917 0.7406234259579203
4.04803492645383 3.137484803152651 5.700911220495311 1.323021002579956
9.334059959411912 7.210402061328491 1.721632852469045 0.826676199617789
3.230384200135682 9.519125533921137 3.010751903635744 1.44320651440434
6.677660552659446 1.538348629997985 4.687009817143871 1.085770027960284
9.343411454215568 4.741074875308065 4.399078401060756 0.7776546626269635
4.284228185294856 2.74878966330901 4.565070378711663 1.078736393292462
7.31463434667485 9.411341568689842 1.565577246418184 0.7427504924153489
4.246524763530841 2.161229104242034 8.096704016694714 0.7727205525213781
5.413736889646181 7.386185748387883 5.700602689348113 1.433174070450749
2.698814559513583 4.138715571838508 1.487323715692164 0.9332420191996806
9.394106093757181 4.87187537031362 8.580575178039727 1.255519910084787
5.342051745163174 8.457986717059857 5.241867606049951 0.7634008437760909
4.769114211059904 1.395218547193491 7.559507344127487 0.7339227014284209
6.631822163356243 6.812384421178225 0.7252443665621089 0.7897164404217364
7.504608660248089 0.7373627342603351 0.1218360856368861 0.7927834735507453
6.590810149081006 7.31318096973522 1.501470391776516 0.8199609814252307
3.748573874926687 6.369668677935962 4.972732046621546 0.8154883832117776
6.317256615302187 9.816112862825838 5.30966991078781 0.7304141584211407
2.231601375375698 6.473420613945355 4.531199424305854 0.8247540149020779
6.865009635230563 4.255570797872442 2.108617584948949 0.7421267174624189
2.17560970833148 7.876036803201806 9.341849602432228 0.8840353939311527
1.122157402488293 6.525146934846847 5.865312476206801 1.041469700740361
0.7731398364124042 8.584595223400219 1.936985905850918 0.962146207673422
9.899212424908891 7.8356532355083 5.657337383037518 0.8261981007528766
4.540637926026217 7.015499419304484 7.924564657290705 1.014816250709018
4.472322597311657 7.249647360164954 4.65213313727072 1.348329408241185
7.717870708621435 2.783290484048865 1.414873156303164 0.949449150931035
6.312261919775034 4.536300882656299 8.310088633057534 0.7506141411239199
0.7538653558643682 1.149984471104991 0.6121955396325318 0.9435383050999573
3.275409101263121 2.495190995650564 5.153352808552191 0.8835410242506671
5.44574335996306 7.607889005254019 0.1811426020021378 1.218632731682988
0.8957688807993469 6.032544431460848 8.030263897887979 0.896292699018541
1.678815608376928 5.617439674429527 2.750909438447054 0.7772678687241831
7.701012098314032 1.039559000686024 2.049576290556114 1.265416314406376
5.875162940924001 9.845882535620825 6.305148322069013 1.081762800976391
8.627498870275868 6.306452656340016 4.043807859903236 1.089215971310427
8.057641044543235 8.071412216136922 1.820385044347994 0.7596055738902312
1.303324781691245 1.669426946650779 4.700239440505523 1.597628690411521
0.6459657644579997 9.654954148065249 3.700377844057836 1.263607536133299
7.845411393007138 9.004033987372654 2.334770297203791 1.248243888145363
9.276259888693547 7.153015491089379 6.218630605451262 0.7476340445222889
1.752147705095727 4.136129545059939 9.882313688860423 0.8515647898776502
5.023654554438854 3.096050641042969 5.077890423173742 0.7744628443249025
7.318913310205238 0.7673425872580897 4.993957586227433 0.9659956228633336
9.52135362488338 6.15769758811691 6.670892458774857 1.428592512674817
4.396953423617028 4.613226198221743 9.679048825866182 0.9979975520349439
4.563496473047925 9.723514166749315 6.110907082172989 1.506865312790729
5.98989933850008 1.034557374307457 0.8071776146330467 0.8665499216317039
4.496773901134201 3.066229591126869 1.942126309024601 0.9200206108570598
1.319121473773682 2.937481910043161 3.838989475266142 1.353714629282729
2.932662002819564 1.807910700938321 9.654871318083428 0.9326629134629678
6.144243397587971 3.869075192903921 1.980258181408056 0.8735846972525082
3.370222246936467 8.9322723422114 4.984544007602923 0.737962086477974
8.840697969973169 8.331786524332546 4.250448744036952 1.474092830323127
7.984428983382852 9.13647833772275 4.052937510270662 0.7553907016208848
9.464901002671251 3.903718869019235 9.325776717043302 1.003449486016682
4.61798215712271 5.990770045354292 6.297938778764891 0.7683895658153692
4.633684540972635 3.985760615117198 3.82585551646246 0.8763649477435831
2.361874054379371 4.992677264679443 9.716565591460075 0.9979684470714315
5.305189592799242 4.622871243245783 8.116987603336868 1.216629147377195
7.122447731123348 3.27074232298454 0.4611598409921425 1.447896029966246
4.827380884192245 4.587943457877486 0.6102799234246836 0.9951211045994059
8.222710499510672 5.570822184131313 1.13421656703799 0.965271272918743
6.574206680760974 8.934088464306647 5.786539831762163 1.263505350341515
7.357355907738841 2.723543679075636 8.173388351241774 1.251765649108938
4.097262091308921 2.949070663953107 8.629890789486691 1.039978652220184
0.5982587382649296 5.518127162163696 5.809188374766874 1.19283641154011
1.107933080111284 1.790263920985458 3.276126682846487 1.156625844377456
0.04565922694436009 7.198023399933981 0.9157021838432122 1.191210531416609
6.713093591268117 4.409611663860491 4.334086688698383 0.7307867941218879
3.066941336724053 2.458430123237802 2.960448194929586 0.8366693467282921
1.992001580719237 7.511144443266897 0.1713380364648409 0.9294432963875017
3.620627776225909 1.505427655935055 3.185428155788841 1.301053634011941
3.499685125265504 5.117612064482841 8.972419701633854 1.453753005383131
5.617304403700553 0.8683331128361538 3.528585052064775 0.7802954047842321
7.790926465097424 8.444828525702459 3.410664077904477 1.091597951624335
2.330046786756703 7.632321020122498 3.66874650898292 0.7951748637427281
3.832472947238502 8.860470147922914 0.298650280727577 1.504463089161815
8.084400770373639 2.998473823394006 7.149362452049091 1.019103472439692
6.115404169340779 9.671120065063985 2.685054627003066 0.7445154059326019
1.596736312752196 4.97242511712702 7.173940921736977 0.8170453199310398
7.596504741538688 6.328222975346721 3.500650364152526 1.200466777770834
9.994926887673092 8.112894476915182 0.1061148560583924 1.202278053502214
0.8917025163090686 2.972666909842268 6.932071469143719 1.335417692743299
9.235222929786476 5.001337257039502 7.366209649575774 1.130780899287808
3.273718959331341 9.284202796399395 5.941597890872844 1.181161583331735
0.539947444949368 0.001711118291587432 0.684846706037191 1.264773998676147
7.417872445578014 9.972110642078119 2.250298674577766 0.8184182534843204
4.031140007712692 5.981775527898886 1.683812896521042 0.7657797984482826
7.1849284910533 2.168260348542308 0.7211299904025614 0.7579378650391833
2.505264043261664 4.824788697893647 2.746770382429624 1.282851939457498
6.635072783640121 0.1084940263986134 0.5149112302109171 1.206864876313562
2.819382426534501 1.761396801465607 2.406735605798458 0.8743545208213168
6.042190856552138 5.683187054100176 4.439407138147087 1.018505563168641
6.088473486377619 8.862606917095253 0.4448398113024499 1.43211582879555
3.091719977580132 6.263972210720978 4.362114608280975 0.8205376962069795
1.861531302358216 5.935002032599987 7.618098683847938 1.174631628070264
4.525302651185192 9.494737004581919 1.241937908303394 0.7730759990451846
8.492797589438377 0.4648944198075822 7.62452540189711 0.8574339643462561
1.644191662704437 2.390608112061317 8.564750789538776 0.7999019309975424
1.883731587940862 8.739242086143229 8.927158287984478 0.9067144547923318
0.8267334729317122 6.333652137927016 4.939354485527647 0.8966083937192837
2.241238258642669 4.509432466608453 0.6634697882045482 1.041240328715337
8.798539615585629 9.022340254313882 1.755381133396413 0.9320334963046645
6.568692184595495 2.598208351270668 9.699996311389548 0.7462338172876157
6.800961055822237 9.339373468064981 6.754643200143036 0.7897993021752938
0.4876526392271263 0.2631763277558652 1.687626051866755 0.7738478701131017
3.909804357406056 0.06843790902707592 8.367092443842401 0.8161059219792804
4.99491061706939 9.40918050593273 0.4138396284244017 0.9710435378817028
3.364702240574215 0.5538319011309156 3.620265542847676 0.7603781915486213
1.648108900477712 1.067486582790221 3.650603043635475 0.7578980310615718
4.27520748975278 1.419388269961512 0.4499975711082194 0.8189050182220659
7.833177434358651 1.819717355450201 1.168575518660484 0.9359205027477572
8.704155145862996 9.69099763053638 2.409181563699059 0.7504125748330018
8.559826398841194 0.951165754714095 3.828775933364481 0.9330682098843419
0.3319766710243599 3.116298332189954 9.080077573753602 1.248725800847759
9.972931536361678 4.558560798050892 3.702702493457052 0.787985461446282
7.143311829358288 7.694790282781813 6.476657129944513 1.031234135806598
5.953723021007235 1.538823731153827 8.304564150401916 0.7403651560938209
0.4450372967838334 5.19774247722024 8.425370720699604 0.7543106180764423
4.839491136082953 8.312337948819717 4.584853306134742 0.7496756965496469
5.721913790365378 1.350698266577492 5.808847541598987 0.8214416529599474
8.226169715138401 3.843131768462116 5.671682403842493 1.282206277299713
9.498347029525771 7.146933235628483 7.345220441410841 0.8277843846747187
7.505689898440614 6.107503813778489 0.1093505263171834 1.563950830864941
6.104143285330447 7.862795644123803 2.218962661728754 1.148240183371681
1.69768703009638 9.392357676564233 3.876576060971012 0.8779305418322829
8.183033891046342 0.00863906188573127 5.593976490595537 0.7881612568434366
1.489430733150922 7.551162623027308 8.579136504889631 1.199421622355963
0.4591618665958352 9.5151949110451 5.182252552650177 1.174544840403551
8.704649812521893 3.054626445661817 3.974693991719666 1.208901497402312
0.4744686838393242 9.43448980710618 8.574088571444017 0.9591848357531754
6.872762752113748 8.383685745864026 4.839746223883465 0.7349074569012509
5.745319422505267 0.7782432708055066 7.958577827328561 0.8882414968404906
5.054601471887363 8.796880220665031 8.88682049612461 0.7361338965779055
0.938961034539475 7.589738609538266 5.157473227552742 1.493274852842246
4.559083636561406 4.110639185967004 5.614431443413156 0.8166703339060158
3.415246440524879 9.903927216272274 6.865861837678174 0.9383264625469592
4.030992677237389 6.24630921634159 9.587529770481666 1.277363294777863
9.234862329838094 5.159308215173303 2.557655365019046 1.227091424010528
3.459442957691613 5.922775035892309 6.352598333979238 0.8030597678265174
6.846651174603284 6.282824932134737 4.445336525997165 0.9199696161054779
2.379186203458619 6.641981453068226 8.346924829221081 0.7647518142995128
1.212201265754939 9.62197656053929 1.815821414659196 0.9095241245654162
0.1692996131017666 8.719771368509198 9.070951626368243 0.844709826030529
4.244056919062186 1.828568941546801 9.310935746430188 1.548442849065789
5.254446275472911 3.450183450405357 4.388932265759808 0.7903421299564036
3.542816864703449 3.334985910714534 1.464599535580271 1.229058070599122
5.997515614762243 3.794861008064612 8.292627037995508 0.8317254203788419
3.261938000521885 8.087417883015915 3.265099744459639 1.328485507391912
1.052056041336628 2.046207067966796 0.3792764437867013 0.962065225165874
4.766218412648137 2.202658053309777 0.3994700660270833 0.7609096328566199
7.153290787167007 9.275654452765195 0.8070596458298884 0.7948352816341752
0.3812950035822915 4.236532122374941 8.754065545443497 1.038576669155128
6.213265594359722 5.130501461844726 7.766154871080946 0.8350566529486647
8.01322684758966 2.158944083053391 2.108911864677018 0.8963517787807544
0.06011315192189226 6.169852712772656 0.9284396380676285 0.782572988921588
2.485723627285628 6.22494534979765 1.393077522147945 0.9646303077856681
4.86976876001786 6.66059244192769 8.912571443158757 0.9691932400616761
4.774528171159792 0.5598885425330302 8.057971637759065 1.039669999510681
6.38744960414916 0.4569585280942889 1.83394148256568 1.499333029707495
1.913405424636028 8.725949950373947 1.644978550621116 1.293253712080511
3.70252431515105 3.876657721337934 8.835151033645275 0.9086901950420858
8.560697818091768 1.599363575273794 1.674634638382321 0.8509675100231824
2.20063856077645 3.431707416719739 0.3559926737165409 0.9591104769300749
5.874810240685311 6.295491414689163 8.923603689059215 1.12377611937544
4.032962831630085 1.620984982265649 5.027624563489239 1.293331542382831
3.916782370714521 8.899565878830952 3.729294829120331 0.78377442043664
6.788981735662467 5.726533458145829 9.108084315233377 0.971757302988952
9.647331377111357 3.760727114304089 7.017751173993642 1.508131113647092
4.024741809083179 0.9046306460546105 6.985836169580375 1.156053303420101
8.241762736308358 9.803660177723675 8.485164831322438 0.9463200972346434
0.561085890255274 2.881199554233857 0.9707241759401586 1.000508334912585
6.025515399972477 7.540095111245058 6.975179237582632 1.120063036857886
7.622912167507303 4.119113527520612 2.600674466937932 1.021538058378547
8.022020077517846 1.064864451474978 4.482889643077629 0.7433712730632553
1.16457468080265 6.875932970668269 7.655773129733704 0.9784986642048368
8.739599164265023 3.142997861631553 6.423997889251337 0.8848708055647849
5.142300505994581 4.608863868508259 3.040969680975603 1.327848132348462
1.444066177285362 6.386541921219004 2.956488429496004 0.8097914303400294
9.902001939918476 3.092779292362686 2.193457390072187 1.550109730633769
0.1632683299362458 1.50882709125616 7.077866084405628 0.8854404403607359
5.219873361615472 5.760309614266867 3.672775334639561 1.181042328942774
1.95175103180934 6.925050997656099 6.740412403332936 1.399080648570363
0.1924511520547367 6.001510023795017 8.628884473832224 0.9095056059988494
8.151343231827978 4.964809244840907 8.223024930488231 1.287933262976791
7.557576281567185 1.055050232483473 7.052867720226855 1.364921642258888
0.06051485238500742 4.317295135878024 2.789394647307616 1.066693283831553
8.232536385894598 7.977147312381182 8.078402139253026 0.8763954129891949
2.262265782748366 0.8869324489408448 4.175943144752684 0.8488913314863075
5.692360391922969 9.546397475091581 8.261974323690481 1.536318070323646
9.857292116296573 1.581865393327072 5.249350271818369 1.321643207251451
1.79929050474659 3.962057477384849 2.097113921608755 1.139418822821208
9.245514285717544 7.276362284867417 0.02659330249477621 0.9646070514273446
0.4945101971723975 3.413174220065637 4.376571373610038 0.7748980615842835
9.302366242534752 9.183291021412606 2.572855207292112 0.7559256800678908
9.242781376332278 4.283779579620677 0.5256228914874894 1.415970706356327
6.87845256093814 6.934591179960228 6.940852970182915 0.7837165975085501
0.872882473849943 9.168054916861655 7.769368552290998 0.8663612483379842
2.110514523450369 0.5228083326931487 7.428098983838696 0.7796073443753078
4.03929213864824 6.115653304175664 3.84851029918737 1.235162694269919
6.442654871685567 1.363770360939169 7.065614040024899 0.9028793818615205
9.261789767625856 6.711774649995546 4.631293949941202 0.7431123869430204
4.883870670448172 5.867265113827653 5.10344818107542 1.620093160952401
8.163528008432767 1.09127765000109 5.773691166935311 1.359491768978961
3.597081301905394 2.829946811042917 2.386624891267821 0.7646986595761627
9.868544024704708 5.367159693716389 0.2472296276719166 0.9228357373123797
1.992649128230486 1.365832682785206 7.0526106940764 1.01713497870323
4.455271028652545 4.68547934171577 5.014498689362969 0.8239760083287081
4.507520081429043 9.177263552091949 9.346990293871398 0.8409879681201053
8.749322936930474 9.202367897079247 6.04663520329022 0.8377720744121753
0.2743836775371689 1.890720439814443 3.908865628987312 0.8727374582546801
9.669834447769043 2.407112432839196 6.444858268282227 1.298532688034953
7.003560521447104 2.857720103905015 5.286484041214968 1.611488162914648
0.2547874356722513 0.9909001915990945 9.14616072976982 0.7495416028498294
1.616501051028525 4.657769052162966 5.251955961988361 1.526348816428309
7.426833197266496 9.82578682636529 7.105183059130556 0.7836744921180698
3.702216816345311 4.177188352982064 5.256096006184238 0.9933884396726133
5.655820656691668 2.67284226337889 2.989561567532434 0.9134830139973483
2.472786755266586 5.130263744857138 6.976555464858243 0.9484542003586351
5.856770615792952 5.712139265800268 2.48355121783146 1.420287899379006
3.953402600790385 1.260336221982038 8.090643467983876 1.047404562280543
7.071583614454745 7.773235605114768 7.769537534784721 1.500925436103448
4.922918262850943 2.938741906073895 3.709664469286651 0.9666937303042604
0.2333846328494849 8.528393924836745 4.381665345329234 1.256331590840611
6.676254850047679 8.986833967555974 9.402676052666562 0.8271276301957885
7.941001427703527 4.811212855046093 6.14017358903973 0.7424297885587472
8.11571797291176 9.74031886451956 7.611352885230392 0.7325718739256145
2.343308180180054 2.753165883373096 4.644643537858832 1.181830308188001
2.61841234196216 9.904462108135791 7.471031054182081 0.7650277059640356
6.546184932247773 3.549339645474715 7.140800831383862 0.8516747811665031
1.989169643821267 4.758350603567314 3.901412353723515 1.196333429294627
8.589625433937766 1.5176509856841 9.469720879734165 0.8068143406966988
5.23991535469053 9.562322643544233 7.105419074456286 0.818631315862036
9.408542507212699 8.930506966137195 9.637765074162608 0.9293588117958503
6.805657799813535 1.29253918605569 2.594135812283377 0.7934920997109838
6.136155774444135 2.270824432429107 6.011799913651393 0.8110881089610739
7.640340699387678 9.312525860509098 9.153312978348819 0.7317015187131785
3.947598081236214 7.811052156656819 1.099256579399268 0.9333009321025445
6.433946804150223 7.847241564950371 9.24419245272067 1.362714706171661
1.788541503492618 5.844557880961487 9.903497625621178 1.031078439764022
4.939179739996939 2.792392785253337 9.245369530364242 0.7828109193563066
4.242621108320406 7.578434596248346 2.800275656880207 0.7365001128771599
0.9142185304879891 7.643022492134831 1.488775632828541 1.032905938708727
0.4167392249638313 1.115613433374184 3.624189739962802 0.7439450595608017
8.249452157992648 2.199387013207811 8.782579680712329 0.7760549655914152
4.441439061886797 9.423234492558782 3.292924609727566 0.8286945709276469
6.941671823262008 5.185467601694711 8.398138981301503 0.7396350391351855
8.426562441224183 9.447825842177011 4.840030034829197 1.113794571015102
0.2340607678888984 0.5727604275411935 4.487953471736711 1.231446035226821
7.870715321531446 2.952054933529747 6.22289008059016 0.8514295711621286
0.2279720282873976 5.040520683434954 6.808681213937285 1.096624193498467
2.892226321118507 7.447728571558247 8.588886946551904 1.109928794606163
7.000824614945285 1.223146115629551 0.8401116487856963 1.146535792847962
2.7710131995671 6.465718808459364 5.57939450114795 1.426296957198334
4.373891715092522 0.4653642539693215 5.046190303186615 1.0617798055322
5.356840019393569 0.4866220103818686 5.669580311663154 0.7953824413702884
7.989056218505987 7.099664834867728 8.178295061211101 0.8600143760308724
8.60618159299502 1.49887075601694 8.631746018525982 0.7754824559031034
4.276205174951248 8.176205589695332 9.295092480759616 1.022615158864443
4.591330261952983 7.309411396488647 9.588052456954097 0.7876709015116481
7.535397005408013 5.874663521560133 8.520540457789297 0.9135893084284534
6.729873283099959 0.5114085260564527 8.485211502302379 1.180448635810114
1.183694724355602 4.816375108011465 6.407539362127188 0.8867922511864261
1.783461097218527 2.320634021675687 6.822781836803293 0.8294007590134214
5.547088956950433 3.716882226358857 3.620610354576646 0.8778874819528351
6.444385650910762 0.438683775653923 4.170452195618788 1.341909499409178
2.295432804928399 2.554131901179665 9.058587013820377 0.7684359726664727
5.641356797947855 1.618421659189311 7.493455983491266 0.8968317503666801
5.232086974932439 9.724505449296046 9.479645120968291 0.8373535309080365
9.704321238200976 8.980447296443003 3.362907226483063 0.9375424452330227
8.215087795910007 9.900168522185538 1.573325799017916 1.11661570330722
6.311187122669071 4.152561331041513 3.408545547842804 0.8497104516447693
7.98964994355887 2.42743372429362 3.157802857632028 1.234819793680826
0.6984018376513756 8.611264705021869 3.395795747484637 0.7303483972302746
0.854924152219253 5.168871391726852 7.571800713104375 0.8369844905577031
0.7390562754506469 0.4015300225684426 8.800896735386582 0.8958631575872369
2.514960267945201 7.951896260035731 2.203136868606436 0.912349745778204
9.296023435108903 5.552687740776113 4.713270186030012 0.872196778539912
2.831179232417825 0.7917941991742061 6.976357259435284 0.9103229602736664
0.9091079326569884 5.715523489048357 0.7144481607540887 0.8822613396368041
8.7548169295642 7.4990886855681 8.919716442425997 1.224692478839864
5.533812680463477 0.2756360641366618 0.221924909998058 1.042366428088089
8.911248396111048 7.698867821974327 5.423504697448707 1.083038338049157
6.958460301994402 2.446660204595498 6.825583568453645 1.468194199286399
0.4449121886051155 4.802628682223734 1.023390206680526 1.141751236684759
5.852171343984836 4.826917643969358 0.7460860015037496 0.9825388544495658
6.198425773990963 3.745264372888496 4.209509439462034 0.8221651995808771
0.9081601831830832 1.843244684069232 6.146923873526176 1.366744115299482
2.810836478094931 1.532056403079449 1.400008316485847 0.8504490134370598
4.544674875152994 4.167963081411794 2.247588381785136 0.7875061943040855
8.575995824443707 2.431842532034978 1.441268278135673 0.7511658150860062
1.974485077700568 3.770698867772062 3.214978858503954 1.011297289646679
5.889520032137778 5.14565567313733 5.391042616967592 0.8165643592148913
6.089965491476357 3.180560743872395 9.914694765052309 0.7644494782078545
5.152318747546472 3.28967813305663 6.053310912631164 0.9776432769236256
5.89554090347005 9.805685693594974 3.419716693204201 0.7778215688999681
5.618425578435235 2.481298388118903 6.801541079591258 1.029754021683853
1.91762444946681 0.9354648301802826 5.938303965280372 1.326482891494387
5.715067167078917 8.36694721158705 8.572546958373298 0.7504041255045114
2.011774816663229 2.324341299019881 9.963008679452424 1.109338175299041
1.723703355921014 6.740598296395468 5.206281069635913 0.7614061179948082
7.205945710283245 3.79210680051639 6.382875371685842 1.143533021685597
6.699315190094658 3.749260339234898 2.726286422606015 0.7795513018976068
1.463618881637759 0.9027328497688647 8.089034244386804 1.18664944912803
0.220342604507362 6.021413702570611 9.591873472339405 0.8524674374111084
1.913676793696207 7.389820162750547 5.734913052483546 0.7571902240313454
6.862153390070644 8.508911929674259 2.559307446407844 0.831742378878692
5.369465228315244 2.765704800668856 9.953495903330408 0.8309556910745213
4.91037391951675 8.412357175252373 0.8673259261370192 1.044952145014104
3.823259033217012 2.780596221985516 7.739278892464613 0.7761622464741178
2.315495645468394 0.01390805476907952 5.533350031321762 0.7995971834478826
9.477820936219201 9.551974166314437 4.334939282989237 1.188406075639309
2.92687129870334 3.619905446685635 2.537207650664656 1.263051953702601
5.638286844244337 0.1037475420211864 4.924440395082617 0.8930149332746962
3.431310386406826 8.021326437655311 4.60996871367391 1.097311711620801
6.544356014842929 5.056140917831716 6.034063979940468 0.7308627088922268
2.436854770070663 9.294571149378156 8.246987980862226 0.9475044743444748
6.613281234026631 3.120920354342862 1.542836448922184 0.9128739316156742
7.545814589582915 2.540598451143752 9.404097935253736 1.142232975047068
9.103615146997914 4.880667598624364 6.049403028159411 1.483647637954018
2.799091030109417 4.187274091524483 9.978648510785494 0.7341467727912173
4.623226460710492 2.271880154834662 2.758013876443701 1.294848173131993
6.157940024796527 3.305849659837028 6.25663186315138 1.040949199225514
3.099218337276179 8.606325105553276 7.905199654847592 0.7788485503195328
3.2550308431663 7.432343989693013 9.965092540366429 1.587112337500152
4.203896177401427 9.071160406129653 8.339045250253054 1.228580076278708
7.62567639786341 7.29166119881645 1.037074695092901 1.371676222307069
7.145972663265986 4.312241913408814 8.605897108779708 0.8572789769449487
1.119192006415213 9.112355496771347 4.511942347185927 0.814575173051267
9.345856816884424 0.2510940822955454 5.530904342153815 1.524681537417585
9.286072264329292 1.014730728922 2.110616430571608 0.8130453628797902
9.187449633757144 0.5355125077561473 4.257393387866364 0.7334093262902904
2.581820102251002 0.5230137246023869 1.027970617083076 1.244530348861281
2.514375750769636 2.77124126677499 6.669236963424927 0.8321995306529938
3.040618320715809 3.730535804396831 0.6305417364300658 0.8349187964156575
9.650097215234734 6.159731846876463 4.103045698359142 0.9068079052501389
1.936636493694864 2.718263787506978 2.583697854691346 1.344131651392602
9.659739789007094 6.28858276525054 0.2021293679228497 0.8440276126010744
8.450854415664637 7.166056359744408 1.865726529061387 0.8764628971746778
2.325013583651404 0.2218982118695634 8.265427596467818 0.8710259520693615
2.899838816879562 1.498216455878836 0.5133615327373908 0.7477162941329589
7.327966265955277 8.569301649372175 8.737508418527353 0.9472169251053227
0.8046975895814013 2.672493154873072 2.892372062886865 0.805342014072952
9.487596332238724 9.892536335664891 1.720864910645337 1.229767599169125
3.177203371409537 2.551360836257416 6.12786095538203 0.8874402304096823
6.848558319045271 6.317974357105761 2.770196490422681 0.7596511163228199
2.042242683801204 7.258173380579 7.796456684260875 0.7389737299636415
7.765909416681766 6.159750265209889 2.448031380708937 0.7778361088080479
5.815914102002099 3.669319720231302 2.771791938651319 0.7696544715788115
8.038453555716258 3.424365513100362 4.707641237260972 0.8090318520243694
5.326052068713923 4.240013339417968 6.220120199546684 0.9170252515791945
4.906419830025097 5.718645332646881 1.704147955234391 0.7650540907360582
8.278195495367081 4.1553807520238 6.928328043559235 1.245437147013448
6.405558402955178 6.707004086857507 7.579608643176906 0.8317982894077612
3.349945504590415 3.36957704573758 4.579376635946118 1.112894778813194
1.480698969439894 0.1615820054751582 4.726861632255913 1.366451494697516
4.469633400101611 4.34740486897056 8.724449601647605 0.8498367104622104
2.939887625261341 4.356217912228394 6.750367398561798 0.7408723586524398
4.268326960885336 8.334503110921096 5.538612289606314 1.427513714081118
9.037320282503041 5.308597346967873 3.69221179101983 1.038493412922252
7.809106142339495 4.58992056930543 0.507028036209769 1.465096891816362
8.022059324131519 5.379207281502383 3.687861905567573 0.825381561716781
6.265374901600426 0.7298386784148647 5.333198816841783 1.003409923892232
4.897484973450624 2.413898622411683 8.474525654266774 0.776513563235587
8.477781503636507 8.61683984029751 5.434892461776723 0.8094617820787245
9.111991007231646 1.929434029662324 9.053993438924017 0.736829761118873
4.55395617570184 3.809312715769771 4.76036134630418 0.9219278100748294
8.770863489679174 6.464251448564601 9.653080855498757 0.9525403513685122
9.880881791508061 6.775066793877582 5.524244414767542 1.201058044562365
4.833807471165724 4.64399390045922 7.065341798247979 0.9524412900182522
8.343921468411297 3.481411329010804 0.9299316791897305 1.032215310048879
4.312362290805283 5.300731947322221 1.142220026552437 0.9935676596625657
7.871211648054479 0.3770531598175819 9.483300219008408 0.7833814319807344
7.877064563629596 4.235276490280736 8.952791464629122 0.7350632756545309
4.661989277425448 2.953171455039903 0.9185821349566603 1.046308610899241
9.45413151508966 8.256087968657715 9.110174035431546 0.731592069473279
9.254217601399404 1.560365977001926 8.170034422134792 0.7458365242262921
4.651316455540473 1.078563208164234 5.947690060169562 1.081506848855712
2.67092917174521 6.026587260384057 6.853443957082397 0.8569704744779233
8.884473870373432 0.7344785676328304 1.358992409893695 0.8797959077532798
3.297784612015946 1.530812019874154 7.391241856397347 0.8521088879509753
7.199981176139612 5.247818910687741 2.752638180297118 1.368854749706191
3.887585364540205 7.094258377495935 8.866431013748999 0.9233331653542919
6.93782500512985 4.689019666151114 3.656101926342846 0.7555890758448451
8.185622116423778 2.54412223440836 0.4886447462379395 1.030533885557078
7.945746238280497 4.979146828978447 5.23432405609469 1.030358902211402
5.535701197441792 7.914933887628277 4.612904519453192 0.8215924315307584
8.086374181935787 0.263449179988634 2.977559753681468 1.188921529970232
0.2905140195582279 2.522549476466656 4.593597390139858 0.9487020084761242
3.522164555456656 5.009774707423099 0.3396443044865927 1.246141197104388
5.809708703802273 1.606597983921371 6.570442545075292 0.7439562000309349
0.1175111271144291 8.624079426568706 8.116495419156728 0.9297153307714375
4.32120435722363 2.839174555573639 0.01093406551448406 0.8412696332090678
9.21054664721828 0.2053169562948642 0.4746769416439944 1.236774506040196
1.47395347860555 9.017466105361054 2.843340594532064 1.253525471649755
3.743900766019271 9.591861512594567 9.11871671874025 0.8135716976475363
8.74741711729189 8.294387517170787 7.46900103287099 0.7450806293354331
0.1551536576052281 7.138200973580428 9.90564442318834 0.7690981204775013
0.5751395667559867 7.756013024787768 7.93282474158478 1.024544152521891
6.254062064296508 6.168580471946596 5.636990524857189 1.293726711720676
1.2938763868887 0.6375188541027721 1.348857336953054 1.061747531841071
4.234419181387038 3.830390549549247 7.784129717495745 1.21446706432885
5.859989580706422 8.430138922805545 7.577654286503748 1.008085227791789
0.0563503241430463 1.940056958089317 9.09658537961627 1.098916838770878
5.562805040161807 9.352716398118678 5.486140800348037 0.8806713094444356
4.220159370254458 5.120559256842177 7.836181378264319 1.161607064447963
5.337753140004051 7.882407835742689 3.387455287786866 1.584382363794509
7.656244085831133 1.778389596603072 4.942244465243543 0.9570637669647266
2.194814545958226 2.10240470465883 1.678288659671021 0.8495867256426657
3.540598584339846 7.046009292043414 2.952760124342306 0.8680456909303347
4.313832507261623 5.18284928784813 2.242706560012199 1.099602062511183
3.485990539740101 4.331166356440193 1.155235578440541 0.7898709551219094
9.922797684408174 9.944266825133628 9.437923122902143 1.291539513770668
5.401054855538276 3.582494824598921 7.253687321619127 1.351174929606801
0.2725277626422628 6.843448785272925 4.41050080165015 0.909749311185598
1.447706465498845 5.759832569786772 4.358730162025863 0.9516888066303031
3.351602271907886 2.268816167070862 6.950982319251195 0.7688160897894982
7.139518899886856 4.171841056319926 9.522807705493047 0.9648321007993442
5.270150435841141 0.2809623351408619 2.672611233282699 1.268360610344464
5.516354665820877 7.100058489703602 2.467969828568171 0.747965403068458
4.486270440293767 3.875853543828145 6.547371305563492 0.9903163997116645
7.211632684974731 9.593256477432469 4.825743437130231 1.195502960654539
6.329296536884041 4.158429234981749 5.387140216666713 1.227442698494004
1.125327198182987 0.5283863940807754 2.6688340406793 1.516415838087066
5.325367143384854 5.991254557739863 7.667808357954913 1.556062993543216
2.013997814328095 3.214415387291794 9.460977304937906 0.831324349124976
8.742217569425259 5.463125217157131 0.1775463481077777 1.122284543088007
5.341731110663163 6.339827106086936 6.129154085450563 0.7659391998427442
4.689265967391911 2.903442325397299 7.769722137825926 0.8106014998574478
4.522223077449143 5.527832677891952 0.2305798771849288 0.8487830930983579
6.343299713348106 6.752534143817478 9.820513813953268 1.051966885995159
2.282722477898148 9.634758915927801 9.213487578881972 1.013818539696289
0.1441061722766734 4.589214656161769 7.809285010626218 0.8560496562411334
2.092049086005396 1.630919773919797 8.997221453790877 1.094290455025758
3.448918258176516 6.224357907882388 0.7460195733790531 1.238760950506559
2.253625780308474 4.939793695628087 7.860871169164276 0.8821829278298302
8.518228068821589 2.342748437412316 9.618098619707244 0.8412560415657966
7.981077200668111 8.911691249481233 1.213270375373858 0.9651184383081066
8.272923310361262 3.11089498578643 8.622247395345301 0.7455479686883413
5.247869975956019 6.404659986454828 9.947051973316576 1.196981406102505
7.188768777282042 2.282333963742345 4.114341625097087 0.981006021071963
9.756785093238795 8.686888520414772 1.847665948792204 1.049132798611487
5.640804164610612 4.908088209444176 7.225907887610852 0.7352498448491545
8.510355067563701 3.324112500836143 2.185774637486343 1.216366386912355
4.196578360586714 0.9185602908872381 4.128953024141103 0.9659474622042231
9.718767186908174 9.107418353481572 0.8124252041677515 1.134973708938793
6.332652408798061 6.192957131997018 3.543506022600083 1.048909225723208
5.998041949476072 9.014433492794586 4.33438823177912 1.588092388341432
2.641962813947308 2.846297206347294 7.56433523467081 0.7683104326256945
5.163185283463635 5.649189995742946 0.910835435053956 0.8644180191983813
8.064455211143715 6.418273663382897 1.717061374123467 0.7434270591223561
0.1136758667108728 1.088425574504684 6.298755927340701 0.7340570339647745
5.314353802961449 9.16487613908313 3.1208771739384 0.9833232173020762
8.943261480749497 3.601536409659075 4.869309485970184 0.8499643156245649
0.3791215223725941 9.355400514800687 1.504943968750944 0.7990113139308764
4.66173532899185 9.936881592254865 8.765844796475882 0.8195952597139564
5.054821539240947 8.608945067590733 9.820405003345922 0.9648079735453061
3.091050327894995 5.114988768205803 3.766907554807926 1.053078077343417
7.866815579360559 3.798227502669977 8.051110054903464 1.06292247122715
8.036314465913273 7.378862749882296 3.793526236786458 1.111632427140723
8.976736785666793 2.836161565304036 2.977142278498397 0.7696207557498718
9.989440206879431 0.9245974019651304 0.04402140856119452 0.9734589053883684
6.022037798796417 9.253386737040202 7.115038506522223 0.8026203624811548
5.327036147043101 1.975557732544804 3.50025125798486 0.7675596883819015
6.506494568647721 8.674857785173222 8.519810223316325 0.7312243358720093
4.130049017570894 8.706207079004393 1.59434810153157 1.068253169958104
2.430442547782964 8.880679601348128 7.026826716048125 1.399196560954123
2.214013219031533 8.916675172598229 5.081511112877469 1.479834576067391
9.311896173072348 3.602238466618985 3.232990511088917 0.8907886491813126
3.09685039472577 2.160982538600298 8.36297611043881 1.433199691680717
4.408737983410386 6.940456239724371 0.368528043537476 0.8937340815786214
2.505940567072774 5.520355692015695 4.69493672956694 1.141363501169379
7.320514823101734 3.085270325139131 2.358383500102639 1.130442622488389
9.394079107894585 7.126044648648429 3.757814133107065 1.158270824765195
6.253159547726828 0.4601753324495483 3.053664283292412 0.8358322075641523
2.959831272005883 1.248824995671749 3.969669849228996 0.7407982228298369
1.780472918827791 3.133496910456601 6.374419763797128 0.7480596484070887
6.71178969476232 3.342130037680453 9.011735301236085 1.127742917063695
4.555822002467456 2.799972555893367 6.776815454354621 1.092728059700841
5.752118309232488 6.859201877113999 4.381991524497127 1.334121621602509
0.9762287951714432 6.790536206539873 1.071914138096618 0.8254196716693519
4.786587773836195 3.438127585993662 2.821946246880133 0.9984037537315741
2.484701985366617 7.673851321705674 0.8873364225119917 0.8017532829117926
4.808519305319225 1.206687225957634 3.417994987112852 0.95818254616891
6.276745486709636 3.263711876406761 3.257525995902748 0.734994623436963
1.149303672297929 3.15208248680069 5.363064393986457 1.583613006796376
3.791995149756627 9.981013866184698 1.068657654793685 0.9230952401009163
0.1098809124321676 0.8363127793235059 2.086205223642149 0.7738734519789814
2.479454589078028 0.7583627332151344 3.104047238405635 1.255916762254743
1.382442879247814 6.892717767843655 3.971669411478401 1.339154899505244
0.2789022365397209 9.106635842085087 9.998233180176172 0.7588223519001105
1.674317094881111 8.915686079687097 7.918899227469496 0.7895279082258092
4.449288807306508 5.009544191241947 3.896762021157205 0.9652735406056167
3.558145959011325 7.645904152488766 2.13935474899725 1.100926445988509
3.852138168256837 9.79021420190475 4.20617333587383 1.178205058561359
4.497162891815387 6.167665619873166 0.7895971135912894 0.7818094517409822
4.224966576007841 6.853707813893329 1.373571339246841 1.054483080126047
8.875697504867269 8.177579018280399 9.750849992091142 0.8760868390191916
8.606955106907641 2.216492100437626 7.926219640620848 1.03627116973139
8.220197596325555 5.449135136663194 2.166230948460923 0.8513480195017563
6.146020134914833 5.148409463699573 3.559024023749552 1.007798632974203
9.887360950509875 0.9058589833953867 1.131265517878713 1.072368258357316
9.60930945117301 5.786838525575709 5.491489190590345 0.8002946127279473
0.6250893085996134 6.488087142032697 0.2553224048037228 0.9115647782627182
1.747984728632581 0.5463023658148936 9.262345175396174 1.060166715651712
2.545188336858564 9.492616254466272 1.182741833140291 0.7860421684376373
3.884521561704901 9.496009417214976 5.166193770832226 0.7851909403670196
5.821235451228163 2.904637518555306 5.501735421069546 0.751566442321443
8.918872834594058 8.025659864959245 2.668019036016636 1.600389682591654
9.169156221966718 0.2077654409316076 8.775851129125785 0.7307085389022804
3.45869915134831 8.613531794037673 2.324568613562294 0.7785462758818879
5.106070008607797 3.417231946409829 8.507429511228931 1.084407129936874
6.554719190130398 8.480560605996645 6.836360751930899 0.9703994459854842
5.098770578348905 1.834623197554577 1.056280591388897 0.8155454302641988
2.417657390306457 1.004342821754765 9.964363906972279 0.9829320068413949
9.842360069231223 1.774202587087652 2.865720483276441 1.345888985950779
1.600341364064676 8.240719183843257 6.188602232057443 1.223092462693032
4.938582549408593 7.827165501032479 7.31611532153899 1.053428831704563
8.346543902529749 0.04709001491936982 6.604091688187059 1.204405743369041
7.095115067810149 0.5310221388778769 2.797986597739427 0.7981016411052327
5.699274918341372 7.337973619581974 8.180047496008898 1.362611360499594
8.633734145941521 9.231908149010557 3.293024332318042 1.095132385199212
3.146142853573634 9.735852359313474 8.583864788927926 0.7804768698516598
6.433722828067185 1.343762913831664 8.927786904841506 0.7310008932387119
7.961053759125811 9.848011939238376 0.4158516583659033 1.20499428912688
7.6206853045676 7.61816204496035 8.919707404832192 1.01457426905708
8.489566595517575 4.240646656882661 4.129010528409422 1.1507619678782
9.533770211029948 6.903480342008152 2.513913972576701 0.885430323076644
1.637485914156569 6.579215751831805 1.997432105836145 1.137868379778856
2.580909846120705 2.086868660260708 7.306025829871357 0.7487853931759322
7.463947911230067 1.332889303416528 9.119375255091388 1.294438916316991
5.89041810515514 5.559718699507871 1.345486079180657 0.7727475921195697
2.613615890758999 9.870238652683671 4.157627610909103 1.190155144900533
0.7547552360821408 5.418779759114345 9.873806359176939 0.7369293697448573
8.719927102292539 3.861108830390296 8.702929921829764 0.8685106471453895
9.404939741633985 1.434844847670184 9.609855332061594 0.7668567587512924
7.463921372760505 8.27939941690822 5.735530356464793 0.8965303462071552
4.2298969018628 7.314568971323864 3.581405665321937 0.7691001227972176
2.852553516161516 5.958109316549312 9.734614671466669 0.9985247343264083
5.967343675109242 2.131927060549409 5.175784211011222 0.8369270321438322
9.909097005933541 2.709500580939824 5.405768107124638 0.8521184756897257
5.648356811311188 4.232219810021957 9.465401397460838 1.593215326930644
1.821655042345997 5.687978476164351 6.246421088659461 1.222663807690721
1.22289268057781 8.857033016701926 6.937969586540722 0.7754401990965367
6.476383496101663 4.943237179843599 1.750770320175362 0.9530558200759059
2.177344102943202 5.638817679303513 8.780376051369636 1.23563837298414
3.675439193630911 5.246016947318184 4.725675392904744 1.138381500637997
3.907607203596072 8.605561909500326 6.980339921670748 1.490788255316642
6.236352238140832 4.592125102423429 2.602488852834785 0.9048548707092845
6.027465523681988 2.604005863430462 8.043047772675374 1.38669247563189
3.62536084936596 4.116933538542152 6.169706137184812 0.7378583270362479
1.985213396078759 1.883697951168023 7.911700161167294 0.830208536405981
3.565548484157386 4.266892537187161 1.992865868379834 0.777504917870804
9.310882071387063 6.21178313798673 3.159282826260663 0.986545954914372
0.5643106457872327 1.560412258303308 9.830101708017301 0.7486835346728863
8.368529418004284 1.900899085568625 4.149278827199801 1.034540244226139
8.348873341080685 0.4175184299710999 4.882486129735233 0.7527510808340926
1.026930536442745 7.043031711500169 9.519177067480038 1.040894262190367
0.8485651451511278 6.038398922498098 6.955632154575616 1.205259734648103
9.880950550514477 2.494727054252097 7.880770332683797 1.523118209608402
6.50629837042749 4.191456664532191 0.3671011610167552 0.7374747454647246
3.520429570338438 4.180088316908988 9.613685948752734 0.7637447648805309
1.513485127957777 7.982307610808907 7.392748957549093 1.144326826489162
6.181970242903891 5.865910208331512 0.4764360548798596 1.110204396264418
8.356494273606431 5.709394446651226 9.16130397077421 0.9599204240968868
6.707354815566526 8.226555142419791 3.485621979734524 1.079392182474499
6.054755294318062 5.285474157985713 8.627275873822436 0.9122241034916388
7.575962969167744 5.093755344023687 9.268945981369495 0.9918188841735684
6.685530625357465 5.009605297505011 9.966765294605146 1.055323450217882
6.813033405064388 3.648331548372858 8.015813211206329 0.8727721332439468
5.038214685036515 1.666600850446166 1.909592686165564 0.7389226126900877
4.774582331048705 7.47991125108115 0.964758694443928 0.7715915090150189
5.757255408550796 3.603381201520433 0.853728632939097 1.350729624415465
6.303610975046881 4.41089213653026 6.666609611461607 1.080633322232262
2.103046669978469 9.801478645795179 3.122107145539447 0.7678879604598118
8.600477444906488 1.397240701702812 2.819156489752188 1.161854935900081
0.2809576626562571 2.546617122424028 0.01993507552768059 0.8884301170018669
9.803994837464984 8.117201202327841 3.508307108501418 0.7928987611391917
9.568026393783947 9.382277861178723 6.29882922896071 0.7840702689504019
9.96535494008325 7.482182720165932 2.993034117315093 0.7792693294473434
3.104200794082233 0.4013018999953888 0.05498047302037845 0.810870945497363
9.680684235961223 7.990142490026946 7.540015934945168 0.9091401881169939
1.004081148469067 3.587910664585308 2.788607542552775 1.018774567985235
5.386017670207215 4.597949941920183 1.737706124994528 1.209418978082073
7.535979665379197 3.788808767145836 1.602897575630768 0.8693566389852276
9.259541992964296 8.306748918145493 6.474277233663273 1.314000924101351
9.399748899198094 4.922793652371398 9.615417772315018 0.7756026486721627
7.367805917930133 5.559315063004617 5.91282750365892 1.026767445879554
6.352745641810966 7.050664001128816 6.211859475705444 0.7379341771012276
9.377103411525786 3.523612221897089 5.761802272679211 1.06275457341099
2.932299260663223 7.895031723096977 6.028742766629542 1.500215885707675
5.803019982073028 7.911271816233589 1.218470149096368 0.8991051746797173
8.638241607257097 1.005926355862105 6.882856370354307 0.7574029387415344
1.53746803152041 1.404130586712303 9.822002483364164 0.8667374904881882
5.996468043154336 2.650089363889406 4.149538891368487 1.369316375096989
0.5612156394083634 5.910011554339632 4.074239303336589 0.9000782797913457
6.268882240466209 7.778926591421456 4.21854523812251 0.7507361328784661
0.6741015489359281 0.6297913250533504 5.63654639739977 1.189571043974807
8.956697098314475 2.803076496046963 7.157021695662408 0.7295476782139472
1.395929896537602 9.597720565701088 6.102553036302823 1.406392741788036
4.152477789651153 0.4062053567607082 3.114404074528405 1.065614238204873
2.376539293115381 7.046585103904777 2.823584088878149 1.224730180399664
1.355212134432638 5.346538495114272 8.250608436888621 0.7473756076594086
2.50908252208998 0.6065767088252505 4.970494565046474 0.7695880698023725
7.657644386088149 3.471364838184611 8.955703953208184 0.7445295101696137
8.426272457621122 0.6606088885048145 8.878905312344521 0.9090676272760463
6.52568220379937 9.425563545000152 1.294841121275587 0.7507483421285063
7.729385341756213 0.7118342900516672 8.180919814021848 0.9119804956946551
9.009858375303249 7.577992321380496 7.866773344545332 0.7446889519143802
8.629068941776257 7.200778468795341 4.567996196423416 0.8334806193065665
2.397253666836073 6.561610437138303 0.4516357022712503 0.9844656474312325
2.502599579180519 8.77339429664144 2.539450948607702 0.8044515660621887
3.740494931513116 4.487748338921645 3.001516085279896 1.185870532263044
1.256472439252769 4.91255064700095 9.177050381277683 1.199648097940836
4.757506635095173 8.879722168491838 3.925806930621355 0.9138768983962097
0.04156125556266988 9.474149113286952 7.742704205298595 0.8187174437097748
2.28996965887697 8.209490435658903 8.177803709092961 0.9480392770305339
7.411576338446907 9.852094259524065 7.931367551028373 0.7971728838953767
4.590265258103474 7.720469219528945 6.444348976850092 0.7682650447541749
0.633526983654209 6.890949780850621 8.546997994423721 0.9115090987064806
