1.800569798376868 6.311641316733676 2.949314707361085 1.369911633078943
6.292089246824726 5.698702182408443 7.381847953216194 0.8232571227101561
7.157662424971583 2.895609530052458 9.953304742880842 0.8893067703091364
4.58446988421576 7.863702043577305 5.907948821522284 1.366965184926905
2.400274437889581 4.699431716612225 6.784916992044749 1.169737110416852
6.750479311393779 4.975046478789343 0.8253845292015881 0.8020039358253517
0.2749036239850811 7.055888171974784 1.104575009879085 0.8800363957138548
6.103311225413713 5.782904429165461 6.547364973314142 0.7954081298372595
9.999842206456087 5.132088870035398 2.89282332777812 1.205033356473527
8.084579659056038 6.857595131042677 9.967386223423022 1.002484418380447
7.776168989756945 3.302583106720128 9.054365740219339 1.176639056517498
5.108143344046075 5.918554310921133 3.56823695272656 0.7271084333587328
6.199285855400758 8.560975509922386 4.633610279441973 1.022542692391504
8.20928698305627 6.57659594153625 6.465393550123763 1.275408885712612
0.6597448212035139 2.828873293126931 2.978521313847416 0.8833548868722879
1.878254197926195 9.458734314784994 5.898131947670691 0.7272291671558128
3.62187117333294 3.915311495541302 8.040275910666052 1.588756088691349
1.350247090429681 6.681540806028801 9.475109383672038 0.8478781837928739
2.097673385533496 1.958970816259419 8.109877481307157 0.737940360336389
4.200514922526001 9.600962363833027 7.708968339579693 0.7347334123361161
9.458199210249644 5.429698976449755 7.509898305977311 0.9530136265889987
8.903063865836607 9.021058900424732 4.923907342178533 1.189743570587428
0.431528351618885 9.845404164756452 7.287727230777947 0.8156813935591399
1.934306176222319 0.4483063751868432 2.125743082678344 1.363250166379836
1.702916735043993 3.940893792157643 7.179990764233183 0.9840694550243765
2.663770575754979 0.8596778965357077 4.953466111396535 1.228130738479792
8.158969001085326 2.464318828554092 5.247395234384728 0.9604175616136766
0.2696693787423465 6.196907905778748 6.311291474994972 0.8261103847570912
7.918513030362275 4.874006974954122 2.685970216784267 1.189288844931591
7.844552577886271 5.073629980697376 3.709252271740012 0.7435237202548953
9.291498928256347 1.522017312709289 4.009701682811927 0.9680722616162639
7.179355593399348 0.150475552927114 9.851654293491258 1.146774242825904
2.30358835783882 5.714642178980922 0.9278825343625785 1.31955037438517
9.282316621541641 6.951712913344999 9.441330304055674 1.468859231608316
2.514340212794409 7.729864864430581 5.742375666637063 0.731207168543802
5.979314701690381 4.562350882908667 6.394628296684272 0.8333496392539557
4.661896690570352 7.016576060323632 1.657365513443417 0.9103353236219054
4.309289678899881 2.591902986656078 9.787132249911792 0.8013947384523514
8.171365663777189 8.553954319973959 9.336858455706013 0.9068495657768697
9.848288999074601 9.776203759555161 4.057877848403836 0.8068415691161809
9.763975140703275 7.534793410065941 3.223991483103451 0.7441161502346622
0.8271720206319189 5.664242288647841 2.260381825484523 1.054282532689863
3.372101370514775 7.255983110377239 8.48123090644145 1.451451389364232
5.703701405372168 4.096882637243211 0.08551983119780447 0.7185517436248475
0.6211470916131234 1.370904298436919 9.154912539527567 0.7861268931912416
4.650503830209932 3.919134538512969 6.654617435873121 0.7439416335449552
6.565289601014789 1.15770317757803 1.572933334981599 0.9974108204384435
9.369700622075632 8.902140773938577 0.1415131876110387 0.8187460180965523
1.825093116738834 9.028302839189649 8.512788215685042 1.244110253381199
5.901628393532935 2.185546225498442 8.021721811204545 1.130654620378283
4.245100316887236 0.09207786810482287 9.395907866547429 0.8706912016935759
0.4607467244323027 8.110238016166635 2.651680141015763 1.035417728602516
5.595590707627237 5.919061392536032 8.87439157364116 0.8728819662539404
0.1963013915046097 9.17081814185279 7.893270007484344 0.7261290405056691
4.35029534489213 6.037933373516176 8.713626463521775 1.574108526389385
5.424858299264767 5.569623147954827 7.863489813467597 1.115382416363847
8.43085279679468 0.5656063640190289 6.779733775574472 0.9372773018219624
9.079659079114514 8.168746439242556 8.704400614512236 1.350539862176017
8.514165242296576 4.054579198944126 9.007244270316416 0.8290259715530567
6.132833812851552 4.572072646672357 2.558506502429784 1.350228822470303
7.750606579993699 4.322611875794105 9.482923325734486 0.9881214292363635
3.330976411618765 0.3355367224675154 6.235575729745793 0.7919437933329756
0.4500350521084472 4.30331108170342 8.940548716547072 0.7750531473154405
2.360264980795535 8.337206335388753 5.26730906615269 0.7563026878051531
0.5899887374482093 4.242028730467652 4.439343321823803 0.766418327694489
3.061061215922717 3.488265450082696 1.141898310515882 1.352717266792788
2.362035649567106 8.563239350395264 4.317577593117873 0.9438939316020739
3.455425846490452 3.358263553704715 3.177845928532575 1.019506067383691
5.195360356970683 5.519526408672335 0.7862785792993465 0.8281359299546185
8.353865293688797 4.671636589189203 6.535201328519256 0.933634096867247
6.236303640690251 5.726067402522197 9.362061953340868 0.7364847452542758
7.609654847688489 3.097586054494839 0.8682127592484045 1.036169691223954
3.788187727725802 6.525502789151957 3.243711968798229 1.005510798937182
4.377860635024241 5.582065728313593 3.052390482633135 1.151532388856026
3.935640567327682 6.519457521001679 0.8436443614786315 0.8898830743561975
0.9486818782124983 9.931611808026277 8.176843004020396 1.149985922100853
2.515468977016754 3.607508508853323 9.654575843989557 1.088610193480056
6.49806986212524 8.563470795405618 5.665316569143643 1.05658720714497
8.724855309549383 1.553966704494926 4.695877182634829 0.7647934265609472
4.948072502089941 2.920969655845416 7.027059102497097 0.7948093626033877
7.614193390092485 2.373618520034211 9.383465304085675 0.7589640988595967
2.041215625077792 4.707217568670288 5.230094689436275 0.898318521448344
7.065053167037407 4.696083616052641 3.337567705219584 0.8962442249596998
0.7882782691203459 7.262760322882343 4.909030539234927 0.9050139890144239
8.672988374720433 1.73386245097351 3.172280739498051 0.7390675093780354
2.870295214342737 6.551636285652133 9.393852701690466 0.8435891478073827
8.407447543560551 8.312529224201008 2.393633176402304 1.383469720402687
0.9871599812537389 0.01409782021021932 4.022609610244638 1.474337923189691
7.078687588725708 7.401545296458589 1.041676824095904 0.7640645455694973
3.724441323307179 5.087584548384739 8.398500431082592 0.7499446084124122
2.852789213038398 7.566519884319493 9.66769194567733 1.147127935378522
7.648724361380678 9.042506466112222 3.323514479608951 0.7747509672568351
1.168246254245476 5.089880519729162 3.036140486192989 0.9588299913833321
9.045682925009892 2.992426937061018 2.082067621465728 1.006776509537883
1.053725842796899 3.27983872449083 6.692178226565681 1.030107652119831
7.406104391685579 0.518932516950823 4.910265934218505 1.110399499992168
6.39036907838174 1.328636394203127 6.201966808797938 0.8483379380941267
9.496238232846132 1.275628859727272 7.167381064283191 1.049969383964605
3.507309507184938 8.459462127248891 7.921500911912399 0.8531598008518492
8.750455336725443 0.9862996799953559 1.306077826675646 0.7257177847946417
4.034285064765117 8.929696637764058 8.481045277778229 0.8796517476337409
8.809523882843557 5.794077115087131 0.07313767143902083 1.260841219024713
7.185088912195587 2.671365724924724 6.595213983061488 0.9735395767001312
8.12018523459192 9.903905413683638 0.5004009834885502 0.9294031953569931
1.548497075102127 4.183983913716128 1.809871924360801 0.9082127800692744
9.108338167478211 4.021581385665015 2.947021954526462 1.532231907442554
9.114815953203438 5.001901555458979 8.344035166379532 0.9428506205458214
1.401052025341242 6.676624892425776 5.208176612885064 0.8091341062791418
3.334889561310533 3.910007229941344 9.338825930813627 0.7229789987005214
4.566991136372636 1.868681239443346 0.5410021164918188 0.9926217487212567
9.002137076209062 0.01526283764910041 3.144531456435635 1.173129832674063
4.728984528380187 7.805182996244766 7.716925446359749 0.7731927489114282
2.021469404493951 9.295905028659256 3.75362999069303 0.9621781964684513
8.005842354259764 3.728028795549293 1.9187888347383 1.487313245000875
2.043797916858539 5.1855236789016 2.181467682885221 1.34613847906102
9.500390878901285 6.10399775285265 1.986033168332088 1.560345914871167
7.752062060878364 2.207323698934286 1.122574132405473 0.7847795138849849
0.7574072273580035 6.334714628508888 7.96027308524747 0.9282620116132898
1.932222422821555 1.011711133012872 5.771917367431622 0.8758574692507445
4.149217794264609 9.862018367284158 5.917304600636392 1.135068112541431
3.50137316771964 7.705109633177556 5.625308482658173 0.8351216442472803
8.815527480754811 9.684319865282252 9.950153813257586 0.7227509281499375
4.130327796873086 0.8395951763927821 6.319899410779775 0.9371060658304396
5.130105525341689 7.094395881031355 5.124507960884283 0.9637692444091618
6.985681963138027 6.381702382947659 1.908973575977816 0.7480239278963706
0.1600426433905866 8.301799664652398 3.726226073422507 0.7921920288215154
9.807208901809874 5.238786307246029 0.7962637052518439 1.376277055842283
7.156191301590799 9.956218669665301 5.76554895855322 0.878525559482621
3.446482368063287 8.962107091622389 3.244870673796777 0.8116683628248502
2.349328135745061 9.462206175105903 6.812354358601563 1.244508307729361
7.422282127329225 3.280736798842069 5.627219408460331 1.245255545360906
5.267954654653574 0.2797994775737699 1.839366336387724 0.7347561271786714
4.657514525352298 5.193145617924429 3.947205321917569 0.8349526702440081
7.153897774106672 4.123942889336393 2.593252030406038 0.7325002632131408
6.883830989332631 0.1831989929133903 7.379731269898531 0.7366513218341622
5.565960287543571 4.326487428688995 1.550556668271465 0.8140226796746727
5.714375982536293 5.188338924364924 6.952024213388879 0.8084524100448416
4.615717754533105 9.286585649593642 9.164292047032415 0.8724438227431734
1.686863304108308 8.379617736029815 6.170341160798127 1.451809352888912
6.502663759500504 5.592879617500055 4.993071942969645 0.8348613325186403
1.462977299624015 1.904940061045465 3.665024689829921 0.8545945054140179
7.750379238736789 8.134275550830926 8.417729122670845 1.200319268907049
1.034335415039551 2.429493174080761 5.187748814342916 1.043204497730405
3.855580537088454 2.588633748236914 0.8163691733350652 1.071387087954239
9.689067694117039 7.49146084608348 0.5059916651439034 0.921589874687459
6.886852420133996 1.973300251394051 5.997669462246124 0.7595505629223768
6.387967723504102 4.894611502444755 4.606248975443814 0.7519083902987868
2.537467414801914 9.466364823748108 9.415170873520031 1.093263313052635
9.511663475372604 1.161343959263488 2.895485010853941 1.297257354225599
5.170246707361151 6.699708868338336 9.644519988224337 0.8432749966215271
9.614379189512777 9.79837091601779 9.304628565079501 1.054843816758834
8.850625396587571 1.720158648993573 0.3833152860767285 1.357321750564822
2.548659547633607 5.094695673656673 4.643716905993444 0.7774916573498973
0.5995306981933145 7.171550561941074 8.239831315415966 0.7535435329991315
5.965335825412459 0.4905529428267241 4.775906922043593 1.541529894128947
5.147492942494811 3.368685604647122 2.114886451956007 1.358849438711239
8.712458088524656 5.126825369326769 5.449381096738122 1.314760481718198
7.6864920933234 3.562218357415939 0.024066277096918 0.7723807085208542
2.09381961216585 1.991136098341907 6.380989645316335 0.7451339337135245
5.645915716067402 2.959036062054417 7.382900395825639 0.7213470031626935
2.029410755679988 1.367110574052908 1.014775258502998 1.446374014237345
2.654208134681724 9.690143976122314 2.926108042503419 1.209968170563947
9.891314870863289 5.606757414934182 5.533656075326754 1.177916688415156
3.991888978530594 6.49121089204172 6.99765643591133 0.7839957582584421
9.490498349664257 2.366267931902468 5.706854768766654 0.8023813505695725
9.069132978334467 9.860876606494655 4.138628176569984 0.7399014902125202
9.662168236788824 2.283392329599333 1.304492010353556 1.237874398439653
3.737194120789518 7.878215836593697 4.191909531743112 0.7408128417741727
9.109454516498841 2.321159065354943 4.895029702342705 0.8454070362728918
6.914827072296063 8.849519026626867 2.029525283154816 0.9736989224251821
1.437251946723644 7.573349723406978 9.931450266689282 1.08095730521098
0.7049776127158224 3.225550526771406 0.933803856097053 1.588278937782221
5.799223503106809 2.628301475870845 8.860218005121883 0.7179905262106263
5.876168144902548 1.602594026859666 4.260345513552721 0.8792188390699339
1.754946937348143 0.4434636294333216 6.612559883974508 0.970300474659907
4.015788885362481 8.724286364401506 6.338181263449608 0.8340762495688266
1.979731166949565 5.143249581036158 8.549221370932411 1.076219834428019
5.531861494195135 2.918857472827385 5.715492959150927 0.793675340681622
1.414702666041643 2.259219055584007 2.629946535661521 0.9042404811472705
2.531885266793231 4.688772416105546 3.040467418456306 0.7547603594639422
4.364806863050663 6.916888447628213 7.82371006700324 0.8625193204468619
3.967048001532258 7.832779283643723 0.8956315612653776 1.562584475265095
7.00538630515901 5.105418010075899 9.102407955350582 1.223157843027572
2.532317771475989 9.001623597524052 5.755365432305759 0.7708519017052383
6.893054844799439 8.647176507903838 3.79417628668423 1.125952780878435
6.288142043984953 5.703801334873681 1.835017243937655 0.9738700603423973
8.393066871863276 5.148295268372702 1.305324431255591 1.588475442922352
3.297813295982806 0.04007261909119152 4.61476622750353 0.8098438767792914
4.720239996867611 1.299765143337206 4.550080031235893 1.290221459777295
0.157557097568034 0.2360303338096115 8.693088327752221 0.7445528222406771
3.607679552092795 2.828167161598146 6.080315979362378 1.408796452636195
5.927147633807715 2.810085625734275 4.970803276676314 0.8548669748877531
6.039365400109176 8.754299208823095 9.711099189048147 0.7964967750082779
4.150855926440108 3.283857009848125 7.019822945070392 0.8757881993335793
3.706434109305265 6.561697711688604 5.310725455622883 1.368269426781511
4.636156522870784 9.00572958689631 5.486432964658162 0.87606198880543
7.922098901990389 3.127990704133409 7.668964124892188 1.55022035716441
0.7201388615112102 2.700019568940935 8.89080595911812 0.963233358063096
3.579545009266857 5.638753276513919 1.011429170606141 0.9243194314122339
6.139886155976047 3.272578616451736 2.6942157756958 0.8553835665065526
6.269526288359971 6.775252042360335 6.540857240758831 1.154608737834807
5.180286796151147 4.659565474544733 7.64786950596012 0.7492040520816654
4.670082908887172 5.497384356760663 2.020618725082045 0.8440230422571251
9.806802870449932 2.053496714703663 3.35548598363485 0.739295648937915
4.119864745137734 8.133989178139661 9.398489539723482 1.430822713339455
3.982983333693755 1.893302624727282 2.445898164048165 0.7353223241699983
2.690917042111901 4.969997183802284 3.780168286968859 0.8133563043225134
6.153882126351111 3.231160077887111 0.3990500529348195 0.7960861354708938
8.576312733356723 2.73059644929436 1.154052476370899 1.048718605957985
6.009541115727961 0.4393321228660985 1.768464127133378 0.7193902690706635
7.311895461179049 8.418401310197991 2.821894061916632 0.9265361680087376
6.56621791229754 1.056853543897004 0.5493554787670795 0.7404764128476253
5.616761038290829 5.95940167723359 0.01436021029154188 0.9947883707234324
8.092644273220634 7.176835379526207 0.8525838641075101 0.8430159791971884
9.02435640948374 3.057663333056107 3.640818593853669 0.8130003969280037
8.388945148872784 1.14063232129504 7.515270260160902 0.7878207462246698
6.856821755559139 3.609264772150603 8.131467331106881 0.8175859093525049
2.221551882196824 4.582659504655074 1.190786030379609 0.9266198496759455
7.182828585212417 0.382101400636794 8.518719640097009 1.504386213933876
4.267311681933486 5.740875741746508 0.1407051079739663 1.267971448206658
4.592611307402491 1.113705703971898 7.279344443443478 0.9544726747703043
1.201604272578929 1.524577531778699 5.694383966854936 0.8612846745653896
9.972978150474896 6.797852669837003 5.38657773121321 1.098930998203622
5.952284434790457 8.781814079731321 1.22330589190273 1.16517172294845
0.6955021698807539 0.5505840153064822 2.653687381555355 1.265087300323958
5.413267951157044 5.202043888734143 1.60385976692883 0.8930591444657394
7.22134292073693 9.176381541665066 0.3406577534886023 0.8057324079593581
1.67766318316019 0.5926455727512847 4.974594816332061 0.7652838674316548
4.133446391104169 1.766432530385733 6.673198354192871 0.8672125829267718
9.899571971238935 8.715999317033281 1.864751430464838 1.2047750262556
6.310895525730304 6.479606811496751 4.622630954087981 1.053646021558747
5.588347021194893 7.158719099283399 5.951778565178953 0.7570603512774661
4.577347609190163 7.132603084601365 9.290593890505516 0.7250614503981466
9.088981966592453 7.999822140956085 3.202793285302962 0.7763891484619175
8.424277562076448 7.729373508454371 6.2812542370245 1.031671871428619
9.20030359348911 6.073380832342034 4.520175323438824 1.403185003462708
5.132015641595468 8.689568553659891 9.541777187826419 0.7908923256201938
1.316950123316731 9.584584625655594 9.559515189826364 1.232823218982574
8.304746416932172 4.922120025861466 8.05174783670247 0.7222533757025178
4.223233639128652 4.627717398117011 9.2903424218943 1.435555416164536
5.173976762878008 6.579441687774165 7.945467048351487 0.8751250372446573
6.111412158859975 1.918577093733272 9.077796823333202 0.759481748671142
9.674592714142046 8.798880075677392 9.326928023998963 0.747729413209117
1.389427604279584 6.147784217703964 6.907445792910694 1.435936778819239
6.387720793234821 7.288265151954334 9.011780517273172 0.7826235529345142
8.96953556968491 7.61261681189002 7.650195133713609 0.9081227263344152
9.901517531692374 8.622001532817615 5.037992676525744 0.8573934033226538
1.099210780799791 9.56409313023558 0.6110453535703131 0.8298663926110184
6.461380436394659 2.152007524867361 4.732767358765607 0.8683373947650019
2.798121132167061 1.650554325107408 7.418595518077574 1.116029121059411
3.231913825100572 9.393967913404943 6.156416239451901 0.9071273858976574
3.776363052069549 5.049815400897466 2.198308667531422 0.9727491716901039
7.282181864835755 2.315498564959752 4.263336265694629 0.8621960656193609
3.642657671833582 6.793207775755102 4.190032387900526 0.8305196788308445
4.125119562086665 9.759275318314605 8.640764392330956 0.7658699645492508
7.184893068761108 0.6724081228638035 3.001476928901309 0.9375076451514467
8.951524923222454 8.962311110929777 1.65631820542938 0.7621661812310104
9.659215636562369 0.8615881269595725 9.734085668370222 1.203923195120783
7.089961785685721 0.06604687918781105 1.959856533563729 1.428616472393683
6.344903609088074 8.605306319106978 7.445459224408292 0.8034604481153543
0.7776323031039201 0.6077233651121006 5.113356898214636 0.8503353179839618
5.038721133554111 6.64041794711826 0.7248625261108509 1.163636209202069
2.947266187350511 6.906302813554645 2.733352056700892 0.9737198125100842
9.376799606398816 7.087265987351394 1.22521304373495 0.8140352712936345
9.830862622734685 3.345521378362214 6.337249617596918 1.462468776634232
3.005544380466232 8.327540596882134 6.313022354632955 1.156723166560574
1.250929596228444 3.243690906986644 2.244776906309301 1.119273902131056
6.397172315756168 1.534004081485838 3.265502072153969 0.7574723962144513
3.185006406851626 9.180916359082897 1.348443715659598 1.43930841751843
5.34475264045015 2.311206023224156 4.398722111975526 0.876273118509616
6.019862612376228 2.366487497611319 6.573819513676255 1.311972219278328
5.881699703768111 1.492401839011428 0.05679106897212627 1.011666317704204
6.151766299440921 7.42244344224696 2.827429196236259 1.075999504912177
3.664000413740545 0.08873943888282997 3.48094210841007 1.158739688004469
2.896869470621271 5.939779165606033 8.434342458101533 1.294695591055005
7.503437139806552 9.090683555069765 4.93790377909293 1.540970061142792
6.058236571148237 6.364430100679833 3.440189709678612 1.301528862392755
8.52745772137877 9.455185696023742 6.987539110968894 1.249516911604716
4.736882436484327 6.781096010423284 5.878196098986379 0.7812578022598698
1.942438378286988 3.420641443750164 1.445288399937734 0.8783822143887355
0.1015771574696955 8.044182558266549 9.719915111618647 1.075638873173169
8.827361906262681 7.088232082330477 5.509367545185124 1.049299127452833
2.988022432253101 9.2542936476856 4.005346207832052 0.9844070351436212
2.353494689178085 5.798269327664796 4.00030715882508 0.9024765202915404
1.362003492575736 1.151533042331795 9.075873831829963 0.7401701202062911
1.164380750978601 3.577324702823665 8.926153896043438 0.9352469312954471
5.023574359337226 4.067448924075799 8.417211845019795 1.122079987172585
1.221834536515266 0.0541664036725209 7.225536316450663 0.7907392041392219
4.406522313293927 8.705379657467404 7.573215222366603 1.004031630523582
7.843220457420927 3.893200967214688 3.192628293785215 0.9450005760518555
6.674727349328548 7.575091210728195 5.98586570128389 0.9205953344852137
4.353064980703278 3.721309896518447 3.042167611942789 0.9062307763209969
6.335484514278714 7.666785665006836 1.385324698479888 0.7934529068604015
9.113173167605627 2.530308827527627 9.677046486570662 0.7347464790900499
0.2221252135453899 3.519554088077391 9.609410024263912 1.247247407059424
9.316086375449464 3.90514178479348 1.404245639528555 1.26490021951207
4.840239081447838 2.118334236489074 2.051988424826494 1.157073175182146
2.743570724826255 2.455277074185308 6.75273980007368 0.8422548466352255
5.409396579978428 6.795634717023842 8.824822975709875 0.8484320044123053
5.034356988411072 3.613611894660228 5.265429923028258 0.8449616331110018
2.084090934548379 1.309380725621942 6.712001852075079 0.7279303755276748
9.990849439282481 7.853213819962004 1.308847062067992 0.8252714415738885
1.954523262640798 0.2412369267097658 8.732245988927152 1.171656128835086
9.281390508492187 8.103383881592457 5.642875787382655 1.120069117890098
9.874903192136442 0.9811665000049362 8.015415733007057 0.860998655018206
6.509698542050794 3.60997967972765 1.539478353847374 1.481277573376828
6.163883401071665 3.850705109669404 7.09373386999667 1.054442222883555
6.912634615394153 7.877935484752487 2.006430172780129 0.8987070706362001
1.496797883674652 9.570944198196344 2.893572285362138 1.036189712375126
4.941807667833611 6.752359984310479 2.753134368692588 1.358409072167111
4.498327265633743 9.16491797346966 3.571024888803955 0.8665781854230742
3.87003679293197 8.828040917385897 4.00178653068962 0.7692639905855645
7.880658635222411 9.906936532963854 3.022480609649263 0.9942558600091922
4.228082166848847 0.7541546574673595 2.317607321863831 1.57000145340548
0.9117287445599552 9.306961460784565 5.320549689419196 1.433518181283605
8.511732573250878 9.51397038771686 8.569761532634097 1.529947229328001
0.4501059863580159 2.08912903754414 6.179506626583153 1.164198237252662
1.315189341244462 2.037128922189627 0.1868087614949409 0.8188761412632414
1.00833018350195 3.351613592117854 4.57651737262878 1.082751577558073
4.991179405067876 8.54002397936824 8.511508206139375 1.13290407891687
7.248823186063936 2.389112693818469 5.122438215373144 0.7303335795225099
5.509150530457664 8.773447912951221 5.583760925712784 0.8811770761876275
7.663312220686606 9.203679098791374 2.425509903611218 0.7387310473698734
6.252831452037148 9.499940880714369 6.622693995355668 1.591308754916849
6.667967053029222 3.775069651314583 3.318602590859917 0.982721733281511
9.962743721289632 1.125116936028895 8.819699191958644 0.7233258521696818
1.134992313932288 2.882043262856161 9.785191152983025 0.8807970041307202
0.4394077759365045 9.277480559310963 8.912381353751105 0.9918897914192023
6.645869159846217 1.554217210788668 8.445135677934463 0.9188489194945155
3.775121672146367 0.7437752806783414 5.291760812335863 1.047737701515762
5.481091659054553 3.456823130948133 6.42983212992282 0.9678910315293726
3.64044985551408 4.535740865191642 3.255430115255094 1.264728488312315
3.040445818974544 5.447014471961559 1.726172974307884 0.8609020977746795
8.359539896557735 3.348218910239189 5.079465328021896 0.8276420118097508
1.454256248626789 2.508332732329937 6.110521787066896 0.943753916237443
5.297026947692996 6.172696989097068 1.722659466610993 1.01527036675253
8.18973516951951 4.950603819127992 4.469862711306042 0.7524665352008428
2.725358259456807 0.6041427118338348 7.0078435293993 1.10062748602246
2.86505250427641 1.953591251133801 3.613364971847079 0.7922015537143066
5.338769049801811 8.670320284969307 7.370341060975074 0.8593905630456141
0.1657245008328945 8.366552131860377 8.781044808358017 0.7336484969391456
6.580027192791471 2.933678692444722 7.487012837907622 1.052903188319579
9.073441271145231 4.914474209145266 4.405042813895715 0.8760271539163393
9.340532332363308 0.5432202370636297 3.928645959789189 0.7333061108477507
6.174941745085409 6.479156284846917 8.341906899783986 0.8947847456660039
2.412152041370101 2.464524496318915 4.242813390950509 0.9314231149886532
0.8554269819852244 0.7738805068073927 1.450634646061139 1.092632291537739
0.6580339472288131 5.086483151984826 3.857809773876849 0.9390072396921204
2.702519084067995 4.873004981409773 7.991883986071095 0.7974885990567562
5.993990580843957 8.148181937782633 3.749093504870836 0.8885327559317681
3.995001257899633 3.27195812928891 9.175232827456046 0.9828018160249603
8.210351624755866 0.8693575548860498 3.886148447813294 1.528590872062723
6.238170524516107 2.616824858866797 9.700509570664643 0.9971672729317416
9.008101157314318 3.119632865654368 4.532254376558696 0.8885643590253084
9.603833905194188 6.44675203416999 0.5631721557307122 0.9658811577523597
6.342817990154058 0.9026389155574043 2.532450865047077 0.9617343093887918
1.031504608424624 8.090007342688965 1.599385589687156 1.313482033977904
6.488187527418003 7.685052131961855 0.5809967906801916 0.8099098530001989
3.487275010501984 8.795853507262004 5.107462981206356 1.518761787394856
0.5652249789167851 4.18054777333393 5.872997539906637 0.7330653373725722
2.644766353344724 8.73426490958836 3.291761266914596 0.739641141125344
7.402353517195361 1.020993679120967 7.322531924995 1.140882502911214
1.422703883631705 7.108829124621741 7.805600536621772 0.8564562212249714
4.313024810105563 2.63881125081927 3.05081981306107 1.196688570092948
4.89703108302023 0.6985524294944755 5.550440833052368 0.9959541565618338
2.907341534865447 0.9390193905229848 2.929335489518145 1.29772131386411
3.042653008311667 5.66899666193848 2.938507156055589 1.292843881461386
0.4403859916948371 6.926184481014459 0.05562544787254375 1.06498161898046
6.978210549332742 8.31982212806922 6.772529045307604 1.031470824558096
3.484061882830982 8.89827154914804 7.106062804045829 0.9672266813091044
6.118473154014017 3.822215500351343 4.235052898988068 0.8415967491302023
9.495576531749821 2.447449954106407 4.012745988070863 0.8241381503841904
3.651342393290192 0.7938492532457851 4.281993620943744 0.9315431041037984
1.798476919849946 6.268637943900384 8.062994715086555 0.9616326731806263
2.172317964143758 1.994350236880906 5.158508941728086 1.116516865688429
8.176004171190526 6.925321122968194 4.528104531245146 1.162602129091393
5.148693575478408 3.708358544770674 7.431282948140929 0.9492325930307504
6.815487463176544 6.202772871519778 8.948264604883596 0.912386514480619
0.09042816622708449 4.786032679549989 9.675870755553811 1.039713271743245
4.3891235120006 9.328323087286028 0.4002372804948772 1.590626850554369
0.4522558003317689 0.0506272993015977 9.823761402276125 0.7510172764333072
7.585067945559634 7.47152157243822 2.711078233740412 1.012511935652024
7.478514401882959 4.279855097089071 0.7335143837846636 1.13674761790181
2.129756232436374 1.345174349737923 8.769189525016539 0.929741976568671
4.366260736545179 7.341933729330257 3.637802217005572 1.022896288809525
5.508163196256548 1.793471957795956 1.137090978413004 0.9708723491761236
6.040809066904906 4.990472666136033 9.946843137777986 1.078062422970732
7.119197356124976 3.086754916617442 2.653883573759752 1.097544688171588
2.888486228157049 2.245673580699713 1.440604422271863 0.9707678476443573
5.283334981853207 5.940095572184182 6.838841500234438 0.8693427607530395
9.828254788544699 6.60761532388769 3.73407418084003 0.8163234650182394
7.384452514687684 6.306961392125678 4.622051638851885 0.8186872803374705
0.4463983926603221 2.758299101069308 7.254934404358177 0.8437602953393606
8.767492053323501 1.711683152409139 5.650614163178848 1.097278688861101
5.329342072510532 4.900934470921404 3.38425766309342 0.9803288768697906
6.376628535614289 4.251873712173316 0.5333791364182605 0.8829312672705554
6.725222481680276 6.653332278719351 7.43827159916234 0.7339650682904914
7.314744778983881 4.164825613567774 4.428787989296681 1.543507040052706
9.770356393453589 9.207283611440705 0.929531051036544 0.8651884353091241
2.537842529343978 5.710505083953117 6.631279510306252 0.8365243692849473
7.562431406587241 8.042317057193955 0.1923963676640661 1.375248404186405
8.914509186152975 3.375062663325563 9.489620979045329 0.8914951445631322
0.9457623192816322 4.914314328131235 5.152573035916169 1.275453519782629
9.174872765570171 9.119346900158121 2.629177807231523 0.8586869189910628
7.769853785873512 6.487072000462889 2.443432648866796 0.918071741815088
2.065488208679394 2.57158475331536 9.065075774756897 1.410896767688856
6.616769745856844 0.3483488690601344 0.9387947795360795 0.7813645948037116
8.528025807301173 8.534502913599104 7.682069544955311 1.015243419465775
1.244293792886561 8.585277898362127 0.3787958591694118 1.068065444094052
2.758721125375835 2.770658832967672 3.501010048158013 0.7651186314310378
6.933777211611624 6.914529596241864 9.906433564717856 1.212385084483302
3.712577660954889 0.3889263521905239 1.081252899519664 1.163423903071608
8.500692898621471 1.77379204219833 1.50682933446475 0.9304418620152314
5.20952164819208 4.482075921090035 6.850909676129906 0.834578337784169
3.12750538226326 8.322900302797883 3.838449594412504 0.8633684167490768
5.417108933525997 7.327826601713038 3.706640635710332 0.8944922539327799
5.837122768329449 8.116254974616762 0.2270320990302199 0.8356949537007363
4.976630731293437 0.2548770539292278 6.675974575454151 1.193999331989402
5.493597514965718 9.821563284023291 0.7000059643313183 0.8330865947166894
2.976110390426926 4.774498875454383 8.948248779643029 1.119709922428076
9.929047478695654 4.11481554648414 0.493275493340537 0.8613580200221174
0.09068823387464398 3.311818513375487 2.185524107210017 1.152756460905283
2.3291593432774 7.976603308480591 0.8551157301643952 1.533923109399468
1.692392888976107 8.831640852319339 1.295895938894609 0.7317253479385684
4.990240092181053 1.505188388541074 8.172779584317057 1.069168109835997
0.7174171906919745 8.16134280805243 4.509154748147737 1.034525705805166
4.879995118808401 4.216837826655524 0.1241698229935628 0.7580383652773248
4.725603098823878 2.779060743570639 8.221072309282151 1.462412366371751
8.733502622716529 3.903637879906293 5.901627951221503 1.075940372713285
6.243573577526459 4.563108081270232 3.676189019241067 0.8257237245458733
9.262944737110342 0.5987707389335173 8.691584750541804 1.016215713540014
1.061581099367482 5.843878282213224 0.2653238083723363 1.416511867388071
8.887547838161163 1.279315363676644 8.100380987804179 0.7451148705829043
1.408474367756203 9.624074082888937 6.462247326298423 0.7506327265358576
1.695253920692861 4.811286824641119 0.4025140288690698 0.949836003188558
3.366218002452462 5.625183529061289 9.430170338348946 0.9252721594100951
3.17778737304906 8.725570072359888 0.1001258221152779 1.136141460490025
8.047604982265543 2.449518126313903 2.090510702570305 0.9927975733376326
5.471134234337964 2.468021272222268 0.38153566098722 1.011524460044739
7.597614375824089 4.289739543439936 8.371341753376699 1.187856873720465
5.135961320226865 2.743190804491927 3.664753207017016 0.8272892454636817
4.022636319861385 1.83892554028343 7.752108521501985 1.025246652041676
9.447374438029922 4.825433884792215 1.825450755222437 0.7276882485738463
9.074924329874973 1.669685813229966 9.022074634754411 1.191778254618276
9.91797813771583 1.149642134899055 0.8869360924136549 1.158833186876316
4.552059632617842 4.415529240662908 3.727860076613088 0.7511666645961165
4.745555982368055 6.288855152703639 4.888646650631243 0.810417731615347
2.740863075746549 6.671172411994341 7.229538046443929 1.372202795431546
6.216265692317855 2.176180535028602 2.239413989261682 1.454372038997162
9.60170735368494 5.826178724683396 6.700272404796001 0.8328536223429821
2.747320532358961 0.9051587313848762 8.184110403444677 0.8449410680471139
0.5271707547284166 7.048057675084514 7.320999714508175 0.8326832877621221
7.829618516394009 9.043526241855282 1.245077543939158 1.327075247695583
9.890513396786538 8.386986346135632 0.6209643518448416 0.8590889084588724
6.951205186086273 5.988871743532421 7.97694339895009 0.9431775042624486
5.463041919520784 2.644324875686102 2.940852429158217 0.7259372005369366
1.626251717273894 2.415051383775603 1.611383082249503 1.047070330278347
5.097466488279677 5.038826616639285 8.6404386180917 0.8457737141306306
2.920821523890984 1.195469568633215 3.973456445465969 0.8081648803880115
5.589218850222161 5.569213526755985 4.388713309748504 1.266552158430616
0.308210337065411 0.08619532935391193 0.7340933734318977 1.043519608214848
9.362781890026744 3.120278797532732 0.4120442303434801 1.171489778207289
8.832852295396542 5.349784705614971 3.404526425899775 1.277937482898157
4.208708841898749 9.445549816938559 6.937637737692974 0.7998666471142474
6.044210417478968 8.440405068750716 8.839146514397253 0.8717969141835137
4.065789336663686 6.922264149042663 6.262978925378579 0.7481832592935224
7.586821048137235 5.319310677882199 8.284344113763304 0.7679092670405359
9.043508138472388 6.062225020608135 5.974250311942454 0.8152799986792054
3.039585102197742 7.034454824855531 0.5464575100085645 0.862900851652827
9.102167929735637 3.08513540969816 5.449521590317651 0.8537515339254553
5.059643186445098 7.039409407945337 6.934328171529697 1.322371078950719
9.554041821444885 4.756988087470424 6.442004711019435 1.320409621726089
2.877045471959636 8.450306787228685 8.849297859143965 1.186345442996034
4.403337096571466 5.956334174036211 6.282203340985212 1.141773181565495
8.802561408827133 5.529680862342559 6.541172556228793 0.7803878962844956
2.668388200004657 0.2351410973223056 3.9340388791857 1.01496898138957
8.368093958293342 4.420379901104352 3.849354144683191 0.852762492792379
0.725869748400969 4.568518361691448 0.4205085301818023 0.9295218767249579
3.305093993889182 3.213283133620294 7.080436127104939 0.7527346035969731
7.966736635097153 0.139454352357663 7.640566423814684 0.8606995391835318
1.523967772483295 4.246309073773729 6.095628455879318 1.191990571794842
7.839959926246511 5.490905209469088 6.192631558247253 1.036447671531675
6.546046972511822 2.58788810436094 5.558691931075334 0.8587428058047338
5.095957697995343 1.374637446533595 6.399492333059422 1.048958771976477
5.214608576713479 5.240108860756924 6.234697329085953 0.8899348518451339
3.641786822307108 2.552094749186392 3.774990838158655 0.7190914175980732
1.933868607361627 0.4412106131130799 3.331024577591279 0.899516485680201
0.6236130090535162 9.357522213390649 6.40620399754107 0.7719301765431589
0.964013234300426 5.995043389524563 5.700632162067845 1.030440321904315
0.689070583589526 5.161488005940853 6.299122844053655 1.045410310149531
8.274519745772976 5.243609836007974 9.045137840549472 1.243344421338853
7.382960935426197 7.086244323581089 1.875681144592177 0.8384574881085853
9.531533332059563 1.498799069474525 6.236154582486043 0.8362150708549453
3.997757139509458 4.004685501860252 5.429271496577532 1.330705070334464
1.239603291701783 1.883286673842339 8.41347884231616 0.9879687818197321
9.540498182732723 7.134455610900454 6.599498235604154 1.506143009361991
1.095924462782116 7.772395192462728 7.13284167176292 0.941722497052746
9.033203638081687 0.4153127532989775 0.6077535829108505 1.077870740215032
5.862850240072395 7.620877475836826 7.965735805410012 1.494969520513848
6.003136147086134 9.392010198052411 2.281445559599574 1.142089704104308
7.043823616675744 8.99576569857655 9.193627988741584 1.451377286992076
2.669872330286998 1.588097384334191 9.786050098852776 1.125876869903045
9.794881015367004 4.346814946657285 7.682998582973841 1.280367614080164
4.519027791499392 0.9230159140174586 8.996176292696109 0.9939695617171215
5.28748348176818 6.653438709054416 4.304198178604855 0.8700785157652539
8.254032819894727 9.925783494782504 5.808678883349106 1.248698382036109
4.047777537831936 1.690123587932284 1.406288036093247 1.014975960483481
4.213779860815934 1.708156377895806 8.693265096329934 0.7440420796891565
2.656493188473681 3.779093096147717 5.574515086728145 1.34977943291534
6.822199767995876 2.61421381984474 8.69717726654577 1.21300419534163
0.1691975723725303 2.159017461873226 9.93414743921964 1.457901195342839
5.951562283798516 9.488094479374064 8.186695568884417 1.541327827182307
9.817026999309068 4.54858006105609 3.910310047151559 1.013795477567207
4.924139801197798 0.2982744178669827 7.842319129914648 1.099802370844661
1.965865085864886 4.648748129217339 7.714829440072024 0.7511412756049997
3.340124834174492 2.356132921336681 3.079935126319187 0.7661426723281328
9.312199017211586 0.3549373281318035 6.76767069107316 0.8095150181331431
6.124539629505978 6.515274925534044 2.362624747789772 0.7959527933117286
0.3168686352333316 9.115329416586574 0.02462595703319081 1.091672953620168
2.14586992995552 1.563715945479359 4.222476041132309 0.8388901208604818
5.147043888462537 9.492020648341418 1.469110953578638 0.9445813471799837
4.271094163089766 2.452920225822269 7.118470569625654 0.7579020959952344
8.842049000546213 9.463346562426045 0.8912249663616179 0.8949122255944728
4.739097355598899 4.590920365284002 2.5095273697438 1.179172820918106
6.88822848558405 5.676272424483782 2.771650269645964 1.185651153949667
0.4488892130649757 6.544719581597869 8.990594381316946 1.069407578283794
7.597104232765392 2.243280211576421 5.851912645179193 0.7216199217567845
9.228534557523439 5.888471994102124 8.919128173054514 0.8379936601413217
4.699494926605293 0.249576830752336 1.26043877941258 0.8223182341001487
3.150404854345921 3.061256414510844 4.200813454280201 0.8983397376891428
4.50784386942554 4.364995224532672 7.310650623454512 0.7812026304982258
6.148343035615007 0.6938076041762531 3.48775737868737 0.9928151565236012
3.10295118127967 6.115562297141788 0.173084557091745 0.893052928654361
6.026698611710195 6.634975178372037 9.452385874480179 0.8397004060829288
8.787909206880155 7.110343958391121 0.4479971439914232 0.7383632255235578
7.647513594661394 1.609277974059881 4.854264437622374 1.069401424297816
8.350778403537142 0.6519081870364695 9.544869888043982 1.428344257468852
7.360673332968421 6.710580504941714 3.567823532638822 1.24730538614926
0.7267028437374067 4.002982259013126 1.827350582674792 0.7271176016365891
6.705556798101086 5.150921664994297 5.919164534764394 1.215880058792432
6.525103343822531 7.114986378970172 1.957361698548603 0.7684674077909921
2.78493796291958 6.63830456034187 3.698784952275882 0.9761086828084604
9.597002124731107 2.268242213526178 6.870476960331048 0.9359057038301131
6.717530185893678 1.432264911529572 5.255482524975183 0.9426620875741853
4.294060724740262 3.402203273529283 1.260702380094629 0.9217384163333298
9.574046731027062 2.838326821184913 8.896823906464661 1.021908678788455
3.440640674863015 1.986769092220253 4.731521949532832 1.490698527127771
9.933614721297044 5.852182737695769 9.6794351378482 1.075290314944454
3.210870369015496 8.125312690052979 1.858919263739509 0.7181149728473203
1.318752458483463 6.828918601891478 8.615884892850602 0.8425262714940391
2.855581329964632 7.722134396951255 2.442220766703314 0.7244787429451692
5.610785980836263 6.146134913665055 5.63566373246619 1.322975415730525
8.319203124436957 2.913443641101209 2.99695241588334 1.079926064988219
6.646945017649095 2.164568981644073 0.818230528404169 1.470923162493456
0.5870344192974009 4.230325629884727 6.816464763738425 1.016943688711074
9.325888601505826 5.097387241444526 9.219158149742297 0.812353928395266
7.807298400286337 5.182738493482161 0.1092571598257108 1.024935240785455
2.582381387380741 0.2514805868699543 1.092150164840561 1.003510417437793
1.337062179781674 7.829204184768086 2.656776815993529 0.7685191408299529
6.87334198444279 8.294039849397814 1.122954423255244 0.8789134720341604
2.195491108474799 8.590733823987184 2.254993689175965 1.381092093180177
5.070494131871834 8.189718320150488 2.955690777768273 1.407418494174112
1.693755264916131 4.428338847070637 4.080511275947726 1.468312982599377
4.263314308532157 8.673413210038927 1.928417600183498 1.100749425277746
6.425827253940037 0.06644093558074493 2.897269535856884 0.7838184377777309
1.499907799759967 1.315123973802241 2.794079766579892 0.8951746464645394
0.9485047810070922 9.536973176615403 1.741175459659583 1.376858474897763
1.557812511265026 2.331739571931392 4.401350441461569 0.7954474625449227
6.686021274469377 0.6501109272112537 5.689841028990152 0.7668681570555508
8.702095339626007 2.11971417189791 7.494980689440517 0.9434173843949775
7.133233611909301 1.118366181695379 2.272021642815871 0.7281308949830598
7.00083026369783 6.358534724717172 5.623408092684389 1.280048054328717
8.43822358109384 9.517855191556784 2.179926641571178 0.9773970839488342
9.128301171073597 0.8666336286944886 4.609457439303233 0.7182728955130531
4.856426368696395 8.305427268518542 4.470139050528893 1.58709992002728
5.465864271863938 5.632949170146844 2.622000143163674 1.073978224164962
8.242649105788084 0.07516735695985431 1.409692882231411 0.8600350068380368
5.830919756699434 8.071376247134948 6.574002766623648 1.305188917937194
6.865307343690008 0.5877749472147641 6.47854388787978 0.7368691124485396
5.89662260653383 6.465171710209469 7.447727473925198 0.8082331879715448
0.8904121421981591 8.194412313305154 5.417602588340355 0.7359968011215873
3.158916899536723 5.207830491574528 5.688873587150685 1.590453377229463
3.07782314750465 1.469463941862774 6.094321313393054 1.443194438942072
0.8200298580403863 1.84072451317548 1.015393609713588 1.087911507437473
3.524796934676145 2.242940189313111 7.090844220934394 0.7350878769631104
2.30962204539645 3.412557199616822 4.475490810728555 0.9426366697524918
9.251296857786564 8.890324515411862 3.714323420947214 1.257745773534486
3.081473034256841 7.228554396524622 1.66849546833591 1.003866572866704
7.70217543674639 2.083144565067574 0.3054284774829219 0.8420912732246878
2.580336536833633 3.425859226065488 6.714358806839182 0.8756560158284403
2.677907728640177 6.281040227472695 4.723753893604169 0.9102923029575128
3.760124348222857 2.791883324624935 7.57144665155764 0.7413476293880799
2.048108093199938 6.47341950777999 8.96352589124001 0.8706225021632918
0.6230621825550231 3.975470529506489 3.19113313887869 1.379243199792829
1.423751462412974 5.595781949187559 3.825703610685917 0.8621254138485711
1.660681802572653 3.062033304595323 3.517404746917927 1.397642111049685
2.046365698887445 5.337195630295466 3.354779113903372 0.7298076225915696
4.983371100810851 8.978616165883093 6.444285834237222 1.131636092098661
9.997500431209001 0.457785277291941 4.501844419145311 0.8191400784412922
6.339299013090067 5.590310753068504 8.470528620317548 0.7441493545716296
5.47417833400709 3.721651098673965 3.384448660807337 1.228899885812817
8.44114445686373 7.104300094952405 1.873729778039417 1.173840691749302
8.209913991660628 1.789361063574984 9.489173540099832 0.758794098256279
2.144135718800189 0.4129590437502739 9.997823726192671 1.13269353292985
1.812628457895744 5.358572448566004 5.961081107442999 1.080263812167374
9.017389670345134 5.103439429262568 2.404685526698931 0.7717100269657182
2.527352159713597 7.50280786437487 6.494346971489319 0.7500445376905462
9.482869801323289 4.157237052537461 8.902784711825808 1.0977402951993
3.72168152077206 9.53078093328218 2.47634975743095 1.01766127701884
5.670438464414151 2.711423945650379 1.324430896441654 0.8939614311274985
3.2663545560967 7.144583584684034 6.213647067719077 0.783435985700128
0.635484292479137 7.78417704627879 0.5737328889491367 0.9208088599873688
0.1766830132736285 6.281646192492786 7.156270723222506 0.7551411596031503
8.316522942468321 3.500770546446539 3.987440987412786 0.9479556824740303
9.627051610040194 6.041645858535813 3.203509701691046 0.7417480902284268
7.677788357917835 1.167259938188816 6.039780228188683 1.407412897841039
3.358044979362403 7.440931842707287 3.520904360304806 0.9858609393431176
1.161098857720639 8.962723049017935 7.366559085852517 1.360036844569611
5.302418249764487 9.738476439236493 5.680593083695 1.069371194417685
6.516594416312269 3.29852531848365 6.312344468114828 0.7708548271764252
2.251139826636797 1.677155499217523 2.24254997784226 1.07225759658412
4.847807472426506 7.906052213830338 1.880671838872528 0.7379300157288727
1.24958786311634 5.475540894473919 7.894737963488507 0.9225364336881193
3.363148654038835 8.625659629515837 2.432032047373274 0.759677709107036
8.350797588564431 7.031865579005546 8.384570289056301 1.190779561172863
3.185905855451517 1.983124258823299 2.371470489422852 0.8290358819841435
1.035272441933383 8.393583458493582 9.311490444677547 1.045712010219116
9.729918381449517 4.201806114566105 5.148207257351241 1.427954031207489
3.984882745680385 1.218981473695553 0.6301540520779735 0.7333255312611245
1.906929750738367 7.666757136746918 8.822143522716365 1.21363639746004
8.799013704570303 8.051938457357918 1.027790594580586 1.389687944941319
3.622355781640681 1.062527828150786 7.130328625802527 0.8733617368552143
2.063216751865836 1.338509198074035 3.443741991024264 0.7555235512265569
4.249121300561062 9.643917696646369 1.644753188326557 0.8299387034186427
7.429691602286717 7.444520533954329 6.451628422634623 0.7527720639280705
1.427187607141477 9.005623770953584 4.333112414559677 0.7625724498145151
7.714915667284598 6.133132133173239 0.5090487603946181 0.8656356262100122
4.802901538567103 1.11451975758901 1.225227072765771 0.8499187400855515
4.882210168994821 2.382621711362199 6.266036084482741 0.9858152003298203
1.029235519721579 5.050957354903757 1.332409467703416 1.168088221907101
9.250260451719347 1.37693697267035 1.807736675343404 0.8409034463557121
4.97883735084493 8.215785624249357 0.228521276370538 0.8537872788763834
7.43472156862176 4.763510412993945 6.751145105050242 0.8477685883710355
0.5560960263451108 2.342175414673592 4.0233959454048 1.218347625179558
7.039736369625544 7.602550423505041 4.796134813768 1.486791273020043
1.558730360305526 6.224161131605703 1.788223738334607 0.904963026588992
3.793851952725239 0.5332534077700933 0.1050381924605248 0.7849617168414306
0.2761177406088178 2.567068572997024 8.078803882706278 0.7566273158771304
4.136039164642386 0.1934793136665869 7.222436851496789 0.7810053388887819
8.759529437712246 3.276195839438849 8.604508222759423 0.8523123449647619
7.566310742793768 6.041262555284316 9.553287595493313 1.004596426770011
2.346271475964623 6.588313505867946 5.854076015492235 1.44433227061643
0.5656058456374601 6.077991586873789 3.255245159258555 1.0539882570246
8.391383074690493 8.753367642984246 5.944109880389799 1.038936213521236
3.915949501868135 7.606257143249017 2.446670914647798 1.318107647827608
0.5707363911524999 8.92071940336092 0.9173850630223012 0.7474442026476633
1.13186932406577 1.986745273952818 9.321735711122281 0.7824049243984635
0.2827026308018321 1.89692435941903 8.599039767901987 0.8304179149356815
6.332969766144894 9.485213783668659 5.425692325232476 0.7652527061320825
5.19149035181583 3.306036053646182 9.490847948337176 1.336956310308832
2.240246509166908 5.567196457323558 9.616393629701909 1.223855951739777
0.9569926740715373 3.400432276037753 5.612252484462911 0.9589306577292808
9.188833283900296 0.6822252096218383 5.809750479665125 1.046861718881632
3.594354408874063 2.740110472040984 8.33668324580807 0.7556664323168155
9.920112111160364 1.497742059065545 5.080645702171167 1.459114796636277
6.443636284478495 9.417147955404404 4.578090201830082 0.7339815145925218
9.559843850966029 9.48736334161207 5.983979828950589 1.423326118788306
9.416000389835888 7.581404816149905 4.373396747808621 1.582416194919836
1.307720452996865 1.615870107216242 6.65690477744471 0.91612635492356
5.765278347092024 7.840246034385371 5.400302234951959 1.004177522251497
0.6131123100069391 0.6358087785508748 7.548974117884542 0.8146621546193654
6.541701787086482 8.635206312095047 0.3402410505411035 0.7935973006632103
0.7405047898854034 6.915645829601399 2.251885313677445 1.365149658493341
0.277154094300458 1.182504042025491 3.86769090661539 1.090576634366092
5.923992899507232 5.092672352450152 9.041983725868965 0.7263245261557835
3.683234434314592 6.489644160087136 7.712118349666129 0.7329218092653674
7.139343444435315 4.774553566730281 1.812897513556577 1.075612283654885
7.216573690247118 5.776897796001819 1.263306717947249 1.033085974881482
9.549531775782082 7.531306378287138 2.219488625948924 1.249845675961372
0.0258368400133202 4.334749720638753 2.133828537345558 0.8470104060079285
9.792329784482019 2.285868410750894 2.49169064570126 1.017464316397657
2.102568001488938 4.492451264652315 9.44945803377623 0.8354638334672354
1.808971526889786 3.045552604089785 5.249919293143622 0.9058505630211081
9.810010803010782 0.3951635490134297 7.396227723410878 0.7571543480601037
9.622425636139933 9.109334758410645 8.573617682894513 0.7679347727397172
8.671830875572196 6.461859784163845 1.020534809427555 0.974974863931743
7.685882695535704 4.468558189425828 5.71983092278905 1.140708393376938
4.600407963733345 6.038494978535268 7.463140885270477 0.9013524188062613
2.216193714874803 7.038385073620923 8.103874903678824 0.7472856835361672
4.004294228268309 2.375033701486747 9.032458924225331 0.7581763291700807
9.366634833430837 9.056356160384048 7.719710454353214 0.9246749136425607
2.975705644528239 4.008773198772047 2.677433908409684 0.7517429458192092
3.079780235346109 9.619844416320825 8.085903936384323 1.547228461216613
4.370044178978199 0.7375626859032525 3.736885510634827 0.7672914066117902
4.417306062547948 4.882501307216411 7.980270930737311 0.8471298061895091
4.665246687051645 2.825573942832865 0.4454856060258172 0.7203262969790809
1.796754905336618 6.754514467219221 4.256900613759269 1.195669163190304
2.427786877140174 2.657229178910566 5.949982428066023 0.8838476446644955
6.786464491886914 3.011798471682624 4.73630850256386 0.9233186505725286
2.703938822261541 2.830512148823051 4.982457163951987 0.7534240329500922
4.854012972352788 9.47919646821863 2.56928550452684 1.122623903662633
2.482604279036481 4.131011203691732 1.971919032489161 0.865762618209637
5.781715045262914 0.8078573211941042 0.996300731541173 1.00782030498628
7.970114854381634 4.346958265265257 7.325004663023546 0.8984282931573192
7.819437731028557 6.399385328004231 7.581375605254325 1.060040287876238
5.127157225019111 4.311237576957392 5.907164395205257 1.02441239712584
8.364475755550108 0.7082286393294268 8.379821523836734 0.8684127240753122
8.805208561614556 2.377610800314381 8.357554260123404 0.7668716881566359
2.376177342511747 8.097419990842191 7.533948642248517 1.583280943352716
8.222750836421469 7.61199062946428 9.293778126709705 0.9249264650611053
7.109235625676663 7.066298509644545 8.260267377839858 1.219649419706682
8.117687416190826 5.330949928747858 7.261196983354504 1.048898226459265
0.5571566512239068 6.198254498933127 1.288576818854393 0.9351195220020606
8.40385093306914 8.921116936887511 0.1992984463624281 0.9730988572478968
3.463686971588719 4.134678155509511 6.614119336210743 1.212797212131884
1.275690834348002 1.07224353846001 3.60666003138577 0.8008587829118238
9.542575251421525 1.920026515450329 8.011011353771375 1.000312397564368
3.405147331256835 6.309130584275781 6.378374155043018 0.8028728880535625
7.606058976731826 5.676520421373136 2.09535473306021 0.7488896380996447
4.262351298404822 3.459958574191991 4.170269716487064 1.378840484159836
1.169885275263797 4.895578917776723 9.370633282853168 1.148107362548744
0.2881975180623941 4.364754809148275 1.252924226856061 0.782158806965718
3.800912378276191 6.843370322898699 9.790032755241709 1.18023412954492
7.003713716086976 7.671890733506887 3.450878811212804 0.7753560350244442
9.393634686835693 3.053364223287724 7.713473859639321 1.319381326128805
6.247695536318226 4.865026052757349 1.51186033008342 0.7740613413198543
9.872469782976145 6.837617008508334 2.937667154111585 0.7495860691070944
8.414267953493535 0.822732405706914 5.16284746909732 0.9142869362314194
1.209314278529184 1.5642389272049 1.914201276134377 0.8118612399177612
2.672534092898555 2.811246043742418 7.821649825432943 1.310002573066636
1.349676305645329 6.964662248820376 1.011064078958815 1.248058914877622
7.98033552447511 9.580465555774433 9.657230223343715 0.8149478711946041
7.906584735524784 3.759485214268061 6.544635811205314 0.982024996928513
8.410930695252683 0.01797994257223267 4.752271435138337 0.8277927816948506
7.098736626224033 9.957474419013767 3.86587003838885 1.269459968679808
1.6577402414119 3.912050450103286 5.129460259202598 0.809193295493715
3.977964565038075 3.640947160106004 0.2197078215125636 1.187030057586995
6.94811647279372 4.678695425520071 0.02220742709959422 0.7764596592184654
8.394771234392685 3.644676311783919 0.7948483514730774 0.8392308333253495
4.444309698731333 2.314683365654575 4.066457219324581 0.8836885660229995
6.140526519306468 5.310324941395558 3.33991825659935 0.7433846608219505
9.169554967174511 8.424713788458229 6.792586079338681 1.131260369466431
5.211411601871002 4.343836592132496 4.499058041437054 1.236857502733501
6.076211729660949 0.5278914285274837 0.0703080657541799 0.9091816691987813
6.909111444063625 1.216890122049886 4.075788173284834 1.146867682979674
3.124791436148266 8.158661229220202 3.011761292096362 0.7595019321282358
2.090958974707412 8.50730883646488 9.663657928440008 1.036789460778317
4.752676855668109 9.440054519549273 8.229733844759886 0.7831129030052685
7.754673376567641 7.208866566132366 5.72722408437049 0.7754564127109421
6.821722108790629 1.951324615642615 7.610216119674277 0.8797049018827408
6.354714343970995 6.586280511348527 1.064640452571782 1.299610201583312
3.045553772737399 3.121311462268567 8.807930561236141 0.8327469768709419
4.306879353776836 4.849069032415121 6.316868169859993 1.0389386650171
0.2439195122037318 5.363322237207036 8.541282333123048 1.411605997504019
4.132059853681468 8.081105558130375 8.274880702236713 0.7401389327106466
9.148466085320944 2.379058471771035 3.194561960346704 0.7282064692292501
5.220701762076652 1.558057479531808 3.240810072889188 1.507825931974203
5.50505706972482 9.620322273696543 9.582882152806038 1.155448583220663
3.246333222928362 2.662467630764407 9.78166581791197 1.217313352300319
9.236717854094422 0.1368754756592172 4.959021724038583 0.8644788899677566
4.223102897216162 8.853526983398528 2.86353320936013 0.7209936729942861
3.23223828552574 4.568868545233548 1.522415318335642 0.8359869182695794
7.718529922068279 6.17779047001819 8.578109917704232 0.9330848348640057
7.492909121920123 5.390331751500008 5.06300092368495 1.110809889252426
8.725686515644519 6.790886165926861 3.187520798527264 1.534574808680503
5.639671733196232 4.746495702098515 0.8031817321759371 0.8425469538837742
5.081061974258204 1.980955223932878 9.304912917813596 1.262222898183469
2.814581035428599 7.489307051400186 4.712427425515796 1.427353064322093
1.529468823327372 0.2205010528284168 5.735490332432196 0.8093042989071203
2.478277510021767 0.1728079500063673 5.916112566774192 1.008177464316129
4.589774474411056 5.261252225602083 5.195166710193798 1.317865895142256
6.42010794648846 9.949248064000271 9.242419527372247 0.7213443303854572
8.936157673211323 8.90874119545906 9.458462045428663 0.743882821682494
4.657705822109182 9.993770474716078 3.390031994360434 0.760115432651149
8.452180140180149 9.18324683180399 3.035438682226713 0.7305646351777305
2.015579161208594 7.290342920013932 2.06634149017441 1.226683767977778
2.26353867895121 5.534670950854597 7.535333759425048 0.9553381037308367
4.390829502405746 4.650169489397172 1.105507045407504 1.549944953617898
4.526735000380578 5.872905630515768 1.231430107130496 0.8651424309926546
3.116505955727762 1.260616737824977 1.70161443284752 1.078387436638143
0.6499072300607389 2.370249122489431 1.948233035998813 0.9875024211455807
7.953866496292642 6.244393749031392 1.591069969020778 0.7449084654206469
5.439891475561256 1.192834195236065 2.043175082823909 0.9887472495801848
1.873813730076413 0.7413994717367721 4.198972438088028 0.8021371201046193
1.300420661545878 5.879957286585444 8.931124938792212 0.9900283380811487
5.554076449344103 9.265812587324339 4.865490369151189 0.83369942726796
4.433293132697956 7.033035154126585 4.536422469376387 0.7848921886045909
5.568488078485923 8.980023584354324 0.3470862325780021 0.7451788204323688
2.108800398064674 9.339991605127123 0.5658788795446212 1.195393537904277
1.55857131278146 8.440644895526084 4.97190329801695 0.7868947907381443
3.147375845568781 0.5643134305126328 9.221091425820612 1.362343755452315
4.623977313974229 2.632770171499532 5.171965806575573 1.240605467285113
3.132994134443021 4.236628733474266 4.412577922258859 1.265592996592994
0.1703245949303578 1.431534730930502 1.959738951605363 0.9933495072802193
6.196437815715516 4.562119168800602 8.136309742408068 1.395805961096877
4.747893504721245 7.37457237416529 0.05271356625579871 0.8604372116541201
0.852028453314163 0.4426387036543289 9.09874157009256 0.845438565364468
7.25959948121998 6.7730490306829 6.852012181978686 0.7230703153103818
6.544903296395192 3.810082113919388 9.363214720054934 1.513513504659312
0.9471162946454458 7.19025899565312 6.070626524025308 1.312390123985748
9.881227194067199 9.570852912093937 4.876363201631787 0.8085367085099818
9.949081681126396 0.3612212297276284 5.318491047393969 0.7356290626819931
1.347387509206713 4.894173313933709 7.073127391782553 0.9890796700582055
0.06681358301715788 8.085545436775584 7.685466876340761 1.424832304243867
1.056534028884542 7.887965822294855 8.272833436646209 0.7305103970862025
7.480514441058495 1.907111945570276 3.055450268622116 1.422845935573848
6.527055532925209 4.951883756288195 6.945632123512065 0.8555823801400407
4.924260891301039 8.587862334553854 1.216347228267359 0.7947747136475213
8.878871182626392 1.988323144733477 2.349711712789158 0.8712159110268399
3.811008419407415 2.731196737196717 1.952786958713413 1.178597957068372
2.004061172398418 9.526754076504956 1.547543403643554 0.7250971778563368
3.880952350974805 0.7522010894343667 8.109026224900029 1.183375114280671
6.53880982901528 7.925416708811722 9.635749938943851 0.9287379279110305
6.857957555646496 7.436752795481563 7.124210604891354 0.8560431760047579
7.055184955643178 4.231277867034601 7.397254049616832 0.9086591604872368
7.719588671446924 3.009204032180593 4.58033950523091 0.8499316797553891
9.067449576845267 3.985208837422544 4.10403479860681 0.7282945543051499
6.930099118184725 5.568458731626508 4.004074941593533 1.218067713774396
0.8772624513425596 4.637605677551991 2.27946628263648 0.8263804259271416
8.060279842212923 8.038344509247484 3.771094061137025 1.464894700511804
0.5163197474229908 3.569971333721038 7.500742389234206 0.8323542804552353
1.333473863368376 2.993223539117378 7.943397985327018 1.314584435206725
2.180633215838033 2.11973818820293 3.108823104635357 0.8125426637756746
4.807180419563724 2.728812893995475 1.227564148462791 0.7374412657536359
8.636284719556969 6.829495101315883 7.43485891703923 0.7424197822875948
7.163503112340421 5.190020602410914 7.569597621565542 0.8660000353769011
9.478491778536414 9.739220088012399 7.221972956789299 0.7211158386983871
1.704538130464775 7.557404474327331 5.194982871188954 0.9608052314003469
8.406229524625985 5.732342480021113 2.377050795330243 0.8159618698828893
0.1846533016890084 7.784428887926977 5.335773186683568 0.8579792053016879
4.904636492795865 0.7480927426335682 0.143865372341887 1.403163314472719
1.133253314190797 8.689594639373178 2.449144713551366 0.7430958130543127
5.166926487868218 5.348264570208666 9.450392479688762 0.8652164471911034
8.03880755966056 5.864749112618381 4.127670435211312 0.9864465185410497
7.730657866575645 6.84245420760449 9.132723482108192 0.7519338944451689
1.818041959602617 7.194424545677474 6.756457882971762 0.7997292627551696
7.342372513450464 7.578268860396431 9.206644915342249 0.7556543603859718
8.440717316168053 2.498199173485762 9.137911802744824 0.8494495201669721
7.475449995623027 9.174359867798062 6.227830434379094 1.005178963792411
8.632044246442739 1.582069880994841 6.69095771926886 0.946328863737932
5.233019152693214 0.5123846270919141 3.76117534224784 0.7813339462610039
0.2961593253892292 9.015597254869169 4.235093471668257 0.9131282274625346
3.866823641013317 1.587520347413621 9.691981708108283 1.227418330843543
3.579257867974532 5.580986416193904 4.234901561271582 1.476811679428871
3.940836594930294 7.579766362946878 4.91672936256239 0.817923989835618
1.221800571629159 8.539410388409369 3.420765395010292 1.189739095331783
1.601901952222881 0.2345790147235382 0.950543749430912 0.9211422585246728
7.497895796648459 3.014866935317601 3.651792054853664 0.9894078197578383
5.421011520077542 7.724563336173438 9.30260202306453 1.183475117657054
8.917654221967968 0.360824409963697 7.647249178159261 1.036763796886553
1.216988168632887 1.395767742864188 4.612245438708096 1.164531263028723
6.615199162143194 8.524579812223065 8.193651176212619 0.7246776833462277
5.718599040307724 4.99430016763998 5.407522066267834 0.9894927802184998
8.642155967055599 5.862843253407726 8.060241799264549 1.055576532517084
3.272819455933924 9.932276087225432 5.462318833429925 0.8149333455859518
1.857689866542489 9.778747142754099 7.731104930019294 0.8561204657482312
9.947160472054096 5.613468291946329 3.777127332221372 0.7642315693252187
0.8809297742416378 7.421290590642166 9.127931339413035 0.8613910659970848
5.393110075311878 7.72304051765882 1.083273121408735 1.151030827068468
7.273923992974832 1.78630919247194 1.799766243407834 0.9041523016135802
3.850821122663698 6.285770071338475 2.044063407816062 1.343299353040411
0.1545706837197869 5.122289855242627 1.909394628200705 0.7472255269782766
2.639578290048064 6.322614440586075 1.924813289111033 0.9839856155816018
1.87096207500125 3.296511084997171 6.186966785880895 0.8038406523087147
0.2772888267216011 9.31075801424274 2.953842023429337 1.349392516605207
0.03623338616710603 7.574768374849109 8.71381452833397 0.8364545081841037
4.641393701811258 3.369461058887042 6.054219175620095 0.8321135378090312
5.245765817282943 3.537757989139882 0.7676789518147208 1.196339223083261
5.08601786349692 2.0205708418422 7.239715397615892 1.035746001202483
6.061700939841079 5.500641796447945 0.9392083780237414 0.8795952773790677
3.103421518814656 0.197974993071951 2.03103066703964 0.9549627740367054
1.365072008654002 3.883979337735792 9.929292160528169 1.107452754274916
8.543901535379939 4.198334897552964 4.760969062599437 0.9659865503223278
5.867957780655122 8.0454504050394 2.044912285330572 0.9646027643604834
4.803412365990473 5.219819683320704 7.061434340327247 0.7986552013476138
6.876241391565038 3.554258235832449 0.4619835357510781 0.7183098378804956
8.879096953589423 8.039913497413979 9.8402935738461 0.9043010007419616
9.988976510019981 9.128014018127697 7.052323970828829 0.8552134374958148
1.864518771720347 2.009981245647892 7.27707942860013 0.8164254851667656
6.323703737086432 9.554138010222408 0.3088603651677979 0.9966468763472669
2.142748106522346 3.824688252736304 0.5622771897869283 0.8698516938586917
5.217794071323077 8.750219937220358 1.962619381555736 0.7204957661838833
0.7405615338736559 1.062408495137901 8.371205419282928 0.8811471572303002
7.45652390814304 6.708481882545163 1.091602855477346 0.7763220651936249
1.799345741030815 5.799170893021636 4.930330304817599 1.096945745522896
1.704462959636861 1.528045086714085 9.634397532798822 0.7456109993815885
4.682304336726915 7.445719639976887 8.513380820912834 0.8849299207909674
8.51121177934993 2.724142315963714 6.360057448684595 1.37673737734029
7.218245056432428 2.650636816530843 1.70162094012805 0.7512213906423708
3.245757467544466 1.690050030179715 0.6962903495159989 0.9867405707404123
2.976447646631796 4.697375849835611 2.381694903199848 0.7180238811306954
8.132652493825461 6.193540765978486 5.348899150889126 0.9855696900674393
1.048259105819547 4.342595596287085 8.075833186928943 1.283074615432489
7.048339207078537 1.431602481971862 9.583607056525391 1.428520835634342
0.2955997282643574 8.328211280628611 6.292535048806908 1.285292380132097
0.6092751254295424 1.775806598405119 2.993938399965593 1.065208562528779
1.818602072492757 4.096290893901784 2.800099334927433 1.078984665352653
7.993203600581111 8.467693668717908 6.799659822544394 0.8860630429215899
8.362820929509606 2.803088738059057 0.02118903272153693 0.9665473389432679
5.660555754428595 7.089967486552337 1.891179635651562 0.8940005781950074
3.430706463533598 9.843177265810061 6.921975929305229 0.8558015720342572
7.072627017802485 3.49597648872311 6.9338906306078 0.7550135231911471
6.888741908475811 9.293226933114592 2.884509380103564 0.8783111144520315
3.059365860501631 4.664122684899876 0.2816505478183906 1.510349759233103
6.166435175728858 9.78536575407526 1.318838985685579 0.8158122385162878
2.157755158697388 6.69633803597317 0.1251844995908535 1.157810445471947
2.214454177354654 3.90323195261484 8.508109957617719 1.306225860494977
8.759083472459386 4.116641282996351 8.128404698731988 0.9676234204172627
9.617462623717875 6.681753945744554 8.038421012357032 1.416763198734321
3.114886836276258 6.402054533824144 1.105374416943826 0.7951837717936936
8.258358460199318 7.985368424722502 5.140021315141688 1.082284225161393
9.559013939677392 0.1151872813216903 1.845947495300832 1.595337215386528
9.76709734397499 2.979441370726585 3.165594069914118 0.8795748061221592
3.526970225045242 3.117540338758121 4.970817468829916 0.7658605310345871
8.863556848562469 3.942510575135552 7.045093642988519 1.066176173077261
1.155669375291688 2.420782846788031 6.995141225563428 0.7361698770872624
6.785645998842984 9.309185557398344 1.108910793682016 0.7499465164385
5.926149970424361 3.331979636089653 8.281848591837997 1.083668044377131
0.8866265200744604 8.632888067443794 8.396287785443258 0.7562774524925514
5.790832318746929 0.8249782074155332 8.926365031684972 1.47502218712069
1.694319876940847 0.994086710701294 7.708748052716706 1.382547125430766
0.5566453366483236 1.709109822047543 7.498412048188695 1.26672254736647
3.939079374094904 8.261036956532612 3.354926199253251 0.8807791590611188
5.797780571379082 0.6131456391262701 6.040104701913819 0.9701435436634753
3.623408004420945 9.353313535605997 9.284811133535129 1.029521810339151
1.913514502990259 2.844760238649775 6.985211419530331 0.9052653097841584
8.386895653380984 2.283800936999503 4.029293065916187 1.276610211131765
7.823931674468598 1.981049713264007 7.078212774519962 0.9402323900970317
8.869654730255565 6.107855344806129 7.152575588345313 0.8165770106815912
0.249026953312853 3.490541157967309 8.448610546840719 1.024589115950982
9.627489705182423 8.449441592583572 2.81582598171224 0.7537324240988985
8.818132791076536 4.784670045800523 7.497223766533751 0.7395930217659383
8.86472743233835 4.428224376729646 0.04626384169337139 1.41550078934404
2.386584054018199 6.78087790316155 1.112619403952745 0.792114267999792
6.784933905423926 5.765692274160386 0.2381581116099329 1.082781946202501
9.583938512676676 9.712704926217535 0.2474132575528109 0.809036077645815
0.7574687917776102 7.291179974553724 3.624919051212984 1.406527095598865
5.592708944046851 1.80157920639364 5.399631203177404 1.27379890143232
5.910684934982404 7.686796333952237 4.515104057924257 0.7601135191812283
6.719834807009061 7.96537975703373 8.704520875508218 0.7530438100195267
2.562000009708596 3.912154572146884 7.448886395759237 0.7682372911158095
7.84451191693037 1.773046945463481 8.389260858497524 1.457447900099005
4.910559281014127 9.449160369591894 7.369170539235763 0.8029069608502053
6.892679758449733 4.115588571729011 6.356357646174097 0.9472147256139076
3.187157240887283 9.85090503898571 0.217854156698577 1.005544447477119
4.508596076477404 6.335803016882084 3.979872080934475 0.9041833318099742
9.837631667274612 3.487414417783514 4.069608623579534 1.067522646193425
5.453041065599082 4.42454285741923 9.313947358571458 0.9307432395769792
5.815016952274321 7.209203636904193 0.1956390811955388 0.9509562913467369
0.01248923876954633 0.3125510291063949 3.453073345218417 0.8145583559098908
4.283284795477263 1.65766533830474 5.704025070615462 1.043701775108592
3.028807743667095 0.8124690407154789 0.4105624774181282 0.8762413038072223
6.285990868764222 8.492604073873936 2.842830605210545 0.9887164564312311
0.006720123624901486 2.864349600246262 4.998178216765623 1.154408330914644
5.74137287684426 9.374672796914185 3.637185116460302 1.571818967170082
8.349162637076821 6.248896426309409 9.179312719812865 0.7275259373372708
3.806857049445881 3.943323853511273 2.136274790935222 1.159574221027323
3.567740186126132 5.371716879775188 7.263458176490786 1.539654670181045
5.402952056603982 3.249241078199465 4.420768631224838 0.8484906189262754
3.132068786078934 1.837372837145625 8.599056690274606 1.291943278017453
1.662378494512274 7.94068296477514 4.302756479983679 0.8581410613090182
1.414309585342194 4.167211551100197 0.9147925625499065 0.7185395577248688
4.179536469328115 4.550073748727274 4.468921600855859 0.8229829982388439
4.532949362830891 9.862073863455883 4.585872389966867 1.550513223140983
7.256701622105626 9.859897107828481 0.7884825840859054 0.7865648736633237
2.176410653016319 7.636605330157425 3.340897716417857 1.365736697041909
7.874443878803045 5.894062093427144 3.108920559251102 0.8483503700454357
6.860523358744221 6.66558728102553 2.639296372872014 0.7780200979105203
7.7079363783633 7.883193880335361 1.471167230923283 0.9490365198534223
8.279129617710183 9.450354408869899 3.979026565902638 0.9849110394543606
6.207202156737532 3.851802015871742 5.397354135337403 1.407093020732542
0.003474395580858047 5.190771813216502 4.571936899840632 0.8353804698712848
6.199262771085124 7.044198692934826 5.401304772936072 0.7657906346642898
7.464722476285988 8.179126759907691 5.861760152374925 1.012824354278092
7.026159742755668 8.069853162214107 7.696960623301202 0.732380947319284
2.591870542012226 3.8298085269956 3.447369066337352 0.9721997836989053
9.645700913529923 9.890139006607146 8.108326539387242 0.8514945592321047
0.6501804261782406 6.160463037273291 4.522080321055777 1.381681979594626
0.4296936146386975 5.366524732389691 7.293498448895377 1.010231732204813
0.4708626812186356 0.6821464851449376 6.336322123090685 1.591149748554108
0.961164241287925 0.9475599569289216 0.153147276130795 1.370009301852499
7.663046796702535 1.00469926569047 0.8826762245946217 1.517028308582927
7.910012408990929 7.540470351335046 7.344486272721986 1.234677749406307
6.352860606803943 7.338696342031801 3.859003153908493 0.8347650167741794
3.86915704373787 1.563905055404935 3.454171996014763 1.171897372350404
7.558573492842037 0.07562885600999823 6.720719435572098 1.013630925089623
2.245749111620166 9.598867975097969 4.88510388323154 1.358579104243553
4.953612797554538 0.01905934820212285 8.799052078953505 0.7965035398082012
3.802617514890669 7.634189368878759 7.100529682724817 1.397504331307077
2.553970266528834 2.980332073809651 2.3834949866708 1.447560400935144
7.045791945462402 5.897153027606477 6.823653238329878 1.036134721337442
4.8139183827752 8.131272479941762 6.962760003286607 0.8087610619566274
8.247238971034223 0.8865212225041618 2.330149782651363 1.448229343592198
6.32172005228028 2.639546737506887 3.661255030335275 1.441624841693844
5.487243572617048 0.3805989901460782 2.722655741716689 1.040286447600844
2.155226815990296 2.694162610159484 0.4873067953056653 1.342404835779701
5.014491153871536 4.999822748035945 0.1653484788193426 0.7272853761214383
6.006764856962541 0.9797085658341053 7.326638120102761 1.587895079159498
6.949718983128023 1.764638213356438 6.778001872587445 0.8185908151899883
7.3576372331452 9.135313160376123 7.63594680671843 1.410667946663423
