9.324418383118875 1.13205757609149 4.380912186583426 0.9000007785923336
6.481757931215417 1.976056630926375 4.719562003280928 0.9226478778696259
6.461865215250008 2.87735709940632 5.347931489895537 1.103739608698327
7.068397051981773 7.467984930249013 8.066752294727198 0.8932575486913741
6.741828851255793 2.521440110308213 1.065066369260053 0.7553162575074588
9.013060092808242 3.305960531090962 9.993369485426015 0.9533158922990157
6.164733816199361 5.132625626057672 0.8984162184717459 0.953281090218086
3.105115540731838 6.105420063118554 4.126912542504428 0.9278887759976308
9.906746764622371 0.4666617493681513 0.3325079456390745 0.7587573407995912
5.364021022699752 2.806948009257063 2.642314120721474 0.7834351086146731
5.442704926181555 2.068610832819409 0.864006963450149 0.7653780402215636
5.207381211035685 3.189000093350813 5.511141422214848 1.439940631768846
6.307442818726479 7.099404633752099 1.098127635058956 1.468088506050692
6.514009624100141 1.809258946355335 3.187293482384133 0.8175655678701612
4.546782099139712 4.713128790096285 4.44996453760756 0.9276575827477384
0.9222685594508895 1.636891094244564 7.966541440231465 0.7951942677563526
7.119492842056252 2.449850911983912 7.684975962486464 1.333678187561796
6.44509335678964 4.685607230717509 3.753531402441787 1.479419132887988
2.307543599753129 7.687148544865177 1.525831017392051 1.023337549100157
8.40514698074975 2.190255377962691 6.136687112584213 1.042189455939714
2.661205295044371 7.649809312470504 4.73505615306924 0.8866835712775415
2.711617942637805 0.6730939364778921 5.365258661494734 1.006838428052643
1.076973218228825 3.403160436032421 8.89503427900568 1.174086091849309
3.579273308154824 4.642151696815481 7.205138073185543 0.7723909239374082
9.340369042568005 0.5495148035540409 3.627645125600993 0.879742907056897
1.814112284933255 7.550865831199369 4.490352368324147 0.8075739904995961
4.175368241865612 9.074751668008192 1.673077899250339 0.7607330572488682
3.743082105132058 5.518319194427197 4.748773042167407 1.08693925700337
7.412913057460059 0.6456472646123058 7.588669324888013 0.9652018893903297
4.575206341707096 3.352985169790921 8.581702530102341 1.195270448391822
0.6865535544981594 9.985778878319261 2.67347282975761 1.025926003005395
9.788156263499198 6.056696148311503 9.172689442351787 0.8263028137566075
8.054026821154169 2.786066615173173 3.151597866265665 1.193451127524956
9.659294903335805 7.009208648783035 8.668178046328581 0.9280330895018839
9.244463216817421 0.6060850948027208 5.16156785703252 0.9265112160690913
3.301353696488981 8.767459540753906 1.444897516761415 0.8579158273630867
9.156368230703549 5.816532830571225 2.099741831553876 0.8001644272498429
3.995344582857218 3.463680618133013 4.012768601244671 0.8298117857457382
4.144009700683116 2.129923484121773 7.862242816992507 1.565665605104778
0.6714966427986536 8.689694218436165 4.333144720874064 1.051137649016002
9.745072733691288 5.167323264459751 4.131049976460384 1.272224231182134
5.043451857239665 6.766942450423437 5.442483741377013 0.8123986495655141
1.326881128168436 7.927230132647519 0.7393183495325351 1.396586488687385
1.887085593655033 2.023570159255341 7.747833797226376 1.164208309031153
6.07423801895447 8.157893469217719 5.477417780718309 1.289277726563282
0.7077060564513726 3.473717114164584 0.2130532480369041 0.7600657770146426
6.908712029835569 5.670753795276378 1.306403636377902 0.9437199857874486
3.940533660118659 2.696164153542828 3.770111400290255 0.7422891319131747
8.067370346024829 3.184993238165412 2.1453028805583 0.9255599113636106
6.554669503591066 2.290044640094799 6.489636183383891 1.173943293033361
7.068033031972458 3.61574213771212 6.028013388374075 0.7930888348950443
9.43362680829606 1.865430155384887 9.411503400660589 0.8399121869865469
4.169481130017892 0.4683530041263329 0.5532108786674206 0.7573905854155123
4.662338463017174 5.354931395262194 5.122501310300141 0.8800621260757359
1.535533254990988 5.467285480263103 1.840182734091549 0.9739629986238764
3.632955179726078 0.6712052052498063 2.877217077919561 1.508800971826997
4.547685562921611 9.405489767115366 2.751802798362043 1.484301209426625
0.1194239877196002 0.9418282771868336 4.98784810769628 0.8332238319088039
8.573629883351266 5.691313702074985 4.363218839276815 0.9573104047035677
1.248743906196039 7.855918659640809 6.489925941691919 0.8903896078085973
7.700440165411871 5.673972809745333 5.937098005141713 0.8128331429716306
9.301500050465902 1.718243259662136 6.444275214865315 0.7905369883789247
0.41702432732874 2.894290541961475 9.628723259986913 0.9274413399372676
7.101045701247089 2.468220631650291 3.333672512074204 0.7520276092244187
1.720846782291561 0.7874476293596211 9.719556172958564 1.021362372278294
6.824600937837091 1.344082843383677 7.116361508923534 1.056866060654039
5.877564664300109 1.023814663467212 4.96132447341633 0.7875350398645732
9.885212431771004 9.096539857019762 5.338812978361922 1.001563328710055
1.244679447169037 8.086725581423304 3.952530097764882 0.7315134893091704
0.2633711273242134 9.117216490966204 0.7837084427820807 0.9181538778908868
1.54324488931465 2.055125914211774 3.17616569209528 1.020115256568648
5.850745188011738 9.165706906275117 9.600937417300234 1.183641281280749
8.03107767957545 8.86108244942459 6.262772222703855 0.7316137032558888
1.240766067565878 5.8166210136931 5.106233393017654 1.270358055524372
4.234402213010914 8.454180035342333 0.01527670868691988 0.8722147630615761
3.606904203455658 9.683925509013694 7.009067833827738 0.7482388867904441
6.262757781207855 1.786771067341028 0.5894689764853922 0.838054613538888
9.430576564647353 6.889591070068009 6.453639390938538 1.025364920250133
9.20303036946202 9.544959604396123 9.128889599595956 0.916877741612503
1.077860002110133 8.484149807918731 9.675736840668266 0.9557383241741494
8.909195228266967 0.2978066928123635 4.334608372559154 0.7562914086386894
4.889711763495008 8.08983197780767 8.266399939565144 1.064044135223806
7.092826622987618 5.122059219439127 4.718145752053603 0.8029067624192616
2.329093783705107 6.558069441775872 8.101178927859699 1.291942080355173
8.96734623418212 0.5990235118465692 9.040794898976648 1.205630813388122
4.231122106120115 9.577951880313337 0.3684653751336497 0.8324043874304478
1.633083460403437 0.4941278112061609 2.526292531702431 0.7918997272503934
3.728532724017754 6.481226804281499 1.889861718610666 0.8310128652393404
5.809314949445768 3.756170089510701 3.011280764511365 1.172142631871861
2.248417428873327 2.121355241357649 1.146585610833727 1.439918337485351
1.013337224710407 1.295843255165409 4.792597971749687 0.9954483550333332
0.6822691447295581 4.904399067218952 1.414631957703731 1.099834551218203
7.741275552276797 8.185712016227095 0.6399062865029714 0.7925603251967539
9.897065129319845 4.109419978311045 0.4478376995146882 0.7440041162860879
2.675435120473892 3.296941816151662 2.030579937730881 1.506660472821669
3.649138520783291 0.7018223751178722 9.882379456264212 0.8488898310008482
8.480889658388735 1.012622760293708 1.722895688466516 0.9493865193464013
5.001109999823758 0.4724352605395588 7.189579161420915 1.043560078324135
5.577882865028767 5.196483413916869 5.604031344397266 0.9618647364453553
8.072083190611593 0.204703068642017 4.346413632954352 0.8480807031556017
5.032341370532177 5.287405243234113 7.929957757788385 1.57699381247042
9.348917847820934 8.183870119210582 2.055274191062508 0.9783600069657229
8.152490193697762 7.222594484759311 0.775367838568255 0.8428297950616109
5.491889804055911 8.832366823262394 6.095980417652867 0.7566377952888957
3.55552295983568 3.99378555150225 9.028126277411081 1.319402796679441
1.135561871841946 6.560800994964369 0.1987347439765364 1.42843666154509
9.105721760047903 2.501967262036203 2.965199227318223 0.8104769823002792
3.020669993085748 3.590122272174935 9.900311830769882 0.8171218591612792
0.193916246198953 1.121311384680965 8.642324016014705 1.382641928038192
8.711064130117345 8.383698444202738 8.053191627538325 0.8646068019852144
9.44971182028042 8.046561367796325 0.484171396882176 0.7442539746514865
0.5583905388626798 3.417250784102637 2.499018950469682 0.9924647846538281
4.955387746160437 6.328547875532282 3.420046635953812 1.243750189787824
6.950971387843415 3.066977595831185 8.74848856623289 1.062969443201293
4.897065840103474 8.636402569727242 1.636159738725295 0.8756138108887244
9.074824357882422 4.642317315421875 6.19561631297405 0.9226877271696911
9.894323343832859 7.10645856974529 7.431494256361638 0.9861319047061603
7.42312496710096 6.659414032152262 4.730634364442688 0.7862541284865723
6.981723983358357 2.312897750487322 0.2636184805115449 0.9131264956718999
1.620134567547741 2.461119358455067 5.080507487950113 1.617806713690166
2.631686449432552 4.824958750829782 1.829101166097996 1.47932714908806
7.27144048902795 0.4784937746799112 4.032892486237666 0.9272294197183528
8.52079204519427 0.9146452740965216 6.102371657121665 1.390735401195256
7.623448193030694 8.906474604988162 1.445077421456618 1.262674549183343
4.290469383001057 1.403653011666812 9.573688318477501 1.008906416280127
4.816263771701849 1.358860560290921 6.953566741625953 0.7428493992065685
6.187799734520561 7.388058189002268 9.948110979306987 0.8481815630156391
0.1115167284316965 4.993147801325217 8.207554556942549 0.7401190824757732
4.193066957090656 5.201605119665511 8.786904247966472 0.7479370661350208
0.2170158460211946 9.708658322611631 6.176492812038818 1.115482734853837
7.499361013334013 4.362220322782305 2.128393962525442 0.7764358045792089
8.675609965412596 7.184525163423547 8.104524823307528 1.263617709012173
3.404279272302115 8.035616133187355 9.474307699154195 1.170220063952375
8.678236925505631 8.976280535920747 5.423707385578478 1.176381578189306
4.20193811914777 8.758728341064014 7.943744236697971 0.9153430596771531
9.256618814077504 0.7213102625735435 0.9886572320496323 1.088851956440442
5.827701898765006 9.339069271853845 5.389774113697728 0.9471991908981574
2.2217221271623 5.787719036509264 5.562719176140628 0.8368864299322591
2.017808942665521 2.28450057050259 2.36046096275377 0.8783063822263116
0.2025827251406132 2.978450939136174 5.237750344602756 1.360468645670193
3.95759472722107 1.07608125716796 5.668408635788089 1.158168029856453
0.4228353753094949 8.056622506324235 2.160836878133063 1.084339179251383
7.078732244385034 5.602961083987863 3.103016704650749 0.9289779532035165
6.712944947864674 6.103723353573836 2.273851888565883 1.088349626869996
4.480217645480172 3.34619306560073 7.370423379676978 1.011532325540698
3.726559117783671 8.73573221953122 7.036116103988293 0.8674650222674394
6.529878783857503 4.231264433479889 1.002501089962489 0.9676402495878954
5.651272643422529 6.63853021017881 6.036028028551184 0.7425747108011137
2.922386046733068 1.410536131947471 8.219782100437353 1.291411303287447
2.349244839135736 0.9970859748087002 7.182388820721185 1.108785146795499
9.194490799244489 6.081981802749787 1.344132968473439 0.7471722431171998
2.372642490793792 3.750365656661674 5.729426568377303 1.441521694150251
6.205025898372924 2.811196087182231 7.245703566350661 0.7336096104588676
3.892861556255945 3.656673146102893 1.42300958137483 1.261394655964054
9.435159831169841 9.011387222896843 8.031772834186672 0.9538420355913453
8.049468592545704 1.273501008360682 9.098150835919794 1.019346077927124
4.630362732865061 3.420011531863663 3.090806208651011 1.202744518507088
7.468466894963451 2.806708543604673 9.673165099930641 0.7718513204099555
3.683087526515187 2.641666225396555 4.497528479107194 0.7595927553254593
4.929602569062765 7.71711556718425 5.323554924698193 1.073623328693442
2.700731909418808 1.129108700555389 0.2551767380860492 1.225579242423072
9.828484207599015 0.9118010716968428 6.042309804612326 1.153435129419757
9.980134612813613 0.1439914761681693 9.418151474929711 1.083831783923323
2.863273917338039 4.221115827343739 4.74363762936052 0.8118924198671665
9.869932581256984 1.872302429464984 7.471764157413067 1.349565031857317
8.506613185365365 1.872521630986389 3.06898895859664 0.7413771673826921
8.699812922754104 6.681729632299696 9.493802240935992 1.596643744011543
8.189209760629829 8.113527417243622 5.530608488279567 0.7600767478419798
1.10379577313344 9.59930744671744 3.959402974795828 0.9980811541196143
4.663643688959094 2.386753498189199 2.572680624085334 0.827025891683961
1.322868406155689 6.504954146198149 4.122705956164197 1.049401633051728
5.380024665023591 5.960311598409394 5.065920190268409 0.8569941018114443
1.95867015571883 7.591228842401299 5.455392570985145 1.083854850502423
5.9397105681517 5.966889988314088 5.808534409455886 0.7532246008175848
1.302241417240763 1.32167448736494 7.238908272974539 0.8610717876993446
0.613544765372066 6.044657265861071 9.301884849001503 0.7979355292469654
1.835072753086066 3.554838495250165 0.7354429772353854 1.510499038565241
3.211075293531889 1.566705123086084 1.113138888532724 0.7376226997179766
7.666997456900996 0.2223906211908389 5.983895781768187 0.7585487767709012
6.499464164001549 1.252436216459418 1.546065418261267 0.8974610498821844
4.475767488304391 1.539132259960254 2.608122106695844 0.8657621533399098
3.84921608235948 5.247508919844735 9.745540632388531 1.222537439082582
2.393169812797192 0.256753009574856 3.029846336930763 0.9901730936349039
3.527776614129977 1.903391140537753 9.676650956502234 0.7454509653904537
1.849448285059858 2.677604355207165 3.832444269924372 0.8361317101690429
9.03866381854259 7.234263204403727 0.5775946892990158 0.8795797553740577
9.670152023940132 8.030343917860478 8.307343594505284 1.094648970871545
7.788579506058429 8.604374474511372 5.004698965890791 0.7727422810348524
6.142048057048065 9.332935632923748 1.312219510976148 0.9242087308873458
2.495816940300029 2.501124448901876 3.16145447065259 0.979035784768638
4.508821759395443 0.9753399330711543 7.85650658151238 0.7442285192568114
0.1266489243776237 5.491726743563974 5.2174048560555 0.9538644487756029
7.720376758728939 1.163018116117744 0.6051759260173296 0.8218010379803579
3.389271509485536 9.146792627678243 9.677064286419114 0.8341431786463647
5.599642223590902 3.64305506058707 0.3958759794451794 1.245011631577826
0.58870058789807 2.816617313983075 7.053341683716929 0.7767944970994589
0.3233995107759968 0.0829333196011528 3.607194604248493 0.9271901102974137
9.623984575866158 4.498922534484753 8.667169125360909 0.8794797995928253
9.592062792177645 2.815679976158429 4.255743443953445 0.8351848791773907
0.23557410483656 1.995410437748514 9.645069258931221 0.8228042442803436
2.962094697455777 4.108069064499916 0.8849541216733937 0.8706851692116642
4.567329389757534 6.194777925768762 5.049659267740134 0.7386183211146172
5.650330573678723 2.660615607498889 4.585657062352788 0.8129217551262851
0.7970326134117645 8.334840439212423 7.575781782690845 1.582474874044515
4.589378775621093 6.99209594425712 6.463829329481451 1.4242199752286
5.765462358749186 1.135067404309297 6.600090245311475 1.217645101949804
6.100370470225729 5.441631459223876 7.20810618947408 0.73416193358199
0.5990481369056222 4.855008396179186 4.640027799994283 0.7448286762974018
3.738884899653419 3.688215899247239 0.3716100111509247 0.7993282166126801
6.0721011915068 8.878685379592449 4.295363246693085 1.423259220335091
7.399271949358027 4.487992209974429 7.826037555239888 0.9266116112949304
9.625286377077579 0.06338938477342904 2.837323573656637 0.965020299627958
5.259573621634699 8.033120144313122 6.592116016997941 0.8531487699306547
5.200768468004449 0.6390206683636224 4.645881800979679 0.8017503360087658
9.500150203328333 6.896945056850668 1.203576597664636 0.7616309412685358
8.710281928805868 8.013610849924044 1.14594616239557 1.080162930820187
1.212182695338397 5.375291536565658 7.097762321265863 1.196123887851368
5.524635874397736 8.95123096422599 0.5819942506596744 0.7886679504117492
2.035906816562377 8.78028817021038 9.929141292394128 0.9724405454770437
1.446666557305148 6.321268024534276 7.493650812613087 0.8130280245757717
6.562832676498833 8.454752364304058 0.5292233076627406 1.465297346339262
9.27956108870862 3.392494873329528 2.214445548375473 1.485401857469482
7.469393458783975 4.012625877663576 3.69246118022605 0.8177030068576375
3.78099904113671 0.8530891303548571 6.992792916794728 1.471445692144268
6.102621291784922 9.251875335363202 7.368846670230671 0.8151570858552173
3.830815724532354 3.022715592059043 5.436998535170136 1.253978952844389
6.30694187798249 6.30668074689105 7.975904954498758 1.557302712166995
4.458606607037384 5.842904559388669 2.606141116549909 0.8079028096592971
7.063520921062782 5.840250078782159 5.26967754712281 0.899749398388592
5.212121673997192 8.335547067355845 3.61538626967481 0.8772763972091027
9.142656277194773 5.154795769500046 5.162467035046981 1.069835957194532
7.33748495389437 7.313875872678691 9.937118566864786 1.399539659596771
2.939725172411163 2.600812236686509 7.911405843716111 0.9295669592602807
7.89940377517612 4.431433779718127 9.519031151984668 1.25170155644634
2.859394411358045 7.321964326092107 2.975857743884368 0.7421073434662834
3.551137793652974 7.531851109258156 5.034912078559838 0.9588613554686108
4.114510639205254 2.643849184967299 1.638408752706118 0.7465519001334644
1.406300545646058 0.8563435995609604 6.446927877040197 0.9300003271579127
0.8982278027109514 0.5277591276115445 9.325520023150162 0.790329129696727
4.33014163216282 1.10418658755463 4.638943620238623 0.9418717114432491
8.207399067100495 3.010632222224502 7.558962635152793 1.050920679724641
2.97605861629899 8.403428230885794 5.721509709133432 1.461511424632104
4.427706830096832 2.292370231580693 0.1453016132740148 1.034918917482956
9.893794632312852 3.901468192046839 4.327071648935121 1.252163796348308
3.99534035579811 7.749109119250683 7.535812302021657 1.235183869517722
9.177125404165514 5.419630647680552 0.1495687329781559 1.252743245217974
8.114658805999794 7.412806219759352 4.254705188940275 1.088550924208615
3.853972690210901 5.329322152497929 2.949821034086832 0.7823550788262249
7.244908095999469 3.678254525180881 1.578476053978102 1.004004722817035
7.854796548171554 9.752586984635652 7.956538811871628 0.8635059939553241
8.434034608225685 0.03371202927110128 5.224947716446305 0.9830673221800369
6.766754176717482 8.592487115228817 8.08695418462322 1.294964578119918
4.506906633316581 6.018501662112862 0.08888187634349622 0.870809074731645
3.93823286990335 2.450633218463831 2.985195501778849 0.7532906466714663
6.932350515514241 1.945708228712987 3.913167714848717 0.777793240713302
1.498842250914067 7.191183767695832 2.049475356864441 0.8175346720308738
7.531889303384228 4.206256109218963 5.559409769326397 0.8001190253620625
6.664499587514964 7.377740648249319 6.157317067718779 1.052439828581434
8.175517690447268 3.784122374226141 5.151098839731723 0.8156708154530633
3.853028873941642 9.278160871675974 1.010008712086837 0.7437367012623933
9.219142829416773 9.573620504649339 0.9944997867376583 0.8698409157199741
5.940003368133709 1.105499220353455 8.754950902499747 1.094158839091693
3.2678769136879 5.931064651442618 1.356911371090466 0.9263322277670348
2.958269910339481 1.355531301277476 6.135465123979965 1.066285149211125
8.541634685083244 6.598074973292726 4.480513319365469 0.770633347797088
8.068083957301621 1.412615266123018 2.583213447261294 0.7944809148131737
4.033068326113435 9.550496955141586 4.691660850432701 0.8543641136946444
7.503976035979519 1.732397885129854 6.442447794256119 0.9686487829634227
9.283976261067684 9.871783260348586 5.744529553638423 0.8610389981425899
3.873200388549747 3.067751135035284 2.383270783486046 0.9450665648190455
6.333504756421893 0.1320602508951618 4.783823084403615 1.186754608562011
7.063421769972416 3.532514314526636 2.787499525592455 1.332408317328507
2.198177916696675 8.458478144460972 2.561368335571117 0.8976489514119987
2.217408206614675 6.972157575321837 0.5051356441264276 0.8550080590902768
4.947241775173219 4.174179608976776 2.067396184411081 1.248716671587555
3.359999702476989 1.971210543310344 2.18924655393127 1.393318194284805
3.19528445090243 5.08338753454406 0.7067651030652311 1.038115673533264
3.497786201260443 0.8771936777301703 0.8736943165175226 0.7677297996990424
9.07955512158212 4.455064998188644 0.6058313622361179 0.7747121495752782
5.18962793373157 3.024050041110077 9.513434780023037 0.9944261575389561
9.047310416436286 3.570535552261483 7.41184543055321 0.8869251138189794
4.570470913108863 6.922860514626177 9.971919920857472 0.8994996626371093
8.041869278195922 0.3304483266680791 9.647938958181784 0.9436585114038557
6.237325652739564 2.67256873144811 2.961457007223705 1.000640475054305
0.3723317624863421 7.407750878783738 6.559365744997435 1.047576710544883
1.693775287175044 4.874638109456987 0.1244190831544489 0.9822359668351193
8.617961306154248 9.176300326094131 7.339963165161524 1.15403556137085
4.158308098877155 4.65222222285834 5.269860948742064 0.8374948944995881
8.499176791282558 9.430954531910215 4.487873499089032 0.8134889535259027
7.239946702381509 9.516121168743965 6.886908888554646 1.605406609949788
2.615851130079107 5.329450999508989 7.81415743340552 1.021209897265722
8.099841582593362 0.06526690662738477 0.8461020175885338 1.467109063047782
5.366725930091663 7.252480695750535 9.109882468430852 1.423065105737489
7.342879181093322 8.187524635378411 4.088212586084671 0.9610350591581723
6.021296099171214 3.230336289753456 1.746454901517918 1.55514809287723
6.248108530879406 0.3841184908057649 7.65012137362864 1.377044589495637
9.395632735241744 8.618210179634994 4.306342171921581 1.388348207240489
4.508474539597292 2.287684913168966 9.111610541853418 0.9845367079522307
2.043070006649226 9.961474451850076 0.5005786393867739 1.240242290268263
4.115959284611784 1.041475713898857 1.656947729434617 1.154715093952924
8.670528825754893 2.122500096628731 2.061622536747446 1.284709282923409
2.323774020559249 3.529404504174061 4.507561788798374 0.9439970932605743
5.317495906172257 3.809687171257291 4.218327639437799 1.362534193901707
8.134421322977127 9.963274491617584 8.807620182312041 0.81976584082237
6.569716748588171 9.37184466929156 8.904437612563891 0.7634258289802166
1.881322268294398 2.439651654075738 0.06503027789912963 0.8187296813267764
5.655812492355002 9.985181582509391 2.377851733604642 1.07236441058538
5.36994898908636 4.239383625169877 6.147729119766124 0.9906791975355811
6.262058187261831 5.45189818741128 4.937488802103752 0.9116354632698798
8.491444161316366 5.387115231702806 5.811943316346162 0.7642501963546338
7.069090708876954 7.179612385755635 4.000532771877414 1.074213360267946
8.349171033343719 4.169788994269582 1.504063917924797 1.265484636970441
9.108554505019855 6.574345378863781 5.635369419679589 0.7603042867570627
3.156339097189069 6.138282318963261 7.384312145958698 0.9644842436402412
3.319937906676355 2.64410189927659 1.281613272899377 0.7736326210314375
1.921950828737244 7.4816197544285 7.302681441906919 1.204108417804512
5.534633886160533 7.409028990787016 5.978625407309512 0.747596190135963
9.439207697379031 8.681816623020739 1.018686507006414 0.879163484658934
5.674102857714934 6.916134520571369 2.422898160781795 1.422790749010619
3.002340902591115 1.968018621010856 7.066959270572788 1.126284360391646
7.446894615909039 6.764859250007427 8.761736478413063 1.132594803487584
1.091521287513099 3.390961197680487 6.16751837072982 1.274476346956549
7.481044275197445 1.30040468937566 5.5755462238579 0.8604611817080799
3.837098372701576 5.181512658477024 7.761744113438909 0.7659644392211489
2.251762047261557 3.148355949721993 9.323090136909745 1.258052296408688
0.06814472611674338 2.445119557560107 6.355119794443883 1.078509153852883
3.713697383152316 6.748653746107851 8.135143505134637 0.7826069365173112
3.591010826247749 7.695295499912278 3.343789253417771 1.027725094901358
6.554821032621252 7.870257107046832 4.576545992214616 0.7703514850804946
6.597597554666351 0.4925845634473303 6.487971625402126 0.753814900651509
5.40640894370769 1.361358405606567 7.71969468656667 1.132400385679475
3.645402371236538 4.515706583011386 4.598069486651056 0.8259746707442104
5.921561012046348 0.7742745816612329 3.014174469642986 0.8668341117104418
2.488383343961278 5.899292582830729 6.502424771846639 0.810346170657791
4.837142840147255 2.985113929189935 1.980678604177505 0.8052316763959536
2.777080562432583 2.878209024894264 5.038340400298385 0.8021266545863139
3.102116785033192 1.794894843653748 4.9196186667002 1.414646852889119
7.800414415477011 1.864293687143002 9.917618094639511 1.022580548647949
3.90926150174786 0.6407225655986981 8.715633275695003 1.327030321642816
5.905221282249501 2.09320131834922 2.218214858664997 0.7919340993022985
6.329705375976973 4.880756324185562 7.98830661978129 1.062447829361288
6.443422674061333 9.038242074190945 6.03573420104014 0.8017925191215651
8.351603450905118 1.642479502585844 7.355729264904289 1.475365459599759
7.991521379489501 5.466049889122827 2.235332378052284 1.550704419981954
0.5173558715498794 5.94068246694192 1.881202774528864 0.872697528914357
1.222497798356617 8.955995753572839 2.445630468386918 1.263918632992317
6.213857607547911 0.2928668273023893 1.436986196747186 0.9472193081545066
6.305540005762928 8.314437136498613 6.841375904445316 1.318125693238507
1.496231751064107 1.034799278448453 0.7893464473549838 1.102420025628676
8.62984945630158 7.520044049496943 6.27156675159985 0.7770076978481298
7.508596235103702 6.642194921206242 2.485584036883711 0.7760747743901925
0.03792682669328862 0.009694923658958299 1.043888848698149 0.901586289823739
2.759175760052636 0.2123266694042436 6.657906371052877 0.9122769901132634
0.2731381299716518 3.983641970397458 9.542239488122155 1.034318376483011
0.6677051509717324 0.08646623829871913 8.65393995408035 0.8261499125157723
0.659104338573402 1.191607233656413 9.899411133499145 0.9925117730638696
6.783255093805474 4.685614175034521 9.392814027421029 0.7392558544286136
0.3285375246918953 8.445151792774299 0.1647627367734472 0.7486203407638503
4.513910374490163 2.01304842133628 1.812052783929304 0.7608170895489413
2.074178754642345 8.800225431616154 4.49664615176273 1.607051296965685
7.984226723716579 6.356072593369223 3.500413443538079 1.452725779014562
7.82651745451282 7.555498515199868 6.058834430771158 0.8264916007993449
8.034151307171349 9.702124208519599 2.116025973820551 0.9022039902467553
3.561961606988485 4.676888050239635 6.1415011873854 1.14589975030055
8.241055045292301 6.154599733376893 8.422652038462083 0.8751001371832006
5.038550502071224 0.3378637175417942 9.699129155189027 1.558030117158085
9.692033986257636 9.92755400605119 8.379467251281316 0.9427301225212482
5.7698523790316 0.8798704244172851 0.7067927032899268 1.058688191130104
0.8037559484884138 5.510555206426788 4.137482723110443 0.9031098611755106
1.57638191616405 5.226617484583638 6.047865139516355 0.9834486912297155
1.494514932680322 7.339810691977045 3.554511120050647 0.9585269468230573
0.5901376348500253 9.280093075841359 9.901105517600532 0.7709520930880447
7.64925619717553 1.861470245936111 3.317299105937873 0.8134159731056092
0.1023485707660543 4.423855320250571 2.248312185912438 1.103045529365999
6.983036678551883 4.561780664709067 6.638674396220968 1.428061832134515
0.730692437727829 0.6057559066158102 5.532170309095672 0.8885726678262167
5.912800759278955 9.247421337258253 8.262478429697991 0.8379557552974595
9.650776810054735 2.5001315663826 0.02794791820382559 0.8521926092636806
5.23707561147619 9.402503055913797 3.693789602220857 0.7871358807685438
1.146330823350289 9.514167826717166 8.06683421065501 0.9427930713998243
8.82453658984184 3.582458839901409 8.582202758852475 1.408178666901334
5.490438216156072 5.004843359468693 4.507724650501501 0.9905146597350399
7.123070047886694 1.714979086813539 0.9536742625968797 0.8728256240248042
7.803166791124039 5.592190167860926 6.859933588633178 0.8642845603160819
3.365695107905859 6.530642937251129 5.031938950694225 1.04025198781344
8.211297726480222 3.63315262595555 6.359439663278613 1.536752086932551
3.997632355394009 8.321683558463317 1.188003431433177 0.741299676286676
2.629818866433081 2.746409593564687 0.2627479316760595 0.8111927356973202
4.495768296689291 5.115741992632554 2.235338324373074 0.7340643054307681
1.071792453301473 1.494242402996612 2.052368776445205 1.616657376766636
2.899350473197863 8.111136673485822 7.077681905515781 1.071572809693325
2.223709222482524 6.596257035974606 4.854434181519549 1.224637696116055
9.013259320621321 0.04591889635209957 1.856955913423346 1.077380922318364
4.765203860983148 4.246287523309364 0.9742122857921931 0.8935876672800868
0.4098836228717861 4.048495778645304 5.658455350797559 0.8061389770245151
6.497666905634316 5.317503940957758 5.754628867410633 0.77889055941456
0.05960639418519875 0.4903643892127696 1.943388813652827 1.07628181031999
0.9206251158184432 4.449319794604039 3.393489203547239 1.618559599497738
6.696954349274173 6.817602610565608 3.08267462126951 0.9686744749507038
1.154126844999428 0.008315118028955348 1.525001574044973 1.395141473970366
1.021027935152105 2.337700778697097 6.246086017308601 0.7737460817922117
6.144551921463267 1.94727757893796 7.424000082388967 0.7996771664477579
4.661804767496029 2.727988558841934 4.422633633389973 1.110014854445029
3.370736292648094 7.103240095029114 4.158297810575725 0.9705179748321181
3.33934544657443 4.346061158625933 0.07210700682042548 0.8027947610983379
2.381356744407523 2.738467202817612 7.22470436343542 0.8218185172581268
4.927819477435071 9.242727736651014 8.735319055851756 1.301576777738698
4.520899542836848 6.569515028975917 2.271064949687382 0.7355202574296781
7.322047733958175 4.795115775282657 1.345701004689164 0.9518265260275732
4.10924617518238 5.619885471459727 0.8703203019176586 0.974583518876035
5.437436803937622 7.745987533267781 1.628866567225779 0.8328459505112413
4.202590132751962 5.70150170128477 3.716108076478071 0.7661574555441898
8.258110787693562 8.203935755870164 2.021222444530753 0.8777783921602119
5.508849166833858 0.2732521464725324 5.449033816940323 0.9150371991691906
1.73227966837593 6.826744376566094 1.263294690721573 0.9353068657772938
8.754588774595719 7.974161530468916 2.695238451166648 0.7678265482059987
9.42244613365502 6.757049624834937 2.715542541629011 0.7391675730002173
1.632172624352951 4.759832414212916 1.11246562027087 0.8597179426744794
9.850373735734689 6.838223976038372 0.1922529059320532 1.008156322844624
3.268610602184407 7.887881435701538 1.391985851524442 0.7738390344032007
9.523922351589732 9.677422351962523 3.819638557964079 0.8780845011243107
1.941730261887548 1.90253051919032 6.505770982813982 1.236975219963087
5.458372963266156 4.736974347002907 0.3423095134386822 0.8629656869342236
5.484149865796989 6.798069965536198 0.1410522547755022 0.7878849661419249
4.657362746658687 0.4103165433653477 2.2302932003001 0.7318220266439298
4.157152093994921 5.677959722458058 6.783314613853893 1.348655355766443
0.8489660430670021 7.015141175130783 7.330337660078238 0.8555430033096986
2.926106914265264 5.046415997509019 4.313294110007405 0.8910145735394492
9.123274983656039 7.47824207492436 3.985705060598831 0.8337381629981908
2.341438984347395 6.279427161513636 9.70607653791993 1.037751812146646
1.914245661890847 8.601839333351743 6.606560400840439 1.045492895702496
0.3428514536208749 8.577522807994974 6.249084122155835 1.127806404751773
0.2081137716859915 7.649765190450674 0.5795191866752758 0.8893138874507276
2.003277430520393 3.619727979880518 6.934048267458877 0.851065165891618
2.469432654589664 7.767141127962154 3.706500184545413 1.052103335957211
5.745270235784134 5.964118892136323 4.248029241284916 0.8314523891666475
1.609902793623125 5.551544904213491 8.151499544268074 0.9462823309575432
5.396055470403511 8.898937407947917 6.89558967538973 0.7951778251014318
9.206784896363779 3.802011856051254 5.385347709075576 1.171237241694258
3.743492410585612 6.286854890695354 9.945775578335274 0.7358667438777161
8.871877781384599 5.194160977355571 1.357382964608556 0.9152402698381882
7.847541635399772 8.063188229221954 8.793380204883018 1.439845633510602
1.618665361898026 3.597209152185246 3.889643754553422 0.7346554004176787
7.30159123495252 0.8495009626691353 9.80472389513281 0.7435704624136242
4.757074616453853 8.537184779827232 7.268555433929383 0.8218106309083554
6.847105524838581 7.236010601526151 7.222758918300646 0.8730323231273596
7.75591370745112 5.946171995125525 4.563585472667667 0.7485079510476514
6.473415956743578 9.92872132167849 3.48055088008776 1.233132883436872
8.262231136236259 9.243513170367432 9.602539539396048 1.206704024902316
8.044044509135029 4.88733817177132 6.260882103676374 0.7358169051722399
2.212057348747259 5.123112707949996 7.004919866653574 0.7773334455856146
1.197628420605758 3.941938918491247 4.854278519783423 1.417033578523573
9.306120376310544 8.097983507145901 7.051084133758846 1.400637930739302
8.805956502789947 5.339397142238698 3.354881133385267 1.110675450642358
3.151735345788913 4.114665629466693 3.803065040236465 1.095405528870643
8.279288409860728 4.092330298983052 7.641830625687758 0.8915529409021662
8.917785796672442 3.321479927274689 4.553017697805912 0.7839909259615505
0.3059567233925642 8.993734766647796 8.857877071097978 1.407834993414843
3.416061498818347 2.823003835709272 9.980928917513333 0.7948030738494506
8.684617487009392 7.160859097588885 7.056048325398682 0.7955726392890652
7.024711260113385 9.670958101554447 8.071892355484367 0.7814797189229871
3.998687637675701 6.003914302057405 7.841434189205033 0.8224601373070188
9.805677549659482 7.818771925280842 9.507629376101995 1.302138455808337
9.300963833704753 6.120755868219479 4.898515376838346 0.8856571838106682
2.738873646954922 8.059667187277736 0.5289626797897118 1.231305389674851
9.992437512511664 2.472510594174777 8.673426665749185 1.28611950085749
0.919665966464186 2.59297220930652 7.92574906506508 1.038274102156159
1.417693187954522 4.380111217889574 5.851357653207879 0.7492741002530288
7.472533081911786 9.271215708887597 8.788677618046943 1.008978268968483
8.333098511099262 6.098867695237491 5.219435747728493 0.9522673165592119
2.127243096467298 5.917150320068516 7.302360389766248 0.7615552171071033
3.311594650055668 3.156926560746892 3.256832242909406 1.066661049579214
0.7100684022747196 2.89667846769934 3.908020921267624 1.401533519164322
5.037726637392765 5.273459082000589 9.336204487176479 1.185895214575687
5.55706490536596 9.027195155154656 2.099024952508993 0.8552143968054001
9.337058827832879 9.838222553808865 7.563636079017768 0.8110990504774662
0.1873645245541544 9.551379651205707 4.418647936306454 0.8969746656388393
8.659476529472173 9.814056417548521 3.762980755796848 0.7966958262348524
1.993244078799561 1.224822813001036 4.660016392917225 0.8470535668415082
1.385653530847543 4.116458906078553 2.020065440263371 1.286285565597778
5.261878185773847 2.226502942656583 1.742603335808185 0.7463036669509152
0.7957170163055738 7.874841255010493 8.831880210971693 0.973861593394399
7.005910781919608 0.6120683499166091 5.809530227804188 0.7550022238977568
8.827885742215683 8.951394303215622 1.69747794532307 0.9665997355851016
3.701203117797341 1.039842968019996 4.042143602157728 0.7495689027550256
4.921130684860264 5.767377491617233 4.346782349440702 0.8460647655339255
2.071262294228113 4.872050054519155 5.153460029643542 1.10768412522814
7.722327790507417 3.51980213498604 9.035098908411392 0.7528993751738415
0.5203766311191871 6.957570791677 9.150370222978681 1.007749796929812
9.232824096991589 0.7480389278947075 7.933564693542275 1.052549998037397
7.452242726023481 2.663669926205039 5.866728784178534 1.026870145686251
5.109736966200805 0.3930662498852844 8.320912225472412 1.118015824752734
2.345434181103184 3.46102866511508 3.589281692524705 0.8180828428223698
9.110371507749811 3.635796629860556 0.9051813685844479 0.9021550697546168
2.402699251216835 6.336151003118136 2.221727628763233 1.520971416430751
8.754448212945361 7.228917816384675 3.150802120280325 0.9128439602377667
7.95421447843689 1.635948432386163 1.326129544623184 0.8324498206358621
3.190512542680562 5.985500235165754 9.367705619926237 0.8443714101321214
1.230081915623294 9.141802784777655 0.5379204423093975 1.024013884859821
0.2271998595767555 0.9584708825627076 4.006903570024031 0.8536813600421403
7.547122308339907 2.444640142438662 3.954122738858508 0.7384802399888587
6.340525148380403 4.216276818013376 5.275306376252042 1.545397073742054
7.596672693314022 9.364349889539893 5.581125885313681 1.073966463812746
3.28474319894865 9.075342367754907 4.862685387352957 0.7435594729038382
5.540986227946123 8.6398347529923 7.709519837236076 0.8587539894378456
4.575819309885581 2.032023020931134 5.343060510608024 1.127554222865693
3.821954935591198 7.269132058600727 1.496780243171499 0.8103591304975133
8.175573467418952 8.61358016182497 4.249110568317509 0.893223931502222
2.755494144230646 0.1097373519262568 9.335995029888741 1.437853274029651
8.594042740931844 8.03057083823286 4.839409867751402 0.8179035668581922
4.344543916432738 3.998146083924322 5.911049449621806 0.9374016883099606
5.200778331761224 8.151837450687225 2.566005951978608 1.190399264861371
7.229710977136485 8.386559437766547 5.982279553272368 1.115447403311769
7.32660274073432 5.434759141720154 8.753268690472687 1.468201808622452
1.768834363824798 5.538519812574187 9.44650343687556 0.8208141792552934
6.033892585419242 5.106120641409237 9.733147766322627 0.9149602102428355
8.799999027268621 5.234519821838542 8.922183325248721 1.292817583819319
6.863703952569892 9.694527275046259 2.219981427659896 1.368703532017687
7.342005060781423 7.611272524148929 5.106116830512604 1.152617239145247
2.129552617564048 8.925962200837441 1.406199654948802 1.428420914513711
4.997879418484689 1.076859951606358 5.406804008608125 0.9214942171494928
2.151953272192146 4.006917789813892 7.704863274339332 0.7462725813916347
7.351106369653335 3.400672466773599 5.141865538018915 0.934020503395909
2.399487894246713 2.340251507453222 8.58878099669592 0.8141294766677347
3.21795355129318 9.591316992197001 3.866577555060166 1.392301467680926
1.743694460875482 4.959784139116156 2.59433789710304 0.8126386576073332
9.702879773251462 2.33173086165245 3.60483643450056 0.7559009448619696
6.338371507639495 0.7768299431906012 9.752231754238785 1.114096061924337
8.994269578377619 2.560832652079434 7.95761177854043 0.8968833076788512
0.5546358652944938 4.519224457802601 8.68041988726257 0.79918802833292
8.623244832467488 1.121450586242617 0.1032378192200478 1.177795583121789
4.130199643592397 8.617032096480619 5.099534397725563 1.145625125599762
5.685179323085397 8.521076878071161 1.2682609151705 0.7873357873854796
9.390512747376368 1.48277476603597 3.501837997545732 0.9650706796961457
8.062401025151162 1.862563362904227 5.227427712727263 0.8482823170035458
9.104309026778784 1.000255988863469 2.580586752066235 1.135238540918697
0.3438006182754416 7.387703476834093 4.313370037766201 1.567624506952949
2.153550227875565 8.814268135411204 7.740335900338613 1.219501273496103
5.020218652769318 4.923101783100698 3.265938528998913 1.510528822888195
4.548754489626394 3.219719418306339 0.4121723892024087 0.7675613307301841
9.501567697910446 4.339496418697118 1.436581236512637 0.8871615027191148
2.760745853378024 9.148051273885226 0.4068894328606287 0.882304922431917
0.8197642617962475 0.166014360001171 0.2676810749503689 1.126549068096514
7.793760848607366 2.517156604393715 6.784461910771502 0.7617288499248858
3.118926234961704 7.38017888757085 2.133879819294217 0.9461180857762218
0.5035887385431692 8.434673407331891 5.245499550076003 0.7868276294774827
5.801737144744225 8.390380049876349 8.764031627610208 1.023664918928004
5.761111281644264 4.424739740132752 7.142311033751703 1.115281420864137
6.229015395541712 0.7469759998984861 5.6165230662722 0.7695662987209221
9.821336322993039 1.945207823962798 2.731590228505685 0.9720516438254256
0.8651077888970815 7.591289002998476 5.648325368359997 0.9979242253125677
4.41676288310765 8.243125290433476 3.231045080075624 0.8044656063976159
4.360403627691865 8.345500067753067 9.086858435954456 0.8168707914859376
6.622238810176015 3.208404762100239 4.097508704614455 1.455801590138243
7.426914362693378 0.8227843666086165 1.716105123226546 1.129251648519906
5.791936052413381 7.202430827197016 6.89671248842181 1.0787129947866
8.61173799009609 1.935186845483705 9.455360262506861 0.7550428033312147
9.247015244758952 6.173334695802847 8.502687206014807 0.8099834425705208
1.389268074632807 4.964619249362015 4.454618633270055 0.7624762849507125
9.253751276756759 9.102841901765418 6.353166000533868 0.9205965566073246
2.183747269959385 1.440341082926911 5.505312283531305 0.8015140509643377
7.42866050137886 6.566106451743894 1.584279560638667 0.9590602710175016
9.684665702679792 4.075234202386306 7.806377242231218 0.8624679108878284
2.370799919706233 1.163534572946314 9.134751356146504 0.7519018769323199
1.746820408909906 8.204069489421741 3.274717079398282 0.7831239938797118
3.127106140053126 3.255017662984241 0.7389345765490485 0.8339337337946942
3.287073481011642 6.04322115335408 8.284540708798064 0.8273764879157214
6.688209018269678 1.31609133671338 6.100275793062242 0.8250780052533837
8.974956057783434 4.663778588074625 7.920129443602772 0.9572322652537031
0.4240799305968468 5.290333716796655 0.3746475756404211 0.7422905261527044
4.097133536377464 4.276026952948833 7.922818791947387 1.065959681583899
4.942307080445535 3.387453573027105 1.292932767277246 0.765667641692887
6.778468275278589 1.109315778525294 5.008496771809638 0.9457079311528644
0.2934718146162363 8.316213735517096 1.184511098068807 0.8063860522443711
1.190663465565934 6.387915491084804 2.156530265587414 0.805053034425437
8.195408314423412 4.889327700878619 0.6241907171922434 0.9825904129146857
2.119891194902684 4.476908076507261 4.016376129558647 1.036107203297121
5.774998168955372 9.816187373546333 6.467820984834756 1.32427227062012
6.256580846694002 6.770708991355627 5.089162080181712 1.457492901379648
2.021205546949179 5.645213648321876 4.160627062777888 1.122390504407295
3.697067763756999 1.693216524795758 8.912529570632092 0.8185820106169356
6.854999103888709 7.129431018941895 2.152930374420588 0.8573074342121376
7.553738952951854 6.180602009158874 9.633852975450957 0.8302444355867845
7.800644552077614 9.816259713628158 3.178962928125158 1.226863440042678
3.16654944091916 1.185307495554558 9.299135076925539 0.8089882314721715
0.6685246441379511 8.036907898428275 3.324021981529155 0.8401974167961451
6.080908010353925 2.142995519741669 3.89140439541457 0.8594096020250677
9.062838772813159 3.377726979582988 3.553352777734064 1.151592057284163
5.497102213657628 5.772865174814275 0.4156361612214654 1.079267511303171
9.173043289680269 6.373166215109736 0.5964669063202888 0.7815625043045961
4.623297040901766 2.350778433455551 3.506523491873267 0.8369319375460607
0.09522478915044652 5.950627634516319 9.97961477771131 0.7445824819709848
9.030970827479722 2.681504017411009 6.916008062040196 1.091239572705456
2.090281904287652 9.582221529677444 8.521859022821511 0.7589999719567303
2.842160949858884 2.485051290343673 5.975839635530748 1.113449081149516
1.656872670900875 0.7075704290814855 8.311162494088039 1.537561040440165
7.144231454171334 4.131885632587225 8.710577941718379 0.9783774009145457
5.296673616555118 9.56064215733177 7.597905250462066 0.9335891859187462
7.638194696655226 7.706877619458671 2.949887391370668 1.490461319848229
8.08119500319471 4.46851768022484 8.446419066566236 0.8815694021112819
5.275107719613103 1.671228891516924 4.41554664151194 1.24576443705829
3.962187209423504 2.067152928432876 6.375148589890304 1.206879785193301
6.107772201936867 5.358980173678239 8.842284960467103 0.8917243771853994
3.853881917303399 6.764233360318985 7.33421412803303 0.7371658902913041
3.644085693164842 8.673846426123644 3.231769185945554 0.8388744867189211
1.172863756827233 0.07047289837381121 6.157286682091597 0.7749314273849264
0.02631214360411027 3.575486580899253 3.3421985622879 0.7854337044695627
5.943830093838336 5.339855857552394 6.425171033240357 0.7670561635758539
7.731005736726806 8.878245028579649 2.560999994900642 0.9419623321996081
2.722172954682465 3.228100763788716 6.679521315961208 0.7623169280064548
6.229856725467815 7.818457383381546 3.407124338890769 1.271560316267384
4.865210358509838 6.591777436564828 1.201524861374794 1.470940689882511
2.136764389285339 9.592152085224747 5.79780739461962 1.389168712669074
0.220567064941718 2.524800424788298 1.94530745555185 1.019844180691904
3.248665926265826 5.156273089212876 8.695729389144423 1.090999201675561
8.390415747275645 4.571684745008985 5.51665248554866 0.866434791480961
9.292079067411176 0.08104659156721872 6.593769310941087 0.8421244772512887
1.148178313903265 6.884378210286923 5.114261075561526 0.824962873662775
5.236849697867333 6.224959465171646 9.597897223195011 0.7692285134511065
1.796863597837068 0.1663353471899187 4.63587767958109 1.134169730354792
1.498908712330557 8.667201881741759 8.692957781307078 1.031572826298389
0.1668220536082954 0.9644496953628079 2.990709443009236 1.097705748806472
0.4444317756147598 1.793060571422959 5.530948801163861 1.057651457326613
4.829231423443017 8.4227368811062 5.934434807632631 0.763982050389331
7.707080312911903 5.123402349157721 3.90317327254724 1.123062963309957
8.816373355278241 1.678906294972052 1.016616701359048 0.8993798056589679
2.723287526795749 4.317398131984135 6.935406518869041 1.087495450848349
4.599421063518076 4.373930343247146 8.771535830252207 0.8300223337176478
9.870380039091486 3.073712065387999 7.607300936864574 1.014454244354432
4.23774022721856 9.119156192925811 9.530775974699251 0.7425491776067853
9.196079679322112 2.702141143352395 5.013190210334799 0.7368498347924834
3.920864968522711 9.851019009661977 9.641829785620443 0.8104548176086687
8.139219985413439 3.432539231413688 9.724411762563319 0.80194369369387
3.311441850024684 3.476777357950621 4.556084964458645 0.8702244201808131
6.840574101031268 8.601221113939825 9.260969457219129 0.9752878907800941
2.777631386533703 2.711516573755472 4.128091797261059 1.00431099778716
1.570023686821778 9.855884032358849 3.045536242251341 0.8099853147490851
3.078497941412424 5.9811843757323 0.2126917831967057 0.7383436742113714
2.935576517722355 9.984741900361643 7.850479880575754 1.447310449135886
1.172764027689061 5.348592208180761 0.7040369195880936 0.7812878216871565
4.280515249355245 3.1248466693406 6.408241007375155 0.8380180367706834
3.257664658105837 8.758121699452639 7.817895936117161 0.8925145440478632
2.667815524695757 8.807370272382149 8.882369220359971 1.212198474814629
5.045879270581537 4.463739498120372 5.247824871198359 0.9394717264523457
6.053879823053999 9.858994198516076 0.4981309930063194 0.9449025719553331
6.987427813138485 8.501603345943538 4.863040248599353 0.7787388512514601
1.123978198234333 6.085542535262331 1.261140633548074 0.8428273860281155
8.046373993827418 4.676950088254959 7.027833282866645 0.810808642150244
7.535569101930873 7.669315118234646 1.447906146565249 1.09859978667405
2.800760762964341 8.618193798501379 3.413445076215056 0.8333927187519867
0.5936414669538249 5.611487916147837 6.163904727391243 1.042689729202355
9.07768873621673 4.748123382825572 2.254490838632106 0.9973604358883729
9.047111139636268 0.06588683541598028 0.02851937877360045 0.9887930090827769
7.955140779403012 8.772409485850122 3.42469314250715 0.8114524150250255
0.426277762759959 6.120861692540653 8.123729634183162 1.548638914643081
5.569757400073248 3.333402774021583 7.426698545318129 0.8657796064751879
0.2797480306419675 6.147117900556611 4.578815321144455 0.8289093846358044
6.341474026018389 1.106244682877536 3.952317347334744 1.239980596092541
6.81417578330811 5.975652746891986 4.114452120120182 1.243507108677373
7.119976760550457 0.8962994106583155 2.929639638645539 1.274339198011879
6.703881044645124 9.208729575157189 5.204484042718705 0.8137655044310254
4.040205932084906 8.728498841310589 6.110797969148568 0.7407374658034007
4.067360303084514 6.226321605890134 5.755965318450524 0.8586455497401529
4.581160348415793 7.796931795453559 1.408182147861827 0.8539520892726158
3.721751873148432 1.429225847789729 0.3110964707671793 0.7962047812087212
0.2114394049874091 9.407078882087564 7.735355542023701 0.8135353934936693
8.163231946286192 5.30330469237857 7.757440052425736 1.094975569167921
1.439328026669039 9.636452619006402 9.362211295021465 1.25334530572609
5.723100289776392 2.542107692438484 8.399456757296944 1.58714443389675
9.034170900468906 1.665048107730014 8.521410638378653 1.109961405650516
9.634796362038324 7.951606460741447 3.181486092808779 1.174170065737385
2.314161046223476 6.637557944219732 3.554569277101459 1.164975803618993
9.20999778539505 4.304014315885599 9.628757736526991 1.14054889254339
0.2424510616330855 6.322458443098536 6.844395210635043 1.000737733697577
4.946240737866829 0.7401901232350416 2.966375213661223 0.9409650979023219
7.809515447577202 8.028328148806725 7.219402535646011 1.560604306957761
4.700798353183635 7.339362124414539 2.146239036283108 0.7323343236407542
8.955527020616003 9.074284541366794 2.980214818963021 1.393799095490676
3.097695554835888 6.934645980438837 0.04019659030051859 0.9987895974653487
8.631232590120492 4.352912449282671 4.312985557698212 1.366185055120119
3.773470807258954 6.575229771590013 0.6933077050531877 0.8217577890111718
3.342185994836095 9.970898770890875 0.4532481268693644 0.9359940030427285
0.9568150521329266 9.461872390455452 5.188352302461317 1.232179374367038
3.59328442297295 9.773204124085265 5.851252631110523 1.496529658373502
3.695241448549023 8.342729505299074 8.532670901082167 0.7628364464829124
8.572995317522592 6.968903356781884 1.943923378098019 1.51209980860085
3.545090362093817 7.054858481909601 5.806643856193739 0.8050461729713247
8.736898318639005 0.1799039776155031 2.999427001469539 0.7414650282446058
4.249582598427831 5.771270673267888 1.782420413212356 0.8471041392992669
8.555240633927262 8.938401672636411 0.6245492517174778 0.908168044809289
4.275058357368999 8.193495868587188 6.637479926781793 0.8020558313558065
3.837834052240464 9.948720479115067 1.736880206435802 1.034409905374082
6.252490474521625 1.427464502403739 2.477842397343878 0.7369147231580325
5.928647692203776 7.632739923079959 7.955429260364593 1.151559369890197
1.148600337335938 8.064307973046525 4.885446046675403 0.7791927841091884
9.073264033559845 2.630519413786592 9.286869256508616 0.8234758868824844
3.163898279904105 5.720687529425175 5.811777489391798 1.044310799997623
5.446032539510994 0.1050962939250299 3.267421613893806 0.7360665015204201
1.435817256593747 6.611541347826249 6.277151176374456 1.515472100847144
1.465924505811479 6.335655652156624 8.971667919455356 1.069087586979098
1.342386830316953 5.875702950366636 3.09521000486958 1.31334977306135
3.668001048816231 3.851986866105326 7.122084316652969 0.7856214060022713
2.340577364324414 4.635438868891646 0.7150188360815968 0.7491107299572243
3.956534815707023 1.996015475248746 1.076288349763487 0.9492100742342409
5.184364482581285 8.66411468666381 5.040687522041595 0.8931501483686701
4.762129335730513 1.434552002381178 6.188337597129014 0.7677068413347053
1.307319462748192 7.805640832431783 2.63767365419344 0.8887327910581682
4.474392696864207 7.27589212605283 2.952567007557256 0.9135081258393017
5.598758219103111 0.2127175031558215 4.077328284876901 0.7797203842708359
5.974574878901022 0.03430738696283853 8.86561701008609 0.978997441614576
6.514248428442591 8.267773045995307 2.044603709883131 1.481686706294582
2.512460924345125 4.266533597466623 9.977576903332318 0.8216770209626674
8.795720444297967 9.905190448428993 8.266417379408876 0.788133934417917
6.86224876585996 0.6998650001818153 0.7719944109755783 1.046327779637349
9.752347984168546 0.3353010723158201 4.372506422571818 0.8292323232356825
4.233889652574386 9.795438330489446 7.834000167489737 1.116354046085156
8.452882254003072 9.694171222823185 6.311138104939868 1.019747636014958
8.641156467422249 5.257275596599015 6.746500642763635 0.8750432842727668
5.071909521268362 5.226047058333764 1.388935956252841 1.219877037017347
2.859375296099096 8.286980127494559 2.007005444806405 0.7916513924323553
9.65238349743135 7.696442883341144 1.310415770803962 0.8210122829026459
2.443729295548649 5.73120118009767 8.894511262493369 0.8309038231121865
6.252615507513532 2.917155127210826 9.635564836939858 1.110137203079016
2.169778759702331 5.807000929498223 0.848416540282606 1.366055521537126
5.418832010400815 1.761334567057141 3.093398083826652 1.254665769827259
3.700937478980002 9.375997472671678 8.754801331855591 1.118983575448941
0.3559915677015446 1.811204599731583 3.510483904606549 0.8360618556058186
2.82176770727505 7.189329006813959 5.41691548050551 0.7521693796548208
3.678638267773657 4.224213305529804 2.652628811588429 1.386171510913519
4.181264553948632 4.22990056104515 3.719042817805246 0.8001549948741404
9.930095465679354 4.571974810780291 5.20527230796554 0.8298424928363458
6.413398646192968 4.337335017031807 0.07220758681412698 0.886222401969581
5.091771668396415 7.769955658180095 7.386460884343587 0.8138135341512215
1.998347531054865 4.477528981479995 8.85976550875861 1.551862207071302
5.376496538622336 5.751758859478593 2.352157944146633 0.877686213092515
3.339745499852615 1.87772269362402 3.562706033417017 1.222928131962185
2.802961717792332 5.292925490753288 3.209924378408649 1.344507464825963
2.077514894044006 9.141985191910853 3.187422257579359 0.9326387082584513
9.501323857376597 7.839606308653127 5.547799757103912 1.469991360034621
1.714098091451305 9.861828250372467 7.098906222023005 1.344955697902789
7.41135338757381 6.685930697492504 5.676960200240154 0.9854807775858804
3.951569744734647 7.180403232153741 2.305448145678173 0.7314568600259297
8.835267466767604 2.168255253702918 0.2110152050817915 0.8093562638131978
9.226530679128118 1.81131656230672 5.428864219923518 1.195444913420793
6.632082184842187 1.424143332693519 8.162240550153887 0.8027473971339515
8.892776247778041 6.219347500809712 2.824335631877029 0.7488450170658065
6.039317048290968 5.827350188012712 3.174693326827538 1.151231245942325
5.221100836343626 2.683836678980747 0.3597144776048888 0.7448827637105655
6.149433905615287 2.070872539058317 1.398900488580133 0.833520011156179
9.736267147895752 6.437344734436829 1.931110698629566 0.8562228287778999
4.15305313944438 6.449292035772648 4.279967048642968 0.9858984362354148
2.963063664093576 8.089944253234323 2.789916312228888 0.780059555908608
8.199573553536659 0.7172879409421862 8.217186490788059 1.011788693099256
4.838628139831997 6.784848087285728 7.834380412449942 1.344969074614789
9.689530617564671 7.315854661572014 2.185758051814941 0.7780948057946735
7.728352889335744 6.526105256194322 7.478673277109534 1.318542048458289
8.475331294385882 3.918202209651666 0.3550392590396534 0.7565394627473828
0.6593404698474659 1.465163692405037 6.469805710604376 0.9287849863479091
1.118748411287647 5.343380635981354 8.985152064198479 0.7760898144847983
5.359345555493234 0.886994610086861 3.766810116571626 0.7521660632196392
4.276999366790099 6.261965621423583 9.008087235897207 1.341752898633903
4.897806988549088 9.074740723012811 0.02441389228998614 0.8431195915120069
4.686865518579663 5.130810499476329 0.3526948674530084 0.8163214493086813
3.577004184804933 8.708662195281031 0.51761165052298 0.7825048459737823
3.373790967992062 8.318317249124068 4.254021887405598 1.145621072434462
9.383220998964651 8.96250992711539 9.983645523651699 1.144465127610555
4.079616537564457 1.994657241055693 4.24447049231309 0.7451517220514254
1.786903629631627 1.630524118194954 0.09610680926365855 0.7751078696103699
9.369685044323461 6.408346269541791 3.774296136267049 1.325071361803281
6.835441400468117 1.886593493564282 9.168775185033399 1.368543141424361
3.243888876983071 2.142828914526259 0.4750123945883889 0.8828663561850256
1.975780726748527 9.710609224584438 2.261808910276743 0.8505360463514662
5.956607024484299 8.093429094600351 9.626308820507528 0.7396491811568531
4.315067287696388 6.953309194483781 5.044290980345838 0.8227274953211658
7.283643453901133 4.724001201761802 2.923872723472886 0.8397349562625301
0.7985914434383591 4.39856144922231 0.3985031963270314 1.056743933494182
8.22651817370522 2.644696386746392 9.757667576429794 0.7367341648022154
2.623346709964941 6.499782705182116 5.803428726752879 0.8076717698188802
2.680715972290264 0.826942898607822 3.972031351372721 1.207954896174509
0.8337969284092707 7.595974224104978 9.763682933165072 0.8160724700860553
8.295167083543857 0.9648554951325684 3.558302709089638 1.298879865401809
9.202785641509781 7.037883778657145 4.724124648860421 0.8392887212744434
0.03023984598587659 0.06700296005305197 5.229057289372734 0.8922965811276868
0.06069569740767555 6.024258505183625 0.9311924236355296 1.134213363330822
8.189294031202639 6.034504522413195 0.8862704113109154 1.308684433836466
4.408019459720991 7.716529325394901 9.616478002170375 0.7870018721814628
1.849184417328392 4.779455480199077 7.678122158120948 0.8186695493027881
3.626955902951598 6.44758253863694 3.101789444014607 1.425260196435915
1.887996947061467 7.911060275715465 8.225489411763458 0.7586941493883764
8.618267031323224 2.134239344251515 4.248878739579904 1.42758978830977
4.669403682914647 4.923762172913722 5.986567609748757 0.915618974943079
5.133437977315785 4.020498038651435 7.869223177225009 0.9196506733269997
3.535877218222921 4.045481102440357 5.303397498889216 0.8504854209682082
3.401724209632995 2.698046627348428 8.92169159151157 1.209146315704376
6.774494458120242 6.08268318963851 6.521790113049009 1.410548743878481
0.4294896783303249 6.183004784598925 3.666230241262975 0.8039279684934278
5.018596591049921 9.887682150886842 1.207997982179821 1.510866294542063
1.573900331926185 6.880024907215453 2.798603404580735 0.7354050189109784
7.112956991675432 0.538675796438729 8.769456602171942 1.345801338816527
2.159247319777176 7.534045093886342 2.623206399283267 0.8252336136757309
6.785271007738285 3.317006790838951 0.6169484674148706 1.026749602803057
5.374204487319799 6.167226749103323 8.820102229003927 0.7598567540085391
6.395405484002881 6.292105997848505 9.52154601565821 1.442483763670093
5.473290411722317 6.112683152149192 6.897236145037107 1.151323533165098
2.039272466151008 2.911865269138642 6.414659302214616 0.765630233679265
0.474912069047273 6.943176805608183 2.855695676227995 1.368517155864628
7.420072627038281 7.054407939175621 6.607211498405064 0.7668678084406296
7.508030556118504 1.491048530558373 8.240281909877059 0.8805661431547718
8.33908591426513 6.451445272675989 6.323041675669343 1.253857331329592
3.036810374036392 9.619632357445658 1.208538316900729 0.800453978858888
9.81406501588296 3.70731152697237 6.547187646461423 1.394550258973397
1.347689822852197 2.85685849871184 1.782705757267095 1.128646929294227
9.891736557451569 9.083690620001006 7.037986372413374 0.7994144069878866
5.828783060610421 9.09077484011268 3.014463485788609 1.007157346300014
7.571383066345897 3.743526067007568 7.341616623384406 0.7572698918296541
2.393246502501283 6.617304330781544 6.967987061602887 0.798774257075743
6.582448154943901 3.692745545896607 7.715057059014478 1.323118157104894
7.153487456308721 6.374883567267996 0.7243350832615436 0.8411380544975779
2.894792082969881 7.767822865303345 8.252297694197638 1.200111331152132
4.612404459186226 4.385195900077804 6.941731725415576 1.083950287777822
8.598293745698678 8.121971800539413 3.594499287846844 0.9168485835705127
6.952924118013489 9.709456563906841 1.032577719352478 0.9158761143415449
3.466915746609741 5.640581474056821 2.245441482954851 0.9093755978538394
6.90206399595887 1.446362360331304 0.2002030441908009 0.7478579977160872
2.657866186047152 5.237769716749924 9.76732447974684 1.10366883846518
1.155128985002345 1.886543776267243 4.0850275261642 0.7847589445824099
5.166821583352291 5.179276071753941 6.684123059251688 0.8246194871980446
7.187824598796334 2.161928368471603 2.181378992110559 1.599236829166757
5.375748635261314 1.146922137686427 1.91005516678473 1.366685965393523
9.908332361613947 2.821185732837499 3.014543726660583 0.7780112349038655
1.250682654042102 8.786544194964177 3.543011767949274 0.7837488533088732
4.07054565263189 7.877633162597271 5.848742302040799 0.882545606266425
3.925820398991767 8.216590476357036 2.267678391210641 1.307385551563294
8.403929407252544 7.13848208725477 5.303691841262784 1.091701697235275
7.691740395940703 9.051945358015633 0.4252854653538818 0.752174892437074
2.581583581892942 7.320839367492491 6.338917417820385 1.070680555825867
3.932483100185094 4.48047557381036 0.6525404390275469 0.8359114347767058
9.697905284414006 1.642989452835301 0.5262776213504894 0.9943615694974888
6.743454010752704 9.806785388201961 5.75857216833496 0.7519563617523083
7.483655260215672 0.3340024400739794 5.072608364478473 0.9977461934691465
7.493614386689272 0.7614152319819445 6.653107388583236 0.8109460176375899
1.433447111043789 8.541968076299767 5.6804463638175 1.009512391388807
4.477106304016065 7.647783152729715 4.18502058742457 1.332753657145434
5.003525134085095 3.524841062757773 6.612435748899088 0.8275312495902302
1.657471645280183 0.7210002607253951 5.530324655329225 0.9029550540094649
2.806576667113077 3.438831066788297 8.407027325372841 0.865663373962882
0.8293287347790212 2.286834292812148 0.6535963074557527 1.532360165903935
5.24681325267667 7.312104788228559 3.502091267982526 0.7735099206554689
3.050863052113763 7.118311786052897 7.315052811797547 0.9554650254911
1.182345865491384 9.209999552882675 6.327269778401639 0.8432368865952791
8.178775936918388 0.5486606225144131 2.472710757715218 0.854063150141082
9.194556880478808 2.857284858848462 5.893791919460935 0.9306783426822686
1.374263976323306 0.8565772344729461 3.587586841625273 1.460396437117163
9.704866444565139 1.555380667233809 1.673214332967163 1.154052431497766
2.587640230117784 0.6848767728450122 1.661811734691641 1.621516102514826
9.48183467904647 4.427164743405649 3.197961297497251 1.085973679939752
9.668521781429151 3.30369658385349 9.286754418600793 0.797867224526964
2.050965749738032 9.82723360030416 3.758871680932207 0.7727585392802243
8.43003989425085 9.116172889565663 8.53711169100602 0.9263842118253584
3.858576592056703 7.090137172787629 9.55013266828437 0.7469544037959737
7.335081865622471 4.997064322726537 5.645529890839997 0.8021327381296507
9.424828736175819 5.713574578242388 6.152177464732319 1.226029305611023
7.011542148529744 9.678195157267661 9.842984226284425 1.353026350777891
9.874048901037124 4.983197595147214 7.134482878041029 1.33256164432396
1.296226491848782 1.450517385901482 5.799822961518174 0.7727665871454206
2.489890640927658 4.964332275699349 6.155797517816109 0.8932962585123324
0.3897757124946732 7.311561238268694 8.244282893563113 0.7964187986756722
0.003120204592592657 4.769900546274995 6.039070609237024 0.8071237871271449
9.44688798170001 2.611828473807482 1.070101030040204 1.225975803677478
5.807398431802872 1.893968768624684 5.588639798651748 1.229682622185836
9.664135986744002 1.07129855714894 9.721386745000641 0.8854637362719463
5.956992574227765 5.950221181396703 1.483552386972475 1.001259316132541
4.973766035766775 5.920421110518163 5.932729958027021 0.9812414768049086
3.862566826484767 2.863670365307923 0.7069189186928637 0.8008903191265765
0.03717326526138987 1.942396272631199 4.491359452153446 1.147315836769704
3.066367903443641 5.296472810204141 6.911431279951816 0.9364698377571351
7.947461096722706 3.275537174166435 4.23289116225101 1.139094274810152
2.261875117841914 1.862752143242946 4.012486646036288 0.9614877262696584
0.8762258590020644 2.061293212399878 7.06795166434652 0.765831914719916
0.8578034646420385 4.824070609617743 5.482096051776327 0.7873364903935519
6.147125477576846 3.481168190689856 6.49779816952685 1.226393119531676
6.360330610464287 0.6885307051050493 2.218381679109796 0.7964771459267577
9.842808534582849 4.927020002357188 0.8530065557222244 0.8685063170165412
4.181211047096022 3.126060879440037 9.597394015460791 0.9867300060264508
0.391607756768142 3.548128907085014 1.286208521778515 1.372921117000918
3.1175598358398 4.935854209563296 5.262512446091542 0.8241863029814328
2.782438685953859 3.462557687672088 7.497972574928301 0.8860062993208454
9.277387105145415 9.688247219379974 4.839806202376093 0.923265253492773
3.638265462224574 3.326658345862172 7.970833972483875 0.9869259626473912
8.917677817142557 4.385399628243201 7.044305891935539 0.8359829651943126
2.845919758366398 9.172174514938606 6.76437066829809 1.099966554313561
4.310227513273587 3.833399902102551 4.8330301681475 0.9446188872696057
6.039444140520632 2.638432112074993 0.5858311530089355 0.8569783047230323
6.850145128430367 2.020846441486885 5.570190922155214 0.790195675132543
5.147265366689532 6.708378946124724 4.490862459879709 0.9945094818993837
6.410161271112284 5.991103002549538 0.6157784295095793 0.7904807802367577
5.656417862449807 7.711751900650755 4.462529892893204 1.035346641941486
9.959185859154564 9.703993123035527 0.2577505191728124 0.7360882658573493
7.606807073242495 3.535726567327186 8.124707782092797 0.8346559663489236
0.6192843129188685 0.3348449421480326 4.573312349537868 0.8823693775813722
5.109974347835633 8.439310137588986 9.458721124808381 0.7997188950349499
0.9115990254066375 8.832270012265107 1.440349278350554 0.7917913476793723
5.115500408092357 9.574514990175947 4.68612743653445 0.9714879861955055
0.2517128094079146 9.026254120209645 3.232092732916798 1.19745764368449
4.774676731937033 9.353076864543972 5.615020893631952 0.969624569319141
1.452726562149819 3.872314918637888 9.704422352172413 0.7412752845345946
3.458004533715564 3.640292469995977 6.282407080539329 0.9041700444610631
2.213760788756071 0.672093179327472 6.176318826551244 0.7476165116391594
4.718564937021699 0.3614882693117816 6.119833550807926 1.056735093591955
0.3766019201924176 0.9714089354495348 0.9851934073050095 1.039541833623319
4.01965599705261 5.387287905112902 5.641395839144257 0.7410552662952177
1.32901911821401 2.04795293138315 9.06954056860187 1.546535879130707
7.503644188536912 1.391367846795344 4.385577443231925 1.007093863931364
5.226340667556567 7.847647463089856 0.4483834216538096 1.41619652034
4.546580345258381 0.2721815656873639 5.103055159417195 0.9098232437045133
8.258397351277846 4.183334148290396 2.909505644357138 1.345975376649756
2.621707376946333 2.009527712009322 9.50746334713992 1.038996357355268
1.462089095759842 2.761989232410923 7.065933278363239 0.9248200506330555
0.1529370792762275 6.581611720975109 5.550011156691567 1.279319136890559
7.132781978780189 5.252059498204539 0.2262101089015311 1.347250659652473
4.577494526587882 8.780366366053546 0.8327908953343854 0.8420763849918245
7.152780446714904 3.179098670816553 6.81559467012969 0.8961194507640132
1.000281032310442 4.595841429093471 9.505918072597412 0.7670917202587955
7.452927234900415 4.229404104323724 4.601257770466429 0.9790173658065822
2.97892304933067 6.935799886061652 1.145417591434456 1.091579931279987
6.98663923013441 3.697712960243914 9.63335528384701 0.9939767810953122
1.951614452403025 3.100640138926093 8.074392742059889 1.033443589570586
2.766711191245882 5.640609144989638 4.930881341281547 0.823593804139669
3.541859531548988 7.564694293666318 6.526379695394571 0.9047072645545662
6.5926724363119 7.629315024714053 8.952788306838061 1.082800623257836
7.772671789609605 8.910329819464417 8.011061063236882 0.7554717731861038
0.6539429096850491 9.371375823654139 6.972326911575843 0.7848214491358103
9.903038636957922 3.288364781554789 0.3400644926042273 0.7822335344511323
2.844024398413655 9.776437134113355 4.93092494906058 0.8206021045719361
4.583393937364434 4.182487049990995 9.830301354301247 1.27078402222257
7.334782838686023 2.435470831737022 4.859042650836809 0.9956644839060081
6.257390976012574 4.811711461932599 2.161730496960819 1.608741303263084
3.294358601312687 6.558711151396063 6.506744289407051 0.9245787131487534
2.014918408921401 7.556024411519697 9.374962581255998 1.612287712220627
7.580631298765407 4.039856673520307 0.5901803931429805 1.07565766800284
0.6429061707268657 2.418236545533522 2.844242421885181 0.8885057129077032
7.599270633921068 8.473818362399365 9.863239561912877 0.8279075497058052
3.870354979623679 7.591568923649491 0.5378845096575502 1.177058728492058
2.416864537854391 1.395315485620081 2.880277414540648 1.163460198389536
0.3861093490923806 0.5039734651468819 7.27232885612892 1.550816585280069
3.737011253885133 4.998125954857801 3.858894488022063 0.9128567300493783
5.822829557275466 4.073615069935562 8.970390605586189 1.625294160088273
3.140084228767224 6.877878940327032 8.941946538396458 1.063429350634324
8.612945867450488 8.346506150684275 6.196627095081884 0.7843231325975417
9.441090312345121 5.39717936328973 8.131617188499002 0.7332898130560422
1.586862334229726 3.185583638058211 2.925081264939335 1.23733149409427
8.455134166590332 0.3007822240609592 7.213695727766678 1.093915523593471
9.756249091499898 5.316998815141783 1.689723938064984 0.9162816425014453
4.443092782432382 8.917638403292443 4.017591511427176 1.127661926093289
9.967924015253177 9.23783556952762 1.952646105951442 1.378175559024369
9.980944342287405 5.544883195150443 2.83034433730719 1.385769168298474
7.974741518810433 2.790092625886814 0.9126591638501558 1.575667350922346
4.490910515859701 0.2058896614967054 3.93228534404702 1.299730867702394
7.96751499421805 5.153860401400706 4.931308311729902 0.9513070602910941
2.999139237647421 4.328069206220143 7.993764015982303 1.041173872706893
4.445867105316807 1.431290985591205 3.641966567642255 1.016936762061282
5.232387912855815 2.386042151154826 6.762522042962004 1.456771449777214
0.155969301233756 5.119532850238989 9.398520027760183 1.184622199682385
3.534194528387402 2.930666657892304 7.006933037066325 1.012685908890026
3.573476899030099 0.4033834955257287 4.745186707892389 1.002726622398242
5.492088199576004 1.821581603180711 9.719868916515127 1.387562691903782
7.348818051574966 9.384321692996064 4.285680605590939 1.271887220084789
3.965350722763672 4.84618959236128 1.545448267559418 1.051152662209315
7.139773804892009 5.430045777152555 7.520422501557252 0.9848902032961893
5.633568547576973 4.343980623452468 1.174375433201184 0.8142559339435396
9.294100752389044 1.014592574320798 6.959324376983814 0.8718648135104212
2.248079989234646 4.204721553212401 2.927112665538192 1.088832120522876
0.7808426418223213 4.607447985209125 6.518964983209982 0.8612527902484304
4.71494797853773 2.610919129580501 1.039023661854157 0.8915014332770417
8.887005172794096 7.745319826210368 8.988335075814902 0.7308021433365381
4.884157022620593 1.410177256500962 8.697109101150888 1.036130063224297
6.94662365204668 8.809955548491352 3.274969058180105 1.139571498787818
5.995302846145806 6.771312337433616 3.823339178337193 0.9672964312326654
3.042547255904804 9.310176361027553 2.466629950071381 1.425570506024421
4.073118545210636 7.463777622864574 8.700403118667534 1.124941720193428
8.255460967254443 2.875226795345589 5.184447652842237 0.9677975715475197
4.516719334447716 9.413834816005425 6.772621281904226 1.150095794288675
8.140877732010251 5.483401760214724 9.77520085722721 0.8631640871709673
1.267199598588362 3.00619855700704 9.800481111662863 0.7912650226039314
8.371865980917836 1.041616462089053 4.841800813527235 1.034443619738136
0.9370297223563007 3.920085071318475 7.570761566624319 1.607895665093545
5.430042166843149 2.765998996630892 3.635057302813478 0.9543130327264986
4.748666653148418 1.350513950426112 0.6635233209180835 1.146840990025249
0.9071654195323954 5.014781796524894 8.149121747542019 0.7696662244070633
8.034688260567767 2.437737068000328 8.701831227877424 1.337176048337243
0.5803417368029273 7.015835576768663 1.485606853298213 1.322697332454996
0.04962400453121463 3.609645542319925 8.519392175771989 0.9303559990737319
1.737319574830133 4.432858978705011 6.647590877707901 0.8987034656720729
1.020977389236973 5.45913142387787 9.856393708756956 0.8453195995150737
9.136759556546577 8.60058651706937 8.998018259535449 0.9356421219614339
8.572691184157589 8.051959332950089 9.952180014641677 1.235830665151537
0.8892996416038423 5.11284029485337 2.36394305499728 0.788991917225676
9.122940114789609 6.121720828710449 7.37989922009602 1.385342554846869
1.492083014146918 8.110196495509738 1.817206295280495 0.7507485159192008
1.32233407123025 7.186887872770287 8.259191145620669 1.039631339074854
