2.25445317837535 0.10336902914025 3.070342122728165 1.307903898883142
5.112211427578269 8.831201039179012 0.2230184422042048 0.72589139915054
3.681718665452059 8.59112249390693 6.304321549726607 0.7484076150418191
3.400869312826905 0.439194797618856 7.291085722412769 1.338229939146975
8.008349564171715 0.7398723489443749 2.960082302904909 0.7264795615325209
0.295417981433912 2.752412039002512 4.252036148998618 0.8012385839939477
4.834019074931865 1.844669102083366 3.183177124060382 0.787051639969918
3.253142637134719 2.606639527523706 3.660073326844155 1.146548325722867
3.682081255677575 1.717459369223785 5.465041558577064 0.931134715462682
2.395701848263597 4.165464818570324 7.989545763014475 0.7374339244753029
9.567061691149835 3.217735905527728 0.7526721489541334 0.7480012166183573
9.870460256607318 5.056925292258606 6.593956606299623 1.03645098038379
3.534125949995323 1.884126063957548 1.108362109378289 0.7331834759734415
8.61177985148846 7.270023244136921 6.776651859348023 0.7394291438255732
0.6606837825730882 9.387027441687669 8.982623085565669 1.249771682171181
2.522881126939928 9.296641110697587 1.514491446387521 0.7928020686677484
8.918737920898945 2.425563283241383 4.074473910259917 0.7960002222476616
3.916589983797452 5.027058408572071 0.521441427883611 1.315545799900832
6.278405146398864 6.471750343850207 6.980861651986226 1.592077065938994
3.713919327388453 1.728273120913698 2.035470085367807 0.9550626778544409
2.885683041476924 3.665623765548343 0.1153603277209869 0.7786916620014245
5.068327195791468 8.539063445980377 8.842983568074882 1.399661772655433
0.2344341488700575 1.710090029708178 2.837208327319284 1.244096813934841
1.48329170529903 6.55485563131705 7.216573786512883 0.8059018792818038
5.264000005002531 3.401880323354139 4.669480449764913 0.7607313545724655
5.964188642865063 2.818699315124028 0.7274238955716662 1.466265206631212
5.757356458139761 0.6114651269524574 0.8970632125662305 0.8647570676531158
6.514675263938558 6.485878745098587 8.569865879694001 1.543228973502402
5.624896377207066 7.057627849052226 3.753378858340789 1.127002057838497
4.780549319983639 1.906222069203579 9.557812816860418 0.8007015670810319
2.406698638121822 6.756017649020534 8.01246155044176 0.7819537052992629
9.658026386397401 6.721072528258738 2.930071218104844 1.313112799749827
0.4636653809793668 2.758823792388173 9.785124609498048 0.7560280768166459
3.90440491694494 7.058837316600338 3.574773344251487 1.122471904565254
1.001263288863272 3.934786809763467 9.32302859472469 1.082748863330516
5.403902968153375 5.942193306613763 8.625826892977523 0.8370082047544793
4.835447901288894 0.8725627583861452 0.1571034539169458 1.520778031862431
3.175074919872985 5.57203052571278 4.508552884076638 1.086361066253414
1.869211515905451 8.108872370296995 6.633086101265079 0.8859009046738604
1.15779189694265 0.8127016502310126 8.057893641779964 0.8103297978730748
7.178338375822997 0.07272716457017549 9.939049308156248 0.8962903562892988
5.977455183918504 3.714898984193256 4.490098581329899 0.7558052155686006
1.483985982185282 8.338027844650719 3.625277547915911 0.7284842492747297
3.611095883035027 2.997874529512526 9.367868899894274 0.822241231242783
0.6724598084190249 2.336399177627392 9.121909228917604 0.7470487211056618
3.133539223383095 5.405526202311615 3.496082825600011 0.9321105566579607
7.405891811302614 1.278360581195148 7.918355673906184 1.225349808749013
5.418176211368479 4.65794508352969 7.843884901453649 0.7566700021668108
9.6035342168183 0.08522321115558286 3.936823837849431 0.8663075207598284
1.876057828893104 4.60297958518191 0.8799137998709784 0.7424390627239981
6.622190788178205 0.9336518065573441 0.7126170314034609 0.9489521168091801
6.413818497102952 9.269659991300081 8.858986999533137 0.8197683549894934
9.995745592914634 0.8719859504103956 4.56610105979416 1.026754144210961
8.373019428611387 9.572690184761179 2.979101994642195 1.603241672385625
0.791048196712586 3.519757634907966 2.666069196143075 0.840340342303232
8.755564182152268 1.341288699535819 9.61233927459204 1.283442089909139
2.364694721893494 3.966633175960486 0.783051466383934 0.7420206256492275
2.360605481140801 8.43806057021559 5.339036531798679 0.8810465101817326
3.020461304520941 9.11959911151666 5.857204558155772 0.9694126502618919
4.646366070232889 6.751890897513343 5.294126747518503 1.015380974555116
5.002248560922164 0.3664045289365326 2.377954957580857 1.128668515357744
1.659288380127506 6.855578965265423 4.411819303537357 1.082475449680633
8.959884196751423 0.4737817660433197 3.497316238636357 0.7323169421632175
2.685273584663585 8.139437779739289 7.040756118119408 0.7930360714543649
8.673766632074033 5.153750336955104 5.164869647368227 0.8281596912990662
3.65085887058789 7.58630609049071 6.127339124123884 1.152613854882944
7.098170375816395 4.969320094057629 8.880407125852681 1.023146364586209
2.938137000686566 8.80724073094599 6.687926960213217 0.7702056011727495
6.153347369583297 5.267561854338072 8.949244486839877 0.865556270046919
7.310916496361439 3.985953322031277 6.262392629211432 0.8669778565837114
0.3030424891161343 3.096571309769758 7.666618787195163 1.333859221763685
5.456520809972376 8.202188519549503 2.330338560140148 0.9686684642985955
5.6096849413533 4.210750082576741 9.275746584623308 0.8125243434024076
3.916587822390547 0.58864974120316 3.899593897335186 0.9689785228781377
9.785626869337889 2.469603849745923 9.146400066406605 0.8090135907218471
1.57293698730465 4.749311369335105 6.427103311698785 0.7953405703954143
4.39173623835342 2.778922755101784 7.772617957378943 0.8344467331865797
0.02629779295765689 4.480505556757841 3.390946642621704 0.7270829333542189
6.267617929430705 8.317256396289569 5.430355683658761 1.367920180042983
4.92375305511917 7.480331511528472 3.054951778626777 0.9477861069925159
8.730700963257597 4.7832392589305 9.683666830420815 0.9893419224421079
1.292595611558363 7.235218344702493 5.194544233255066 0.7573394461766073
7.271205837483263 8.617510679566678 6.95825398890336 1.196949853930271
6.445071213513538 6.970636201793792 3.047123393798895 0.9138457695004719
0.9961460743955631 8.233637281220123 1.262823372615374 0.8435925676994511
8.644822878708663 4.535505109372718 8.636876492029236 0.7828702945721036
7.435309694397009 2.895841897074751 1.288602881566963 1.585288696288426
6.253721966801547 2.159107337009565 2.61628858105482 0.9596666557887105
1.374128716829548 2.32972381508234 4.162533676284283 1.065292969635584
8.331465937452009 5.259388088345521 0.4039425026045418 0.8162828558361136
9.989045125678013 6.134925157600081 9.823569924740818 0.841058539693336
9.759580568341967 5.293388918025089 1.488721493884207 1.077725935614178
6.290123178537395 4.264786243491493 8.344341554434477 1.333890549504725
8.107341913318884 9.605910473035562 8.433084497364279 1.158882963370428
3.817851863831848 4.458404080421045 3.173417482447464 0.7975983829265924
7.225821900200923 4.929105994986926 6.2247270836216 0.9172600834071234
2.208531752010038 5.252108508514569 4.572939918645335 0.8142703819838607
4.679104078130128 6.896273321238646 2.436938190587062 0.7422094774175672
2.553687823619289 8.560176853624496 3.734413556253519 0.8575384439505891
4.969788526935081 8.609198500729333 3.133210501048071 1.035135839628357
5.790416482143435 6.289178381158849 2.844263358297728 0.8004563789101176
5.50746106475356 0.4325760705332172 5.943280551776786 1.452220500340536
2.204773481106931 0.7034137056061762 6.583811756478907 1.099704696530902
6.002896013960122 2.189506144195693 9.427903314513891 1.354382675930405
9.990517055322568 3.809602954368832 2.29827070000441 0.7358310436494248
4.759463094507925 4.120069549770633 4.770161399805645 0.8418608988011907
3.059206890431908 4.558262244886609 6.312591463924952 0.8306816997356254
8.570603132286148 9.467331704723417 4.882495553518904 0.7998458473287234
0.2690780808770022 2.89997529308911 2.460894036216842 0.7865027357053956
2.020481824654966 1.226510915467194 7.488022300498555 0.7793150475547622
8.398337248649076 4.393569237681704 4.891016959384302 0.7269083779856049
7.444365082081298 1.81233061337748 2.415466686185921 1.481635716815219
7.198538295624684 2.997038711396004 5.684835938867496 1.152361980830405
6.340603096021549 3.986018999487058 1.568498903904945 1.411570707046589
9.753976181681907 7.519779846316911 0.2035409780293862 1.106145502349798
0.8743520461397148 8.557151544003192 6.911055220342883 1.314721579627412
1.993854864556449 9.279128301636838 5.435837028638758 0.8678305685579999
3.789907194225423 1.710869145409732 7.893027050528133 1.486989019551666
0.699261089257821 8.493589375840918 2.87191547152797 0.8800062857082545
3.408847811663652 2.822630521809322 7.489762807617199 0.8945831021545001
7.722303223342839 1.663641457869408 9.701456798676663 0.7699639313078065
5.96771365104247 7.440302163998938 4.798960628746667 0.7848983042559153
4.036597108013604 1.204871083174006 2.917066181300817 1.111196599299164
2.938102207657961 1.748027606113174 9.167728347092375 1.483967655635877
7.043043375554965 5.173998959346032 4.306539867533333 1.184593145866438
5.450723398842436 1.766407950491347 5.476880866826695 1.311566200794939
8.951864037808337 3.851319207049363 2.138240126744454 0.784476727378102
8.59285281559867 6.5643675012412 1.698570198252815 1.175011116879712
7.444867952630579 8.538888148667095 1.711426877257947 0.764740686603072
7.502909401220127 6.522666506903038 7.941070784649455 0.7443857388508848
2.30642033739286 4.078370214507099 5.750570526098303 1.071395268313074
1.520225727518238 5.224075502331553 2.326526402221103 1.127451939978327
9.067549260232681 9.978924042230245 7.035914767460556 0.7551502420517072
5.513228325091038 8.140369969384851 6.99469888202582 0.8404108535357524
6.049141063706277 1.337764252961827 8.181850234726399 1.42806557942454
7.408454082886078 3.925907954501543 2.304319894504674 1.151382967930693
7.210786962018302 0.6175582531042412 1.502055165401454 0.8919917575420744
6.751136075450114 4.338201794539788 5.299139067520835 1.432552543254423
9.04656807203698 1.719645196974235 7.453095892827756 0.8411873975419106
2.515031824973822 8.844841612700383 8.382059975919766 1.181713067904913
1.067793509172266 4.527314828158391 8.422576183113394 0.9768632620847686
9.100776258510543 3.754414894939884 5.260738270018064 1.26597418672763
4.788297132631899 0.4547092351930926 4.950225025545883 0.8120304264488932
3.554928550832353 5.158824440975308 5.499772334155985 1.091238936033416
8.481281797702042 7.572673320732698 1.286128486221344 0.7954132127079904
4.67646787667254 9.270411957611335 6.457038260819319 1.319966454294447
4.770438582842476 7.288415344760923 4.40173836999111 1.025136232418949
7.809884517509919 7.638967922396807 1.985344707148962 1.104035501568845
2.095084298963048 6.23280420216419 1.330012565511408 0.8886552782290396
6.937720292672258 4.127989279524742 7.250813930752568 1.159882647831223
2.362540977066877 6.923296602461865 3.744932776605145 0.8241417906070982
4.067869381447759 2.560683235357857 5.158324726051297 0.8555490446496564
6.753886991382276 7.84913097825939 8.591830887241391 0.7476529275891803
1.043116418298158 3.456504878905921 4.31447452853402 0.9901934138228109
7.316523572691682 0.2969029695266379 3.561905941019761 1.02546070320094
4.006207938161189 0.7011432253210859 1.928673939823835 1.060359360198151
9.385490408069911 0.8023139035750716 6.649124178430829 0.8706991805293912
0.7087605216278615 2.296394859255843 1.97918524379885 0.8262850956468234
4.052484259336429 0.544520540071275 1.008562050634252 0.7731770420271935
7.345124412808635 1.480212328412896 6.209515379780343 0.7871212915372875
2.407463519647787 8.52709931749763 1.752674070322081 0.7979122336628657
7.114786740739763 1.884732420484569 4.487072598503253 1.143577286557043
2.673601834875237 6.137394992615306 9.735285926013532 0.9369579588507919
1.552466772674488 6.345779013778289 8.237844866912344 1.130540446203445
4.11651160071693 3.272817267224108 2.23460655978238 0.7431919371920047
5.819447529951712 5.467677870935431 7.919541249876988 0.9898725879284873
4.29920024780299 0.4711560596811471 9.156030979591648 0.8470417134450754
4.093053031557744 3.993993572201353 5.646136593124117 0.8850582964177094
9.305050676588257 9.611005678915573 8.170908831610312 1.14001776458057
8.342461545052512 3.758212391776549 1.449350517692547 0.8512294381686847
5.295639204813114 2.500863797396447 2.768375742062775 0.8840825072250408
5.621653329115665 4.06212924020586 5.99187186696703 0.913637363073449
9.044777123133514 1.034022748800842 4.230711262473144 0.9606417938195281
4.51738004693522 8.906247498965625 4.016782086810181 0.9234015706268826
2.166529227825765 1.958641266096594 5.465774914749514 0.7283739337615736
2.005851042503114 0.8959571919144206 4.468175225629148 0.7567285521974031
4.433304367917507 1.043477071947557 5.643060661110797 1.043717211961199
0.930880073225091 8.826366489038721 0.008767886313962858 0.818592337127251
4.785240631815564 5.768107375418243 0.8348047036853879 0.7378389423176877
3.748189317353754 3.681849059293812 7.958383916279093 1.108351462821757
2.218788692112061 9.317679102061541 3.871002144307454 0.7732229228424412
8.263029114101846 2.532233273601193 5.03827596073651 1.450983171204901
1.477355141858364 8.329034307013506 9.153614600174242 1.389175106094791
8.948125528765507 4.67691582697829 6.026234456309732 1.069535501192073
8.71014253066992 6.570789662553985 4.227930930583772 1.305422072588569
5.326788289439647 9.379171077055206 3.938198299750251 0.8167339315640431
7.812394616600453 0.8874109517870877 0.5047695016332499 1.422020834422498
9.863968138001212 6.516356363761513 1.577228921709141 1.321413894900995
5.715172762701848 3.9199449198521 7.211614175671949 1.244906805130954
1.321743961793195 0.9101872107793242 7.135038684823186 0.8383955318725096
8.325504353551729 3.31854737677183 6.390100616735181 1.532025892334446
8.004147141599542 9.097839686018006 0.908497927957589 0.780123406773332
8.10929446153234 2.426137248868103 7.613294108795451 1.477062673960595
6.813133909748151 2.217099209137712 3.450784908266878 1.011258731309814
2.787030999889728 5.780667021662792 2.334917688474111 1.568518785921472
9.100783367834971 0.6389808395869334 5.017217021456272 0.7760360087503382
8.033362433446229 5.580726778320638 9.395039553176341 1.097356164047081
3.56268286648065 8.481140835014806 3.975251397036596 1.087193884822514
6.437321875464615 7.901738257879863 2.597017766812677 0.9775082254228787
0.8293136262125201 5.694381253302482 8.794754613610079 1.020734063312404
0.2687108123479088 4.746249118610996 0.7867163417614065 0.7954961796293001
6.179270948417007 2.031778864045229 7.317049510276905 0.7561179962014978
1.338909354487862 4.27708938605217 7.011706676739149 0.7552779290789096
1.069391354775141 7.914783316486342 4.521527467657785 1.107810089787718
6.900040333645316 6.957929304704287 9.8025499272029 0.8527588724748683
7.130766086800325 0.06863501810349004 5.141232964977656 0.8400731782998091
5.05347350012866 5.12800228236055 0.3627583561207549 0.841345872399793
0.09456853517661457 4.693238133700195 5.335777600992387 1.435465312994355
1.21042406099816 6.008982916528753 2.891763089000509 0.7971940237238894
2.791302371193254 3.507025919475279 5.114930121205768 0.7518958668352299
6.800508236260763 7.777829892803494 3.96859472178591 1.597289889521808
4.807241387871968 9.529118512372948 8.216166304604217 0.7667274268588344
7.66377381511405 2.864271514285014 9.997282065113829 0.8888397984350773
0.9514482366980826 6.168377043471003 4.046045307031236 0.9049887541689726
4.127759987507342 6.645141573087886 4.550267397713972 0.761670596456916
4.876767604847719 3.467206831002394 2.826734351876941 1.18580605982932
5.472926562054443 0.1672466379349747 3.461447406493752 0.9428466788976505
1.145968510367699 0.4085294298522857 0.645334517349251 0.7351644449403831
0.7218006113391552 6.159587965913576 5.298107954024083 1.558488166730597
5.738594253672467 4.830746778549014 5.420447633805567 0.7969430279184179
1.07579291321179 7.961682446474128 2.233461874371209 0.8221187837408289
6.289735467595872 6.121597759935441 3.463207569635024 0.7630675383909656
2.665844764498413 1.848564354485141 2.597867776516146 0.7552195909618592
3.578710496838414 9.477953292673007 6.688985976402056 0.9062656770419545
3.18314057546192 2.244430124787377 6.865495585760996 0.812049730926829
1.023033114764467 1.401201909145812 2.003016565368685 1.009602815217744
7.597554334241833 2.277297847504142 6.33552534356752 0.8148266599287013
2.06333856209941 0.08241205644950568 7.766112255914008 1.520159514778158
7.885253736147729 8.657359836965062 7.85080874624691 0.7782279732001974
9.806710648009542 0.9040252722001973 3.506432550315474 0.9416171451760138
3.665995357624026 1.940232078232182 4.478596658024805 1.060611283857618
6.839227700121851 3.751443991842057 0.3973924094451753 1.106528219358787
3.031996995995009 1.005509490118321 2.312930079721972 1.078163240152286
8.779023691557578 8.422826847385579 8.365303362018301 1.302526762162934
1.093532890715233 3.94255400557694 6.074780236531288 1.145988785558471
3.161452911788611 8.516138047270079 7.560061388048304 0.7240838074684296
9.890926787608741 3.465116739469777 9.360495968219952 0.7620307336777201
0.3336104612150826 6.684649173189197 7.638164242067636 1.518087579928459
6.102577766856645 5.463448069289564 3.898981845501651 0.819408644593918
9.039979575719178 5.741360822770153 9.907278196597616 1.016052650643672
2.147900700391558 8.008041925520049 2.721466045412452 1.347874183425128
9.957976476203092 9.71297726596033 4.995699070198115 1.375663393231293
7.853322918976782 5.970500811865405 0.3021810200390307 0.7332799327750277
7.620831838998188 9.437808850834697 7.544391752758567 0.8514243506323339
4.422429329037159 7.81134077151899 9.510339382152164 0.7912370998156925
8.489915463276422 4.224735976473699 0.6122061539434664 1.034952170094618
2.91492676666545 1.92653495292357 1.639067658313084 0.8160711950348893
7.728188245357791 7.219341853509357 9.715584076765934 0.7897812412616011
5.75709593734951 7.448683651862996 6.156085151964176 1.019244569603138
4.223456985588043 2.443411401180687 2.700086907441802 1.128114072072108
0.893822449528623 1.205685342650798 6.187954072885461 1.281002038865821
6.884828022520987 9.911432513644959 4.365723349079407 0.7879462673585257
9.076438904512017 5.870688231991554 0.9881867701419301 0.853136776877284
8.204735071886452 0.6420550736134957 3.82016042953656 0.9044611839799359
6.728101606664287 6.936001563049204 1.956533873099855 1.206375558116357
9.67616810348879 1.576347560399592 8.739848183368695 1.05167841160591
4.625246222741649 4.762544030084888 3.360299026811931 0.7743763965453756
4.513326690562306 8.204078916663322 0.5511441511567196 0.9838181115997092
1.505996100204175 9.784916915590909 9.873974477888456 1.233590166599097
0.1578848485053796 0.435885556490695 8.424022442761954 1.244638892111027
5.415729898710801 9.142241346468987 2.38578827637152 0.8238388908222368
5.969486013333118 5.356861326788709 3.005743349003262 0.8180717203271056
9.609427915987235 9.960893014845905 0.09717854829155327 0.730954590307623
2.703155858195642 4.704911679795166 5.168938694938088 0.7811967266362847
1.034354505394292 3.034972072946576 1.857209081916794 0.7456941586360312
1.786286393221474 9.53438308061056 8.792525697503358 0.8134749517922961
7.97010108549703 7.47428810744397 3.552058540153098 0.8400644860432689
6.197444449033956 8.560143303150902 0.4624716536195817 1.328221195284484
1.069626444461779 7.12704521994685 1.42831168510521 1.217574449602573
5.859821143340997 4.506184006058616 4.455226389058853 0.7478624411303237
7.600058364192296 6.007648703888899 8.531085951664059 0.7967193995900979
3.462249057218395 8.387396719377348 5.266623473103967 1.077573222974685
3.734368395484673 3.492316620632913 3.345886661483708 0.9143206391670593
6.984910845265017 0.859014477893192 4.371883034595407 0.8858771399834695
2.420756589180342 4.28307732541365 1.922886864167507 1.56424110600491
6.144016611523089 6.310815082162669 5.760185812473503 0.7669248194432801
1.458728313967892 1.597685516537472 7.930235811630642 0.8016463464568978
5.13822934361133 6.443074081070645 4.575842911911002 0.7993669530452003
4.525892854841768 3.818845872742716 1.732145386297965 0.8351116718147165
8.887106165383694 5.395421068455784 6.622595249075783 0.7463150783168576
3.901578624089598 2.035998791678773 0.1368488564141457 1.254426547671987
4.139718120571552 0.1400589268937713 8.155126612332712 0.9792912212685925
2.822251297728634 1.43189727130067 7.033939268412094 0.9471550322457288
9.249801029136473 6.740670546967967 9.53086034300944 1.131226832576713
8.496950007611426 9.680607400823114 9.776164585640934 1.57391174828531
2.054168845802026 5.862885922607625 3.670757388958002 1.341559543019094
9.612524696928793 3.186649945612775 8.65117884328572 0.8087872826161673
5.33124805508762 1.643209656881618 1.057942768818037 0.9931390929074244
2.952094597959964 7.665666142020528 3.565403175907743 1.006735057501124
9.547406035552504 8.917677326377916 7.042681748699957 1.404966568266966
1.919801686946969 8.647647447735054 4.482503282694184 1.065606783187738
0.8722734247076226 5.181273845339626 3.455290523997136 1.246914598653506
5.702331599715192 3.044745662403294 4.140965889660402 0.7579318866913424
8.454013624412653 1.793866797143542 4.219103583848245 0.726661906685519
4.114552246123825 1.403427359468348 9.101508043776885 0.9330302538037556
4.038637223357852 5.54935544788946 1.842764000158894 1.106908816607053
8.013215388228371 1.746288870206047 1.352460870229679 0.8388070990338892
8.527859269138796 6.385771753034032 8.629107896966836 1.12791259171399
2.850666149630817 8.145682521288306 9.510013154726776 1.339658657320962
9.204231999817134 0.7103501664626289 7.704377058412168 1.151238043018949
8.586570355794921 2.344727381077321 1.213125085134582 0.7935512947584407
8.92187623814228 8.05901755910617 6.356607757330921 1.079985535799263
0.162813906671061 3.050436788392904 1.477388124430691 1.117590113462957
5.350112658818391 0.1403985062778246 7.404968838315678 1.47724145389803
3.717485408638314 4.783367473063435 9.382589737913699 0.9100528390480414
5.425093410286522 9.698252735292563 0.4680437438005869 1.136772169958524
0.07856208758519667 9.211636804084224 9.958153955520761 1.002069932176544
6.639503237187149 9.78375239890379 0.849648948941072 1.259442164183433
1.515199600947779 4.100593403835848 3.804617533315547 0.7531322701953681
7.041857695258656 3.246237596563176 4.362545614628963 1.460846359087413
1.65040300103769 1.05138889171731 3.407208316123619 0.7237956735257635
3.248406057999291 2.597813025941822 1.197280891524272 0.7877016479795302
8.062996790360183 4.626792106711171 6.97127334937832 1.327112112625023
7.810970670170949 4.983304150353393 5.0105236462387 0.8499001819345492
6.330047546566971 9.522068461664789 5.343108648797795 0.9943250919636658
3.960633258913489 4.516553612741349 1.535845084165782 0.9162122259606513
5.598146594514536 6.869180346769753 5.394445553687214 0.8410964702588982
9.233212781306598 5.829936816703076 2.296405740977269 1.002908754255444
1.465112074109139 4.199417282210363 2.859771417845821 1.067973802947142
6.154712392905887 3.477917492840206 9.696150980113547 0.881303943377662
5.00565206482255 5.609163448790352 2.600988689299939 1.283933132681955
3.73621371760558 1.085992180925049 0.5212370162719848 0.7462043103757243
5.230768669470232 6.551621360566802 7.876157795260233 1.091610667762268
0.8905434898890675 4.458550162711256 4.383267285190133 0.9313036312118997
8.573624716191192 9.161668224756454 7.594921458281942 0.8125044796952245
2.014213903767538 1.168273275084309 2.599784680447116 1.015319168526689
4.073423713821895 7.376041353371651 2.625278994059713 0.7878054486481004
9.869496789273411 4.776424969537098 4.186300733886712 0.8058633572983303
7.501947504444867 5.392035939622192 0.8407569467019682 0.9558413945652702
8.721787432779669 6.029476771727602 5.160228569711409 0.7334942476158577
5.42854283933987 8.223712223624901 4.16618494095525 1.261846341071705
4.474041201321225 6.872007373271792 0.4580104851109923 1.488221737319511
4.623777440165038 8.79806631866148 2.168915620757063 0.7439260842574124
0.02032446205597838 8.136987116440354 6.196493747252269 1.019027433009231
3.032596711426197 7.69101336445306 8.211904987688373 1.318605424482783
5.073497150527914 1.089678658152667 3.065688564408825 0.7850321460404023
3.574387692895967 6.050400429944934 0.135011124154083 0.8714726597514505
0.9152664434477399 5.796149625722578 9.926666195523914 1.032164022118066
1.722783541077278 1.611785550337861 4.842665497933272 0.9026900791222261
5.367968270264079 5.04787608786835 3.700877318018569 0.8335389769201982
5.98983707880604 5.223082224747682 0.3928877098941341 0.7702519833367855
0.7048286134427939 0.3089862159653534 7.489127588446734 0.8775550627252182
2.431832716447675 7.047677836787753 1.898756346453258 1.154992464999933
5.366466653141215 5.593672402929171 4.370385437451909 0.7321672101912965
8.270515189479447 0.7564261497972391 1.890229196086156 1.340807322671866
3.586330542056735 2.556337337888514 6.096326937273637 0.9421847828100609
0.9960435576191574 1.171280146437502 1.011841340762444 0.8572455701757792
2.603906698031844 7.868681200813627 1.286967628987848 0.8016741439355634
5.74658175382403 2.168951475688955 3.629309278363738 1.107507786307353
7.74172271160174 8.419036560849774 4.433632347271764 0.7398160368045547
1.683180170436627 4.323431905548654 7.769258617800841 0.758539835806991
6.172356850716308 1.073195273616021 9.304055739375476 0.8419781965668254
1.867338959240321 4.311107769456115 8.862024156005694 0.7908078289749575
5.982819852390429 4.945920457577301 1.147269989836925 0.7514138862861888
9.029711359539107 5.326654524962898 8.93852082958202 0.8919623155047559
4.505886702985531 2.676886383347458 1.272621561755899 1.58094993590426
4.234512938139347 9.567381612354881 7.426963305654633 0.8592341798093303
4.561279563816082 6.225260390200451 7.041445240596596 1.082195925709861
0.7591401149539279 9.446504310938494 0.8910454480249919 1.303369821221898
4.372545532683243 8.12885256045125 2.575269762961866 0.7439997142132858
8.620595900550207 3.090432296271121 0.5722765897306203 1.148168516034747
9.64326404023282 0.8029408624879386 9.265681109207268 0.7508056841975016
8.381264317038449 8.347821842628845 7.206284415403677 0.9314042680661283
6.357651350040706 6.684864950045379 0.4570781598691532 0.7703994252060453
3.561183963125321 4.169913479001914 4.48277399857639 1.590649449581498
0.8737144430906386 4.164998974871219 7.628209109852722 0.7490968825540337
1.252225325727934 9.347747224119095 3.565367972651921 1.223072388511531
7.212984047587009 3.603485243841537 9.154901862673267 1.420485439730004
7.877372665505511 9.6566423307865 5.433793723552312 0.8491496196694706
0.5041859666532346 4.297312073461096 2.796237037565986 0.7980341560998193
6.861099955669004 5.294511464997051 3.284851550124604 0.8208227359541502
3.828034419907267 8.006440132331701 8.939861885231691 0.7974872947848508
3.558702599104451 3.262133268557453 5.36282613650783 0.8533602872729077
1.425136116385897 1.951679212555979 5.740112477323382 0.7264619601489174
1.022050746267945 7.709249846320594 0.3573661978680409 1.166816495030257
3.34435055130415 8.407238598322778 0.750386628389529 1.253662129452594
7.802764281122768 3.622717494029654 0.3922547025786716 0.7977002323024629
9.836720134896153 9.988795145506574 7.339350384591238 0.8560083838743423
5.889189515860163 0.332364569885354 4.557305450651087 1.354085035236172
6.897314954767027 2.240626459020773 7.569915486188209 0.7878744469153608
5.156335973449161 7.205144891682389 7.003540433575977 1.030327827391008
5.754798716369115 6.159382429588905 1.961575174086207 0.8681780279068647
3.589359361367611 6.715816269971251 1.631550874930196 1.232558880112171
6.135216945648035 1.066056325843311 1.953629392953046 1.524161576579049
5.614071511150828 7.092959421973575 2.325114439980879 1.108635116773907
9.223921039618544 5.346288044702935 7.378649784143015 0.7387787290936388
3.159043088571524 9.847268691951065 8.206166719987971 0.7989000054179894
1.630779180197372 7.667241363419556 7.797621275813364 1.565234643123091
4.449820842271891 4.499911001150893 2.441302049674828 1.101915806466646
8.521777272732409 5.639794484309413 7.289227809547143 0.7429577651690128
2.505709329647045 9.834211192240488 0.2730975703717043 0.8868492402919158
7.179892321464068 2.399048018117457 9.342107833822977 0.9503194152634589
9.287517768988323 1.290589948149837 2.022423360749039 0.8834093487986363
6.847610922145501 5.737136103354873 9.818875828122891 1.404980930482656
0.5425900847995624 6.170841105624969 6.530684651129945 0.892171822403103
6.912632782880174 1.529323914467306 9.289589789667161 0.8366621969148984
1.53194636997677 0.395095837934969 3.943073268246559 0.9445522734742445
3.368907918757858 4.55729915228725 7.075494437181333 0.757153349183703
2.138371866722254 1.138044836685971 1.346154123393073 1.4442549288916
7.97128121098683 4.480137752239452 5.799294989160839 0.9175822002656256
8.167411013995814 5.966493922666789 1.034002730111163 0.7737011791700615
8.642937267766539 8.427727181887107 9.43308877401005 0.7545437776369929
8.483118354376803 4.971804497520084 1.712464359295071 1.503733294598121
8.60808739200818 6.509901808435715 0.4093021760128513 0.9630600529881909
8.296531338007737 3.838052710705862 9.702412824214308 0.9183338158471851
1.391479011657881 4.960991573622401 9.335950135001394 1.047674702623245
0.3250225211664038 8.231175136607717 9.585446770540388 1.037283176615832
7.6454895410475 0.4781094494238714 6.105475014657014 1.19058680755245
7.235767814341624 7.342685020075582 9.034140511367086 0.7954911271632352
7.278791321398627 8.649126057009303 5.908486352309998 0.844986355243171
2.181695569761604 0.3127032833880939 5.124708906007209 0.9313675447696209
7.267685965413315 9.142622235859552 3.809509508107392 1.196370686566201
2.086717515693339 6.751636394041882 5.460367540012908 1.146669832442335
2.872198059557332 1.583156802426638 6.018029760249295 0.92310585279341
5.304432628834798 2.955497332093581 6.351753839674526 1.310550736001934
4.76485062102935 7.420809090027455 6.090756413793319 0.8852957525053907
6.141506962098478 6.65194003189851 9.700248090865925 0.7242173582501956
7.111922041638256 1.477484922795788 1.27451055192943 0.864636933905059
1.861051509857277 2.190457854536771 2.101554995678891 1.131031217034966
9.242888558208962 1.636775180616996 5.093455168443719 1.143818138487831
6.477368290087913 4.192762766885447 4.148538290635984 0.7242129781559901
6.211470302099485 8.444668540506237 6.515600270392582 0.7683605155669702
0.01888721613495847 4.870732018349009 9.552884409063262 1.562740596189272
0.1181829842454918 1.668747807925997 0.009940960756419372 1.525213006806806
9.325304937836512 8.55250762235058 0.1268500617535306 0.992687271943578
8.347504087909243 2.986091873791342 2.549402674801851 1.449320608498351
2.549178357657246 3.737087220385273 3.340274146384159 1.436093380100565
7.103212332877684 6.339145361910107 5.776084271646124 1.128086595670104
5.244927659089221 1.950687472132218 0.2415737962691767 0.7301042993996965
9.165377114135479 4.538733194607629 4.57757508785469 0.7655410012766095
2.395405993092417 2.52579264877684 1.306329152466265 0.8512048273482495
4.351589094882254 4.054707754620077 3.59629633085554 0.7380267532288179
7.53749448039727 6.481557633902933 9.192879480616437 0.7988695721007802
2.176409431763694 3.051844221632357 0.5192607567284147 0.8585910242403514
2.094236594383609 2.465981968184528 3.257227491468908 1.230582690507111
3.364292816944294 4.989476631882233 8.128237342941306 1.488443038797886
3.600472058019932 7.530287970991222 4.558471561951121 1.078627885924287
8.554697853134858 7.64904679385914 0.2374624961780459 1.25056150571755
1.626191004081283 9.634580367555321 4.62850647649496 0.97296564168815
0.213410932342929 2.358569373401075 8.477195981435669 0.7738638176083136
2.149547572848431 4.078591486677844 4.576268080781395 1.209003138573153
7.715531015644991 6.701564115671551 2.27941853135677 0.8204005675472136
4.782487104979119 3.123660822907477 9.723881065375299 1.58531974162611
8.068376526958321 5.988842003386414 7.851886450524877 0.7504706514896526
2.087960577443831 6.751122984503096 2.883936461148698 0.9709644435720107
6.796007491599991 2.916929675270071 9.965285483129041 0.7457058993095192
9.504276860691135 6.607658681834894 0.4768191138470346 0.8083696801284929
4.887852489562651 8.728656987014995 7.586993960731157 1.129797864091668
4.652920294304105 7.628137389144481 1.68524813723008 1.32823770694911
4.722362232603326 4.467266991586378 9.694644090805712 1.064578393010144
5.983412354108673 1.420236933562654 0.259217466449887 0.8581863754819729
9.385466982153208 9.397607322614553 0.9824492687430643 1.383469167626945
0.2184289594154454 8.431386756616096 0.6058378283423694 1.014332586810387
0.9670624152998575 5.674049866127176 1.191383803487227 1.456593054424915
2.073111835283951 7.692395217207349 5.781555695899547 0.7362347526819456
1.931495618833231 2.439314256285378 9.885704273541508 0.8490153038415487
2.367328117045262 4.947741418314966 6.099339636466657 0.756492528453094
9.525834824563781 4.640358104633719 2.549305394546543 1.193892797425654
3.75310614920585 9.137261657426397 2.156124477155553 0.7755822457258782
4.830650105565778 1.568855893792447 2.069726586033363 1.172272557226494
9.526211373511059 4.101966641422056 1.323314313055016 1.229395545659862
1.076700529113359 7.237296746825097 6.375558083132043 1.477849198853064
2.663740877696116 5.058352298409953 9.260312740854005 1.027067623638356
5.456827718806291 9.192006657569477 9.660777473504501 0.7360190243241534
8.465104780239049 6.936046051221306 2.821619503857972 1.032349945602117
1.042825759495513 2.600688739185814 2.856487550609433 0.9708702130635306
4.66170860789101 5.496053598122062 8.02552389616646 1.234004205654216
2.705648336105319 8.130479930682288 6.134378657516046 0.9330373138593223
9.60658497976031 9.827935305135723 9.150161826659142 0.9086896238094159
7.461220252694206 6.340266972223701 3.454514965845076 1.57801313192787
4.683705734139932 9.678006823051863 9.773989997461047 0.8668265119684517
0.7652789627634372 6.566638044943686 2.325012216553131 0.7769506555456822
0.8271235961947466 1.312451018673354 3.895014986569878 1.213745339044844
2.647558882315097 2.007572031732776 0.4454986987927212 1.132547944503809
5.287100739397058 8.0142294110185 9.924568985121455 0.9610384017822226
7.527217958505386 1.332304605123637 3.596547622459016 1.041081874514515
2.132849008062615 3.342233729545626 6.862082820171765 1.583458959431575
7.345805082686596 1.836410206161484 6.973211628220271 0.7549393952795811
0.5491742215105289 0.1714990768980585 5.953249147305083 0.87840716408162
2.766194354484514 8.11492678019332 4.566390292960184 0.8987353264407622
6.043232125492362 0.4822101095576037 0.0009584547822594214 0.9358328671030776
1.782661949863492 5.961423841258781 9.256606068287208 1.02718752565078
4.42954571133517 7.964445607454558 3.731316783586262 0.9114713632626024
6.479285159698543 4.552829586409629 9.656338480262276 1.057668862930286
5.925994201139523 5.071425977619439 2.075776237200735 1.011056445067929
2.006807086363752 5.151266193469384 8.389403371991579 1.118153433693719
2.906803557754847 3.878432225670983 9.014162249385009 1.398227271449407
3.53332397850651 7.77161513366546 7.181458823539193 0.941020870781812
5.49298346024178 2.386103546815277 4.592797953415545 0.7468027811554762
3.846534709828016 5.272333920538146 2.817735563852569 0.9273697585558299
7.233341385152548 0.5131978241885061 2.496852330754425 1.039799534217797
1.577567189539999 6.318237899683007 2.080652062924554 0.8942346088933664
1.133883412435957 3.991476561859095 5.096968167028712 0.7890205956727818
0.9789347541295769 9.877393155008019 8.155971377962787 0.7278744752920296
2.947955244534064 9.157949959849208 9.989061646875378 0.7969202153898264
7.578814929981079 9.601568435727655 1.744658519497581 1.269754574597693
5.902711506752215 9.14960332312681 8.092932825167845 1.014461155603046
9.868449500501967 3.724465982228565 4.12489385864382 1.262996852647923
0.2085928574731666 8.23932923591985 8.211266364617432 1.554430664137325
1.960783333440911 8.670615665874536 0.6318634950142732 1.537803348531082
5.184428616007878 1.58233719622554 6.890152104342811 1.542392912742908
1.969707211315848 3.315196983117378 9.444799668525212 0.8443797746614398
9.479164405347129 2.813969179674212 4.673215375727317 0.9615714103885425
5.340082163802784 5.18795391413329 6.707228112579657 1.544362034225894
3.385567694543401 6.494839145292457 5.405172211230885 1.434664626102181
2.93039262820683 5.801272009177471 0.92108220641424 1.111099311905145
7.190050502191585 5.386102505554926 5.346750883833374 0.7541323123557589
1.883447188264205 3.223304448864012 1.4609024293122 0.8456465120988607
9.04956553809637 8.514765873682054 3.606267404704933 1.085723748397838
6.627158350038463 2.725778981965336 8.76195339842009 0.7273408300167769
6.599402885793913 0.867254325032767 6.875865261776424 1.485611354892375
0.9638800439447027 2.262074619605239 8.289048551186806 0.7371047405610598
4.97426280772832 2.215256513902915 8.521648073019207 1.32580309793371
7.282625497792925 9.522992399875385 9.142065050565634 0.9866031165411643
1.195364550123244 2.383949652431217 0.8820381021974367 1.548144013649446
3.783031831821202 9.343416620050867 1.045381403603311 0.8155699692273153
8.929244736462165 9.931362213977771 5.426150618562398 0.7502562363534272
5.577522047374445 4.079718534305552 5.108170299219561 0.7932684794857471
4.388935305235146 8.211723417040744 4.717726058828109 0.9948524784499565
0.6206193823017037 8.487552584566336 3.769261784448002 0.8282698026195171
9.297114246378726 8.186733490826411 1.057397028732814 0.9694219168785642
3.962262788500392 4.805666589230613 6.445241686508931 0.9854278655896896
1.260411723253449 8.434703945532187 5.630538047220209 1.322882673261369
3.811269905650088 8.928299897059192 8.314664814371486 1.375216262959055
1.40749577726969 3.349841354310714 3.388979030043318 0.8896260668755739
7.109255390903055 7.520672674417358 7.630236056660324 1.317229205845258
0.2535576771657144 0.5143191501744738 6.757266108213257 0.8565756493473605
6.035900899616451 7.804306068653687 1.594800577547159 0.905543226321609
9.203585545170558 3.766093919819865 2.988712583276675 0.832640041971884
9.846208414109462 7.724139158844613 4.225004322983974 1.39538664262476
6.405285839539649 6.37373711703794 4.617264423884128 1.518801188511896
4.730337791154688 0.05787513166721215 4.160725557861187 0.913042772578367
0.09578096299309059 0.57064387945432 0.9135658159090976 1.259575337066717
0.04082401523812563 3.675305190524573 3.080475282174018 0.7710282357248831
7.863454197743912 6.518133681150408 6.928647476237423 1.352815991787956
1.912517629457581 3.128075438404433 4.122691934083819 0.8224503476435789
1.750208138217076 3.24506467748492 2.431744238486462 1.061979498223642
8.317000159835169 7.350412526503475 7.933559632856563 1.135539333849279
4.643126211822654 4.706651992581145 4.18051147856358 0.81488080748311
5.828929336858697 3.201916350016762 8.863052388835206 0.9370413328461483
8.411723753424072 9.962471451179432 1.061345041374695 0.8049491517420571
4.567780764053079 2.748976510984515 3.96666033342188 1.521484912109825
0.67103342171577 7.009932134519168 4.445968665399223 0.7579932738416586
6.907267204638739 1.925288668741115 0.3200016720819898 1.189936744431884
0.0599842453290056 7.62924940383476 1.257680971531903 0.9270545329089158
9.791678662165619 6.049186880092186 8.725529726342703 1.147930528854977
3.851303155014332 6.0099172457611 3.756582030839466 0.970599249900353
7.95193462570276 8.242977662890898 6.273194318255893 0.8284840503559631
8.539713730370988 9.987572569687874 7.643085245333217 0.7345149109425897
6.188062575195739 9.752735951858041 6.632094476044522 0.8553460785754181
2.386222536497211 4.764630542871614 7.132299801439273 1.212274458253492
6.357033179406809 8.390849565960178 7.356788909457312 0.7524557457531078
9.381288893577295 2.575086506661139 6.981284073641619 1.135808831477635
1.28457307800457 2.447471284213859 7.499758197719988 0.9617684179467744
2.299638522571112 5.912406375880371 7.480697126286887 1.12592196688413
2.529173184679736 7.019622330672166 6.700692581752679 1.481605403229196
9.252118573744839 4.395630130026411 3.55226610699119 0.8097782749368226
0.4611727522063713 9.695984086839678 6.79194665123428 0.8033337671835413
1.319712788858347 0.3674255857258003 8.876264678607077 1.048117275798021
2.014236273230714 4.218017491267656 9.921630260305568 1.133296661530755
6.211443500999401 4.647412595063156 3.465512902865544 0.8269643115591506
3.661567705456748 0.9890803704164476 9.716606006809519 0.7698902543651873
9.458519399024651 2.42924351498313 1.088951551712656 0.8677996764611594
6.361450068639079 7.142396413587871 5.538197720148873 0.7731405201688619
1.946767634775655 1.171060608560378 8.633785451610169 1.009705921954899
6.235855644015524 1.682963627118389 0.9902848667612231 0.7392344635977237
4.476039796031233 9.551688084517261 8.949067722735299 0.8045784300678095
7.699392896805731 6.93254514688216 8.538109315300202 0.7261997109469699
2.929919769729686 0.2714767885959058 1.001122782176115 0.8935466468241036
3.772390232701024 7.716509545083341 9.982527057636233 0.7674283295172608
1.104396365826101 0.2690790939791554 6.649993373710059 0.7864737756526602
2.776133383449662 3.318685066775582 1.129647228165086 0.8714840169396849
3.645867383543627 6.835291608101275 9.196472837175675 1.488612286263802
6.229243475247949 5.262999706942248 4.942828361775498 0.7616259369462569
7.828628706555848 9.910136681045714 4.461895124585818 1.05619077223989
2.718672262649271 2.453349120538633 6.21147472588499 0.7588349605457912
7.055710581251345 7.530841402794315 6.283578379760774 1.33863185033623
6.461658890931355 2.174396813343628 6.300039704305379 1.340274707471971
4.961627459593632 2.772389816937488 5.214225972452724 0.9190612820297753
4.424420421979092 6.450041851168647 8.376435141135245 0.7601722417787363
0.4692661648705821 3.628733693433736 0.4319823774584831 1.300932961006267
1.336839189260075 5.464921979178618 4.424873316913339 0.8434975112522021
4.424033638522859 4.75761347984905 8.708284620821139 0.7847207917641462
8.035490663437125 1.073028525738751 4.956898936649105 1.448956760379346
7.180754752433956 2.910893353858039 6.876962629947363 0.9768296046367447
6.659171055307374 9.068372909035357 6.283767819345352 0.796827517873945
9.296969483708914 7.858648694741063 9.255194636375053 0.9767694828290034
1.114851675613406 0.6753892617358492 4.965919035503745 1.278969548492633
9.506741997632432 0.6973694245904395 0.002291590588895387 0.7295825114977682
7.201575693421694 9.091682090836304 0.07119797893695769 0.9215060485796757
8.961645821625694 3.732032789534836 7.786349406140552 1.583189317145364
5.375959522925799 5.779152733250475 5.405333544671834 1.200448637929087
8.742759189343253 6.063074115743508 3.196623773985241 0.8972287331053134
3.799625462987351 9.569496274474499 3.924986598371947 0.9594913941782904
3.590984543273421 3.604743181581048 6.61674134994515 1.362927535492112
8.802043069042078 1.599369676813231 3.111216304249941 1.544461509992751
4.424979919480398 9.532754342908159 3.312502339126373 0.7289356769382811
9.21123152605001 0.3663182165973 1.511560353418784 0.789418969033477
7.508519496416667 2.661052792242156 8.562795302676637 0.7631172722837481
3.776092621459143 7.53370274474018 1.091757109810617 0.7243165390842715
7.583199056894144 4.646889489523101 0.0394942895676731 1.195064074171633
0.008048219027787519 8.886811295539896 4.202502268996545 0.8467140130881493
1.835820469611191 1.536313397052023 4.017520138925161 0.7395060184823565
4.710273975633566 4.065133173835684 6.413382902134158 1.04374339975583
4.302281650705397 3.128051463612563 5.907090613985489 0.8014429266933331
2.733338238754356 9.760784647656315 6.74316822778996 0.7798248295205729
0.1058645826272042 0.942620418708472 2.055691027335237 0.8642771835741805
2.842813821797165 0.9904043444078537 8.137653691431144 0.8417061333965353
7.412363105258135 3.279104226488275 3.276922398319097 0.7264216232986792
4.191860562433082 2.505363391040844 6.893372231857223 1.021370373192099
8.712270536577972 5.286644919378212 2.78904035737118 0.7565676080514631
1.858296067700689 1.863838320843391 6.705134241156562 1.221523702487336
0.7401594173394411 6.996784701630554 9.190052094981043 1.580394556611922
4.369939008654991 3.401410076427091 4.990555421236993 0.827194732473306
9.620606161850958 2.884156011839835 9.95676163048959 0.8518397295249992
7.061757641978699 9.540025912654293 2.78152822975831 0.9861362279673329
9.388627597409974 2.62392758705307 5.738920336211391 1.158434548802094
9.362719347751042 8.884152697212754 5.795194766189913 1.068876293300281
3.830429712849511 3.978123178499725 9.934219176485078 0.9684851191126684
2.488925744264271 2.839661421877846 8.840512931164289 0.794858453590235
5.141485743169823 7.032284015329219 9.089695121585891 1.441051567670718
0.3649153118870497 9.151332786146233 5.990534118316577 1.01377293144788
5.090219811383846 9.237670186516667 5.088865886197896 1.474009163978435
8.12157235383585 2.091871748066963 0.4260629638748282 1.024780343357985
5.157203771806183 6.540701789835853 6.214530514569136 0.9936020696365511
3.956270235361069 5.090738415777363 3.727357058832684 0.8102578480176559
0.8255754344438472 5.211857257428993 6.187309350504246 0.9620273123733387
1.952082351310077 9.493367714691987 6.764101439424536 0.7423337975239631
2.799856643350678 1.376568978229747 4.98988390195216 1.133756241934267
6.466368741991743 2.08469472516074 5.210036725576255 0.8099219497183787
0.8678436081352171 4.241941149884928 1.682962724604452 1.51519151405411
6.197932041697008 4.79819642934222 7.398449075623806 0.7618203223738603
2.719749244695376 3.366577618819196 7.982514870049662 0.9057663918003637
3.929552575340872 9.30992907574792 5.598201585733761 0.921557271781314
9.233620029655802 4.967260370234571 0.6090059241335001 1.032740326493798
8.338592239169893 1.296451072654866 7.448537466812905 0.7802849792613176
7.330848112447673 1.950566922951787 5.478695962637713 0.8508783505207211
2.089245152380375 5.339854021902002 1.336686279068273 0.8651865000110718
3.266389076793405 4.12972121734157 5.648814607276583 0.7662359249926954
3.086013316280639 9.355065338644852 7.489999810385709 0.9224614194142308
7.193308021676014 2.967434523345077 2.491641111183403 0.7779181822373243
6.928108497088344 7.895111845669982 1.364887053719227 0.881321500687881
4.424095534498296 9.522530384582083 2.424664649993081 0.8021284899076864
0.162672819594879 8.540259149485507 5.201479480526395 0.9782053357999793
2.106584352788492 8.853903968487899 6.243928589026356 0.779639383593258
5.614580274550352 2.120984886792471 1.803052751688113 0.793154689940309
9.638201056292093 5.976333142154431 6.926122860902203 0.8938113558863729
3.906673619408026 5.997919934979271 0.9684871718806044 0.7753908624985786
7.680131818762775 7.994457711320458 8.542340854106435 0.9991700673456324
7.893229861314798 3.693441217961465 5.193771565451323 0.9717642795946069
1.732114731054722 4.832573915385296 3.972946059568257 0.7892575068474152
8.804100465242191 0.1421534292715066 4.39514374646187 0.8705011864257399
7.857509104141403 2.408295629095557 3.70645152028674 1.144635228193979
8.279221361654646 6.639865175167468 9.583526768033268 0.7655224536149003
8.986211540984458 7.436017076666257 3.507331895852686 0.8740781653277796
3.164079594660032 6.574354724711244 4.21828133340562 0.9014329935606733
3.340375118960537 4.102189151900735 0.7989478181621624 0.8983456096958424
1.979627403671557 7.646139569413083 9.96800148880218 0.8283717473197937
8.451111284324138 8.02333390365232 2.82592061664936 1.013790729280569
1.952689824718668 1.152122345688881 5.660246832765968 0.9290237442053623
8.586109770755302 2.714552442063605 9.169982351950242 1.550710589213767
8.294409938657305 8.58522105011674 5.326624625212683 1.217094243927528
0.4755216095039128 3.098415329760626 8.876437481694737 0.8463563900498641
6.403385168809817 8.876527265344782 1.863651526249656 1.366354558771893
5.697618129023846 9.040262934058378 6.944029673190058 0.9075046116993146
5.346355271143171 7.795961287875855 0.8356914525544913 0.8551220655420237
4.990466165537169 3.645130716696694 5.520219349508253 0.8453470804280618
7.200210594179844 7.113483621645881 5.107470173971043 0.7284841685376278
0.107009626694794 1.734593899420938 1.430788475809306 1.07335931394086
3.055478565194238 9.231787498862566 3.440835345930762 0.8862763325406972
3.652940803301273 9.9976083289583 0.1620407022092984 1.35802263026232
5.689574573790579 6.88589595936737 1.18476100500997 1.171572821741318
3.59782271738814 6.639272645888381 6.516908875409132 0.7673179667843031
6.838181614750245 0.8789283245915347 9.835112487761617 0.8262198203196224
4.492641406189713 3.95782008684122 0.7580872483914448 1.095235441582648
3.057691483166305 4.706646620518462 2.939148108830721 0.7579282009097972
3.531663928002406 3.178639585873681 0.5267903713446033 0.9980613038587378
8.947048296528479 0.4748200568988659 8.768498054718783 1.04397255967616
4.39184663178314 7.555401054665642 7.974806691811095 1.395790274796781
1.603503625646526 0.2817064085710197 5.912395845170288 0.8299125845645929
8.29273512128087 9.364444650109601 6.489347037933626 1.442121439734823
8.20920313352163 6.047348200857649 2.487295010810882 0.8079812531055359
9.397178581368799 0.4588273203508798 2.604867492940043 1.126382920128187
5.193579758485958 8.751666487811004 1.285255649452552 1.243255462542569
2.922936250592722 2.479552217422391 5.271073711191105 1.080122414119514
6.206892336375775 7.656032073324592 6.93268341344569 0.7302810202458233
2.526002495434025 5.594930959123682 5.427665338010025 1.009706711191585
3.083266931929654 0.1180463727035441 3.80898823870905 0.7320980005761815
8.367170995848848 4.255475671494063 2.823683370213582 1.088118339778855
8.56542542723458 1.982602579412277 1.964941010676617 0.8467037726069792
7.049345610162852 4.988640206754932 1.77028303330532 0.9945459460012281
6.334058091802111 1.030289432168473 3.413242592014799 1.372394343255454
6.070098690237259 8.759408040500881 9.402932404128409 0.7727545625761375
0.3709956323764208 5.646397717918098 2.417955703675469 1.206139294047002
9.064969550934588 2.189794422171325 0.2150053438597677 0.7884097173401013
3.172316755154844 0.4643192213047809 4.557695573891175 0.8759619033418395
6.238009694782552 9.054899509067303 4.381615854491007 1.044717742451256
0.128273570572568 8.634617288150544 1.887409991412298 1.37166863681457
6.35616442042038 9.528548972249176 9.772743841247792 0.9901695164630409
5.79958876572525 7.664708110355437 7.987384938418213 1.378421750237791
2.240588400750662 9.785486157430631 6.094322139644349 0.8024903651065846
6.379756758512338 5.394510352599735 5.876534267844225 1.047785646233809
2.402227756323507 0.2382106865800704 4.226381746282725 0.8222650699641966
5.619066796557061 7.166523672620018 0.1675460777734239 0.8942521894496689
1.0706688510671 0.3814012348307039 1.568657022365477 1.045836089296157
9.074404287636229 5.665678510673297 8.111234934282612 0.8081292622753602
0.1467245109995164 9.896378393249455 1.91259043732671 1.117254438284209
7.131198913282766 9.715541682884069 6.7498530255189 0.9807693565224739
6.995589090874002 8.531800863813402 9.221097882139425 1.040486534598865
6.704958246647075 4.755195799977767 0.7031138656240056 0.9598084824081689
5.467461303234905 6.011233797758158 3.604188443103026 0.8855634123195818
2.127141217376375 4.835009855780108 3.150567477718137 0.8261752347881939
2.752661256218739 4.803599906294514 0.8289627749693452 0.8539171726460093
3.961228641685504 0.9694731506661504 4.755693911830099 0.8754218474251062
7.599494994712377 5.226608675191862 2.690137433850598 1.056391079648117
1.176711457548561 9.537859741117316 7.220468728112522 0.7985223926646751
0.9824761667942973 7.274268346609478 3.311884230678043 1.585578406485263
8.70046155060515 4.944416466450403 7.743288805609296 0.7325685297039012
4.950163447149613 3.771317149851789 8.33491655531706 1.363862048603392
8.479134214688573 3.578112913623515 3.964481029304106 1.503681794345581
9.229168045054653 3.931478645890332 9.045134888707279 0.8940611077264322
1.365050996347589 9.00853539287454 8.108775710593122 1.078794815500251
9.088519193234896 9.382080428207585 4.150136352442432 0.7919778287855307
5.414099411081748 5.765801092072762 1.300192813658779 0.7654910802428524
4.000877079698004 2.333496061906759 9.006406508337257 0.8271289015116355
9.288746112464603 9.353127712582495 2.103971236509289 0.7962625185991357
3.096577600299587 9.189355540136305 9.160343840716163 0.7880313988011357
2.960453230131129 3.999182711010218 7.458384079570952 0.7636550957403393
1.814301599349422 5.908016094505895 4.945927070593287 0.7478542229367704
5.628862539617561 4.147611955508282 0.4078015498001919 1.277890972617808
6.643489797985175 0.3588634830932025 9.172191458824781 0.7915523413803113
7.670122314746123 9.770437326349434 0.6287891819280801 0.765924472884057
2.20108872125921 7.079754372358154 9.041666556723762 1.292471603677211
6.282331326148081 2.420169600002993 4.492330348049121 0.7588113473774823
2.855474495399518 9.175524958014561 2.45782308385979 1.078277345619503
7.980673854871708 8.415070257754502 3.650796760591498 0.8371014451421183
8.974804515545451 6.474412541359201 7.54953620564407 1.142406202905784
4.397431161583074 4.486287340160062 7.422978227427933 1.145407776467798
6.930373341379569 8.706577615523869 8.132415800679741 1.131362874852524
3.288777915906385 5.065593557975584 1.439659332893052 0.7900983814180982
7.750757150533205 1.089327275032776 6.92214890139904 0.7398876241181166
7.6809085198411 0.7159892663948687 9.077211870682319 1.365642689692009
9.312935379397604 2.462430696080634 8.096276364010627 1.057918517820033
3.472146089534553 9.903260031798924 1.791030111846942 0.8348502188845799
4.248556335434553 1.381739751017584 1.147440157351678 0.9162137254543452
7.196231412157202 5.736408937109192 6.56391423119049 0.7690066932121855
7.934390183625964 7.59219889236394 6.948783661040838 0.7630523830678131
5.620167045393734 3.00974656452777 2.017636736529529 0.990287123377255
1.703581463116046 2.99220367741166 5.321941201291677 1.517458539213901
6.607523213617562 0.06425532508154365 5.995475079036887 0.7628893779879967
0.3164030209265845 7.461864844840701 2.223331600247851 0.9128907400242872
9.281329775115355 7.679769839709612 7.370329786705051 1.133989402173171
3.707810016567046 9.798616009216424 9.070523538258376 0.7450353975686272
3.584425966608438 0.064077090106911 2.906973237473986 1.303133663114389
6.928162677078049 3.166305852945111 7.940078387015723 1.165280311678993
4.015347025195855 9.973242460470516 4.830250842500556 0.997147854546257
3.907174264147264 5.894075286471305 8.589177371146942 0.7623580381029139
4.235108728611903 7.565975821750638 5.340585797949411 0.7684931389238839
0.8977803572508071 0.4538986258406553 2.836166977045423 1.473741025235367
1.812277400543356 7.917062076353228 1.630015751356759 0.8956800368874583
0.3287349143578455 3.326093158599395 5.268773229120634 1.250185149171185
2.024025204344297 7.757877603746929 3.957748956002056 0.9414835361279281
8.58998820558795 1.479109269773637 8.404097725501702 1.133769276801253
7.709958323864608 6.057670640465393 4.791720263476797 1.140658131140519
3.085223656605165 8.440464173741963 3.077249309472256 0.7487413596967556
9.96371440404725 6.470187831850688 4.083950940337656 1.094498316523735
7.969215408608534 8.578294499371509 0.02731851801950125 0.8501025017770522
9.337340029349477 3.813972012579637 0.05757480044880526 1.062395790385521
7.123931134980849 9.511878923448712 5.806226901532115 0.7734471799861948
3.931276720884167 8.839142501347995 3.011697861699603 1.015453761805395
0.6159366617519779 4.480925535526424 6.742784875663368 0.7480520112506045
3.536540554470283 0.8118061630042984 8.670798635304909 0.8635565205872828
9.341378886905327 7.161693061454574 8.454184604173886 1.118222994793691
6.242034006651695 7.697997493718335 9.44915892432118 1.191203916947548
0.1903234373295326 7.718340083130329 7.019734269363574 0.7780635782356107
5.140981447998246 7.760235743980613 5.248864987499903 1.018205510563133
0.5328638525868258 1.9609509503778 5.068504770854767 1.473782808701891
2.409260993005101 2.241513283266988 7.863891150716474 1.383776447943207
4.37389689791901 0.4475232933722007 6.571159975941986 1.045315963117786
0.5688075474025324 3.084312258788134 3.493813801452265 0.8221296921381843
6.016157846016764 3.025202585965608 5.248802760310446 1.212654719394343
0.8697535565871141 8.956328545677861 4.586352639003747 0.9625879287549957
1.086856335104203 2.26061067238886 9.740318065586333 0.7234637431199016
5.756030226872443 5.877383653539424 9.389866988583011 0.7533282950047506
7.916732361624684 3.286771668798903 8.371291244326221 0.7485100241646754
2.934686436304915 9.352006862447876 4.700049162261418 1.35199784318189
1.89583088543333 7.514482407413053 0.8585929352432055 0.7882668067349931
9.447215283232831 5.599684798018509 4.641672140867728 1.146776691033175
7.22515218471643 9.029120769882439 4.977763583168036 1.116867074025389
3.968230802341216 9.074122475736738 4.737050298633245 0.7622054029626261
6.159271308013422 8.439959213349706 8.676103784163528 0.7690587230307866
3.320954344862488 1.042974551626882 1.274953779642483 0.8842411122482261
3.478591261981279 6.450541572908604 7.705090113659797 1.452389906031185
7.409373863522281 8.472185892311446 2.762302574971356 1.222759413542535
4.342863357370732 5.821662952087751 6.003902217655971 1.155690518711714
7.206256286661044 7.952399460875352 0.148557637838368 1.046689980517409
6.479645490269268 2.147117914229893 1.595715504565634 0.8249242561038905
6.153831615507066 8.855019241553419 3.19638311340101 1.309156548836073
9.824278145623145 0.8221313398735064 5.666539210160115 1.123083485457987
4.004229922718262 6.293529618994832 2.736431865378324 1.10592612256029
7.748152898721588 3.530376563670492 7.430948169210439 0.8439687428902972
8.147601374286584 5.258216762357304 8.350749572849312 0.9967569530938409
9.950150071146336 5.634588619786906 0.5537270271394001 0.8837014055059128
9.906828271474875 5.55850382752931 7.823233866019926 0.8727907001001165
1.227540917386493 9.461069978852322 6.303229268360058 0.8235260060729643
6.802762349908467 0.04925951078471048 8.096218127998673 1.438823541762692
9.067273049243351 0.3814784461376331 0.5737994884437837 0.8012127161822187
2.104113371431695 8.861230635552879 7.348574088517468 0.9249647500227872
2.672135203984846 7.222418821571232 4.609511441689675 0.8176509840165169
8.507251097461532 8.668203713972121 1.805990922325364 1.32455328114808
5.336943840781726 2.689292579666272 7.505514312237531 0.9667220830973231
0.5448793979992406 0.1847168300550895 4.047651169452026 0.976904639337411
4.006631998517052 8.792184970729382 9.685776030033928 1.278187333171938
4.689675665484069 4.798796088685089 5.513346102387465 1.097557372311729
9.593475847998453 9.866355568769842 6.211134787514728 1.085692385700699
6.665954313017389 5.813545901439411 2.415662953400022 1.133861822764891
1.501937884685918 9.215515741661742 2.140019390479419 1.572360667011405
6.888998352169277 2.012684086206961 8.569158301982226 0.8052741179207777
5.461396536652007 4.525290546958824 2.886835497493953 1.059338223114486
2.451564833682639 6.206561831130209 4.631930162105189 0.7568482489674528
2.754669878844982 3.198307641721688 4.357856818174176 0.8405195863752191
5.513807601770932 0.1054014012903415 8.927856002632844 1.50795416938335
1.5650507020828 3.356967074627144 8.31980790753823 1.437001758870756
3.408201512966236 5.679232715030419 9.335012868516708 0.8249211089672512
1.096105103967076 4.658303493595382 0.3216531626304076 1.0269807141576
9.561670740162347 6.80352649224369 5.046198389083593 1.047450723042254
9.376577274779944 7.84935116779925 5.385399517042104 1.062662327785436
1.639913341186081 1.211555238773196 9.90257620782184 1.558482915799323
2.707802053417023 6.030610963178041 8.710138253348553 1.092865000253796
4.346539621817499 5.594684173007016 4.684690714060777 1.244795441383534
3.516849592663529 2.915316340407572 4.569108974484801 0.818532664928092
6.088662893395428 9.927708400547614 2.62879154053807 1.036263495469887
6.357147889004045 4.495359997722553 6.426054767113293 0.9405418014766562
3.531812929450916 3.906512703244313 2.498203065966729 0.9705564711603747
3.920711596612392 8.706456994605082 7.139681481900368 0.9625791115346526
2.136753028116187 9.010542815006973 3.137897179924572 0.7895676846023369
7.336984825224226 4.290693185377905 3.469258830633312 1.23927464866565
7.558639126767912 5.947813101187853 1.722249404365632 1.037991671866342
0.5929576772437196 2.288056029366424 3.644473707577924 0.7789608020821133
0.2845850959115926 1.581267189089614 7.483073622260947 1.602132256856283
6.632150862663655 9.998308643426723 1.890400585611831 0.7731449767645916
9.47805886067569 2.304804749750323 2.157716339543697 1.072304926796497
6.472165735106882 5.879271403393193 1.122782974550453 1.287703829865031
6.438284190479098 3.454361283029946 6.401162094303404 1.049275627571685
5.541193986418563 1.668459962770404 2.779102524890405 0.7668472154538839
6.254777560549826 3.456270942142484 3.058493353143106 1.566613587009658
2.257752381752072 9.116678660535428 9.485348771493626 0.8657430614748269
5.217580052980645 4.899168482900242 4.698669419062653 0.7588669540759
3.960851805396631 5.528432260141749 7.211494411021723 0.7561411331745664
3.104098448299671 6.367871706673591 3.359988576436409 0.8321277437672082
6.500933778194337 2.846694218408546 2.065274437756455 0.7464794381889044
8.618998196763803 1.657225487484978 6.290563816455585 1.480715789217913
5.268764970014847 3.658644370482467 1.297399827477473 0.8314021211403804
8.104028469361943 5.599265988974376 5.970422918173234 1.290371868451718
0.07854527607125129 2.685603393391137 0.6074576330676285 0.7286070219403291
9.828845327820618 7.921572792759633 2.980009239003969 1.076969071550198
9.094666023910142 3.107555856298602 1.558579809718599 0.9104448961963447
9.647129626269233 5.523781290921142 3.446753815750689 1.238647445568857
0.7466704218663101 2.590079834557958 6.40518277460356 1.443346213268313
9.221534657174516 7.183337881216558 0.9988745121171695 0.8239793361372308
7.934496433570989 8.793912411688874 9.071681702622133 0.8491739273828527
0.9706105134951449 3.605231228465369 7.013299673408513 0.7546340878752655
5.344947930669169 8.424377447271695 6.17806750058824 0.8616585111081509
7.608461413155625 4.275368745584745 4.497596855755571 0.851173000449106
0.4116456588887386 0.3592773928543891 9.691307564967229 1.165868691176073
7.822368430932016 8.135424695247231 0.9791219044824341 1.012984750353475
4.472498019806745 1.849184243623105 5.061629636382229 0.7456145408947794
2.863592525805935 3.202189186218196 5.878646835156041 0.7653943844196129
6.107367895994126 1.527571609272948 4.482087281834334 0.95636345441189
7.718847097643513 0.3276862720911811 7.348454684713512 0.9499203328776631
5.567340866266388 6.085500924478914 0.301546048374789 1.127906395750136
7.734388310722484 7.083024266639536 4.45497141229692 0.8506690942249635
5.029097318519337 6.580664210783112 3.102314530516221 0.7580776143384029
8.743086870994143 0.4476980227614014 6.082302875664802 0.9238335210181875
9.9771134276798 4.508701046761813 7.485966931960856 0.9401211041655542
6.501396949418416 9.209858319042436 7.357405289317233 0.844688570695832
8.611540125458481 8.589435791680712 0.6654084385524618 0.7647987444499276
6.247941647650029 2.885084475130669 7.190870230401732 0.8685398307476707
9.787530561472458 1.848667172706203 3.999165000182664 1.097692700752301
1.633790432619814 6.627652762489407 0.3708824200814398 1.2699208952905
8.379758772226147 5.125156082793854 3.934957964883544 1.541512323736481
7.822193041216663 8.003114836197016 9.430828426274982 0.7344927391872769
2.609707897145833 0.1024581041895223 1.860433713901626 0.8716468980574766
3.270864448863264 9.021548767592508 1.555032172579693 0.7464887252399829
0.4371673934132026 6.706476535644177 0.5382830934372496 1.038881050855706
1.774279572886708 5.873163729988661 6.310845420346766 1.331519441821196
5.198121808370778 1.245410627099896 9.114545471835834 0.7473748446634046
7.116841388396381 5.400353162234716 7.701899379858855 1.424516324853315
7.729860884195914 1.885675321428143 8.782009260798095 0.8516989217431272
4.443016761332245 0.8300272992589842 7.490037637497578 0.7757785283297649
5.71047953813028 7.867816745730057 3.206148389310615 0.7508466702817325
9.509566015065317 8.869079770419232 9.191577867819998 0.9884147091841484
2.960858648214169 2.870895929471154 2.25593287412722 1.411393055973298
0.4240038024256709 9.409303521807168 7.712130251565998 0.8896931316926248
1.55401437639384 4.929022605611137 5.358642804976289 1.283515386290576
4.232371389819106 7.105178662105397 6.819720409652051 0.7736829682505613
9.41698293130796 4.853822336007816 8.224581293944027 0.9379112894334585
7.366981514039002 7.949678310082496 5.196480618422102 0.9175471214939447
9.537590560568123 2.790341585435532 3.333037685464727 1.22268561119704
9.027919826879343 1.393191703657418 0.9342630849468926 1.30826153216859
4.700651360741975 5.644998070274624 3.612153880837575 0.7648785495148176
4.614199938270952 8.122920513530733 6.729681741641286 0.9845929077058202
8.401109961194335 7.394913113237733 9.059213568611868 1.049559592845996
4.489626243927772 2.208484072758607 5.960093038907498 0.9851189121274506
0.2941066123900882 5.019254593821464 8.346199742219657 0.7851495861180657
9.461316168152806 3.229626027924752 2.373442151710866 0.7983387355821111
1.929233278259341 9.917810622155985 1.07038124830282 1.049251467265538
1.701341572610068 2.196727388271216 8.931946333667005 1.136761545021718
1.043468949718733 5.325750492399983 7.436021785056644 1.527778904524228
9.622658486569113 6.976000672382687 6.316514388423688 1.41598974696263
4.959708468445698 1.314822476997968 4.178895938178008 1.415092423761315
3.162007892769282 7.06605094270075 2.738165893781717 1.006808290349153
4.943278083784525 0.7519668888835096 1.390311844280017 0.8702198965074005
9.258492070794555 8.64128364026819 2.5711085680546 0.7604823605884649
0.495071013561782 6.124219625250563 3.321120830344935 0.7426867852298111
7.506531299101288 4.258330912534001 1.145355312875749 1.095323547157356
3.577458880637393 3.632314657709057 1.570680565172086 0.9351135929275305
6.38046796520867 7.53339980980094 0.7553972137464128 0.8030603379932564
3.835991780578078 1.474425097257252 6.527030504191358 1.219581105158793
9.816556690913675 1.847646028563794 6.303642446597163 0.9114423474252999
5.264617160292334 3.964404055758922 3.872328111019532 1.152900927253218
4.169737303968366 3.067059429263638 8.683255081620352 0.749938864776371
5.707188024874418 9.878904036657056 1.585877452918701 1.059295918966913
0.8060515122640656 1.420947918534144 8.806109382714373 1.177244530859217
1.529462016431614 3.718141780133042 0.7875435225910256 0.9104235806114297
4.222712134813832 6.790747705075005 6.068365691644534 0.7234390220485897
3.335674395392488 2.742101323968677 8.481510277080117 1.014136055827926
3.39702845119406 8.075058281898901 2.085129873204274 1.403886487800562
1.816098069868595 0.4006891906552112 2.176722856286176 0.7379730041652399
3.00120685182923 5.392961156963504 0.03831388551022941 0.7723167330422288
6.125038948059338 2.4873825268802 8.217200213826136 0.8028024980281326
8.580435392781288 0.6638843919697813 6.931016297243023 0.8007586961283016
8.20611421508187 0.5731173042528637 8.089080448148241 0.8546171508159629
2.995952068967011 9.407423211041337 0.7792677968381202 0.7254240614665258
0.3898302815369881 5.372822173994277 4.437266045187888 0.8020622032503191
1.303236195355063 1.731456697776959 3.072312683033028 0.829431770763597
1.563626693672438 7.143014570521292 2.29818897014858 0.7337890836609403
3.268957413277304 0.3747715840373256 5.84003372336448 1.542138478478505
2.887381014750129 1.278627129802597 3.614025207262 1.537059908648252
4.580519122714769 0.3389459734569678 3.287835677818957 0.8427528783922809
8.849000125251647 6.200391061166457 6.611497733828283 0.7741136048102591
5.323599810363222 4.88478109315083 8.686886894760232 0.9638961985942328
4.161965049245622 8.777562303353967 1.520998297270634 0.8200276007112526
4.393872608068448 8.36442003192189 5.760649005914389 0.9893707107274551
9.796278294205989 3.747203048358037 6.476939993884181 1.467783663825031
4.598869877603089 3.352118811300564 7.109931160740866 0.8690410365948726
3.758557063934552 7.939934099164192 3.160528279746402 0.7929279628894224
4.989732741690108 4.854336870923198 1.427000654238121 1.231024460593146
8.404483321644461 3.815956959845044 8.835048839363003 0.7496129401203359
9.398391844525881 5.757212914920097 5.836848525409081 1.185453118701046
7.730353790172471 4.265595629409955 8.155507552446428 1.152936219254052
2.600389848004551 4.78831416922148 3.932720810434727 0.8612148982344464
2.424337719728468 2.243619271542198 4.337209770774978 1.011372877899325
2.898254129881141 7.562208905303056 5.367968377957039 0.8821882645023992
1.058758875047484 9.585061938817102 5.421611693037886 0.9344264991369272
4.437420843362042 0.09963055274387679 5.678271727124914 0.8192656141934556
0.7454115145777096 3.930224305328729 3.546300725252118 0.846341878215173
8.524470335287427 7.842020889627182 4.363422569739773 1.148827403203347
4.73451713729487 6.377001830029026 1.626929755470118 1.055301587212616
5.589050954314639 5.066989414352971 9.635640109860599 0.9145303223851642
6.695051334930005 1.039636518776258 5.464630191906524 1.320576616785434
4.673421992138322 6.44719511676914 3.862663960042757 0.8796389198375593
2.855040515996627 0.9549370385594403 0.3060310297471736 0.9820387132212233
3.498627511506033 4.839166299033579 2.166911581365453 0.7487924904885361
2.997772512131473 4.516108031695405 0.001689981853576495 0.896295511667992
2.771842595477077 2.839382113206601 9.768896141869114 0.9954246308307565
4.582670086769229 5.713393128407817 9.481903564597983 1.438266967653581
1.996096629456887 5.410737645489169 0.2560597731668013 1.243496710061205
6.648239268099104 4.647602414348569 2.62737059019922 0.9577592543467711
7.245490682298843 7.388789503848051 2.794414044455253 0.9012087727295979
5.933048368866857 3.29176205959743 8.002923304105723 0.755897942879675
5.303847953029247 4.049021727331738 2.05434532766683 0.8477063626759226
1.39548111636363 3.372413497884825 0.01773966851163267 0.7354266191068959
9.217924080472834 7.586661019669834 2.015933709025777 1.24518978116915
5.760688453842161 9.180391284020194 6.045199643052968 0.8320760451824551
4.446694175004445 9.270333643616189 0.5534709783610459 0.8219492508513446
7.508195624310728 6.908575149235832 0.8403181366948788 1.478009306079971
2.619243300960444 0.24551140893191 9.159994868694822 1.458162598462629
4.603440108586089 9.790766477154001 1.450629579100564 1.119146785768675
4.053757611751061 3.794182406019504 8.996932009205757 0.7937853373843589
3.390086315960508 2.019810558901587 2.862942573689708 0.7314274765053267
8.704632022325413 9.786496370901311 1.794028485580882 0.7408967403601477
8.351365293208788 8.952299772749733 4.239769324458578 0.8781976254299518
6.511659236039769 5.30048103562439 6.802273482861599 0.7259070852990356
9.903097607289572 9.343877228872717 3.102671992742552 1.373562363395761
3.889832144972393 1.885985060459937 3.592785607214371 0.7439621767641775
8.28358883453925 7.078308180835593 5.561867511281545 1.587744063792638
3.117037847170442 5.677732876538205 6.543079679590117 1.356115530178195
6.41127977743882 9.89008523375192 3.628975484993078 0.9179870112810378
0.1671986380680068 3.980553198193392 8.546190861181447 1.100271662485388
7.98162485821892 4.573726831850055 9.120658520806156 0.7798302385635398
5.125522289760188 9.514624253973412 3.026448398218536 0.7407949917219618
2.943080358185702 7.093510721749376 0.4959525736122584 1.445245915172667
9.171625942558764 4.599558203506804 6.981995910960896 0.7819976022913746
1.18081918286197 2.964699597701388 9.368108823464706 0.811943549241998
4.806524054578398 0.9406388905458686 8.293095857319456 0.9750765293641144
2.025445790679584 7.681246063331069 4.889873234983427 0.8169504099185397
7.145923067645842 8.835307852594376 0.9962577372573779 0.8697647808110033
9.239143311182206 8.678051339099495 4.716675781835995 1.009263015735757
0.4158997668889009 7.496432862362298 5.316900644379871 1.034662045761377
