0.871699
1.02498
0.832565
1
1.07618
1.03263
0.733385
0.753287
1.58393
0.880351
1.23284
0.929731
1.10206
1.43601
0.9246
1.39346
1.21479
0.74146
0.88064
0.732599
1.5796
1.3024
0.780806
0.742828
0.723221
1.02945
1.56051
0.923357
0.807919
1.48309
1.17843
1.3167
1.55182
0.903872
0.749475
0.824083
1.15016
1.0325
1.18837
1.30311
1.2419
0.836415
0.968608
1.47027
0.736352
0.921024
1.0628
0.783401
0.796727
0.964909
0.897822
1.23588
0.748554
1.26966
0.847362
1.35634
0.774026
1.26933
0.782513
1.50955
0.789645
0.984378
0.925873
0.723297
0.843511
1.15846
0.899697
0.842527
0.917484
1.16446
0.808896
0.752851
0.785541
1.1125
1.46494
0.864258
1.57687
0.86274
1.48534
1.11746
1.59959
0.91597
1.46931
0.843112
0.921556
0.999996
0.761293
0.999441
0.809221
1.01267
1.47385
1.0787
1.04201
0.743053
0.829557
1.11865
0.878462
0.985831
1.11787
1.00584
1.54286
1.48963
1.43363
0.815069
0.821872
0.863814
1.22964
1.02712
1.02495
0.917342
1.04247
0.814084
1.06613
0.97696
0.97307
0.915609
0.798702
0.977922
0.920039
1.23872
1.06585
0.903147
1.31081
1.39624
0.786123
0.738875
0.736658
0.98677
0.800387
1.23925
0.745712
1.30202
0.84128
0.766978
1.12424
0.750961
1.00047
0.776056
1.40643
1.39674
0.908542
0.913205
0.748777
0.961354
0.971843
0.941344
1.01938
1.22876
1.00221
1.16089
0.754079
1.54652
0.861514
0.781008
1.36522
1.15321
1.03821
0.821378
0.818749
0.867066
1.32104
0.843084
1.22591
0.995079
1.10818
0.907653
0.811884
0.804785
0.974828
0.775057
1.21752
0.929521
0.768474
0.987099
1.33283
0.807171
0.745019
0.895191
0.937688
0.776293
0.93135
0.775521
1.56252
0.74716
0.977003
1.51249
0.783511
1.19791
1.0214
0.912962
0.752547
1.53718
0.73457
1.21785
0.999136
1.20408
1.02081
1.118
1.13805
1.0583
1.41837
0.784588
0.908514
0.87346
0.724007
0.840768
1.42179
1.59539
1.39827
0.904428
1.33243
1.28552
1.37281
0.728696
0.786253
0.997605
0.851659
1.44992
1.60085
1.34859
1.23428
0.75792
0.820677
0.758375
1.18015
1.1268
0.794532
0.881281
0.842591
0.868596
0.893766
1.00283
0.78381
0.855879
1.03144
1.32621
0.853268
0.942956
0.826776
0.792872
0.916876
1.06512
1.23529
1.09395
1.02198
1.02155
0.866474
1.35022
1.23898
1.48214
0.868353
1.20812
0.758788
0.760595
0.820152
0.880544
0.882026
1.52036
0.756758
0.8803
0.753664
1.3914
0.830774
0.905527
0.841385
0.794169
0.950295
0.780794
0.828656
0.854749
1.09446
0.820863
0.751773
0.778022
0.850091
0.93142
0.802244
1.04086
0.95424
1.03899
1.43733
0.815086
0.858966
0.795185
0.936652
1.25933
1.13558
1.02357
1.36299
0.72809
0.966427
0.862143
0.755863
0.847023
0.765567
0.733704
0.896439
0.893504
0.928773
1.00865
0.73019
0.9262
1.25116
0.979653
1.07838
1.01051
0.812972
0.918324
1.14506
0.761224
1.1588
0.772669
0.829186
1.15443
1.35589
0.976324
1.42902
0.936532
1.06063
1.55228
1.21248
0.750764
1.05459
1.40601
1.08384
1.13505
0.849437
1.00874
0.729985
1.27082
0.8762
1.39221
1.40538
1.11853
0.902518
1.2844
0.75473
0.996218
0.81088
0.806922
0.996064
0.732121
1.00347
1.05667
1.18566
1.01335
0.755041
0.942271
1.08618
0.904951
0.766917
1.10784
0.804547
0.914979
1.34745
1.57619
0.765471
0.809665
1.41457
1.10413
0.96565
0.985038
0.73067
1.35245
1.39136
0.791566
0.823124
1.28118
0.823279
0.908148
0.992127
1.21551
1.23848
0.789933
0.733361
0.795036
0.912503
1.27784
0.935435
1.05855
1.14296
0.757549
0.906971
0.868095
1.13618
1.14724
0.840334
1.04593
1.30291
0.859636
1.05496
0.818842
0.991355
0.949451
0.781769
1.05693
0.97591
0.888788
0.821115
1.46682
1.13062
0.912396
1.14587
0.766589
0.766543
1.35559
0.844339
0.776488
0.807381
0.771957
0.854687
0.723939
1.42204
0.930778
1.16551
0.833057
0.952113
0.762217
0.820836
0.785576
0.83379
0.961571
1.05122
0.920562
0.945987
1.01244
1.29307
1.25201
0.973296
0.844351
0.760223
1.20155
1.4133
1.10825
0.752763
0.847281
1.14409
0.972338
1.12596
0.753339
0.882562
1.45478
0.884969
1.06695
1.32367
0.91452
0.731406
0.827476
0.882905
0.807673
0.72629
0.862622
0.888407
0.807633
0.914487
1.21259
0.837651
0.81749
0.912267
1.10629
0.756909
1.24918
0.805932
0.895765
1.39845
0.890952
0.832757
1.19492
0.966109
1.30283
1.23144
0.987569
1.46414
1.16361
0.724228
0.779636
1.27148
0.753897
0.732785
0.796288
0.899974
0.75258
1.00991
0.825193
0.886757
0.845497
1.44191
1.41826
0.855863
1.18662
1.20463
0.997055
0.967298
1.24175
0.726193
1.28888
0.828841
0.807045
0.870138
0.951974
1.0559
0.824985
0.980951
1.31299
0.722629
0.780902
0.852513
0.724437
0.853694
0.764712
0.821572
1.20637
0.790315
1.09234
0.901659
1.16771
1.03152
0.738617
0.761036
1.57887
0.830576
0.831761
1.15536
0.818712
1.17077
0.741682
1.08373
1.56463
0.861901
0.756977
1.01085
1.19947
1.21958
1.22174
1.34556
0.924017
0.858458
0.765943
1.1897
1.55373
1.54701
0.87716
1.13728
0.763487
0.930343
1.3245
0.852651
1.1427
0.814949
0.780387
1.02269
1.29814
0.815701
1.09193
1.08995
1.26473
1.18948
1.07618
1.22033
1.39714
1.13915
1.16738
1.06864
1.35814
1.1472
0.788145
0.755189
1.574
0.976888
1.31543
0.759804
0.804848
0.801033
0.841532
1.29132
1.52311
0.814656
1.09627
0.809767
0.798013
0.797835
0.971761
0.829801
0.882356
0.737025
0.802644
1.50741
0.844882
1.46525
0.795271
0.972819
0.912793
1.03516
1.3067
1.18636
0.739274
1.18949
0.772726
1.0052
0.972143
1.26868
1.24982
1.27941
0.938458
1.6066
1.22
0.906169
1.21018
0.845042
0.921604
0.956284
1.09341
1.18024
1.11582
0.728931
1.07606
1.50378
0.757387
1.54248
0.867738
0.899178
1.15402
0.931725
0.916966
0.815179
0.757704
1.34594
0.760552
0.752539
0.768574
0.887562
0.842755
0.821997
0.762946
1.40848
0.876537
0.994187
0.867545
0.913084
1.3871
1.30475
1.06515
0.86377
0.726425
0.951694
1.00539
1.32995
1.49749
0.853469
0.819653
0.77861
0.814987
0.759965
1.3714
0.756269
0.817502
0.953485
0.847206
0.865228
0.932549
1.11182
1.1827
1.20123
0.798292
1.04664
1.31216
1.15402
1.35025
1.05933
1.25611
1.01648
1.00544
1.32627
0.757491
0.738579
0.74175
1.10607
1.04082
1.18155
0.73167
0.772778
0.794379
0.948966
0.785855
0.786726
0.881262
1.34941
0.959457
1.34128
0.837366
1.54747
0.875226
0.832901
1.51748
1.20251
0.834109
0.950465
0.961834
0.799046
0.764059
0.790254
0.73956
0.744765
1.00358
0.75743
0.760649
0.7718
0.840558
1.50846
0.775745
0.810987
1.36056
1.31179
1.26274
0.765008
1.22329
1.16299
0.765389
0.986346
1.08276
0.874106
0.973641
0.763371
1.01458
1.11913
0.837943
0.894156
0.752947
1.37972
0.759818
1.28773
0.890182
0.802329
1.18244
0.991688
0.735302
1.22667
1.12943
0.900853
0.812565
0.866677
1.51077
0.778838
0.875717
1.21045
0.840904
0.785384
1.03741
0.935912
0.767585
1.11916
0.948541
0.953518
0.792657
0.951612
0.759565
0.768505
1.42882
0.729441
0.934335
0.75263
1.39534
1.28621
1.57537
0.846117
0.995464
1.1149
1.28705
1.17299
0.794397
0.806406
0.836255
1.17245
0.816402
0.84688
0.765179
0.774934
0.927508
1.01427
1.13271
0.865937
0.777719
0.787299
0.826272
0.741627
0.888096
0.855987
0.799389
0.901403
0.798956
1.0841
1.51044
0.833265
0.836928
1.40756
1.32185
0.791608
0.832847
0.767986
0.877109
0.999812
0.819606
0.724051
0.900027
0.76923
0.810611
0.958209
1.04545
0.765746
1.29983
1.02691
0.896529
0.960516
1.35492
1.14503
1.01889
0.91227
1.31221
0.755466
0.816796
0.840901
0.807387
0.88654
0.919627
1.22928
1.20785
1.14606
1.42696
1.01452
0.792038
0.758621
0.725312
1.43822
0.724273
0.973488
0.782514
0.884906
1.58659
1.23524
0.925181
1.04604
0.966653
0.974817
1.50876
1.06275
0.787743
1.04812
0.757268
1.39755
0.969046
1.27834
0.736567
0.764974
1.37686
0.824529
1.44449
0.796174
1.21762
0.858185
0.754316
0.743525
1.55612
1.60696
0.723794
0.963076
0.792212
0.984838
0.8181
0.752558
1.08873
0.742414
0.957238
0.972557
1.01503
0.748479
1.43818
1.41096
1.22687
0.883398
0.74233
0.944392
0.766054
1.15092
0.971111
1.00153
0.745669
0.910089
1.39015
0.850211
0.874705
0.735447
0.759572
0.769924
0.798393
0.869438
1.06047
1.23691
0.928132
0.860382
0.740778
0.819066
0.836212
1.02176
0.997553
1.54345
0.88865
1.13172
0.981595
1.43462
0.752002
0.797592
0.777161
0.868076
0.947476
0.836924
1.29995
1.27488
1.06776
1.28595
1.01097
1.16581
0.728011
0.965713
1.4551
0.769998
0.773523
0.875351
0.791271
0.787407
1.02302
0.742299
1.30264
0.87745
0.892914
0.979095
0.99714
0.913692
1.17055
1.4517
0.944696
1.10115
1.20944
0.889954
0.927093
0.97524
1.42539
0.761988
0.836389
0.884627
1.12053
0.836072
0.830954
0.897331
0.765355
0.822539
0.870973
0.843035
1.3244
0.887962
1.22462
0.725221
0.986155
0.953184
0.886613
0.952705
0.922504
0.759774
0.899426
0.901629
0.908521
0.730779
1.11779
0.879161
0.757322
0.776676
0.826314
0.903889
0.907831
0.875503
0.851846
1.03813
0.803981
1.09121
1.41193
1.41524
1.43046
1.11815
1.20344
1.11264
1.14973
0.852459
1.08059
0.865938
0.825272
1.04732
0.809664
0.786206
1.00959
0.9013
0.815449
