3.26217 3.05396 9.62327 1.52235 0 0 0
9.4156 2.87383 0.817163 1.30364 0 0 0
2.32134 8.70469 0.184934 1.54838 0 0 0
4.90134 6.71841 3.73362 0.810913 0 0 0
3.25953 7.26315 1.15059 0.867958 0 0 0
7.65001 8.46844 0.0549598 1.59814 0 0 0
4.02443 7.35225 7.06788 0.992341 0 0 0
3.60261 2.00501 0.352227 0.763534 0 0 0
1.63038 3.48609 8.24679 0.734272 0 0 0
1.11969 8.72592 5.35441 0.81033 0 0 0
4.35283 8.60538 2.74292 1.12613 0 0 0
6.87529 2.06045 1.83933 1.31586 0 0 0
3.83927 5.72166 5.61564 0.731227 0 0 0
1.80369 2.6407 7.58502 0.87575 0 0 0
9.87147 8.99429 7.02517 0.805748 0 0 0
0.037646 3.49875 5.07928 0.815473 1 0 0
1.6959 5.20349 1.58298 1.56006 0 0 0
1.13078 3.83803 4.41755 0.731592 0 0 0
7.87595 2.05121 7.49297 0.748125 0 0 0
4.01893 3.64471 2.43854 0.774347 0 0 0
2.94791 7.69395 7.33655 1.2325 0 0 0
7.7039 0.200674 4.06852 0.947814 0 0 0
6.24579 4.20424 7.68872 0.729937 0 0 0
8.72843 0.550235 2.25408 0.744879 0 0 0
3.15234 9.85389 9.68949 0.836246 0 0 0
2.65327 3.00393 3.58452 1.02321 0 0 0
3.90708 3.21242 3.41369 1.30133 0 0 0
3.467 0.618583 2.00432 1.43417 0 0 0
5.02433 3.48703 0.134151 0.730346 0 0 0
8.20701 7.25419 9.90723 0.976607 0 0 0
8.98008 9.27401 7.05693 0.872599 0 0 0
1.17718 3.15721 1.85812 0.920755 0 0 0
6.86736 4.20725 1.18126 0.957363 0 0 0
9.75821 6.7158 9.14078 1.06132 0 0 0
2.38998 8.85907 3.43506 0.906102 0 0 0
0.383957 9.39164 2.43166 1.13868 0 0 0
9.25218 1.29277 6.24967 0.945642 0 0 0
1.0583 0.556985 3.86229 0.789336 0 0 0
0.649343 3.64803 8.00506 0.951316 0 0 0
5.97386 5.50485 9.52925 0.812643 0 0 0
0.834265 0.648454 9.69304 0.872011 0 0 0
3.41941 7.16517 4.02339 1.03756 0 0 0
5.11012 0.0996569 3.96485 1.26396 0 0 0
1.34495 3.89557 1.03221 1.27486 0 0 0
5.34334 3.8102 5.37102 0.773881 0 0 0
2.64815 3.53407 5.73128 1.53086 0 0 0
6.90671 7.06302 3.84788 1.03986 0 0 0
1.67031 7.91982 0.873973 0.787635 0 0 0
0.156695 8.33017 2.72272 0.88422 0 0 0
5.58071 9.06504 1.85577 1.52011 0 0 0
9.25034 8.26295 8.25572 0.89092 0 0 0
1.72485 6.14599 0.814495 0.79525 0 0 0
8.62879 9.63503 9.52739 1.11777 0 0 0
3.12502 8.29893 1.28492 1.12944 0 0 0
3.20989 4.56576 7.75727 1.17519 0 0 0
7.88684 1.54734 0.211911 0.957236 0 0 0
7.25704 7.18795 9.82442 0.835383 0 0 0
3.42804 0.418757 7.72112 0.979842 0 0 0
2.45815 0.0583283 6.5597 0.965706 0 1 0
3.33334 6.55074 1.99568 1.11494 0 0 0
6.56654 0.214727 7.30514 1.27367 0 0 0
2.28679 9.81144 2.08403 1.24542 0 0 0
0.968551 7.44207 0.383818 1.00087 0 0 0
8.53462 6.28378 5.52129 1.61255 0 0 0
4.09674 6.16286 8.36364 1.05601 0 0 0
3.41017 0.646082 5.80731 1.50496 0 0 0
1.66488 2.72877 1.05574 1.07832 0 0 0
9.4534 9.16269 8.65983 1.06871 0 0 0
0.355172 5.17464 9.30176 0.912032 0 0 0
3.14519 6.41139 8.82235 1.00129 0 0 0
5.87605 9.79168 0.963005 0.749899 0 0 0
8.13215 5.63878 6.92933 1.47703 0 0 0
5.79078 1.55917 2.7004 1.26524 0 0 0
9.07107 2.11052 3.50805 0.840517 0 0 0
4.50039 7.80933 0.0108069 0.761444 0 0 0
1.21623 5.706 3.43133 0.869616 0 0 0
6.12067 2.18128 0.670396 1.35859 0 0 0
0.895684 4.96741 4.01009 0.994038 0 0 0
9.45096 2.37432 9.78226 0.932986 0 0 0
3.17773 8.8986 4.0438 0.899566 0 0 0
6.96388 9.44865 8.61447 0.890683 0 0 0
8.5546 5.12241 4.50927 0.765464 0 0 0
9.47383 8.79836 5.29283 1.13748 0 0 0
8.11251 0.814718 0.964421 0.934419 0 0 0
7.34997 6.56405 6.1306 1.00365 0 0 0
6.14927 8.15163 5.25566 0.733954 0 0 0
1.12397 2.24644 9.43326 0.979757 0 0 0
1.08214 8.52427 8.40721 0.965483 0 0 0
9.57256 0.302435 3.10589 1.58687 0 0 0
0.324982 5.07685 2.17778 0.952842 0 0 0
3.07092 9.75367 5.06612 0.805041 0 0 0
7.7462 2.06484 6.03438 0.737619 0 0 0
5.19705 2.43238 4.72687 0.756817 0 0 0
6.62978 5.91558 8.15414 0.954706 0 0 0
4.46357 3.62436 9.35774 1.0296 0 0 0
4.39467 9.65898 2.23781 1.14205 0 0 0
2.81387 4.36357 4.67204 1.10108 0 0 0
0.361587 6.58175 3.17481 1.16555 0 0 0
1.27463 4.08651 3.69894 0.755418 0 0 0
9.92255 5.90044 2.31639 0.819858 0 0 0
1.10589 2.91796 8.24416 0.776594 0 0 0
2.56805 0.977089 7.8494 0.978833 0 0 0
5.35901 5.24808 0.115424 0.82134 0 0 0
9.14722 4.01375 2.44603 0.831012 0 0 0
9.46786 3.23553 9.8271 0.741618 0 0 0
2.1625 8.07712 3.03813 0.79063 0 0 0
3.32811 9.42546 7.67209 0.922811 0 0 0
7.81952 8.62173 4.78128 0.933017 0 0 0
7.45886 4.08603 4.87988 0.952175 0 0 0
1.98531 1.55125 0.80673 1.1286 0 0 0
0.44627 8.66158 6.10097 1.16011 0 0 0
0.588035 8.45597 7.22979 0.892237 0 0 0
7.31388 6.17722 5.2136 0.840517 0 0 0
8.32258 0.727064 0.117487 0.756671 0 0 0
5.49159 7.15584 9.28324 0.746793 0 0 0
6.3567 6.77589 2.28559 0.790924 0 0 0
5.61293 6.65371 3.24846 0.792546 0 0 0
9.60949 2.92153 4.64928 0.764649 0 0 0
2.15271 3.77913 7.26025 1.51367 0 0 0
1.34577 4.44985 8.07844 1.07911 0 0 0
7.33379 4.53213 5.73534 0.802284 0 0 0
9.71412 4.3812 1.8263 0.914126 0 0 0
1.6023 6.48371 8.37657 0.730064 0 0 0
9.08405 9.67818 7.88828 0.873739 0 0 0
6.8121 2.13636 8.9623 0.83921 0 0 0
3.50901 1.01917 0.853932 0.921502 0 0 0
5.70421 3.09467 9.07544 0.74236 0 0 0
4.87708 3.72349 1.49602 0.738721 0 0 0
0.235264 5.41059 3.21881 1.10319 0 0 0
1.74667 5.87255 5.19241 0.84039 0 0 0
4.96106 6.9127 6.82955 1.05113 0 0 0
0.944375 8.71233 0.739961 1.31456 0 0 0
7.2609 4.80919 6.53312 0.790726 0 0 0
8.94466 2.19075 2.3372 0.835082 0 0 0
4.4298 1.94371 3.87757 0.903171 0 0 0
0.411364 4.31318 4.68838 1.01834 0 0 0
7.19375 4.52757 7.54725 1.23378 0 0 0
1.52775 2.96674 8.91568 0.770165 0 0 0
8.60854 9.96298 3.92885 0.896931 0 -1 0
5.48525 8.56878 6.43068 1.344 0 0 0
9.10469 0.650284 9.45261 0.828914 0 0 0
4.97848 8.29632 8.33038 0.926402 0 0 0
4.36621 4.935 6.09034 1.21411 0 0 0
9.2941 1.52779 7.30442 0.973086 0 0 0
9.25041 2.95217 8.93037 1.04742 0 0 0
9.73445 7.54982 4.69336 0.960627 0 0 0
9.62077 6.38704 1.54314 0.78684 0 0 0
3.36021 7.23471 5.05175 0.768868 0 0 0
0.328248 9.7474 6.11244 0.832048 0 0 0
4.984 5.46187 9.03174 1.31354 0 0 0
2.94662 4.01921 3.65294 1.02089 0 0 0
4.45784 1.2006 2.42505 0.92484 0 0 0
8.39264 7.20032 6.96519 1.60208 0 0 0
0.174962 7.74825 8.93488 1.10019 0 0 0
7.91085 8.72354 6.88851 1.50515 0 0 0
0.0826491 5.57017 7.72132 1.00063 0 0 0
9.41651 8.84862 7.67017 0.731426 0 0 0
6.24737 0.806524 6.36961 0.906753 0 0 0
0.617703 9.54319 6.9599 0.922374 0 0 0
1.54434 6.6862 0.164829 0.782989 0 0 0
7.05945 1.93183 0.0429862 0.831416 0 0 1
2.15859 1.04304 1.9927 1.0927 0 0 0
6.70441 4.72664 9.05127 0.73862 0 0 0
2.45453 3.31316 1.56056 0.945701 0 0 0
5.29952 0.623923 7.01929 1.28377 0 0 0
1.58353 9.66582 7.31534 1.06142 0 0 0
0.18135 3.22495 6.12513 0.732156 0 0 0
3.24383 5.30048 1.64515 1.35086 0 0 0
2.37073 7.47194 4.70593 1.28388 0 0 0
0.24914 3.74552 1.10294 0.871414 0 0 0
0.230443 1.87235 0.727206 0.946126 0 0 0
0.26732 3.27026 0.277076 0.736575 0 0 0
6.98069 0.397694 9.51866 0.809571 0 0 0
8.75376 4.39902 5.02135 0.740333 0 0 0
8.41928 3.44105 9.75908 1.30217 0 0 0
0.383442 6.73072 2.01989 1.08481 0 0 0
4.00409 1.96746 1.53379 1.54497 0 0 0
6.40727 1.13853 9.88128 1.12474 0 0 0
5.0545 2.28878 7.54255 0.790802 0 0 0
9.01462 1.52643 0.542539 1.31637 0 0 0
5.80919 1.53013 1.58582 0.883973 0 0 0
7.05466 9.48302 3.31022 1.3921 0 0 0
8.92704 8.05942 1.00965 1.52334 0 0 0
0.436229 7.50405 3.7817 0.875296 0 0 0
0.83494 5.45722 4.81038 0.74986 0 0 0
4.12658 6.96024 5.93809 1.32942 0 0 0
1.52632 8.20351 3.92224 1.30209 0 0 0
1.76012 0.127545 3.65848 0.767601 0 0 0
6.77751 9.35029 2.11902 0.921766 0 0 0
7.24958 9.6203 9.71032 0.833 0 0 0
1.63596 0.544367 0.252032 1.00745 0 0 0
2.55799 5.56085 0.621957 1.04242 0 0 0
7.81361 9.06702 8.03204 0.780136 0 0 0
3.16592 8.66258 8.96476 1.35316 0 0 0
1.18697 3.10917 0.080021 1.12642 0 0 1
0.486908 7.36499 6.61537 1.53665 0 0 0
5.06545 1.50819 8.36216 0.890072 0 0 0
2.33478 1.81309 3.6317 1.25398 0 0 0
1.26197 9.51925 9.59985 1.29991 0 0 0
1.00093 1.78438 1.79725 1.60789 0 0 0
8.89181 1.19206 4.81171 0.979308 0 0 0
4.7921 9.34354 4.83233 1.06369 0 0 0
6.94706 5.12877 4.95237 1.12524 0 0 0
4.95834 1.72755 6.80425 0.999054 0 0 0
7.4354 1.23605 3.57391 1.33933 0 0 0
0.835073 4.15565 7.17643 0.959187 0 0 0
0.242859 6.53936 7.6061 0.894047 0 0 0
9.3829 2.09252 4.44478 0.836411 0 0 0
4.66269 5.47241 6.89536 0.748504 0 0 0
3.18598 6.42329 3.50399 0.744175 0 0 0
2.54062 7.11422 1.74302 0.847581 0 0 0
5.55108 5.23217 6.26026 1.19386 0 0 0
0.0982553 5.91565 4.81264 0.767926 0 0 0
4.99429 8.87792 7.5694 0.823524 0 0 0
4.90095 0.651492 1.34667 1.58404 0 0 0
7.84821 1.6392 8.17374 0.808029 0 0 0
8.63985 8.91271 7.81216 0.796737 0 0 0
3.48422 6.88539 8.00519 0.894324 0 0 0
7.78929 5.72502 4.52429 1.01961 0 0 0
3.28458 3.36513 8.05517 1.0386 0 0 0
6.10513 8.77003 2.9203 0.811652 0 0 0
4.0847 6.25098 7.17412 1.17677 0 0 0
6.65752 5.71162 6.91583 1.40063 0 0 0
4.70757 7.54722 8.66348 0.76542 0 0 0
8.03472 6.6224 8.99531 0.998661 0 0 0
5.49805 0.718518 9.10121 1.33416 0 0 0
3.19932 0.7926 8.9755 1.45669 0 0 0
9.14139 0.648003 8.07642 0.825735 0 0 0
2.85942 2.52446 0.892369 1.2202 0 0 0
0.748826 4.15646 2.0003 1.00659 0 0 0
6.60867 7.72082 0.55682 0.972746 0 0 0
6.96563 8.39282 1.47893 1.3191 0 0 0
8.6012 4.64492 3.24804 0.74434 0 0 0
5.87325 6.5515 6.72803 0.814748 0 0 0
4.92844 7.74713 1.97196 1.29796 0 0 0
8.56336 6.69771 3.01416 0.986489 0 0 0
4.15259 8.01597 3.892 0.889796 0 0 0
3.84018 2.81844 0.619304 0.780339 0 0 0
9.46793 5.73704 9.38796 0.966533 0 0 0
9.61391 1.90977 1.59955 1.14804 0 0 0
1.04738 0.667763 6.84834 1.30795 0 0 0
8.68927 4.66396 9.47885 1.04667 0 0 0
6.25832 1.55005 3.74521 0.957272 0 0 0
3.42017 0.64888 4.54186 0.960922 0 0 0
6.93832 1.48573 5.90847 1.19092 0 0 0
0.406282 4.20148 5.89785 1.28076 0 0 0
1.84729 7.56336 1.70005 0.762124 0 0 0
9.31342 4.39009 3.50264 0.764327 0 0 0
2.92465 1.63207 6.50553 0.974731 0 0 0
9.88752 5.07056 5.19122 0.762633 0 0 0
1.37543 3.8664 6.28617 0.851148 0 0 0
2.30041 3.01929 8.21803 0.863758 0 0 0
1.14312 7.58271 2.69938 1.47597 0 0 0
7.43713 7.32281 2.54255 1.61274 0 0 0
8.80409 6.55709 0.831835 1.31146 0 0 0
9.80431 0.132625 8.24086 0.820356 0 0 0
6.31499 3.29157 2.42545 0.776467 0 0 0
2.92378 2.62894 1.93477 0.829355 0 0 0
4.2956 9.89605 7.39571 1.1049 0 0 0
7.95831 2.65395 4.47199 0.744926 0 0 0
1.0886 1.8521 7.46739 1.15206 0 0 0
8.88063 6.15539 2.13842 1.06609 0 0 0
3.40078 2.23472 4.08486 1.12879 0 0 0
6.32151 7.94583 6.09961 0.738487 0 0 0
2.29917 5.94097 3.53184 1.20604 0 0 0
2.19682 2.14022 5.7572 1.25019 0 0 0
7.03869 5.43977 3.90462 0.893585 0 0 0
2.15071 6.76266 9.33554 1.2288 0 0 0
6.27267 7.13877 3.01282 0.810094 0 0 0
3.8631 4.46581 6.93848 0.770287 0 0 0
0.0788182 8.1539 1.08714 0.739641 0 0 0
7.37652 3.43311 7.47223 0.742394 0 0 0
7.17004 0.141941 6.03931 1.41302 0 0 0
3.51707 3.37332 6.88558 1.29815 0 0 0
5.22839 1.39214 0.188235 1.11486 0 0 0
0.559896 4.26948 9.96854 1.22302 0 0 0
5.27859 7.99631 9.14992 0.867838 0 0 0
7.36632 7.81743 4.31628 0.857949 0 0 0
1.1514 8.19677 9.5005 1.24688 0 0 0
5.33246 1.28555 4.65367 1.44898 0 0 0
9.66243 0.339606 7.05174 1.49394 0 0 0
6.80458 2.29747 3.11478 1.22249 0 0 0
1.06755 1.25667 9.02265 0.904523 0 0 0
4.17613 4.32948 1.52807 0.886805 0 0 0
8.48399 3.69781 3.1664 0.88445 0 0 0
9.73233 7.2083 8.25163 0.807175 0 0 0
8.38109 5.67871 2.91924 0.938252 0 0 0
3.12196 5.79202 7.83437 1.23365 0 0 0
2.99539 9.67412 0.46614 0.750455 0 0 0
0.603049 5.83775 1.57501 0.871694 0 0 0
7.61131 4.77028 4.28942 0.838777 0 0 0
9.59673 4.25832 5.13906 0.80817 0 0 0
3.90667 7.9351 8.16163 1.15384 0 0 0
6.85678 7.32349 5.23081 1.39425 0 0 0
5.83654 8.82989 9.26734 0.872276 0 0 0
8.45651 8.62144 8.88347 1.1959 0 0 0
4.12921 8.78336 4.5076 0.732994 0 0 0
0.747099 0.111075 7.84508 0.970783 0 0 0
1.70215 9.67789 0.835001 1.01735 0 0 0
5.58046 4.45245 4.43222 1.38113 0 0 0
2.36175 9.94951 0.0442654 0.829086 0 -1 0
8.45101 1.28954 7.68206 0.770322 0 0 0
5.0584 2.15249 5.69513 1.22532 0 0 0
2.45219 4.11112 8.80743 1.49648 0 0 0
7.37408 3.45483 3.76083 1.55299 0 0 0
0.245749 1.11389 8.08239 1.26632 0 0 0
1.26528 3.80244 9.1926 0.839286 0 0 0
3.01479 4.98956 5.83456 1.40429 0 0 0
3.51923 5.30376 6.88682 0.94855 0 0 0
9.60605 3.7978 4.17626 1.07723 0 0 0
5.6149 6.67029 1.3192 1.5075 0 0 0
7.36369 5.51055 7.81947 0.745629 0 0 0
9.16839 3.70366 1.52201 0.764876 0 0 0
1.74456 7.05259 0.996523 0.916815 0 0 0
1.20848 4.73312 2.87266 1.22119 0 0 0
9.90106 2.76233 3.64124 1.17727 0 0 0
7.80428 4.56018 3.42667 0.832369 0 0 0
6.95302 6.76216 8.77576 1.15815 0 0 0
0.476327 3.77245 3.6363 0.866496 0 0 0
9.3824 5.37296 1.33699 1.29051 0 0 0
8.50979 4.47906 1.69629 1.24187 0 0 0
0.818901 5.90994 2.47434 0.936515 0 0 0
6.88742 5.10389 0.911629 0.847528 0 0 0
1.92548 1.58035 2.7248 0.736444 0 0 0
2.60091 8.27137 4.05384 0.735527 0 0 0
4.31554 0.764669 8.86516 0.741484 0 0 0
1.44493 4.82859 0.374131 0.939796 0 0 0
2.75451 6.71164 7.5655 0.758991 0 0 0
3.36783 9.33594 1.67508 1.06298 0 0 0
7.85388 9.19621 5.68587 0.973575 0 0 0
8.3149 7.96357 6.03126 0.764489 0 0 0
1.14783 5.97603 9.00834 1.0785 0 0 0
5.18681 4.67162 5.45428 0.801792 0 0 0
2.0301 3.69865 4.44404 0.933034 0 0 0
7.51851 0.0272086 8.88366 0.749392 0 0 0
2.49414 5.91033 2.35908 0.976941 0 0 0
8.84018 9.4261 1.03754 0.741205 0 0 0
8.86865 3.22503 7.99807 0.975023 0 0 0
0.995088 2.00306 8.48919 0.842652 0 0 0
5.74326 2.05276 9.28673 1.28423 0 0 0
7.83807 7.27856 5.79735 0.801244 0 0 0
8.49003 1.998 6.70314 1.18245 0 0 0
8.98919 4.1932 7.93431 0.77272 0 0 0
9.58814 0.692826 8.80805 0.740138 0 0 0
1.51841 9.60984 8.40267 1.06781 0 0 0
9.70917 3.69995 8.35564 1.00747 0 0 0
4.01914 1.86684 6.22232 1.11652 0 0 0
2.77864 1.50535 4.84601 1.14433 0 0 0
3.78914 4.26514 4.19747 0.969962 0 0 0
3.47883 5.72116 2.85644 1.19189 0 0 0
7.49277 6.46727 7.72825 1.05441 0 0 0
3.2109 1.83394 5.67218 0.770173 0 0 0
6.94449 9.10004 7.68299 1.05448 0 0 0
5.89663 3.41704 4.95121 0.734185 0 0 0
8.00653 7.56432 4.94974 0.91282 0 0 0
4.3381 0.319353 9.91091 1.48471 0 0 0
8.68922 2.45749 5.38816 1.56117 0 0 0
8.98795 6.21245 8.14394 1.57387 0 0 0
9.45254 1.26531 3.97434 0.91915 0 0 0
7.46459 4.89862 1.60952 0.922629 0 0 0
3.58335 1.27134 0.0302688 0.761794 0 0 0
0.0368411 5.22836 4.31071 0.812222 1 0 0
0.0087976 7.6827 1.98396 0.915285 0 0 0
4.17546 1.98218 7.32255 0.845675 0 0 0
4.40571 5.349 3.20466 0.73894 0 0 0
7.44939 0.326334 1.25898 0.73086 0 0 0
4.15299 3.80591 0.474806 1.18241 0 0 0
7.1824 8.68702 4.12696 0.831813 0 0 0
5.42222 3.70885 2.0633 0.77853 0 0 0
6.1861 9.77328 9.52468 1.04457 0 0 0
3.22072 6.78988 6.70554 0.976002 0 0 0
4.58498 6.50454 2.61026 1.50512 0 0 0
6.84345 1.58589 8.05601 1.12426 0 0 0
7.71161 6.7129 4.58739 0.926136 0 0 0
7.01883 6.08979 1.57684 1.47464 0 0 0
5.61455 2.6305 1.886 1.35911 0 0 0
2.09981 4.45412 6.30776 0.763157 0 0 0
8.78767 9.01852 0.318925 0.802496 0 0 0
2.57054 6.82809 3.90667 0.740623 0 0 0
4.02963 3.05119 5.68502 1.32302 0 0 0
9.33803 7.15789 1.71263 0.826676 0 0 0
3.29851 9.47666 2.95161 1.44321 0 0 0
6.59452 1.5682 4.77742 1.08577 0 0 0
9.28838 4.73472 4.54801 0.777655 0 0 0
4.31174 2.74598 4.52997 1.07874 0 0 0
7.4018 9.49687 1.5486 0.74275 0 0 0
4.46051 2.17252 8.10742 0.772721 0 0 0
5.48502 7.29156 5.73404 1.43317 0 0 0
2.73991 4.2469 1.68098 0.933242 0 0 0
9.45936 4.91179 8.60539 1.25552 0 0 0
5.42047 8.37647 5.31813 0.763401 0 0 0
4.76311 1.3326 7.57149 0.733923 0 0 0
6.67265 6.80741 0.730352 0.789716 0 0 0
7.46715 0.732339 0.104463 0.792783 0 0 0
6.62745 7.32121 1.51359 0.819961 0 0 0
3.74545 6.39784 4.97039 0.815488 0 0 0
6.30488 9.74845 5.2936 0.730414 0 0 0
2.20528 6.41622 4.5408 0.824754 0 0 0
7.08592 4.26237 2.03655 0.742127 0 0 0
2.22102 7.84104 9.29055 0.884035 0 0 0
1.13157 6.48515 5.86507 1.04147 0 0 0
0.834093 8.54656 1.93657 0.962146 0 0 0
9.89754 7.89838 5.54774 0.826198 0 0 0
4.57154 7.01851 7.90583 1.01482 0 0 0
4.53116 7.23193 4.65123 1.34833 0 0 0
7.72904 2.79641 1.42473 0.949449 0 0 0
6.30574 4.48566 8.42452 0.750614 0 0 0
0.882978 1.11093 0.682143 0.943538 0 0 0
3.26402 2.45891 5.1025 0.883541 0 0 0
5.53076 7.62188 0.173841 1.21863 0 0 0
0.896077 6.04001 8.02654 0.896293 0 0 0
1.72826 5.61655 2.75229 0.777268 0 0 0
7.72272 1.00142 2.02317 1.26542 0 0 0
5.96825 9.7318 6.28593 1.08176 0 0 0
8.63544 6.24098 4.0673 1.08922 0 0 0
7.95428 8.07482 1.72767 0.759606 0 0 0
1.34578 1.59196 4.69407 1.59763 0 0 0
0.69511 9.547 3.66477 1.26361 0 0 0
7.81844 8.96459 2.32508 1.24824 0 0 0
9.36694 7.22893 6.26398 0.747634 0 0 0
1.862 4.09863 9.9269 0.851565 0 0 0
5.00321 3.0707 5.16559 0.774463 0 0 0
7.28378 0.817666 5.03016 0.965996 0 0 0
9.55757 6.13352 6.68757 1.42859 0 0 0
4.44433 4.61866 9.7175 0.997998 0 0 0
4.61752 9.72499 6.10693 1.50687 0 0 0
6.01252 1.04967 0.818765 0.86655 0 0 0
4.53631 3.05425 2.00334 0.920021 0 0 0
1.32001 2.88408 3.84931 1.35371 0 0 0
2.96274 1.83531 9.5775 0.932663 0 0 0
6.21638 3.96158 1.89915 0.873585 0 0 0
3.49814 8.99696 4.858 0.737962 0 0 0
8.88259 8.3105 4.19258 1.47409 0 0 0
7.86961 9.20262 4.01281 0.755391 0 0 0
9.62502 3.99158 9.35852 1.00345 0 0 0
4.4881 5.9658 6.23723 0.76839 0 0 0
4.67146 3.95127 3.84212 0.876365 0 0 0
2.43414 4.98159 9.75531 0.997968 0 0 0
5.33663 4.62382 8.10218 1.21663 0 0 0
7.11134 3.2024 0.423664 1.4479 0 0 0
4.94503 4.58541 0.642687 0.995121 0 0 0
8.23132 5.49854 1.1385 0.965271 0 0 0
6.67247 8.88964 5.78421 1.26351 0 0 0
7.40283 2.65693 8.23155 1.25177 0 0 0
4.12821 2.98718 8.58331 1.03998 0 0 0
0.610301 5.44442 5.80708 1.19284 0 0 0
1.09188 1.72178 3.26579 1.15663 0 0 0
9.97839 7.10214 0.889197 1.19121 -1 0 0
6.65545 4.48288 4.31584 0.730787 0 0 0
3.07103 2.49887 2.81395 0.836669 0 0 0
1.95417 7.47862 0.153576 0.929443 0 0 0
3.55963 1.52178 3.07338 1.30105 0 0 0
3.58907 5.10249 8.92711 1.45375 0 0 0
5.63694 0.934081 3.57916 0.780295 0 0 0
7.80998 8.39403 3.41777 1.0916 0 0 0
2.36271 7.55994 3.64858 0.795175 0 0 0
3.86923 8.92331 0.312196 1.50446 0 0 0
8.11638 2.92832 7.30928 1.0191 0 0 0
6.17076 9.71515 2.69963 0.744515 0 0 0
1.71539 4.94267 7.23125 0.817045 0 0 0
7.61384 6.23261 3.4718 1.20047 0 0 0
0.0285501 8.10428 0.0749935 1.20228 1 0 0
0.91569 3.0112 6.90681 1.33542 0 0 0
9.19937 4.99148 7.41007 1.13078 0 0 0
3.31105 9.24241 5.91444 1.18116 0 0 0
0.557385 0.0316848 0.597542 1.26477 0 0 0
7.42561 9.96088 2.19772 0.818418 0 0 0
4.1215 6.00913 1.56146 0.76578 0 0 0
7.35382 2.19842 0.882263 0.757938 0 0 0
2.57045 4.8136 2.73316 1.28285 0 0 0
6.70382 0.152299 0.492155 1.20686 0 0 0
2.87277 1.73067 2.18215 0.874355 0 0 0
6.09034 5.5729 4.41458 1.01851 0 0 0
6.17592 8.86023 0.410704 1.43212 0 0 0
3.11955 6.23341 4.35675 0.820538 0 0 0
1.8917 5.90809 7.6417 1.17463 0 0 0
4.26331 9.58252 1.24753 0.773076 0 0 0
8.38602 0.404328 7.57311 0.857434 0 0 0
1.78078 2.36923 8.43868 0.799902 0 0 0
1.96897 8.73542 8.87836 0.906714 0 0 0
0.886804 6.38333 4.89305 0.896608 0 0 0
2.41751 4.42281 0.724727 1.04124 0 0 0
8.82378 9.02794 1.82061 0.932033 0 0 0
6.58507 2.49682 9.71602 0.746234 0 0 0
6.87727 9.30673 6.75216 0.789799 0 0 0
0.589543 0.131082 1.72516 0.773848 0 0 0
3.99817 0.141056 8.38339 0.816106 0 0 0
5.00545 9.48328 0.751728 0.971044 0 0 0
3.39072 0.447035 3.62432 0.760378 0 0 0
1.71138 0.992522 3.64078 0.757898 0 0 0
4.26477 1.36273 0.508799 0.818905 0 0 0
8.07224 1.76496 1.16276 0.935921 0 0 0
8.76334 9.76604 2.40503 0.750413 0 0 0
8.51419 0.893853 3.83319 0.933068 0 0 0
0.409039 3.14741 9.10479 1.24873 0 0 0
0.0752487 4.60587 3.77914 0.787985 1 0 0
7.20648 7.65946 6.43872 1.03123 0 0 0
5.93469 1.54546 8.39128 0.740365 0 0 0
0.631462 5.22636 8.4189 0.754311 0 0 0
4.79213 8.26785 4.5482 0.749676 0 0 0
5.92355 1.50506 5.65468 0.821442 0 0 0
8.21625 3.80878 5.69961 1.28221 0 0 0
9.54523 7.05528 7.4109 0.827784 0 0 0
7.57732 6.03626 0.128031 1.56395 0 0 0
6.14543 7.82606 2.248 1.14824 0 0 0
1.75153 9.29695 3.91726 0.877931 0 0 0
8.02939 0.134699 5.28942 0.788161 0 0 0
1.49288 7.45714 8.54202 1.19942 0 0 0
0.456118 9.4847 5.12116 1.17454 0 0 0
8.75129 3.01456 3.9664 1.2089 0 0 0
0.452586 9.43921 8.54781 0.959185 0 0 0
6.90384 8.36763 4.91778 0.734907 0 0 0
5.83407 0.811662 8.01088 0.888241 0 0 0
5.05184 8.85842 8.97142 0.736134 0 0 0
0.970568 7.58213 5.10901 1.49327 0 0 0
4.57201 4.01325 5.61121 0.81667 0 0 0
3.38031 9.86614 6.80254 0.938326 0 0 0
4.05316 6.23787 9.60163 1.27736 0 0 0
9.24955 5.05924 2.57969 1.22709 0 0 0
3.60219 6.00382 6.31568 0.80306 0 0 0
6.89735 6.21936 4.41759 0.91997 0 0 0
2.42208 6.56682 8.26298 0.764752 0 0 0
1.25396 9.56514 1.78596 0.909524 0 0 0
0.245372 8.76175 9.13627 0.84471 0 0 0
4.30351 1.86591 9.30689 1.54844 0 0 0
5.24105 3.36582 4.44033 0.790342 0 0 0
3.60767 3.34075 1.47549 1.22906 0 0 0
6.07494 3.70345 8.42645 0.831725 0 0 0
3.23346 8.04348 3.21556 1.32849 0 0 0
1.13733 2.08514 0.429312 0.962065 0 0 0
4.64575 2.11621 0.45233 0.76091 0 0 0
7.15217 9.29154 0.822645 0.794835 0 0 0
0.522484 4.3013 8.78122 1.03858 0 0 0
6.26274 5.08281 7.78366 0.835057 0 0 0
7.99367 2.11825 2.04184 0.896352 0 0 0
0.0719542 6.06624 0.817971 0.782573 0 0 0
2.49572 6.21805 1.40835 0.96463 0 0 0
4.887 6.65404 8.82388 0.969193 0 0 0
4.81691 0.572889 8.10131 1.03967 0 0 0
6.42193 0.492968 1.81196 1.49933 0 0 0
1.9696 8.63961 1.60153 1.29325 0 0 0
3.69915 3.90186 8.78806 0.90869 0 0 0
8.68861 1.47787 1.80077 0.850968 0 0 0
2.22453 3.40018 0.477768 0.95911 0 0 0
5.89118 6.31229 8.95496 1.12378 0 0 0
4.0237 1.64613 4.99332 1.29333 0 0 0
3.94725 8.83091 3.63789 0.783774 0 0 0
6.7723 5.73899 9.15883 0.971757 0 0 0
9.63063 3.76262 7.06158 1.50813 0 0 0
4.04413 0.975233 6.97613 1.15605 0 0 0
8.25507 9.75586 8.41029 0.94632 0 0 0
0.603124 2.82327 0.967749 1.00051 0 0 0
5.99686 7.52346 6.92136 1.12006 0 0 0
7.80872 4.14059 2.56306 1.02154 0 0 0
7.96079 1.01311 4.50267 0.743371 0 0 0
1.18464 6.86567 7.63142 0.978499 0 0 0
8.78473 3.05576 6.49275 0.884871 0 0 0
5.14579 4.60361 3.05041 1.32785 0 0 0
1.46435 6.37999 2.93686 0.809791 0 0 0
9.94978 3.11125 2.18467 1.55011 0 0 0
0.199113 1.43064 7.02485 0.88544 0 0 0
5.27364 5.75138 3.65385 1.18104 0 0 0
1.98059 6.88608 6.71221 1.39908 0 0 0
0.149448 5.91711 8.66385 0.909506 0 0 0
8.22084 4.9647 8.20701 1.28793 0 0 0
7.59472 1.05579 7.04887 1.36492 0 0 0
0.0827353 4.28113 2.84949 1.06669 0 0 0
8.27878 8.03789 8.0162 0.876395 0 0 0
2.30823 0.817566 4.2406 0.848891 0 0 0
5.73466 9.53834 8.258 1.53632 0 0 0
9.88514 1.59006 5.29677 1.32164 0 0 0
1.84142 3.96036 2.16816 1.13942 0 0 0
9.26909 7.28663 0.012318 0.964607 0 0 0
0.480971 3.40294 4.40226 0.774898 0 0 0
9.44155 9.16242 2.49818 0.755926 0 0 0
9.306 4.24132 0.533169 1.41597 0 0 0
7.01279 6.81591 6.95361 0.783717 0 0 0
0.852962 9.15808 7.75481 0.866361 0 0 0
2.04006 0.487641 7.28766 0.779607 0 0 0
4.06784 6.10263 3.90892 1.23516 0 0 0
6.45012 1.32461 7.12286 0.902879 0 0 0
9.32652 6.61687 4.6444 0.743112 0 0 0
4.93242 5.81663 5.06095 1.62009 0 0 0
8.18491 1.10623 5.77723 1.35949 0 0 0
3.76167 2.82997 2.43768 0.764699 0 0 0
0.114272 5.30844 0.203858 0.922836 1 0 0
2.05062 1.34211 6.94917 1.01713 0 0 0
4.4993 4.61271 4.9613 0.823976 0 0 0
4.45676 9.28025 9.32436 0.840988 0 0 0
8.7504 9.18572 5.92169 0.837772 0 0 0
0.268541 1.68974 3.96172 0.872737 0 0 0
9.69415 2.33909 6.50439 1.29853 0 0 0
7.09576 2.86628 5.37323 1.61149 0 0 0
0.212893 0.927226 9.20247 0.749542 0 0 0
1.61482 4.63423 5.25177 1.52635 0 0 0
7.60343 9.83427 7.16838 0.783674 0 0 0
3.7266 4.17789 5.24514 0.993388 0 0 0
5.67952 2.71387 3.05578 0.913483 0 0 0
2.58059 5.04049 6.95431 0.948454 0 0 0
5.88437 5.72588 2.46545 1.42029 0 0 0
3.9784 1.31762 8.08537 1.0474 0 0 0
7.09203 7.72451 7.78424 1.50093 0 0 0
4.98855 2.85926 3.74244 0.966694 0 0 0
0.279237 8.4738 4.25783 1.25633 0 0 0
6.7219 8.99051 9.3403 0.827128 0 0 0
7.95931 4.73143 6.17886 0.74243 0 0 0
8.29269 9.58296 7.54114 0.732572 0 0 0
2.34032 2.65199 4.62851 1.18183 0 0 0
2.6712 9.97468 7.46739 0.765028 0 0 0
6.56342 3.46629 7.33799 0.851675 0 0 0
1.99053 4.77314 3.89611 1.19633 0 0 0
8.53567 1.29136 9.54145 0.806814 0 0 0
5.34953 9.47028 7.08352 0.818631 0 0 0
9.4015 8.94481 9.687 0.929359 0 0 0
6.84307 1.28421 2.59611 0.793492 0 0 0
6.1602 2.30487 6.06371 0.811088 0 0 0
7.77188 9.28893 9.16517 0.731702 0 0 0
4.01717 7.81977 0.953551 0.933301 0 0 0
6.50416 7.89715 9.25199 1.36271 0 0 0
1.78821 5.78664 9.9262 1.03108 0 0 0
4.99867 2.84389 9.31282 0.782811 0 0 0
4.29065 7.63019 2.82208 0.7365 0 0 0
0.915527 7.58613 1.41748 1.03291 0 0 0
0.489164 1.00513 3.52192 0.743945 0 0 0
8.366 2.20915 8.80434 0.776055 0 0 0
4.45853 9.49747 3.27783 0.828695 0 0 0
6.9427 5.10569 8.39894 0.739635 0 0 0
8.50386 9.41802 4.8313 1.11379 0 0 0
0.212448 0.61314 4.46736 1.23145 0 0 0
7.9031 2.89226 6.34004 0.85143 0 0 0
0.225183 4.99565 6.82437 1.09662 0 0 0
2.88207 7.49285 8.59215 1.10993 0 0 0
7.04684 1.25197 0.879144 1.14654 0 0 0
2.7762 6.40663 5.58908 1.4263 0 0 0
4.41082 0.437636 4.93821 1.06178 0 0 0
5.52085 0.524067 5.97319 0.795382 0 0 0
8.10052 7.18174 8.18929 0.860014 0 0 0
8.67489 1.45746 8.76063 0.775482 0 0 0
4.32688 8.27653 9.17325 1.02262 0 0 0
4.62655 7.259 9.45628 0.787671 0 0 0
7.60511 5.80869 8.62536 0.913589 0 0 0
6.72273 0.480184 8.52031 1.18045 0 0 0
1.22239 4.73721 6.46701 0.886792 0 0 0
1.77108 2.24634 6.79873 0.829401 0 0 0
5.63099 3.58668 3.6153 0.877887 0 0 0
6.46644 0.446667 4.207 1.34191 0 0 0
2.27925 2.67896 9.02805 0.768436 0 0 0
5.65886 1.66851 7.48482 0.896832 0 0 0
5.23572 9.62205 9.54084 0.837354 0 0 0
9.67693 9.02299 3.33053 0.937542 0 0 0
8.28745 9.98401 1.60346 1.11662 0 0 0
6.35541 4.1228 3.52568 0.84971 0 0 0
8.09035 2.38615 3.09173 1.23482 0 0 0
0.719712 8.4944 3.31837 0.730348 0 0 0
1.0028 5.25524 7.60055 0.836984 0 0 0
0.794264 0.396371 8.78161 0.895863 0 0 0
2.60993 7.88264 2.23518 0.91235 0 0 0
9.33078 5.56828 4.76653 0.872197 0 0 0
2.9599 0.779774 6.95287 0.910323 0 0 0
0.962478 5.70563 0.700051 0.882261 0 0 0
8.84238 7.42723 8.98194 1.22469 0 0 0
5.58897 0.292252 0.251081 1.04237 0 0 0
8.94663 7.63507 5.40869 1.08304 0 0 0
6.96587 2.40236 6.91708 1.46819 0 0 0
0.47299 4.77903 1.07938 1.14175 0 0 0
5.96157 4.82591 0.688191 0.982539 0 0 0
6.53125 3.7346 4.58654 0.822165 0 0 0
0.934646 1.84529 6.16455 1.36674 0 0 0
2.89449 1.48305 1.33633 0.850449 0 0 0
4.67904 4.07878 2.21739 0.787506 0 0 0
8.66311 2.34734 1.48412 0.751166 0 0 0
2.00514 3.76311 3.26852 1.0113 0 0 0
5.9523 5.13682 5.29616 0.816564 0 0 0
5.99696 3.10301 9.88743 0.764449 0 0 0
5.17031 3.21927 6.05355 0.977643 0 0 0
5.98408 9.83003 3.44551 0.777822 0 0 0
5.68917 2.48478 6.86534 1.02975 0 0 0
1.9735 0.841617 5.82862 1.32648 0 0 0
5.81464 8.37802 8.54823 0.750404 0 0 0
2.11527 2.32577 9.9477 1.10934 0 0 0
1.72937 6.70278 5.1552 0.761406 0 0 0
7.24241 3.75374 6.48255 1.14353 0 0 0
6.81442 3.97786 2.82842 0.779551 0 0 0
1.49601 0.892059 8.10939 1.18665 0 0 0
0.332766 6.049 9.56731 0.852467 0 0 0
1.93971 7.35421 5.69388 0.75719 0 0 0
6.86604 8.5551 2.56451 0.831742 0 0 0
5.2688 2.67051 0.101469 0.830956 0 0 1
5.02147 8.45412 0.838528 1.04495 0 0 0
3.80022 2.64583 7.68294 0.776162 0 0 0
2.42539 9.86112 5.57564 0.799597 0 -1 0
9.55478 9.57706 4.32557 1.18841 0 0 0
2.93489 3.55239 2.56382 1.26305 0 0 0
5.42025 0.0892977 5.19829 0.893015 0 0 0
3.4355 8.08387 4.61546 1.09731 0 0 0
6.55051 5.04287 5.97907 0.730863 0 0 0
2.46121 9.2412 8.10057 0.947504 0 0 0
6.67406 3.15954 1.55116 0.912874 0 0 0
7.65819 2.50833 9.41934 1.14223 0 0 0
9.14005 4.83027 6.07969 1.48365 0 0 0
2.7472 4.05631 9.95067 0.734147 0 0 0
4.64526 2.25703 2.80521 1.29485 0 0 0
6.22674 3.30704 6.35961 1.04095 0 0 0
3.14808 8.5717 7.87577 0.778849 0 0 0
3.31335 7.47753 9.90287 1.58711 0 0 0
4.21347 9.11094 8.2921 1.22858 0 0 0
7.64149 7.26984 1.00153 1.37168 0 0 0
7.34038 4.39076 8.62753 0.857279 0 0 0
1.15765 9.02027 4.53196 0.814575 0 0 0
9.3646 0.24801 5.53168 1.52468 0 0 0
9.37847 1.06944 2.13079 0.813045 0 0 0
9.1339 0.478457 4.33347 0.733409 0 0 0
2.53023 0.474052 0.99435 1.24453 0 0 0
2.51173 2.74993 6.74227 0.8322 0 0 0
3.10496 3.74108 0.598197 0.834919 0 0 0
9.66373 6.08285 4.06955 0.906808 0 0 0
1.93089 2.67525 2.60055 1.34413 0 0 0
9.69725 6.36678 0.135811 0.844028 0 0 0
8.4725 7.07263 1.83777 0.876463 0 0 0
2.37035 0.150956 8.27514 0.871026 0 0 0
2.9328 1.56165 0.492684 0.747716 0 0 0
7.33738 8.57667 8.75968 0.947217 0 0 0
0.835355 2.6086 2.86182 0.805342 0 0 0
9.51007 9.88643 1.70269 1.22977 0 0 0
3.15783 2.50912 6.19563 0.88744 0 0 0
6.88035 6.2591 2.70396 0.759651 0 0 0
2.20675 7.17439 7.84456 0.738974 0 0 0
7.92916 6.19439 2.36888 0.777836 0 0 0
5.84461 3.80905 2.79416 0.769654 0 0 0
8.13117 3.42259 4.70798 0.809032 0 0 0
5.40243 4.16458 6.15874 0.917025 0 0 0
4.98351 5.77664 1.71042 0.765054 0 0 0
8.28464 4.17176 6.99718 1.24544 0 0 0
6.38489 6.73257 7.49886 0.831798 0 0 0
3.29291 3.31915 4.47848 1.11289 0 0 0
1.55666 0.0932344 4.74004 1.36645 0 0 0
4.54198 4.36392 8.74612 0.849837 0 0 0
3.11389 4.35346 6.75716 0.740872 0 0 0
4.29527 8.3702 5.53825 1.42751 0 0 0
9.08721 5.2783 3.73375 1.03849 0 0 0
7.82795 4.5339 0.464786 1.4651 0 0 0
8.13662 5.26512 3.77579 0.825382 0 0 0
6.26124 0.658862 5.37117 1.00341 0 0 0
5.00194 2.53337 8.57626 0.776514 0 0 0
8.45658 8.53662 5.43864 0.809462 0 0 0
9.26583 2.03602 8.89445 0.73683 0 0 0
4.51413 3.73002 4.76081 0.921928 0 0 0
8.81219 6.47651 9.64515 0.95254 0 0 0
9.905 6.76023 5.47325 1.20106 0 0 0
4.94992 4.65006 7.00054 0.952441 0 0 0
8.40201 3.50267 1.02233 1.03222 0 0 0
4.35813 5.24494 1.15363 0.993568 0 0 0
7.86535 0.310531 9.52573 0.783381 0 0 0
8.02979 4.15098 9.03559 0.735063 0 0 0
4.73099 2.94615 0.958185 1.04631 0 0 0
9.40703 8.26558 9.12776 0.731592 0 0 0
9.29536 1.55317 8.28871 0.745837 0 0 0
4.68124 1.03799 5.8393 1.08151 0 0 0
2.78878 5.95097 6.72846 0.85697 0 0 0
8.97245 0.759918 1.36984 0.879796 0 0 0
3.31358 1.59605 7.37408 0.852109 0 0 0
7.19359 5.21148 2.72019 1.36885 0 0 0
3.93375 7.07229 8.79646 0.923333 0 0 0
7.01697 4.62927 3.64974 0.755589 0 0 0
8.28636 2.55473 0.574841 1.03053 0 0 0
8.05429 4.94035 5.27627 1.03036 0 0 0
5.50263 7.89676 4.65987 0.821592 0 0 0
8.0851 0.261376 2.97448 1.18892 0 0 0
0.328692 2.41608 4.6066 0.948702 0 0 0
3.55637 5.04154 0.307437 1.24614 0 0 0
5.89896 1.66191 6.48179 0.743956 0 0 0
0.165811 8.55389 8.09645 0.929715 0 0 0
4.42784 2.90933 0.040317 0.84127 0 0 0
9.16134 0.211125 0.450732 1.23677 0 0 0
1.48238 8.96111 2.80448 1.25353 0 0 0
3.75181 9.69781 9.09507 0.813572 0 0 0
8.82939 8.25426 7.41411 0.745081 0 0 0
0.144999 7.10257 9.90008 0.769098 0 0 0
0.540416 7.62331 7.91752 1.02454 0 0 0
6.29259 6.1284 5.63827 1.29373 0 0 0
1.38219 0.539225 1.37668 1.06175 0 0 0
4.25431 3.92426 7.78155 1.21447 0 0 0
5.88024 8.40846 7.60524 1.00809 0 0 0
0.173638 1.89053 9.10752 1.09892 0 0 0
5.54212 9.2018 5.48193 0.880671 0 0 0
4.26379 5.13704 7.76526 1.16161 0 0 0
5.3144 7.83207 3.38973 1.58438 0 0 0
7.65499 1.73762 4.92237 0.957064 0 0 0
2.25571 2.09272 1.66011 0.849587 0 0 0
3.49657 6.99217 2.92614 0.868046 0 0 0
4.38419 5.15182 2.21822 1.0996 0 0 0
3.41645 4.33888 1.10571 0.789871 0 0 0
9.93225 9.9402 9.44575 1.29154 0 0 0
5.44427 3.61053 7.25442 1.35117 0 0 0
0.253245 6.81152 4.35065 0.909749 0 0 0
1.52881 5.70866 4.31023 0.951689 0 0 0
3.44087 2.32201 6.99697 0.768816 0 0 0
7.1543 4.11012 9.49796 0.964832 0 0 0
5.33098 0.313327 2.70699 1.26836 0 0 0
5.63119 7.00805 2.54016 0.747965 0 0 0
4.5118 3.8681 6.52029 0.990316 0 0 0
7.21081 9.53581 4.84935 1.1955 0 0 0
6.31096 4.17851 5.51361 1.22744 0 0 0
1.17291 0.464776 2.68575 1.51642 0 0 0
5.36956 5.98851 7.70681 1.55606 0 0 0
2.02673 3.279 9.55049 0.831324 0 0 0
8.84616 5.46966 0.227963 1.12228 0 0 0
5.26433 6.22067 6.24197 0.765939 0 0 0
4.6276 2.95453 7.75384 0.810601 0 0 0
4.53332 5.48234 0.229875 0.848783 0 0 0
6.37198 6.79634 9.83142 1.05197 0 0 0
2.40466 9.61287 9.16289 1.01382 0 0 0
0.327415 4.60546 7.88321 0.85605 0 0 0
2.06559 1.57951 8.97361 1.09429 0 0 0
3.51678 6.25425 0.769912 1.23876 0 0 0
2.21179 4.95335 7.95125 0.882183 0 0 0
8.54423 2.11735 9.73338 0.841256 0 0 0
8.02567 8.99076 1.20676 0.965118 0 0 0
8.2141 3.02512 8.74694 0.745548 0 0 0
5.26 6.38868 9.99714 1.19698 0 0 0
7.21561 2.22844 4.1845 0.981006 0 0 0
9.80686 8.65685 1.7999 1.04913 0 0 0
5.74422 4.93987 7.1848 0.73525 0 0 0
8.48807 3.19444 2.19594 1.21637 0 0 0
4.1856 0.984255 4.01073 0.965947 0 0 0
9.70935 9.15168 0.719566 1.13497 0 0 0
6.38395 6.18015 3.5318 1.04891 0 0 0
5.99234 8.97717 4.32259 1.58809 0 0 0
2.88292 2.73813 7.47105 0.76831 0 0 0
5.26437 5.45846 0.946373 0.864418 0 0 0
8.13097 6.31895 1.62314 0.743427 0 0 0
0.13514 1.10191 6.26608 0.734057 0 0 0
5.33747 9.23598 3.11113 0.983323 0 0 0
8.94019 3.62213 4.87918 0.849964 0 0 0
0.402272 9.36906 1.436 0.799011 0 0 0
4.71436 9.93784 8.81975 0.819595 0 0 0
5.0901 8.76128 9.84905 0.964808 0 0 0
3.1191 5.10416 3.78711 1.05308 0 0 0
7.95277 3.7444 8.17721 1.06292 0 0 0
8.08782 7.32442 3.78851 1.11163 0 0 0
9.06769 2.74838 2.99005 0.769621 0 0 0
0.00819287 0.925037 0.0818137 0.973459 1 0 0
6.14528 9.22149 7.15431 0.80262 0 0 0
5.3198 1.97281 3.74514 0.76756 0 0 0
6.52818 8.65884 8.44296 0.731224 0 0 0
4.25473 8.69539 1.58798 1.06825 0 0 0
2.50532 8.89669 6.92822 1.3992 0 0 0
2.2848 8.85465 4.99713 1.47983 0 0 0
9.40054 3.59567 3.2112 0.890789 0 0 0
3.0808 2.15708 8.41723 1.4332 0 0 0
4.38592 6.97175 0.428079 0.893734 0 0 0
2.53585 5.47854 4.69015 1.14136 0 0 0
7.29176 3.18026 2.41809 1.13044 0 0 0
9.37339 7.04243 3.70601 1.15827 0 0 0
6.37044 0.758566 3.12175 0.835832 0 0 0
3.0212 1.10212 3.89787 0.740798 0 0 0
1.82962 2.96466 6.35592 0.74806 0 0 0
6.67529 3.19453 9.05909 1.12774 0 0 0
4.55715 2.71716 6.77676 1.09273 0 0 0
5.82708 6.84534 4.39683 1.33412 0 0 0
0.899049 6.65711 1.19365 0.82542 0 0 0
4.98944 3.40809 2.89116 0.998404 0 0 0
2.47527 7.68338 0.851146 0.801753 0 0 0
4.8459 1.24013 3.30618 0.958183 0 0 0
6.3279 3.21836 3.25047 0.734995 0 0 0
1.16826 3.08119 5.33716 1.58361 0 0 0
3.61719 0.0770049 0.917246 0.923095 0 1 0
0.175845 0.765172 2.15372 0.773873 0 0 0
2.5423 0.670341 3.06852 1.25592 0 0 0
1.39023 6.85385 3.92442 1.33915 0 0 0
0.327351 9.06297 9.94018 0.758822 0 0 0
1.66953 8.82882 7.80272 0.789528 0 0 0
4.45333 4.98232 3.99312 0.965274 0 0 0
3.64531 7.65469 2.09332 1.10093 0 0 0
3.87682 9.73885 4.14417 1.17821 0 0 0
4.54446 6.17919 0.718805 0.781809 0 0 0
4.23372 6.92576 1.42124 1.05448 0 0 0
8.85918 8.15724 9.78197 0.876087 0 0 0
8.71084 2.17838 7.85541 1.03627 0 0 0
8.11071 5.43077 2.07948 0.851348 0 0 0
6.2033 5.06058 3.50347 1.0078 0 0 0
9.96828 0.913387 1.18917 1.07237 0 0 0
9.65885 5.77023 5.58465 0.800295 0 0 0
0.670135 6.49046 0.325792 0.911565 0 0 0
1.79286 0.520233 9.18784 1.06017 0 0 0
2.58563 9.37421 1.14649 0.786042 0 0 0
3.89222 9.6342 5.14504 0.785191 0 0 0
5.86511 2.95522 5.57582 0.751566 0 0 0
8.92867 8.0116 2.61209 1.60039 0 0 0
9.07312 0.0749675 8.74459 0.730709 0 0 0
3.36096 8.56314 2.22583 0.778546 0 0 0
5.09635 3.48069 8.48172 1.08441 0 0 0
6.62101 8.41033 6.8325 0.970399 0 0 0
5.13858 1.83087 1.112 0.815545 0 0 0
2.4341 1.08861 9.92737 0.982932 0 0 0
9.88784 1.75425 2.83326 1.34589 0 0 0
1.59924 8.20069 6.18343 1.22309 0 0 0
4.9791 7.86512 7.3714 1.05343 0 0 0
8.40524 0.0107609 6.53483 1.20441 0 0 0
7.09932 0.500315 2.80104 0.798102 0 0 0
5.74836 7.33999 8.22261 1.36261 0 0 0
8.65255 9.23679 3.18432 1.09513 0 0 0
3.21461 9.74483 8.47326 0.780477 0 0 0
6.40267 1.33457 8.95354 0.731001 0 0 0
7.93395 9.85796 0.463447 1.20499 0 0 0
7.66959 7.60796 8.97128 1.01457 0 0 0
8.53016 4.19756 4.10276 1.15076 0 0 0
9.48894 6.86788 2.52368 0.88543 0 0 0
1.60397 6.57508 1.93148 1.13787 0 0 0
2.58542 2.05306 7.20818 0.748785 0 0 0
7.49183 1.30493 9.15305 1.29444 0 0 0
6.0177 5.5452 1.36283 0.772748 0 0 0
2.67351 9.85329 4.09443 1.19016 0 0 0
0.921979 5.5249 9.85663 0.736929 0 0 0
8.77445 3.80402 8.77104 0.868511 0 0 0
9.37014 1.43163 9.36234 0.766857 0 0 0
7.57222 8.226 5.61072 0.89653 0 0 0
4.24027 7.21393 3.54845 0.7691 0 0 0
2.90743 6.00825 9.73878 0.998525 0 0 0
6.00185 2.23047 5.20843 0.836927 0 0 0
9.94413 2.71252 5.42851 0.852118 0 0 0
5.69367 4.2295 9.48425 1.59322 0 0 0
1.88674 5.6019 6.28768 1.22266 0 0 0
1.29818 8.84981 6.93018 0.77544 0 0 0
6.50614 4.90826 1.797 0.953056 0 0 0
2.32006 5.61267 8.80806 1.23564 0 0 0
3.69892 5.21511 4.73859 1.13838 0 0 0
3.95548 8.62492 6.97447 1.49079 0 0 0
6.21442 4.57237 2.65021 0.904855 0 0 0
6.02606 2.61726 8.07292 1.38669 0 0 0
3.6966 4.19433 6.15002 0.737858 0 0 0
2.07753 1.77408 7.89327 0.830209 0 0 0
3.53566 4.286 2.09187 0.777505 0 0 0
9.36662 6.06961 3.08975 0.986546 0 0 0
0.606312 1.60591 9.92852 0.748684 0 0 0
8.31784 1.85668 4.15615 1.03454 0 0 0
8.44703 0.405404 4.66776 0.752751 0 0 0
0.944172 6.9474 9.44095 1.04089 0 0 0
0.898811 6.04844 6.90761 1.20526 0 0 0
9.97783 2.51258 7.90839 1.52312 0 0 0
6.56156 4.17118 0.357911 0.737475 0 0 0
3.59846 4.1883 9.65487 0.763745 0 0 0
1.57335 7.93808 7.3636 1.14433 0 0 0
6.25871 5.86343 0.441329 1.1102 0 0 0
8.45115 5.63286 9.23496 0.95992 0 0 0
6.71384 8.1084 3.43602 1.07939 0 0 0
6.04648 5.29583 8.62843 0.912224 0 0 0
7.63702 5.04604 9.25582 0.991819 0 0 0
6.73354 4.98975 9.94113 1.05532 0 0 0
6.93979 3.67793 8.18956 0.872772 0 0 0
5.06242 1.70941 1.98332 0.738923 0 0 0
4.84736 7.50909 0.931473 0.771592 0 0 0
5.76143 3.61916 0.906166 1.35073 0 0 0
6.35213 4.45429 6.67579 1.08063 0 0 0
2.1867 9.68137 3.12478 0.767888 0 0 0
8.63881 1.31898 2.84661 1.16185 0 0 0
0.36417 2.47676 9.97277 0.88843 0 0 -1
9.76391 7.95024 3.50917 0.792899 0 0 0
9.61422 9.33023 6.2329 0.78407 0 0 0
0.00514516 7.4778 2.86875 0.779269 1 0 0
3.18282 0.544089 0.170268 0.810871 0 0 0
9.73658 7.98876 7.47443 0.90914 0 0 0
1.07244 3.52688 2.84704 1.01877 0 0 0
5.34011 4.68422 1.69533 1.20942 0 0 0
7.61989 3.75238 1.61242 0.869357 0 0 0
9.27905 8.26812 6.41141 1.314 0 0 0
9.60589 4.87177 9.64835 0.775603 0 0 0
7.35452 5.51221 5.90707 1.02677 0 0 0
6.47444 6.93292 6.2736 0.737934 0 0 0
9.38337 3.53723 5.78812 1.06275 0 0 0
2.95183 7.85944 5.94642 1.50022 0 0 0
5.79098 7.92287 1.22549 0.899105 0 0 0
8.69754 1.00955 6.89125 0.757403 0 0 0
1.50748 1.42061 9.86691 0.866737 0 0 0
6.09928 2.69097 4.17676 1.36932 0 0 0
0.608567 5.98296 4.0886 0.900078 0 0 0
6.28525 7.81143 4.26576 0.750736 0 0 0
0.717584 0.591034 5.60686 1.18957 0 0 0
9.04649 2.78054 7.25316 0.729548 0 0 0
1.45864 9.545 6.0624 1.40639 0 0 0
4.20035 0.46252 3.09077 1.06561 0 0 0
2.39993 6.94449 2.78792 1.22473 0 0 0
1.41192 5.37775 8.34369 0.747376 0 0 0
2.59794 0.462404 4.94019 0.769588 0 0 0
7.63982 3.46682 9.03531 0.74453 0 0 0
8.40559 0.575476 8.8854 0.909068 0 0 0
6.52149 9.45297 1.28837 0.750748 0 0 0
7.78435 0.732656 8.16919 0.91198 0 0 0
8.94437 7.52422 7.97981 0.744689 0 0 0
8.68794 7.11002 4.55726 0.833481 0 0 0
2.46441 6.62241 0.438586 0.984466 0 0 0
2.49872 8.67974 2.58442 0.804452 0 0 0
3.83183 4.50406 3.03368 1.18587 0 0 0
1.40525 4.87334 9.2763 1.19965 0 0 0
4.77658 8.94431 3.90301 0.913877 0 0 0
0.0387513 9.43656 7.72981 0.818717 0 0 0
2.347 8.26311 8.0901 0.948039 0 0 0
7.42396 9.9105 7.9722 0.797173 0 0 0
4.69012 7.73042 6.44513 0.768265 0 0 0
0.551833 6.77553 8.4718 0.911509 0 0 0
