3.2268068284006186 3.0697892650689664 9.5459405929663674 1.5223500000000001 0 0 0
9.3534863987873695 2.8375752588938825 0.6908406266324911 1.3036399999999999 0 0 0
2.2860840409044738 8.7449370630437535 0.1454932453403540 1.5483800000000001 0 0 0
4.9230133141811221 6.7023320478395485 3.6928453082894248 0.8109130000000000 0 0 0
3.2204976767617537 7.2230240193059325 1.1669136618514986 0.8679580000000000 0 0 0
7.6557114945952289 8.4428073529118226 9.9664521363186065 1.5981399999999999 0 0 -1
3.9665941772493953 7.3345460775094677 7.0068485422402560 0.9923410000000000 0 0 0
3.5679103610346861 2.0332221437797320 0.2253219264994720 0.7635340000000000 0 0 0
1.5204326935557431 3.5382960332274092 8.1577953276732522 0.7342720000000000 0 0 0
1.0799765807646986 8.7296361521068349 5.2971886092163691 0.8103300000000000 0 0 0
4.2670939160893839 8.5815482054787289 2.6714464749758542 1.1261300000000001 0 0 0
6.8439277167388921 2.0603804641875492 1.7265648141610999 1.3158600000000000 0 0 0
3.7056869374845829 5.8081540201673727 5.3966352646446190 0.7312270000000000 0 0 0
1.6990555402293555 2.6448206339340929 7.5396782152500528 0.8757500000000000 0 0 0
9.7821977916757525 9.0832581982657494 6.9722201923042633 0.8057480000000000 0 0 0
0.0057447884551659 3.5756019219284783 4.9826867526331977 0.8154730000000000 1 0 0
1.6269184096398071 5.2248801907424456 1.5259252166050663 1.5600600000000000 0 0 0
1.1418814924411944 3.9407825394424383 4.3557418659788718 0.7315920000000000 0 0 0
7.8088660697202759 2.0925434624753523 7.3978885547565962 0.7481250000000000 0 0 0
3.9540196406227976 3.6025336730464601 2.3412674070864079 0.7743470000000000 0 0 0
2.9122011040862286 7.7034162877839947 7.3050609705257390 1.2324999999999999 0 0 0
7.6410473956586484 0.2824535369855061 4.0091446592433151 0.9478140000000000 0 0 0
6.1157406123450082 4.3103774875499514 7.4915566091460493 0.7299369999999999 0 0 0
8.6538266464643563 0.5780247124446968 2.1771043734678766 0.7448790000000000 0 0 0
3.1145928213746648 9.6718025029145327 9.6840298976421941 0.8362460000000000 0 0 0
2.6424924688220046 2.9914633995315891 3.5284483532662554 1.0232100000000000 0 0 0
3.8217130015003953 3.1828251799157732 3.3571870986559751 1.3013300000000001 0 0 0
3.3865244337171525 0.6650694377600499 1.9460582216312496 1.4341699999999999 0 0 0
4.9887795342173149 3.4758920021738233 0.0473728875405833 0.7303460000000001 0 0 0
8.1941813821188205 7.2303016372970044 9.8458335158252837 0.9766070000000000 0 0 0
8.9363521842510991 9.2996904827911067 7.0065735845100470 0.8725990000000000 0 0 0
1.1444413949455527 3.1488106865346559 1.7368045294855279 0.9207550000000000 0 0 0
6.8055423180528098 4.1820157888549625 1.1365664552053960 0.9573630000000000 0 0 0
9.7343996501974583 6.7212808906590702 9.0525551386125347 1.0613200000000000 0 0 0
2.3381227089097396 8.8592278755510439 3.4126329822098014 0.9061020000000000 0 0 0
0.2980559977629432 9.3884221616945833 2.4369072480760567 1.1386799999999999 0 0 0
9.2152469882970536 1.2962205143049306 6.1951908742405717 0.9456420000000000 0 0 0
1.0001712523875359 0.6420948019652423 3.8164613482146348 0.7893360000000000 0 0 0
0.5512122063828864 3.6062493382253726 7.8588739625024076 0.9513160000000001 0 0 0
5.9918819521698596 5.5160270848654127 9.4812487916631145 0.8126430000000000 0 0 0
0.7991425117861953 0.7025869294347363 9.6169832459594513 0.8720110000000000 0 0 0
3.3247160536306812 7.2203550318378085 4.0005057541906677 1.0375600000000000 0 0 0
5.0255465703876183 0.1291777443719154 3.9159989138346325 1.2639600000000000 0 0 0
1.3304941711312088 3.9169595552777197 0.9223693867874967 1.2748600000000001 0 0 0
5.3119512603087742 3.8804990838912210 5.1487900382367648 0.7738810000000000 0 0 0
2.6111623713247107 3.5600231896373509 5.6940784196528922 1.5308600000000001 0 0 0
6.9053074649851105 7.1418814249326328 3.7540513804235172 1.0398600000000000 0 0 0
1.6407180000419015 7.9400332627872023 0.8265545020673662 0.7876350000000000 0 0 0
0.1319274681161192 8.3700025758678667 2.6174884399506539 0.8842200000000000 0 0 0
5.5372669486120083 9.0935183440029235 1.7948404987176065 1.5201100000000001 0 0 0
9.2469812299396104 8.2256420367182876 8.1697183717526709 0.8909200000000000 0 0 0
1.5902204891008183 6.1887442488455102 0.7882770762723647 0.7952500000000000 0 0 0
8.6556619703352151 9.6652743181351486 9.3909023022405460 1.1177699999999999 0 0 0
3.0564777501721569 8.3218431635141474 1.2156041936248356 1.1294400000000000 0 0 0
3.1564030249007926 4.5160388149157633 7.6453890244911147 1.1751900000000000 0 0 0
7.8790041347087740 1.5429963284923696 0.1499420817875646 0.9572360000000000 0 0 0
7.2509905821040377 7.2641205311282340 9.8163465046730902 0.8353830000000000 0 0 0
3.3632369422394373 0.4497564754662869 7.7117525596329948 0.9798420000000000 0 0 0
2.4318063683508888 0.0601729622355276 6.4592720132980688 0.9657060000000000 0 1 0
3.2846450741823512 6.5655844959333090 1.9754542519889660 1.1149400000000000 0 0 0
6.5092048768836364 0.2425751787344974 7.2306366329870775 1.2736700000000001 0 0 0
2.2298930046530185 9.8872003932364088 2.0106688686812078 1.2454200000000000 0 0 0
0.9665801887266786 7.4467445442662443 0.3519244278083197 1.0008699999999999 0 0 0
8.4747307010750550 6.2864356986413217 5.4432879279408439 1.6125499999999999 0 0 0
4.0887398638110071 6.1243092235947465 8.2431701910665645 1.0560099999999999 0 0 0
3.3481104172395000 0.6864155473014339 5.7690411141844686 1.5049600000000001 0 0 0
1.6417074167552630 2.7213220204664466 0.9201721927712170 1.0783199999999999 0 0 0
9.4766320088602001 9.2001718772057206 8.5572689071799779 1.0687100000000000 0 0 0
0.2792638949730341 5.1682287803074596 9.2185155091252327 0.9120320000000000 0 0 0
3.1635607722085926 6.3833360755818767 8.6992850625780509 1.0012900000000000 0 0 0
5.8409464503545090 9.8366158686908882 0.9176907544028318 0.7498990000000000 0 0 0
8.0631130341046529 5.6355867599726661 6.8701189669195335 1.4770300000000001 0 0 0
5.7260963425732756 1.5771197228105154 2.6533359360917181 1.2652399999999999 0 0 0
8.9819628231836113 2.1111037458526418 3.4395833139230341 0.8405170000000000 0 0 0
4.4583186868747786 7.9043129720368706 0.1914557226899270 0.7614440000000000 0 0 0
1.1830712170802231 5.7456312266624359 3.3440832926315052 0.8696159999999999 0 0 0
6.1164397413699136 2.1499104866585768 0.5510081502883777 1.3585900000000000 0 0 0
0.8427481144746052 4.9772262217351990 3.9046993212250225 0.9940380000000000 0 0 0
9.3735733915725366 2.3335133177660325 9.6489467828434048 0.9329860000000000 0 0 0
3.0961657566107195 8.9521618399724829 4.0366156330383207 0.8995660000000000 0 0 0
6.8588391708251883 9.4495565830594312 8.5734675453378877 0.8906830000000000 0 0 0
8.5936586522005900 5.1115390024791711 4.4521785112548971 0.7654640000000000 0 0 0
9.4698381662017859 8.7675593284913784 5.2424023975664786 1.1374800000000000 0 0 0
8.0852578644109592 0.8005891669864894 0.8249812185005487 0.9344190000000000 0 0 0
7.3472412151838764 6.5669406974428313 6.1374429262127315 1.0036499999999999 0 0 0
6.0882069956925351 8.1456347417458232 5.0928568269770791 0.7339540000000000 0 0 0
1.1144542938884552 2.2347589905956218 9.2852521630281402 0.9797570000000000 0 0 0
1.0176030791155124 8.5211663176781851 8.3932048363853973 0.9654830000000000 0 0 0
9.4976100836946191 0.3413396381808241 3.0897263785147802 1.5868700000000000 0 0 0
0.2662776550300864 5.0892517711007592 2.0473080779741482 0.9528420000000000 0 0 0
2.9882221668509996 9.8069434242988134 5.0100737219098610 0.8050410000000000 0 0 0
7.6716529484272780 2.0876474235707407 6.0090300390295850 0.7376190000000000 0 0 0
5.1372038369483137 2.4782564882183586 4.7104697797181716 0.7568170000000000 0 0 0
6.5439017351388795 5.8957569547814366 8.0835166756563446 0.9547060000000001 0 0 0
4.4572228960495544 3.6463296374691354 9.3195131095282768 1.0296000000000001 0 0 0
4.3366762414831044 9.6708678726151351 2.1364508495217787 1.1420500000000000 0 0 0
2.7998348611068984 4.3798560400341362 4.6274122591072109 1.1010800000000001 0 0 0
0.2982086102141052 6.5524397239575070 3.1450350192030401 1.1655500000000001 0 0 0
1.1900344607498028 4.1478442319063928 3.6108634171447589 0.7554180000000000 0 0 0
9.8827377021241798 5.9175647157541595 2.2176830923959803 0.8198580000000000 0 0 0
1.0506878746967645 2.8516356893182802 8.0541617350405801 0.7765940000000000 0 0 0
2.5825564308052811 1.0956591277561973 7.8253256949108927 0.9788330000000000 0 0 0
5.3553650476782773 5.2973860713170469 9.9946623126000116 0.8213400000000000 0 0 -1
9.0660167097929651 3.9917610993348340 2.3758913506949750 0.8310120000000000 0 0 0
9.5427404056069047 3.1792270643692815 9.7019835130847003 0.7416180000000000 0 0 0
2.1005311440599828 8.1060701251595777 3.0010341506790561 0.7906300000000001 0 0 0
3.3071224331578764 9.4448449924572788 7.6418783006749758 0.9228110000000000 0 0 0
7.7579169199079034 8.5899573758866410 4.7868314537345151 0.9330170000000000 0 0 0
7.2847739308280381 4.1082763229277361 4.8239321460190077 0.9521750000000000 0 0 0
1.9382841619723077 1.6046114989104892 0.7619592372242446 1.1286000000000000 0 0 0
0.3698352011063789 8.6892330298625673 6.0245209108087776 1.1601100000000000 0 0 0
0.4444101860371607 8.5305205064184868 7.1186245662517766 0.8922369999999999 0 0 0
7.2378605853825633 6.2556368000431108 5.1434303070458220 0.8405170000000000 0 0 0
8.3558079638411780 0.6975494256595175 9.9977839488632991 0.7566710000000000 0 0 -1
5.5143076315982453 7.1084433950275097 9.2303318905962595 0.7467930000000000 0 0 0
6.2854873290788724 6.7642047532668936 2.2388204103434606 0.7909240000000000 0 0 0
5.5802878770000701 6.6664988333436463 3.1075570735910296 0.7925460000000000 0 0 0
9.4724383327573261 2.9947109418825431 4.6018623863721846 0.7646490000000000 0 0 0
2.1049510539637848 3.7463881519126319 7.1665498595167856 1.5136700000000001 0 0 0
1.2890493722287197 4.4340245947632937 7.9972991037018346 1.0791100000000000 0 0 0
7.2758324065992452 4.5562487202016877 5.6244753348423560 0.8022840000000000 0 0 0
9.6214946165452826 4.3107646439225711 1.7042775512187014 0.9141260000000000 0 0 0
1.5503633316439509 6.5199048475886467 8.2934790498528912 0.7300640000000000 0 0 0
8.9757840281429306 9.7242630390766553 7.8662450193658389 0.8737390000000000 0 0 0
6.7214841023518206 2.1958553796733722 8.8265565026591037 0.8392100000000000 0 0 0
3.4761663089446446 1.0009993281527760 0.7725211162165723 0.9215020000000000 0 0 0
5.7050462573097036 3.0817256364622123 9.0698083436628174 0.7423600000000000 0 0 0
4.8070973459535420 3.7025769080400881 1.3532138796936191 0.7387210000000000 0 0 0
0.1625612946839205 5.3910818675204224 3.1539250559485938 1.1031899999999999 0 0 0
1.7740366029557837 5.8988956438364788 5.2070723393046165 0.8403900000000000 0 0 0
4.9071824630105221 6.9212094272930731 6.7315120457882296 1.0511299999999999 0 0 0
0.8843436996695208 8.7272731926379361 0.6987177102572665 1.3145600000000000 0 0 0
7.1858559368858135 4.8316745025416044 6.4072863208323128 0.7907260000000000 0 0 0
8.9123022120229489 2.2126560607656574 2.3112363508313911 0.8350820000000000 0 0 0
4.3559209241662149 1.9448757025253269 3.9100048142998762 0.9031709999999999 0 0 0
0.3746189494538801 4.3773275878334870 4.6110594130847025 1.0183400000000000 0 0 0
7.1083888216380515 4.5764205409493739 7.4181253677750263 1.2337800000000001 0 0 0
1.5183838856366687 3.0220071025594382 8.8965692484235639 0.7701650000000000 0 0 0
8.5638458794585279 9.9420550644722869 3.8764050651217845 0.8969310000000000 0 -1 0
5.4243388002134116 8.5929161524133804 6.3973672097932477 1.3440000000000001 0 0 0
9.0248564395716500 0.6132624203387893 9.4536809628435812 0.8289140000000000 0 0 0
4.8608971911133532 8.1900468711147525 8.2621079153264780 0.9264019999999999 0 0 0
4.2802438277743464 4.9334315009955505 5.9962396873796440 1.2141100000000000 0 0 0
9.1496358691816244 1.5102396855134841 7.3397371367152351 0.9730860000000000 0 0 0
9.1526658457891479 2.9431517660164896 8.8548718407748925 1.0474200000000000 0 0 0
9.6949997317544963 7.5655503703392180 4.6574245327627057 0.9606270000000000 0 0 0
9.5882993881015164 6.4070248862938799 1.5255870697841274 0.7868400000000000 0 0 0
3.4399640089032903 7.2131679775214161 4.9450481250976628 0.7688680000000000 0 0 0
0.2433046563296093 9.8147920766729957 6.0896786388347222 0.8320480000000000 0 0 0
4.9251474223619480 5.4614968444495169 8.9686490657019267 1.3135399999999999 0 0 0
2.9056150736847335 4.0108698922043668 3.5973161582001847 1.0208900000000001 0 0 0
4.4098919404731127 1.1558564807728848 2.3893225221776873 0.9248400000000000 0 0 0
8.3158248476108518 7.2021901746456622 6.8548727460358769 1.6020799999999999 0 0 0
0.1073980299863318 7.7558854569437061 8.8790056768690846 1.1001900000000000 0 0 0
7.8308574241534386 8.7449348536301308 6.8136852378166735 1.5051500000000000 0 0 0
0.0498936760291081 5.5949826268495126 7.6847235981258999 1.0006299999999999 0 0 0
9.3422749686730278 8.9488052004395158 7.6386046751475005 0.7314260000000000 0 0 0
6.0977992865098765 0.8573943959739444 6.2401410682220932 0.9067530000000000 0 0 0
0.5856153008667827 9.6017804692037636 6.9272998211494992 0.9223740000000000 0 0 0
1.4975051636212819 6.7244184050808151 0.1318907798057367 0.7829890000000000 0 0 0
7.0423557875019309 1.9105558668636884 9.9394892649380058 0.8314160000000000 0 0 0
2.1525536462970889 1.1041094802521811 1.8981430612324313 1.0927000000000000 0 0 0
6.6629518146961253 4.7593866473064113 8.9284335428100317 0.7386200000000001 0 0 0
2.3887543735923740 3.2146947475231533 1.5141893456608573 0.9457010000000000 0 0 0
5.2452506892182056 0.6004008569601206 6.9380669865872102 1.2837700000000001 0 0 0
1.5539266974246999 9.7128313421815911 7.2800432309203584 1.0614200000000000 0 0 0
0.1661418199038922 3.2499026305111669 6.0471944517753613 0.7321560000000000 0 0 0
3.1469416763366285 5.2920325495687663 1.5505949721085244 1.3508599999999999 0 0 0
2.3301212109319582 7.5092916421880362 4.6766723866581899 1.2838799999999999 0 0 0
0.2385623868576373 3.7115450325480301 0.9205763943857915 0.8714140000000000 0 0 0
0.1584994162638146 1.8405658322704690 0.6276299155732564 0.9461260000000000 0 0 0
0.1730057077511356 3.2861175527372577 0.1471881954033675 0.7365750000000000 0 0 0
7.0182226039572901 0.3731860697366332 9.4439119601104622 0.8095710000000000 0 0 0
8.7549053907397703 4.4576313878683385 4.9552808445949239 0.7403330000000000 0 0 0
8.3955164527032249 3.4430157942984008 9.6818260857930838 1.3021700000000000 0 0 0
0.4092484215936525 6.7112309785760020 1.9575251329601411 1.0848100000000001 0 0 0
3.9663571387028127 1.9840703312435375 1.4159197339184975 1.5449700000000000 0 0 0
6.4119211859962011 1.1098559106489696 9.7704310316194061 1.1247400000000001 0 0 0
4.9134028799877569 2.1439281726492112 7.5298379482510276 0.7908020000000000 0 0 0
9.0211499582712928 1.5359991289690424 0.4393242744117955 1.3163700000000000 0 0 0
5.7649043758262115 1.5050666821878538 1.4820669622422322 0.8839730000000000 0 0 0
7.0158705042559468 9.4840723518243095 3.2644885612758272 1.3920999999999999 0 0 0
8.8850200458252413 8.0237073483338719 0.9175239355261120 1.5233399999999999 0 0 0
0.4742452664748011 7.6078109926402551 3.7270559208247942 0.8752960000000000 0 0 0
0.5687825458911555 5.4164262684830264 4.6796141393559774 0.7498600000000000 0 0 0
4.0691267018867547 6.9498211883369043 5.8348241058179120 1.3294200000000000 0 0 0
1.4926296232371914 8.2143531483582652 3.8990483504676741 1.3020900000000000 0 0 0
1.7374841108692880 0.2178070862977894 3.6051499340975903 0.7676010000000000 0 0 0
6.7669345549453848 9.3224343084078001 2.0948719485729996 0.9217660000000000 0 0 0
7.2285248449041690 9.5808533636547999 9.6632027551130530 0.8330000000000000 0 0 0
1.5418940307404745 0.5177171062816471 0.2166679032750244 1.0074500000000000 0 0 0
2.4769057010683073 5.5584129922816361 0.5428037910684351 1.0424199999999999 0 0 0
7.7679929408528912 8.9321590856658908 8.0044897934475774 0.7801360000000001 0 0 0
3.0881246683844443 8.6198100848817756 8.8906458354093054 1.3531599999999999 0 0 0
1.1227417760017950 3.1347736951668823 9.9826622291640561 1.1264200000000000 0 0 0
0.4631142001155286 7.4027693910330488 6.5760945387426686 1.5366500000000001 0 0 0
5.0047385978506274 1.6072689945735177 8.2372598683011891 0.8900720000000000 0 0 0
2.2647010770691112 1.8787220129214148 3.5617758852687444 1.2539800000000001 0 0 0
1.1878807897132513 9.5096498706236208 9.5293101700996772 1.2999099999999999 0 0 0
0.9486757750317436 1.8320744860398079 1.7410327824368170 1.6078900000000000 0 0 0
8.7518105568616793 1.1530120604774259 4.7045943935519858 0.9793080000000000 0 0 0
4.7033850068277294 9.3291720766042889 4.7679432300111140 1.0636900000000000 0 0 0
6.8857098254672922 5.1129025127539194 4.8850254646808668 1.1252400000000000 0 0 0
4.8970742646229555 1.7019101214951458 6.7158896729727680 0.9990540000000000 0 0 0
7.4282014219641450 1.2789499098060864 3.4118109506741341 1.3393299999999999 0 0 0
0.8554435391289167 4.1989884822522416 7.0694321574575110 0.9591870000000000 0 0 0
0.2081421819239686 6.5988555222548948 7.5836244392167860 0.8940470000000000 0 0 0
9.3690198312511477 2.2444219306804669 4.2229123927435266 0.8364110000000000 0 0 0
4.6436748528636054 5.4997264424267289 6.7536625248573730 0.7485039999999999 0 0 0
3.1433108551184370 6.4518348599906572 3.4515244853296254 0.7441750000000000 0 0 0
2.4938714189578861 7.1543127325679485 1.7077346615118973 0.8475810000000000 0 0 0
5.4662015270152295 5.2752927286951383 6.2084155460125805 1.1938599999999999 0 0 0
0.0265511391611563 6.0775822598853395 4.7344658450003880 0.7679260000000000 0 0 0
4.9285699792261379 8.8079607799726531 7.5385132390858205 0.8235240000000000 0 0 0
4.8545544099004054 0.6423334686155948 1.2636127483277342 1.5840399999999999 0 0 0
7.7989237086581644 1.6757500103813041 8.1048576793583642 0.8080290000000000 0 0 0
8.5592178708273750 8.9342037485564259 7.7669804957174167 0.7967370000000000 0 0 0
3.4705630008918691 6.9219670272530003 7.8470708184119458 0.8943240000000000 0 0 0
7.7113002266731474 5.7449437890397563 4.4402184424038413 1.0196099999999999 0 0 0
3.2161817326389648 3.3739242815175343 8.0306316533717439 1.0386000000000000 0 0 0
6.0125653711784590 8.6818772007821021 2.8240913463549586 0.8116520000000000 0 0 0
4.0353207714537849 6.2193027239376972 7.0671231759946318 1.1767700000000001 0 0 0
6.5821664512919478 5.6942720450084696 6.8289207520124613 1.4006300000000000 0 0 0
4.6456783892769620 7.5066983861124923 8.7927595316723330 0.7654200000000000 0 0 0
8.0066994802565024 6.6609594179549774 8.9620469726185537 0.9986610000000000 0 0 0
5.4521026274030460 0.7376768567995595 9.0266934679062558 1.3341600000000000 0 0 0
3.1140402786748340 0.7756574505145976 8.9155888886653223 1.4566900000000000 0 0 0
9.1064693257035376 0.7756225425180114 8.0564789308179794 0.8257350000000000 0 0 0
2.8007099556091473 2.4765747584536437 0.7590287008497074 1.2202000000000000 0 0 0
0.6931103502331211 4.1800351043909592 1.9263875192075390 1.0065900000000001 0 0 0
6.6005446029342769 7.7569150953593162 0.4414878479168080 0.9727460000000000 0 0 0
6.9244564614107844 8.3997968491953898 1.3876597196835843 1.3190999999999999 0 0 0
8.2422818990320152 4.8334553245357679 2.7354299494763921 0.7443400000000000 0 0 0
5.8490083621792808 6.5739654868146626 6.6032800500345736 0.8147480000000000 0 0 0
4.8568499489095132 7.7683048040976264 1.8881392413562650 1.2979600000000000 0 0 0
8.4972320357473432 6.7201512798652168 2.8667633729086077 0.9864889999999999 0 0 0
4.0976854005447683 8.0793288877313163 3.8357483027443067 0.8897960000000000 0 0 0
3.8445151142714131 2.8075242890965320 0.5332901138690862 0.7803390000000000 0 0 0
9.4164866999552199 5.7433413226707808 9.2549656406448886 0.9665330000000000 0 0 0
9.5418583519763676 1.9243023626266571 1.5448732732373345 1.1480399999999999 0 0 0
0.9801256628646485 0.6842723716979811 6.8066387605227208 1.3079499999999999 0 0 0
8.6384348826302002 4.5852144548002061 9.3468455791780194 1.0466700000000000 0 0 0
6.2361199474628783 1.5593565149102484 3.7144496827488300 0.9572720000000000 0 0 0
3.3349297677446765 0.6655581054759003 4.4962305706827452 0.9609220000000001 0 0 0
6.8536124372467970 1.5446366489311474 5.8567276034738125 1.1909200000000000 0 0 0
0.3312244231620968 4.2502022670866086 5.8162755699661020 1.2807599999999999 0 0 0
1.7900025393359937 7.6184842352163820 1.6130186731410192 0.7621240000000000 0 0 0
8.8156316519250311 4.3976196411985971 3.1471759971852546 0.7643270000000000 0 0 0
2.8760781023191120 1.6636631194141547 6.4837402857656343 0.9747310000000000 0 0 0
9.9134793429285342 5.0554474598564862 5.0952232049910089 0.7626330000000000 0 0 0
1.3075746795654515 3.9128235728386218 6.2492816290796105 0.8511480000000000 0 0 0
2.2500950950184193 3.0148004672642612 8.1676564509136682 0.8637580000000000 0 0 0
1.1009583030057195 7.6079189821934623 2.6500056501645743 1.4759700000000000 0 0 0
7.3807294616295671 7.3565125118306458 2.4849575005735303 1.6127400000000001 0 0 0
8.7779207805682589 6.5331195452882476 0.7920913917673954 1.3114600000000001 0 0 0
9.9510226293699269 0.0528935646346104 8.3110290308592543 0.8203560000000000 0 0 0
6.3214363623565317 3.1559679362387150 2.4154704167772563 0.7764670000000000 0 0 0
2.9946131837456158 2.5857453160997697 1.9582692570033684 0.8293550000000000 0 0 0
4.2371640643883124 9.8568157406645440 7.3441186494470418 1.1049000000000000 0 0 0
7.8774455085845698 2.6970962325315333 4.3413718907544832 0.7449260000000000 0 0 0
1.0213966962971466 1.8145285551490002 7.3778494279201103 1.1520600000000001 0 0 0
8.8286337760878961 6.1197067310614521 2.0553780399588391 1.0660900000000000 0 0 0
3.3254567954083760 2.2510604030059858 4.0746618684961424 1.1287900000000000 0 0 0
6.2923247031896645 7.9608509170625990 6.0447529769697006 0.7384870000000000 0 0 0
2.2748785931113114 5.9063953148806698 3.4358277292708506 1.2060400000000000 0 0 0
2.1548821305910075 2.1992354937198058 5.7244779236524748 1.2501899999999999 0 0 0
6.9890303024962659 5.4301460542120417 3.8329155258595695 0.8935850000000000 0 0 0
2.1385066301688846 6.7406816268897796 9.2539822385211696 1.2287999999999999 0 0 0
6.2288802061400323 7.1672844294037299 2.9634367599052527 0.8100940000000000 0 0 0
3.8388901934439037 4.3975942780556450 6.8910177163742130 0.7702870000000001 0 0 0
0.1162314312237062 8.0998544299684792 1.0900823244824089 0.7396410000000000 0 0 0
7.3161755884450317 3.4870589190539594 7.3518441750206298 0.7423940000000000 0 0 0
7.0683501577576182 0.1896007386903298 5.9645658681506690 1.4130199999999999 0 0 0
3.4733180288943650 3.3635867097825405 6.8534157241907394 1.2981499999999999 0 0 0
5.1912594042197489 1.3435727034512526 0.1070736131437639 1.1148600000000000 0 0 0
0.5539987999790688 4.2113025932580204 9.8849718906526789 1.2230200000000000 0 0 0
5.2712508788884218 7.9902793018509497 9.0839906076708896 0.8678380000000000 0 0 0
7.4147163398594369 7.8546964597756617 4.1980971436822010 0.8579490000000000 0 0 0
1.1152065773427358 8.1996892512526074 9.4835956487538162 1.2468800000000000 0 0 0
5.3092762181229824 1.3560552017595677 4.5598625484979287 1.4489799999999999 0 0 0
9.5832352209198230 0.3398174481473434 7.0051773976265590 1.4939400000000000 0 0 0
6.7134660856766288 2.3178176543442981 3.0027189240834615 1.2224900000000001 0 0 0
0.9914534158881895 1.2814594044205312 8.8941927437068351 0.9045230000000000 0 0 0
4.3179901467994979 4.3980628210678336 1.3300213855607765 0.8868050000000000 0 0 0
8.3408537061849053 3.6422685855309305 3.0872585616771491 0.8844500000000000 0 0 0
9.7033429992871323 7.1786158619399396 8.1919436293406580 0.8071750000000000 0 0 0
8.3809654913756866 5.6969480358990054 2.9024102507285514 0.9382520000000000 0 0 0
3.0820604727322412 5.7535464204688456 7.7139873678946946 1.2336499999999999 0 0 0
2.9778539042952716 9.6814306445697742 0.4947002260189076 0.7504550000000000 0 0 0
0.3878500531563815 5.8211394128338796 1.4491940877280265 0.8716940000000000 0 0 0
7.5809983047445932 4.7624561304910102 4.1595600037543212 0.8387770000000000 0 0 0
9.5398012771204002 4.2777415644649341 5.0652362002047955 0.8081700000000001 0 0 0
3.8371945489689536 7.9240046022675754 8.0904953202088237 1.1538400000000000 0 0 0
6.8651278460698499 7.3581974498057319 5.1653137483193614 1.3942500000000000 0 0 0
5.8201126772646505 8.8434176935958000 9.1983930030284213 0.8722760000000001 0 0 0
8.4372110909688338 8.6612746759800565 8.7777490268117759 1.1959000000000000 0 0 0
4.0544913600203083 8.7763295238780259 4.4048235354301495 0.7329940000000000 0 0 0
0.7178332358863782 0.0836274319133180 7.7925413638435375 0.9707830000000000 0 0 0
1.6232526028163301 9.6673909997126604 0.8266128115974039 1.0173500000000000 0 0 0
5.4082379875373459 4.5862130244290684 4.2880258153031257 1.3811300000000000 0 0 0
2.3283727739367759 0.0827271521519801 9.9055867932370543 0.8290860000000000 0 0 -1
8.4052393030323653 1.2018858066331317 7.7633941978014462 0.7703220000000000 0 0 0
4.9899560794238944 2.1825063572414454 5.6787899311376400 1.2253200000000000 0 0 0
2.3805564456797974 4.1148938213178763 8.7106463163704948 1.4964800000000000 0 0 0
7.2445039247952598 3.4915457673210621 3.6912707967838254 1.5529900000000001 0 0 0
0.2063579377305802 1.0988940635965450 8.0361596513063898 1.2663199999999999 0 0 0
1.2168956327403646 3.8032221019170422 9.1574252646378653 0.8392860000000000 0 0 0
2.9505737303562616 5.0325818158735691 5.7621085871444837 1.4042900000000000 0 0 0
3.5513008224786740 5.2547055259773385 6.8111610626712453 0.9485500000000000 0 0 0
9.5748253675974588 3.8368861784979251 4.1194437213274604 1.0772299999999999 0 0 0
5.5325455717541505 6.6754171008664063 1.2264822990327811 1.5075000000000001 0 0 0
7.2918325336331806 5.5317141698002290 7.7364362618510274 0.7456290000000000 0 0 0
9.0947940629794370 3.6197017605583670 1.3939488331816519 0.7648760000000000 0 0 0
1.6906737875289586 7.0609458351871979 0.9187148721379795 0.9168150000000000 0 0 0
1.1576767986655341 4.7840884828539174 2.8135277376398196 1.2211900000000000 0 0 0
9.9521001610332025 2.8469445759477954 3.5493829249655278 1.1772700000000000 0 0 0
7.7890734422694958 4.5403302477992558 3.3474095718154238 0.8323690000000000 0 0 0
6.9399887461955814 6.7453482432946563 8.6532450860664394 1.1581500000000000 0 0 0
0.4360036264407158 3.7886867671175919 3.5841012750110717 0.8664960000000000 0 0 0
9.3513317391810791 5.3955852042943215 1.2239643865451599 1.2905100000000000 0 0 0
8.4750687343220008 4.4667995566577803 1.6150622752939445 1.2418700000000000 0 0 0
0.7989585945962259 5.8434067095130944 2.4260839194222057 0.9365150000000000 0 0 0
6.8221618789390757 5.0791325673989505 0.7987548352238799 0.8475279999999999 0 0 0
1.8643801719574704 1.6144286888279156 2.6409906247787660 0.7364440000000000 0 0 0
2.5377985793591917 8.2798974578214466 3.9989884671861802 0.7355270000000000 0 0 0
4.2438911214416546 0.7645204689297225 8.7648966214919550 0.7414840000000000 0 0 0
1.3780445361571541 4.9206667877600161 0.2970792526807677 0.9397960000000000 0 0 0
2.7426772809929068 6.7002255414305774 7.4446145689968679 0.7589910000000000 0 0 0
3.3119905117628212 9.4234623249120979 1.6065401904653573 1.0629800000000000 0 0 0
7.7705150045761950 9.2172380436789876 5.6186664869894205 0.9735750000000000 0 0 0
8.2607716070300619 8.0314142176848637 5.9401762390498902 0.7644890000000000 0 0 0
1.1275435332859276 6.0282225468805946 8.9646147849986910 1.0785000000000000 0 0 0
5.2108199691694352 4.6501799176752963 5.4182806499181293 0.8017919999999999 0 0 0
1.9754802327763814 3.7167920165109973 4.3993145672173402 0.9330340000000000 0 0 0
7.4992098171102235 0.0291292837418282 8.7860544983852638 0.7493919999999999 0 0 0
2.4456252239540923 5.9415514377084522 2.2882251184722322 0.9769409999999999 0 0 0
8.7753065708585414 9.3922444491986514 0.9471364203827608 0.7412050000000000 0 0 0
8.8289000324318589 3.2194883905377920 7.8944269407823766 0.9750230000000000 0 0 0
0.9081418768745324 2.0433527619551182 8.3786619521080521 0.8426520000000000 0 0 0
5.7177786079096249 2.0435471336789419 9.2344861496224127 1.2842300000000000 0 0 0
7.8569373042839814 7.3400639138217922 5.7086055658131087 0.8012440000000000 0 0 0
8.4503506575866130 2.0594084694869221 6.6263567674348947 1.1824500000000000 0 0 0
8.8318141581965204 4.1659284639888581 7.8183531257993639 0.7727200000000000 0 0 0
9.4881553046507303 0.7866433134252434 8.7707812641648726 0.7401380000000000 0 0 0
1.5586436517130224 9.6861831921391275 8.3807597223222761 1.0678099999999999 0 0 0
9.6261262984852003 3.7441676218522986 8.2642328704368690 1.0074700000000001 0 0 0
3.9431315184500106 1.8684985619237473 6.2141859951361074 1.1165200000000000 0 0 0
2.7063873296666441 1.5390730838722406 4.7964840859627502 1.1443300000000001 0 0 0
3.7756179077249783 4.2478389237862597 4.1398370900570303 0.9699620000000000 0 0 0
3.4276533295180447 5.6866092304609657 2.7688022735203712 1.1918899999999999 0 0 0
7.3863149406745077 6.4609919041409816 7.6191755527361416 1.0544100000000001 0 0 0
3.1331907285300353 1.8406411744137323 5.6409513256193264 0.7701730000000000 0 0 0
6.8397998946841749 9.0801174354884751 7.6209323513792580 1.0544800000000001 0 0 0
5.8727372699113429 3.3712351515578538 4.9285968713134398 0.7341850000000000 0 0 0
7.9994878837745338 7.6043931644644092 4.8605005768635241 0.9128200000000000 0 0 0
4.2859376604796893 0.3181627921070822 9.8230382694629377 1.4847100000000000 0 0 0
8.6161974359812650 2.4900100522186528 5.2799985815918822 1.5611699999999999 0 0 0
8.9343120121564503 6.2302432024092473 8.0697193168058696 1.5738700000000001 0 0 0
9.3489847680296929 1.3777028805337064 3.8904053364498217 0.9191500000000000 0 0 0
7.4554252719784957 4.9374852686329849 1.5091755465420362 0.9226290000000000 0 0 0
3.4210404586777146 1.2424572197594208 9.9246646573809922 0.7617940000000000 0 0 -1
9.9601249914241183 5.3139984157394711 4.1443687310864936 0.8122220000000000 0 0 0
0.0342001056530696 7.7074394769887977 1.9370950940782106 0.9152850000000000 0 0 0
4.1372504615751522 1.9281713408732213 7.2778945653090545 0.8456750000000000 0 0 0
4.3980126737083403 5.4673729859919202 3.0650032194517451 0.7389400000000000 0 0 0
7.4231690244537409 0.3199206993143737 1.1478943247334426 0.7308600000000000 0 0 0
4.1199061010753475 3.8420360956462432 0.4072571750546628 1.1824100000000000 0 0 0
7.1547880120165193 8.7086862967252880 4.1005725259891825 0.8318130000000000 0 0 0
5.3728288232190993 3.7018631814903582 1.9545218708086618 0.7785300000000001 0 0 0
6.1797048497242244 9.7975273582694467 9.3913145960099698 1.0445700000000000 0 0 0
3.1797612064033038 6.8022836807853029 6.6221850784245184 0.9760020000000000 0 0 0
4.5070580596026160 6.5436818373292844 2.5847048124606467 1.5051200000000000 0 0 0
6.8111144234945415 1.6160751396050570 7.9524940152259314 1.1242600000000000 0 0 0
7.6648097296174162 6.7479749931735222 4.5076481617066566 0.9261360000000000 0 0 0
6.9242712986575619 6.0867442036278270 1.5120658968278076 1.4746400000000000 0 0 0
5.5836348314941029 2.6193803635818673 1.7594322226931429 1.3591100000000000 0 0 0
2.0311355209981365 4.5631870534276482 6.2932646335107805 0.7631570000000000 0 0 0
8.7336176107264407 9.0433758206280626 0.2242128757238592 0.8024960000000000 0 0 0
2.5103908714050669 6.8245335859869849 3.8516134269404114 0.7406230000000000 0 0 0
4.0298128453152549 3.0787005858951471 5.6505215083594962 1.3230200000000001 0 0 0
9.3435877593899743 7.1941710962679100 1.6726866086228993 0.8266760000000000 0 0 0
3.2349190352333488 9.5247377402896714 2.8918738915938360 1.4432100000000001 0 0 0
6.5957635025839627 1.5478215138383480 4.7033969074131639 1.0857699999999999 0 0 0
9.3375253320096032 4.7541181357154088 4.4179643644397943 0.7776550000000000 0 0 0
4.2646191327559082 2.8033977019300345 4.4600420142470583 1.0787400000000000 0 0 0
7.3525221418110878 9.4981413821342890 1.4895514885973919 0.7427500000000000 0 0 0
4.3253438064460958 2.1580023518608504 8.0915814599227236 0.7727210000000000 0 0 0
5.4326741777403633 7.3478769565253268 5.6391421722412023 1.4331700000000001 0 0 0
2.7240594878627054 4.1943573227299558 1.5190723131143766 0.9332420000000000 0 0 0
9.4421393986872673 4.8776220701961011 8.5032728074695338 1.2555200000000000 0 0 0
5.4322162173332309 8.5137881372329147 5.2639993756658132 0.7634010000000000 0 0 0
4.7245186879445820 1.3108444148640559 7.5015060734653991 0.7339230000000000 0 0 0
6.5637280729234933 6.8754911860300441 0.6743772491838802 0.7897160000000000 0 0 0
7.4964684179712924 0.7055837308390457 0.0613381810831044 0.7927830000000000 0 0 0
6.5377993781418740 7.3669524823288723 1.3894095114477478 0.8199610000000001 0 0 0
3.7679381704499506 6.4356591036238679 4.8776238060914165 0.8154880000000000 0 0 0
6.2964262468957406 9.8232994806494691 5.1322092338152263 0.7304140000000000 0 0 0
2.1713590599513450 6.4486881475409277 4.5013016952489906 0.8247540000000000 0 0 0
6.9514844254354582 4.2793020449933055 1.9945028546277648 0.7421270000000000 0 0 0
2.2100611640352610 7.9199488826696527 9.1841889863409421 0.8840350000000000 0 0 0
1.1322595704468690 6.5170851703812787 5.8246272339701930 1.0414699999999999 0 0 0
0.7906892626220885 8.5842964547119358 1.9026967285040364 0.9621459999999999 0 0 0
9.8455221520091332 7.8740766648029261 5.6077470674524577 0.8261980000000000 0 0 0
4.5054520573087231 7.0260388739978303 7.8378041289709275 1.0148200000000001 0 0 0
4.4859842893341559 7.2586513076040218 4.5526644327606949 1.3483300000000000 0 0 0
7.7083583619325386 2.7761565246231150 1.3549755155196417 0.9494490000000000 0 0 0
6.4768348749618152 4.4466464063151356 8.2495993428134309 0.7506140000000000 0 0 0
0.8363408309230002 1.1377204834741304 0.5854569687639756 0.9435380000000000 0 0 0
3.2133072954155555 2.4996346867779291 5.0991979530185141 0.8835410000000000 0 0 0
5.5318839934207649 7.6564402860146927 0.0925651251858931 1.2186300000000001 0 0 0
0.8801662894920254 6.0267016099601047 7.9717132519459026 0.8962930000000000 0 0 0
1.6454742512635367 5.6990675118126219 2.6326801409530147 0.7772680000000000 0 0 0
7.6813899758097381 1.0139378818588936 1.9745395033527622 1.2654200000000000 0 0 0
5.8807408712762248 9.7831693299288833 6.2920918048078782 1.0817600000000001 0 0 0
8.6242359651322165 6.1647834303238094 3.9532841512403172 1.0892200000000001 0 0 0
7.9936778979569967 8.0773302864473902 1.7031047056346518 0.7596060000000000 0 0 0
1.2395564572831181 1.6369688625060517 4.5917648896857388 1.5976300000000001 0 0 0
0.6393722851952882 9.6431866310459817 3.7021038102347665 1.2636099999999999 0 0 0
7.8149293355915166 8.9372986781566066 2.2835315037491846 1.2482400000000000 0 0 0
9.3545117390011931 7.3157732252594085 6.1760416606910047 0.7476340000000000 0 0 0
1.7637716253283284 4.0723766108378765 9.8221465402112109 0.8515650000000000 0 0 0
4.9878022792503520 3.1261862705254222 5.1494520864405340 0.7744630000000000 0 0 0
7.2807836802030055 0.7659875335234974 4.9011602127895735 0.9659960000000000 0 0 0
9.4951571181550936 6.1754566524580250 6.6274083294783850 1.4285900000000000 0 0 0
4.4019783500228735 4.6359724126443398 9.6486778385900180 0.9979980000000001 0 0 0
4.5441863083580554 9.7293110829177749 6.0322907586693182 1.5068699999999999 0 0 0
5.9696796167628898 1.0212558584931248 0.7172319847479480 0.8665500000000000 0 0 0
4.4849412322935986 3.0634107505842598 1.8873528682489535 0.9200210000000000 0 0 0
1.2897991851136790 2.9206672781091325 3.7682064816819323 1.3537100000000000 0 0 0
2.9085871066713147 1.8403376812994585 9.5428059664115210 0.9326630000000000 0 0 0
6.1723707022514391 3.9799927064023159 1.8545309422907885 0.8735849999999999 0 0 0
3.4192768759259708 9.0511600336540230 4.8536465551772059 0.7379620000000000 0 0 0
8.8230262833023367 8.3269873093820532 4.1368507180758431 1.4740899999999999 0 0 0
7.8164133747263191 9.2067899200205456 4.0203214455325869 0.7553910000000000 0 0 0
9.5754455933327201 3.9898364364952101 9.2767325822508990 1.0034500000000000 0 0 0
4.4513126755691577 5.9889420874975139 6.1720355656590513 0.7683900000000000 0 0 0
4.5946994016705371 3.9326358921172897 3.7382812048694030 0.8763649999999999 0 0 0
2.4655441845173192 4.9754777371212464 9.6663965053234602 0.9979680000000000 0 0 0
5.2759530055453441 4.6118441142402666 8.0424360150961967 1.2166300000000001 0 0 0
7.1018967231892400 3.2366702893341905 0.3818383833919054 1.4479000000000000 0 0 0
4.8743565950764909 4.6632037770931545 0.5662185135048621 0.9951210000000000 0 0 0
8.1717023734568244 5.5387221218288705 1.1296832724817845 0.9652710000000000 0 0 0
6.5417962983401461 8.9032907121104436 5.6721214535659872 1.2635099999999999 0 0 0
7.3988077556867182 2.7007157370483315 8.1226920852453972 1.2517700000000000 0 0 0
4.0967310488627886 2.9984544073365034 8.5518976469364532 1.0399799999999999 0 0 0
0.5755582765315791 5.5083933949808408 5.7251742310177844 1.1928399999999999 0 0 0
1.0686697832825451 1.7576322704261027 3.1885399651468109 1.1566300000000000 0 0 0
9.9729663305937155 7.1257556539709519 0.8443035684544634 1.1912100000000001 -1 0 0
6.4976354112467778 4.5415129222526138 4.2160054197885488 0.7307870000000000 0 0 0
3.1398690248274890 2.4569668436707435 2.8213646718447758 0.8366690000000000 0 0 0
1.9508308221170378 7.5073269449477600 0.1051022976422170 0.9294430000000000 0 0 0
3.5559233462148270 1.4712807166069191 3.1095431486326222 1.3010500000000000 0 0 0
3.5205000546844216 5.1109998286238811 8.8594193378989967 1.4537500000000001 0 0 0
5.6491339655653654 0.9029582646106833 3.5025811960062336 0.7802950000000000 0 0 0
7.7455832591582974 8.3842613264460137 3.3580180841362046 1.0915999999999999 0 0 0
2.3294035344533897 7.5888068960226320 3.5984284626518046 0.7951750000000000 0 0 0
3.8472389738963098 8.9001387899372091 0.2516232090147417 1.5044599999999999 0 0 0
8.0953252019656947 3.0409273788325968 7.1657527048735341 1.0190999999999999 0 0 0
6.1437282461673552 9.6809565800957422 2.6014394289529283 0.7445150000000000 0 0 0
1.6000615236588562 4.8620012939261619 7.1366605157103580 0.8170450000000000 0 0 0
7.5749353142960985 6.2515740745547461 3.4126824904744177 1.2004699999999999 0 0 0
9.9797557574884053 8.0808344707255308 0.0302874559580704 1.2022800000000000 0 0 0
0.8630878719908592 3.0246926127653682 6.8461217742732270 1.3354200000000001 0 0 0
9.1754255365027841 5.0199257610371433 7.3094792065878300 1.1307799999999999 0 0 0
3.2502907507360965 9.2607217838853160 5.8536687035483901 1.1811600000000000 0 0 0
0.5244743644824982 0.0284476790672412 0.5785207268301531 1.2647699999999999 0 0 0
7.4201714613668619 9.9534926113875883 2.1678120224654682 0.8184180000000000 0 0 0
4.0192504386720165 6.0116654394594056 1.6395590355289149 0.7657800000000000 0 0 0
7.3329875715584789 2.1850105144957150 0.7549537741662690 0.7579380000000000 0 0 0
2.4542860180447175 4.8363575219273880 2.6719168528195505 1.2828500000000000 0 0 0
6.7056814804855813 0.1269616293133931 0.4045163701444264 1.2068600000000000 0 0 0
2.6877696406338685 1.7752194771594807 2.4574976316932151 0.8743550000000000 0 0 0
6.0667273303938165 5.6592103454110818 4.3673489058528121 1.0185100000000000 0 0 0
6.0843158861005220 8.8912069015136925 0.3570756930459946 1.4321200000000001 0 0 0
3.0733864935362845 6.3110841689127462 4.3508233183321128 0.8205380000000000 0 0 0
1.8693360818644755 5.9025110319351244 7.4991641709934562 1.1746300000000001 0 0 0
4.3195154278483479 9.5351447945127479 1.1465658927217903 0.7730760000000000 0 0 0
8.4800814275837464 0.3966984661569657 7.5235326779045915 0.8574340000000000 0 0 0
1.6763562990888643 2.4115009353321524 8.3804031071884317 0.7999020000000000 0 0 0
1.8828578458325069 8.7946664980000673 8.8979931810138169 0.9067140000000000 0 0 0
0.8613696452455655 6.2708494208379362 4.8934020606359683 0.8966080000000000 0 0 0
2.3367033487154121 4.4764883240842455 0.6006113180130012 1.0412399999999999 0 0 0
8.8013509889257282 9.0154538030546352 1.7412081968516564 0.9320330000000000 0 0 0
6.5944765695544847 2.5163737107062221 9.6090613316495901 0.7462340000000000 0 0 0
6.7720102417730450 9.3530475971007903 6.6819249710657269 0.7897990000000000 0 0 0
0.5045470117032186 0.1971082206688347 1.6281082150921449 0.7738480000000000 0 0 0
3.9367594959311329 0.1044492443575946 8.3548899239092531 0.8161060000000000 0 0 0
5.0288303625149160 9.5060916276185754 0.5590342034925063 0.9710440000000000 0 0 0
3.3236600634254709 0.5242336009213637 3.5908780200877835 0.7603780000000000 0 0 0
1.6579133396490187 1.0192160112146487 3.5369665323186044 0.7578980000000000 0 0 0
4.2107994986231203 1.3865750463679611 0.3824887311147917 0.8189050000000000 0 0 0
7.9747340994497069 1.7197967459370009 1.1290061905151232 0.9359210000000000 0 0 0
8.7373281654584520 9.6712047156873648 2.3143094455925723 0.7504130000000000 0 0 0
8.5272809997795846 0.8802788459645565 3.7641431989145571 0.9330680000000000 0 0 0
0.3522979603583450 3.1151331165588116 9.0152470712289432 1.2487299999999999 0 0 0
0.0229575913129430 4.6015380264495045 3.7132214747487531 0.7879850000000000 1 0 0
7.1229618106980306 7.6535875666440489 6.3800245812588496 1.0312300000000001 0 0 0
5.8571261876453624 1.5274438450401522 8.3268559570756171 0.7403650000000001 0 0 0
0.5812666472307831 5.0999340681741794 8.3362746757571955 0.7543110000000000 0 0 0
4.7463813173287797 8.3062129382713792 4.4396852572383851 0.7496760000000000 0 0 0
5.8084197547624150 1.5182529279612014 5.6433329990151355 0.8214420000000000 0 0 0
8.1491584221238682 3.8500669455252696 5.6062941091395677 1.2822100000000001 0 0 0
9.5200248811952086 7.1195967122618598 7.3087248298166241 0.8277840000000000 0 0 0
7.5608540277842780 6.0552682080685285 0.0489544631355461 1.5639500000000000 0 0 0
6.0862353079452856 7.8885511352283491 2.1968591435754390 1.1482399999999999 0 0 0
1.7010294101283518 9.3693418466536738 3.8400498800161449 0.8779310000000000 0 0 0
8.0885627951913275 0.0607897564267217 5.4624962488817266 0.7881610000000000 0 0 0
1.5149061077899060 7.5092750653292857 8.4617869999412534 1.1994199999999999 0 0 0
0.4077009799967818 9.4930162016263449 5.0944138876438894 1.1745399999999999 0 0 0
8.7358597446441664 3.0296365501641840 3.9018020984507511 1.2089000000000001 0 0 0
0.5429565970007867 9.3852745418679309 8.5620306556530998 0.9591850000000000 0 0 0
6.8294060664683665 8.3906437804729812 4.7820836240155327 0.7349070000000000 0 0 0
5.7703191620362837 0.7922454835147839 7.9134851510213329 0.8882409999999999 0 0 0
5.0316146121944190 8.8092970720330914 8.8587166129596859 0.7361340000000000 0 0 0
0.9187134300829918 7.5702737316418549 5.0669298976477286 1.4932700000000001 0 0 0
4.6025742737853816 4.0568456336034924 5.5188011096794005 0.8166700000000000 0 0 0
3.3463801854493420 9.8954605215283227 6.7782936706620944 0.9383260000000000 0 0 0
4.0035775901019282 6.2548831806360043 9.5236303624343641 1.2773600000000001 0 0 0
9.2107664805874769 5.0602348346760051 2.4711027978152300 1.2270900000000000 0 0 0
3.5729645589325290 5.9358020793145636 6.1767640633330965 0.8030600000000000 0 0 0
6.8410824972252051 6.2933563030883892 4.3284386044580980 0.9199700000000000 0 0 0
2.3714996121595013 6.5670363597283377 8.1933825754200971 0.7647520000000000 0 0 0
1.1771158302454581 9.5511101057523717 1.7912918016950907 0.9095240000000000 0 0 0
0.1774629143643600 8.7427613473681536 9.1333986626673251 0.8447100000000000 0 0 0
4.2414284836856133 1.8625053365689406 9.2567295124587954 1.5484400000000000 0 0 0
5.2591542156395912 3.4505646848945561 4.3870949237650105 0.7903420000000000 0 0 0
3.5059902782834165 3.3480067928673916 1.3756294861286698 1.2290600000000000 0 0 0
5.9846107962501458 3.7717556672243959 8.1231173627136339 0.8317250000000000 0 0 0
3.1820000522146796 8.1130829164374916 3.1521659634242587 1.3284899999999999 0 0 0
1.0722848562289149 2.0748542297005046 0.3065622901249008 0.9620649999999999 0 0 0
4.5996881367801370 2.1412953757299951 0.3711823089308252 0.7609100000000000 0 0 0
7.1686401138376814 9.2623946630784015 0.7527142403320689 0.7948350000000000 0 0 0
0.4719610120604244 4.2630148592510348 8.7199672286929761 1.0385800000000001 0 0 0
6.2128548786642099 5.0843962195085766 7.7456010085422937 0.8350570000000000 0 0 0
7.9502108714674717 2.1184138079960189 2.0055372835781990 0.8963520000000000 0 0 0
0.0384833112253915 6.0909903666920968 0.7187091748384947 0.7825730000000000 0 0 0
2.4835904834905413 6.2662189190468469 1.3195401998819882 0.9646300000000000 0 0 0
4.8442103585526910 6.6342671824622954 8.8039069433812429 0.9691930000000000 0 0 0
4.7578161655978120 0.5529808345694465 8.0350358779060507 1.0396700000000001 0 0 0
6.3934385636728077 0.4563617619521243 1.7304945363180755 1.4993300000000001 0 0 0
1.9056764005778681 8.6898126377385250 1.5760863105585221 1.2932500000000000 0 0 0
3.6890697710299749 3.9076805806240302 8.7358647290629605 0.9086900000000000 0 0 0
8.6107747812467412 1.5485841603690298 1.7738648076684069 0.8509679999999999 0 0 0
2.2450529790307971 3.4543834227953640 0.3847674098733815 0.9591100000000000 0 0 0
5.8739199056253950 6.2838424605903667 8.8457830669707711 1.1237800000000000 0 0 0
4.0017618793570442 1.7074713261510601 4.9779292711315142 1.2933300000000001 0 0 0
3.8908680135949352 8.8780871195946691 3.5825479289349778 0.7837740000000000 0 0 0
6.7825394025980925 5.7063403690073162 9.0291434192299089 0.9717570000000000 0 0 0
9.6072252860338008 3.7721737522579031 6.9665349891582595 1.5081300000000000 0 0 0
4.0150392750503698 0.9406655180803248 6.9432518543795334 1.1560500000000000 0 0 0
8.1828109367384947 9.6583731006166555 8.3658323582771157 0.9463200000000001 0 0 0
0.5672612177465473 2.7824545815771686 0.8588233533460909 1.0005100000000000 0 0 0
6.0092561459286085 7.5282814710972747 6.8572544036818526 1.1200600000000001 0 0 0
7.7244202091593719 4.1195084070011259 2.4508936619014778 1.0215399999999999 0 0 0
7.9250045640472289 1.0586504860493515 4.3678845902031913 0.7433710000000000 0 0 0
1.1342686020632446 6.8803176486967086 7.5862796451119454 0.9784990000000000 0 0 0
8.7541201741295360 3.1024286206903002 6.3784000816348767 0.8848710000000000 0 0 0
5.0803991802482438 4.5713461750629776 2.9266034831244556 1.3278500000000000 0 0 0
1.3156893589941574 6.4604449255200969 2.8286457398654079 0.8097910000000000 0 0 0
9.9175319948369225 3.1326305800305216 2.1330958446549064 1.5501100000000001 0 0 0
0.0560062913920705 1.5052101980998256 7.0039619370582669 0.8854400000000000 0 0 0
5.1972520850198034 5.7031813344664295 3.6040932833176282 1.1810400000000001 0 0 0
1.9622840553973078 6.9376019120290158 6.6705360999755223 1.3990800000000001 0 0 0
0.1641880319726894 5.9112651384746329 8.6114275744811657 0.9095060000000000 0 0 0
8.1596387151387457 4.9540738196727281 8.1307757675822181 1.2879300000000000 0 0 0
7.5725315514402194 1.0848531631678375 7.0422754773161804 1.3649199999999999 0 0 0
0.0550922485919350 4.2953271033082379 2.8059195000344359 1.0666899999999999 0 0 0
8.2466870485048194 7.9320712695733295 7.9809111950375868 0.8763950000000000 0 0 0
2.1724421303838661 0.8876300728155522 4.1793555422791053 0.8488910000000000 0 0 0
5.6606023297725958 9.5432349405367187 8.1728544720811698 1.5363199999999999 0 0 0
9.7985265569664826 1.5921104630687721 5.2232354261808931 1.3216399999999999 0 0 0
1.7882849886077827 3.9528404169901576 2.0822388595780286 1.1394200000000001 0 0 0
9.2281380546998655 7.2224036656594164 9.9437235108799555 0.9646070000000000 0 0 -1
0.4165450889606475 3.3445827359994009 4.3048625783498276 0.7748980000000000 0 0 0
9.3372352082406280 9.1446875217431423 2.4421614568685781 0.7559260000000000 0 0 0
9.2762879111282217 4.2263318363694520 0.4653707392929858 1.4159700000000000 0 0 0
6.8714560893281176 6.8923441822728142 6.9018053918285238 0.7837170000000000 0 0 0
0.8196888855367462 9.1376073747536761 7.6962251396840031 0.8663610000000000 0 0 0
2.0829310313801646 0.5028457795685077 7.2519697790809801 0.7796070000000000 0 0 0
4.0075151738056611 6.0715348088378436 3.8369847317233678 1.2351600000000000 0 0 0
6.4126613536323713 1.4050423043316382 7.0102862744023593 0.9028790000000000 0 0 0
9.3836848279607281 6.6554204118999776 4.5390360740926354 0.7431120000000000 0 0 0
4.8704575146846159 5.8480888746542652 5.0119689819002735 1.6200900000000000 0 0 0
8.1216296788383371 1.1325589901252819 5.7409436632357727 1.3594900000000001 0 0 0
3.7240276667852208 2.8315788396235084 2.2549036049168896 0.7646990000000000 0 0 0
9.9808764282624853 5.3244278838439554 0.1838251145038780 0.9228360000000000 0 0 0
2.0038688980893218 1.3818515365621102 6.9647686666046305 1.0171300000000001 0 0 0
4.4552009419091991 4.6620594421606967 4.9269935331007284 0.8239760000000000 0 0 0
4.4963925638288078 9.2474232467504507 9.2888284360270355 0.8409880000000000 0 0 0
8.7526972499725559 9.2005511058057525 5.8331958975260463 0.8377720000000000 0 0 0
0.1793183522141036 1.7834074780143423 3.8848540017985624 0.8727370000000000 0 0 0
9.6649130031946964 2.3937021381841443 6.3788862522376766 1.2985300000000000 0 0 0
7.0038744343702612 2.8856800893901400 5.2660190337474795 1.6114900000000001 0 0 0
0.1775461639771816 0.9534078542782647 9.0992596068871556 0.7495420000000000 0 0 0
1.5757619517152830 4.6616690178950364 5.1994305824669453 1.5263500000000001 0 0 0
7.5173255765201086 9.8467892054739536 7.1564459106128782 0.7836740000000000 0 0 0
3.6947897084629910 4.1347700128887332 5.1949533149021203 0.9933880000000000 0 0 0
5.6273248740371065 2.6559309939228015 2.9634996224912222 0.9134830000000000 0 0 0
2.4941871845115640 5.0004578643729287 6.9046903731912517 0.9484540000000000 0 0 0
5.7668645432364718 5.7387888290336200 2.3865186073488394 1.4202900000000001 0 0 0
3.9495636357051560 1.2941513470348291 8.0352483798384373 1.0474000000000001 0 0 0
7.0550800397141638 7.7442579086798675 7.7189692695043242 1.5009300000000001 0 0 0
4.9380069910004014 2.9058183853077781 3.6176260758731984 0.9666940000000001 0 0 0
0.2468427435875289 8.5346281156002899 4.2745920921535125 1.2563299999999999 0 0 0
6.6973592169524636 8.9830639789619315 9.3573054138117033 0.8271280000000000 0 0 0
7.9116439136993550 4.7987431346384604 6.0799125556782130 0.7424300000000000 0 0 0
8.2359741298268379 9.6098616661658749 7.5007166447176097 0.7325720000000000 0 0 0
2.3038024803876840 2.6604198645672534 4.5654693109471802 1.1818299999999999 0 0 0
2.6589591248712816 9.9579099205322770 7.3417727677030031 0.7650280000000000 0 0 0
6.5069576155707276 3.6213823150593707 7.1788260055067781 0.8516750000000000 0 0 0
1.9772155925471102 4.7314453339349845 3.8521353022322073 1.1963299999999999 0 0 0
8.5148231644662005 1.2947943664215276 9.4283262389603717 0.8068140000000000 0 0 0
5.1810410467266692 9.4950018507338392 7.0399414251533781 0.8186310000000000 0 0 0
9.4243186239234031 8.9553256220626078 9.6645296725575882 0.9293590000000000 0 0 0
6.7747683571095809 1.2895709484824851 2.5035469248618756 0.7934920000000000 0 0 0
6.0878212964020806 2.2417717296857078 5.9862751136821712 0.8110880000000000 0 0 0
7.7455498593032255 9.3416508602751129 9.0581371031685354 0.7317020000000000 0 0 0
3.9679296897557341 7.8059649829581135 0.9405890480278035 0.9333010000000000 0 0 0
6.4688110017703675 7.8904595009769940 9.1725922540644476 1.3627100000000001 0 0 0
1.6542520532748874 5.8271119667988511 9.9044323832858385 1.0310800000000000 0 0 0
4.9578692456776006 2.8557941815579757 9.2352930557652186 0.7828110000000000 0 0 0
4.1559575123647594 7.6407037277367689 2.8630893819286793 0.7365000000000000 0 0 0
0.8730701638309666 7.6611656959990526 1.3771447193414730 1.0329100000000000 0 0 0
0.3947814287041781 1.0566863121024441 3.5113164707608737 0.7439450000000000 0 0 0
8.3555794127512932 2.2724124625536848 8.7812953069093673 0.7760550000000001 0 0 0
4.3827166031030274 9.4564852048784633 3.1701805199750543 0.8286950000000000 0 0 0
6.9536002620265558 5.1093381229737007 8.2797061183130563 0.7396350000000000 0 0 0
8.3944587712223377 9.4312346106752543 4.7623244768300657 1.1137900000000001 0 0 0
0.1426093719439917 0.6164767676945463 4.4061864281512761 1.2314499999999999 0 0 0
7.8699394923198378 2.9349448237578351 6.2090453728034145 0.8514300000000000 0 0 0
0.1900632923275255 5.0109568670692566 6.7714897980751143 1.0966199999999999 0 0 0
2.8400651560758465 7.4208805356884469 8.5166791528463879 1.1099300000000001 0 0 0
7.0517850120141468 1.2258390702947994 0.7889118388855130 1.1465399999999999 0 0 0
2.7801161202923179 6.4606838083393274 5.4925869564136667 1.4262999999999999 0 0 0
4.4222561084071188 0.4803709487439417 4.9057245182524030 1.0617799999999999 0 0 0
5.4336636577586290 0.4870664159391921 5.7980271035201101 0.7953820000000000 0 0 0
8.0026650818976517 7.0760980875679040 8.0874097118313060 0.8600139999999999 0 0 0
8.4648098768027946 1.4501191531122823 8.6060739503926715 0.7754820000000000 0 0 0
4.2520879822407860 8.2950763705607908 9.1263193151534807 1.0226200000000001 0 0 0
4.7470962517938711 7.2475710231725046 9.5487399124060932 0.7876710000000000 0 0 0
7.5954126882309705 5.9106591762665941 8.4617316201718555 0.9135890000000000 0 0 0
6.6762874433306605 0.4972334777705938 8.4620444362009000 1.1804500000000000 0 0 0
1.1295147082720971 4.8350832004956548 6.3817517701404070 0.8867920000000000 0 0 0
1.7097273878993249 2.2603116916130390 6.7488659439819534 0.8294010000000001 0 0 0
5.4918235668985780 3.6876916770522215 3.5420894635202274 0.8778870000000000 0 0 0
6.4397543235040269 0.4523588756753043 4.1094732745175859 1.3419099999999999 0 0 0
2.2235247025960541 2.6630109691446897 8.9599995969661972 0.7684360000000000 0 0 0
5.5755831328305883 1.5679999780054339 7.4423068469775879 0.8968320000000000 0 0 0
5.2477843651867477 9.5623013973757622 9.6126477037942717 0.8373540000000000 0 0 0
9.7618508519404212 9.0197056667138718 3.3342769996134152 0.9375420000000000 0 0 0
8.2233141025577243 9.9296508376480404 1.5415632718089067 1.1166199999999999 0 0 0
6.2448281497506928 4.1242636551237197 3.3156111641127795 0.8497100000000000 0 0 0
7.9992630521551824 2.4409581083140353 3.0614199655075063 1.2348200000000000 0 0 0
0.6185172732246865 8.5141475074467952 3.3175685325337807 0.7303480000000000 0 0 0
0.9002562566714364 5.2037203399601131 7.5129919357799091 0.8369840000000000 0 0 0
0.8256605199116313 0.2926383141875676 8.7346197314676797 0.8958630000000000 0 0 0
2.5170419762820155 7.9246299346471760 2.2118100517933565 0.9123500000000000 0 0 0
9.2570447230190798 5.6615476708991519 4.6040493673169847 0.8721970000000000 0 0 0
2.8748381828747989 0.8031953770795484 6.9404614072736752 0.9103230000000000 0 0 0
0.8228259894457636 5.6843103532818251 0.6603905499079006 0.8822610000000000 0 0 0
8.8364155291486277 7.4564678601441736 8.8443434303970179 1.2246900000000001 0 0 0
5.5692988784452933 0.2997570904765820 0.1659076308926812 1.0423700000000000 0 0 0
8.9209069983583227 7.6043885481832918 5.3792617282080641 1.0830400000000000 0 0 0
6.9234640941817798 2.5291088486174127 6.8159297993599557 1.4681900000000001 0 0 0
0.3992747733275290 4.7465152131263961 0.9839275917414512 1.1417500000000000 0 0 0
5.9157562257759420 4.8301759515214107 0.6180175923798688 0.9825390000000001 0 0 0
6.2358994948374802 3.7924158155240777 4.3417540620650161 0.8221650000000000 0 0 0
0.8936896427568993 1.8565805072635271 6.0754709195633421 1.3667400000000001 0 0 0
2.8422285239250660 1.4800328993652245 1.2701895449150173 0.8504490000000000 0 0 0
4.6111210129388711 4.0410592009080162 2.0596374705495664 0.7875060000000000 0 0 0
8.6777273026810935 2.3876283661338769 1.4101529197044673 0.7511660000000000 0 0 0
1.9568350152130656 3.7796294171414258 3.1802119011951859 1.0113000000000001 0 0 0
5.9192453932627558 5.1743545246408189 5.2527924546740454 0.8165640000000000 0 0 0
6.1088025969355808 3.1124024821731875 9.8017547248205066 0.7644490000000000 0 0 0
5.1390534932222796 3.2445441010501730 6.0548867730404305 0.9776430000000000 0 0 0
5.9156873978181164 9.8586098126872450 3.3575442175158163 0.7778220000000000 0 0 0
5.6123336639694132 2.4606197166964292 6.7865654572436389 1.0297499999999999 0 0 0
1.8991380871121530 0.8901667612348241 5.7781146239461698 1.3264800000000001 0 0 0
5.7080741454533923 8.4010334815933394 8.4886402962151717 0.7504040000000000 0 0 0
2.0264592263490488 2.3376398777485394 9.8494589078441503 1.1093400000000000 0 0 0
1.7325161084406493 6.7266156303830495 5.1328130709606281 0.7614060000000000 0 0 0
7.2121553069304802 3.8051666169157099 6.4349646147792807 1.1435299999999999 0 0 0
6.7009813267851568 3.8573404179574631 2.6119964744906210 0.7795510000000000 0 0 0
1.4872094444242008 0.8940147307064484 8.0080091667297655 1.1866500000000000 0 0 0
0.2778039716059947 6.0337470579528247 9.5112598954969556 0.8524670000000000 0 0 0
1.9111108342649437 7.3513985013358800 5.6383195292498982 0.7571900000000000 0 0 0
6.8327870379858302 8.5189553403917611 2.5150488910367415 0.8317420000000000 0 0 0
5.2738368208485600 2.7032598893232027 0.0102303694487943 0.8309560000000000 0 0 1
4.9641541655392247 8.4337069461529346 0.7937544074023274 1.0449500000000000 0 0 0
3.8067540843293579 2.6722544558609425 7.6473764012318863 0.7761620000000000 0 0 0
2.3760330295159959 9.9166039152172001 5.5562856701053356 0.7995970000000000 0 -1 0
9.4842980262001539 9.5369114021601096 4.2767771489687361 1.1884100000000000 0 0 0
2.9091343331917501 3.6132281951769798 2.4880792985950508 1.2630500000000000 0 0 0
5.3739485466350452 0.1356080523751036 5.0020567831339324 0.8930150000000000 0 0 0
3.3943078176808852 8.1268579487813675 4.6215945822043016 1.0973100000000000 0 0 0
6.4763728110536469 5.0577963623146136 5.8758087282017986 0.7308630000000000 0 0 0
2.4677826133403733 9.2124472104227948 8.0662087603265462 0.9475040000000000 0 0 0
6.6011828419980727 3.1798643984886916 1.4999173407881567 0.9128740000000000 0 0 0
7.5683602995744002 2.5419813338315889 9.3363226597735380 1.1422300000000001 0 0 0
9.0633834108307099 4.8929244130858720 5.9689830991666391 1.4836499999999999 0 0 0
2.7068478079107536 4.1302097082657951 9.8300117235110669 0.7341470000000000 0 0 0
4.5767495642507923 2.2460899721654441 2.7201193928250604 1.2948500000000001 0 0 0
6.1556281805371471 3.4064835329289900 6.2537700115626853 1.0409500000000000 0 0 0
3.1227460581358133 8.5974495942655533 7.7860501915942875 0.7788490000000000 0 0 0
3.2421746548912154 7.4713851245283029 9.8741392244306656 1.5871100000000000 0 0 0
4.1977822787764456 9.0856779471096800 8.2702713005635236 1.2285800000000000 0 0 0
7.5968464430061937 7.2664024642149121 0.9552675506748398 1.3716800000000000 0 0 0
7.2736101195373637 4.3669598422055369 8.4684148697544668 0.8572790000000000 0 0 0
1.1544062930374028 9.0658098303891332 4.5295595110961475 0.8145750000000000 0 0 0
9.2771973444799283 0.2377461766043439 5.4685616651275417 1.5246800000000000 0 0 0
9.3007242934880789 1.0466462961758416 2.0709886250761573 0.8130450000000000 0 0 0
9.1282155005511711 0.4803793155538981 4.2347195604962682 0.7334090000000000 0 0 0
2.4835533404723988 0.5017608232926376 0.9046568283374974 1.2445299999999999 0 0 0
2.4490306329056017 2.6957834992886474 6.6788762514857334 0.8322000000000001 0 0 0
3.0805962710065993 3.8546691051057622 0.5142485723980716 0.8349190000000000 0 0 0
9.6614402470868157 6.1397259988936783 3.9204850655865910 0.9068079999999999 0 0 0
1.9328795292245233 2.6879619506642931 2.5289716834124696 1.3441300000000000 0 0 0
9.6148554665820232 6.3460746340500762 0.0356158786636790 0.8440280000000000 0 0 0
8.4180220621781903 7.0433921913866557 1.7727369366729455 0.8764630000000000 0 0 0
2.4157221394252537 0.1724039755407659 8.1460041860294830 0.8710260000000000 0 0 0
2.8596467508920105 1.5263954803355786 0.3978299792479603 0.7477160000000000 0 0 0
7.3058693787660829 8.5954467514721689 8.6915154073896375 0.9472170000000000 0 0 0
0.8490630208665629 2.6665182998328651 2.7692113273748000 0.8053420000000000 0 0 0
9.4839814731957812 9.9266209266186642 1.6561033282517246 1.2297700000000000 0 0 0
3.1487927510945783 2.5318017421644461 6.1575460520019067 0.8874400000000000 0 0 0
6.8288876332550634 6.2689090275130894 2.6717958418406327 0.7596510000000000 0 0 0
2.1609597178867617 7.1818899445817568 7.7548875395792987 0.7389740000000000 0 0 0
7.7966447609325638 6.1673151398857273 2.2854923899352566 0.7778360000000000 0 0 0
5.8158247655763260 3.7414786480184499 2.6375037613483858 0.7696539999999999 0 0 0
8.0426850157382201 3.4375384492357837 4.6089680539753832 0.8090320000000000 0 0 0
5.3452135008241104 4.1930379434790295 6.1646807870975220 0.9170250000000000 0 0 0
4.8020645803413613 5.8138774013280283 1.7031993484882784 0.7650540000000000 0 0 0
8.2496620871956381 4.2313424861600861 6.9430111013836679 1.2454400000000001 0 0 0
6.4112076521431938 6.6510146262265053 7.5550147838733439 0.8317980000000000 0 0 0
3.2674214874219132 3.3501941663416606 4.4625718369758616 1.1128899999999999 0 0 0
1.4868314280791650 0.1292544549363814 4.6885421094742687 1.3664499999999999 0 0 0
4.4696378281911100 4.4011515631138867 8.7084551723747641 0.8498370000000000 0 0 0
2.9884080439715741 4.3296578741503344 6.6527923760636503 0.7408720000000000 0 0 0
4.3418597190182799 8.3288233730093246 5.4906574279198113 1.4275100000000001 0 0 0
9.0747557086027477 5.2195178165857401 3.6208411739159403 1.0384899999999999 0 0 0
7.8294201071500611 4.5516714481210929 0.3806299655063312 1.4651000000000001 0 0 0
8.1160972261400488 5.2800164296086836 3.7081046139296077 0.8253819999999999 0 0 0
6.1652779552320416 0.7160633537554206 5.2607475226893161 1.0034099999999999 0 0 0
4.9828486069998057 2.4360480940455016 8.4877529410020625 0.7765140000000000 0 0 0
8.4803772622608644 8.5453994638497619 5.3329275168895611 0.8094620000000000 0 0 0
9.0198579791300055 1.9029782677256921 8.9685708411948770 0.7368300000000000 0 0 0
4.4849275934452963 3.7968636150101434 4.6648859458470220 0.9219280000000000 0 0 0
8.7571933066208469 6.4194841257206452 9.5987914414040567 0.9525400000000001 0 0 0
9.8383983957056227 6.7889515326226038 5.4564106791098537 1.2010600000000000 0 0 0
4.8801332499425865 4.6614866564432829 6.9167772454680296 0.9524410000000000 0 0 0
8.3057550260420197 3.4664084338240424 0.8879674111514582 1.0322199999999999 0 0 0
4.2656479281615436 5.3428372141109577 1.0747059134215180 0.9935680000000000 0 0 0
7.9023343983051655 0.3099880259339595 9.4650606393256851 0.7833810000000000 0 0 0
7.9951920987517369 4.1609519354225117 8.8394911895013948 0.7350630000000000 0 0 0
4.7410581595649477 2.9201056493844058 0.8618076462625442 1.0463100000000001 0 0 0
9.4024151373960869 8.3766120606043835 9.0153707428706777 0.7315920000000000 0 0 0
9.2622705394770115 1.6135982776834603 8.2954717719616990 0.7458370000000000 0 0 0
4.6448194038918809 1.0477177337120105 5.8613242889315540 1.0815100000000000 0 0 0
2.8342389386626197 5.8387062795676590 6.6456878569231606 0.8569700000000000 0 0 0
8.8757435359401455 0.7781613896480345 1.3467086280967770 0.8797960000000000 0 0 0
3.2721711062780003 1.5447085993394869 7.3465700820073589 0.8521090000000000 0 0 0
7.1763176783867051 5.2172530595834852 2.6701824678418338 1.3688499999999999 0 0 0
3.8758353366114862 7.0993750496765546 8.7766823170997394 0.9233330000000000 0 0 0
6.8954063419091360 4.6195557603556487 3.5431238130152649 0.7555890000000000 0 0 0
8.1515107192213332 2.4865818964075284 0.4585061554214840 1.0305299999999999 0 0 0
8.0272257830970339 5.0170042041090079 5.1956143332813243 1.0303599999999999 0 0 0
5.4909037391257431 7.9002528576586544 4.6003815970623121 0.8215920000000000 0 0 0
8.0597922677680334 0.2394150012830574 2.9303575721489952 1.1889200000000000 0 0 0
0.2181444216856014 2.4776028385661344 4.5647455169721018 0.9487020000000000 0 0 0
3.5031363636101283 5.0534426275037028 0.2501333163918237 1.2461400000000000 0 0 0
5.7879070785068194 1.6191103002353568 6.4697242171796088 0.7439560000000000 0 0 0
0.1046440873582883 8.5838054526620979 8.0087319795015990 0.9297150000000000 0 0 0
4.4206090987860600 2.8920985725415531 9.9218984559739916 0.8412700000000000 0 0 -1
9.1624891856831532 0.2238113108999551 0.4485139232184322 1.2367699999999999 0 0 0
1.4064968156620137 8.9794941860883544 2.7872794850618923 1.2535300000000000 0 0 0
3.7039063337321241 9.6282159155471216 9.0557641994968261 0.8135720000000000 0 0 0
8.7582155223050755 8.2385171126884220 7.3920918718366426 0.7450810000000000 0 0 0
0.1499759771218092 7.0899033564944709 9.8261831069019117 0.7690979999999999 0 0 0
0.5230525978688094 7.6728340361323024 7.8664577271131764 1.0245400000000000 0 0 0
6.2270572272996141 6.1868203332360139 5.5772389086589191 1.2937300000000000 0 0 0
1.3523115688314080 0.5807399395620366 1.3235816892136467 1.0617500000000000 0 0 0
4.2194286422929448 3.9022356718492466 7.7694965669491305 1.2144699999999999 0 0 0
5.8966348221491192 8.4073778900252201 7.5478917566803032 1.0080899999999999 0 0 0
0.1219637937965604 1.9089397915143460 9.0164405731565527 1.0989199999999999 0 0 0
5.5486018328158782 9.3338757481712733 5.4427069950213838 0.8806710000000000 0 0 0
4.1928719974833077 5.1265687086034895 7.6846900353153575 1.1616100000000000 0 0 0
5.2603706643190247 7.8373007298397024 3.3386275363054390 1.5843799999999999 0 0 0
7.6153972136118551 1.7713104801475743 4.8688504699190815 0.9570640000000000 0 0 0
2.3146212665977588 2.0820751958147161 1.6382758674442359 0.8495870000000000 0 0 0
3.4160247030659363 7.0343427302393025 2.8801237576729606 0.8680460000000000 0 0 0
4.2815497333876751 5.1204569683346230 2.1359657390979483 1.0995999999999999 0 0 0
3.4794943717654805 4.3645382309264074 1.0469088731515934 0.7898710000000000 0 0 0
9.9224578432443344 9.9777172207310798 9.4011513033998568 1.2915399999999999 0 0 0
5.3660611419461315 3.5980814527518055 7.1839979756992092 1.3511700000000000 0 0 0
0.2511003443229602 6.8100793178841768 4.2797718202907440 0.9097490000000000 0 0 0
1.4620858100119380 5.6898481989401377 4.2997458857486803 0.9516890000000000 0 0 0
3.4463787173168390 2.3094277434946116 7.0074456182136835 0.7688160000000001 0 0 0
7.1479637392709625 4.1025206521953734 9.4304407438442741 0.9648320000000000 0 0 0
5.2919174500376025 0.3173137158148203 2.6299842343129161 1.2683599999999999 0 0 0
5.5398766217977098 7.0992680097589256 2.4156614381689669 0.7479650000000000 0 0 0
4.4449641615621989 3.8940235791372992 6.4305497101796965 0.9903160000000000 0 0 0
7.1860665122305551 9.5720754175485716 4.7351663163978204 1.1955000000000000 0 0 0
6.2964282188821885 4.1804892235822946 5.3868684099310951 1.2274400000000001 0 0 0
1.1025132082855156 0.4928744178120860 2.6337861021161917 1.5164200000000001 0 0 0
5.3089568504281619 5.9806302476454656 7.6234021367279743 1.5560600000000000 0 0 0
2.0235974918758335 3.2759457735035622 9.5009878556809539 0.8313240000000000 0 0 0
8.7945375027499164 5.4290657480698803 0.0757078065059958 1.1222799999999999 0 0 0
5.2330167367063964 6.2667527411408086 6.1327059581923047 0.7659390000000000 0 0 0
4.6295142126401805 2.9188619817904136 7.7515742378367971 0.8106010000000000 0 0 0
4.5173541479888959 5.4802910093699557 0.1263838063153586 0.8487830000000000 0 0 0
6.3985865090145140 6.7818253941124658 9.7375902905854925 1.0519700000000001 0 0 0
2.4029746150921798 9.6337540382991662 9.0433185080084613 1.0138199999999999 0 0 0
0.1861907390739795 4.5718815848970600 7.7317432539795341 0.8560500000000000 0 0 0
2.0164711016690902 1.6311716441005868 8.9529879765574112 1.0942900000000000 0 0 0
3.4332695661338968 6.2712104244076059 0.6904829660313631 1.2387600000000001 0 0 0
2.1641106359279574 4.9182052428209948 7.8105046455438378 0.8821830000000001 0 0 0
8.4818624612558100 2.1382557380627358 9.6004039245230324 0.8412560000000000 0 0 0
7.9942097522315265 8.9208083041512776 1.1566208025001288 0.9651180000000000 0 0 0
8.2522442664122551 3.0816827559989308 8.6818144113181823 0.7455480000000000 0 0 0
5.2413248446814604 6.3890456347882747 9.8865108519898008 1.1969799999999999 0 0 0
7.1583186779332859 2.2267887397130344 4.0935909369927685 0.9810060000000000 0 0 0
9.7677906645795591 8.6684066821693957 1.7342203321475662 1.0491299999999999 0 0 0
5.6739722100255632 4.9294236172284229 7.1612463221542200 0.7352500000000000 0 0 0
8.4886613786624938 3.1573432220734068 2.0809519683165556 1.2163700000000000 0 0 0
4.1540767220177655 0.9914381589357293 4.0227493770887000 0.9659470000000000 0 0 0
9.6814678045283706 9.1187603559922312 0.6858814433392456 1.1349700000000000 0 0 0
6.3262326207822399 6.1552524675154983 3.4574417913585300 1.0489100000000000 0 0 0
5.9402328822051969 9.0227394865653423 4.2701219027936306 1.5880900000000000 0 0 0
2.7532430308206206 2.8051408733154486 7.4505384291335153 0.7683100000000000 0 0 0
5.1750042647846133 5.5756125357857833 0.8139571957500271 0.8644180000000000 0 0 0
8.0531025811907160 6.3179976712526829 1.5353667799655994 0.7434269999999999 0 0 0
0.1007657589687882 1.0996199927699586 6.2618962680987105 0.7340570000000000 0 0 0
5.2988269104482519 9.2407370155394890 3.0671353845580835 0.9833229999999999 0 0 0
8.8765663957079024 3.6336651637126742 4.8053883745636226 0.8499640000000001 0 0 0
0.3619957950372816 9.3546509165758689 1.4369418971405765 0.7990110000000000 0 0 0
4.6504627311419373 9.9191782057989695 8.7634852987316343 0.8195950000000000 0 0 0
5.0275576106899820 8.6304211301246134 9.7494921761909588 0.9648080000000000 0 0 0
3.0746855638069253 5.0633055669459379 3.6782770738757371 1.0530800000000000 0 0 0
7.9267936699313628 3.7684304874916630 7.9966222942308072 1.0629200000000001 0 0 0
8.1105202878328075 7.2822859155098216 3.7147482925555577 1.1116299999999999 0 0 0
8.9963814769560990 2.8264223389889960 2.9161026947712529 0.7696210000000000 0 0 0
9.9862714497290028 0.9404005848090762 0.0985571434169172 0.9734590000000000 0 0 0
6.0472749222285485 9.2182760512026185 7.0703520508787099 0.8026200000000000 0 0 0
5.2918604017664093 1.9936947332026937 3.5458896261480701 0.7675600000000000 0 0 0
6.4359857998854153 8.6642785056077170 8.3676854857650635 0.7312240000000000 0 0 0
4.1137112607897492 8.6738547500819028 1.5510669911417658 1.0682499999999999 0 0 0
2.4621980550078715 8.9180377709972749 6.8919968160333802 1.3992000000000000 0 0 0
2.2316176542613180 8.8971716167219537 4.9917709789225819 1.4798300000000000 0 0 0
9.2932583112504776 3.5997944466178109 3.1606544172190150 0.8907890000000001 0 0 0
3.0412122821025114 2.1444789873614245 8.3341675539673332 1.4332000000000000 0 0 0
4.3452317464582810 6.9783680445646690 0.3116072109304081 0.8937340000000000 0 0 0
2.5163114898686807 5.5006905618980051 4.6083336242762316 1.1413599999999999 0 0 0
7.2986476696119356 3.1054332596786756 2.2908046693308104 1.1304399999999999 0 0 0
9.2871082176598208 7.1045304144820554 3.6701995184878680 1.1582699999999999 0 0 0
6.3025290329915302 0.7143728334795294 3.0164732985120559 0.8358320000000000 0 0 0
2.9071398830473552 1.1310216500725638 3.8798316054249526 0.7407980000000000 0 0 0
1.7845394354242872 2.9751754211055310 6.2904836022112072 0.7480599999999999 0 0 0
6.6673325788111368 3.2403537444190458 8.9539892358544879 1.1277400000000000 0 0 0
4.5266053358393972 2.7199963847592588 6.7703060314081043 1.0927300000000000 0 0 0
5.8173046529933545 6.8544705897147011 4.3504333816386422 1.3341200000000000 0 0 0
0.8979078978306323 6.6129727162432816 1.0942498832081737 0.8254200000000000 0 0 0
4.9367628005570863 3.3942535791067652 2.7218769622481243 0.9984040000000000 0 0 0
2.4560298720400855 7.5467090695501771 0.9055746974954871 0.8017530000000000 0 0 0
4.7944038277583241 1.2557385759150412 3.3064654645201421 0.9581830000000000 0 0 0
6.1657281292683130 3.3015219993357352 3.2099398814893201 0.7349950000000000 0 0 0
1.1212096307904311 3.1272945420179683 5.2703469220249293 1.5836100000000000 0 0 0
3.6690554647480194 0.0721230918661342 0.8943899050106815 0.9230950000000000 0 1 0
0.1090234300689799 0.9091491297287231 2.1474266126852783 0.7738730000000000 0 0 0
2.4837943591039973 0.6908306192636305 2.9987307591220005 1.2559199999999999 0 0 0
1.3388857319593579 6.8466784081601615 3.8692296121269432 1.3391500000000001 0 0 0
0.2635075357065887 9.0987496954641855 9.8993612211417208 0.7588220000000000 0 0 0
1.6447204724848301 8.8751907075292102 7.8352297725253068 0.7895280000000000 0 0 0
4.3666066966085015 4.9942981529981560 3.8186352728058162 0.9652740000000000 0 0 0
3.6189016591450263 7.6753412521222693 2.0229419629036083 1.1009300000000000 0 0 0
3.8295877147792030 9.7546002050922667 4.0969246901343608 1.1782100000000000 0 0 0
4.5618835369597726 6.1824076871298539 0.6604077500367237 0.7818090000000000 0 0 0
4.2235283000801598 6.8869503620385721 1.3355861749702327 1.0544800000000001 0 0 0
8.8759673164670687 8.1540681031607924 9.6836571522140353 0.8760869999999999 0 0 0
8.5943274755047412 2.2029279530741621 7.8790575901837236 1.0362700000000000 0 0 0
8.1379909356866111 5.4078720398025046 2.0582596389666445 0.8513480000000000 0 0 0
6.1230035541584451 5.0845553480478252 3.4127792172770857 1.0078000000000000 0 0 0
9.9852269419352115 0.9142646558799695 1.2019701511879550 1.0723700000000000 0 0 0
9.6319638713315872 5.7631890902752847 5.3824976719681121 0.8002950000000000 0 0 0
0.6524849908511674 6.4889480691110260 0.2313149822004916 0.9115650000000000 0 0 0
1.7787244646900555 0.5419306816263473 9.0757553752258140 1.0601700000000001 0 0 0
2.5041296600071465 9.4556085814096598 1.0906557575201163 0.7860420000000000 0 0 0
3.7986498966195046 9.7371583967431139 5.1092325486517707 0.7851910000000000 0 0 0
5.7978058597242699 2.9054329249850306 5.5529445807227162 0.7515660000000000 0 0 0
8.9095019361699102 7.9865500410600259 2.5574218797644197 1.6003900000000000 0 0 0
9.1823667820279269 0.0844728995676125 8.6747392941540475 0.7307090000000001 0 0 0
3.2948924805259390 8.5803285911821909 2.1640885037502451 0.7785460000000000 0 0 0
5.0896126939855924 3.4526926366040263 8.4512370450214931 1.0844100000000001 0 0 0
6.5634197717902998 8.4489009438431761 6.7354067515152982 0.9703990000000000 0 0 0
5.1148194545269696 1.8817348898893420 1.0075594939133798 0.8155450000000000 0 0 0
2.3040281344356286 1.0908202755201382 9.8374824601605475 0.9829320000000000 0 0 0
9.8424842288360779 1.7862701876077465 2.7898916746340157 1.3458900000000000 0 0 0
1.5976002557606654 8.2301805468014990 6.1055966970565727 1.2230900000000000 0 0 0
4.9438953138058102 7.8712407015793673 7.2908538394753437 1.0534300000000001 0 0 0
8.3201054926761024 0.0124725445436359 6.4859794198149299 1.2044100000000000 0 0 0
7.0635562637401090 0.4932532455539091 2.7305738310633836 0.7981020000000000 0 0 0
5.6740507857165037 7.3418377353240745 8.1507350507128269 1.3626100000000001 0 0 0
8.6295009550599637 9.2224215455757523 3.1473132641894446 1.0951299999999999 0 0 0
3.1326372214387317 9.6946827297167086 8.4694672147739514 0.7804770000000000 0 0 0
6.4418657209268799 1.4074117490847602 8.8271858339503542 0.7310010000000000 0 0 0
7.9724901369326595 9.7908470468947133 0.3763879427456025 1.2049900000000000 0 0 0
7.6835634072007331 7.6540850145480706 8.8708939905012816 1.0145700000000000 0 0 0
8.4521787863146187 4.2048020654662581 4.0577647412770750 1.1507600000000000 0 0 0
9.5176463731804901 6.8516927007453727 2.4706802713450879 0.8854300000000001 0 0 0
1.5800214717023677 6.5744727038989188 1.8569667898392985 1.1378699999999999 0 0 0
2.5509940156389836 2.0571286686140806 7.2386907409511698 0.7487850000000000 0 0 0
7.4619833776405056 1.2922366444193385 9.0788528753423599 1.2944400000000000 0 0 0
5.8833159053514175 5.5312552705388578 1.2786063525272642 0.7727480000000000 0 0 0
2.6202113866719285 9.9386690958033910 4.0399494566110361 1.1901600000000001 0 0 0
0.7998900202286923 5.4429833275216000 9.8534100999561414 0.7369289999999999 0 0 0
8.7348283306362742 3.8473218660437882 8.6309782629016940 0.8685110000000000 0 0 0
9.4006094955793085 1.3676743575238435 9.4322381115723637 0.7668570000000000 0 0 0
7.4594050299960335 8.2637630037724072 5.6560119138399712 0.8965300000000000 0 0 0
4.1473918015353419 7.2165325690185949 3.5129110944220940 0.7691000000000000 0 0 0
2.8721107009917688 5.9222546207197526 9.6082086722350635 0.9985250000000000 0 0 0
5.9264450016099621 2.2098660999212507 5.1324940456443384 0.8369270000000000 0 0 0
9.9017135205803886 2.8082027867690464 5.3723031522426696 0.8521180000000000 0 0 0
5.6773271916948502 4.2391444843890520 9.4228905043721518 1.5932200000000001 0 0 0
1.8489653834822035 5.6532621750199787 6.2494008466212856 1.2226600000000001 0 0 0
1.2303150146291739 8.8920722371564747 6.9267848168109483 0.7754400000000000 0 0 0
6.4414277459077116 4.9302816333388524 1.6725941874015102 0.9530560000000000 0 0 0
2.2388260566365763 5.6103532137260794 8.6775252947313888 1.2356400000000001 0 0 0
3.6523735191549349 5.2049344052433115 4.6386283402395971 1.1383799999999999 0 0 0
3.9332741417736026 8.6135929551754202 6.9100366009346050 1.4907900000000001 0 0 0
6.1731051797989798 4.6081593176752067 2.5478803109252115 0.9048550000000000 0 0 0
5.9702247851659687 2.6094798160518833 7.9895136127882243 1.3866900000000000 0 0 0
3.6430766725762771 4.1146204311009988 6.0907469359906861 0.7378580000000000 0 0 0
1.9706749682931468 1.8065406665393786 7.8380956865671223 0.8302090000000000 0 0 0
3.5947086871516190 4.2728256751000426 1.8625594755013539 0.7775050000000000 0 0 0
9.3039825329846959 6.0695695208399938 3.0037456428984424 0.9865460000000000 0 0 0
0.5828132492204017 1.5417116594401881 9.7904691994359556 0.7486840000000000 0 0 0
8.2833489645674110 1.8620938059413226 4.0922235803836839 1.0345400000000000 0 0 0
8.1371105016878786 0.3966126984576742 4.7336205511016596 0.7527509999999999 0 0 0
0.9923687847724273 7.0278425350560960 9.3862261864664998 1.0408900000000001 0 0 0
0.8269526441398370 6.0544844567025269 6.8572543394601571 1.2052600000000000 0 0 0
9.8853373441023464 2.4890233889189144 7.8159526201241674 1.5231200000000000 0 0 0
6.5420182075594981 4.2168389379355746 0.3046753571291645 0.7374750000000000 0 0 0
3.5349968708649806 4.2119485445633638 9.6374607025466865 0.7637450000000000 0 0 0
1.5006967372612068 8.0068363622344769 7.3273474025469207 1.1443300000000001 0 0 0
6.2145894776483042 5.8613308765064662 0.3959053818635592 1.1102000000000001 0 0 0
8.3720765205932253 5.6329196074734504 9.0900726079482386 0.9599200000000000 0 0 0
6.6432083860132449 8.1742694912343516 3.4235736251234590 1.0793900000000001 0 0 0
6.0017250640292223 5.2562843240832784 8.6203089820158230 0.9122240000000000 0 0 0
7.5570827832997223 5.0212570727231203 9.1478857018206838 0.9918190000000000 0 0 0
6.7339310700251458 5.0045764402522339 9.8212022953056728 1.0553200000000000 0 0 0
6.8553535614013459 3.6920727419495236 8.0171290393300634 0.8727720000000000 0 0 0
4.9954383570223717 1.6450474103781489 1.9015544728478868 0.7389230000000000 0 0 0
4.7937713157779935 7.5063692039278465 0.8206176494555143 0.7715919999999999 0 0 0
5.7575550179752071 3.6554180968279182 0.8290542812707067 1.3507300000000000 0 0 0
6.2682118289690587 4.4434330248786367 6.5810613132606495 1.0806300000000000 0 0 0
2.1067801519142315 9.7190505219356798 3.0942471863712906 0.7678880000000000 0 0 0
8.5583675549071785 1.3638224639030949 2.7988503173143311 1.1618500000000000 0 0 0
0.2833575786258918 2.4578530462234349 9.8978798157383103 0.8884300000000001 0 0 -1
9.7847652264449572 8.0747991120011733 3.4222108799371318 0.7928990000000000 0 0 0
9.5556049243136147 9.3611272872502767 6.2229233382566296 0.7840700000000000 0 0 0
9.9723776999346256 7.4742420965635183 2.8923965005354089 0.7792690000000000 0 0 0
3.1393493781737551 0.4824551962114314 0.0668170586954162 0.8108710000000000 0 0 0
9.6890495955695179 8.0061127801578653 7.3836888298969638 0.9091399999999999 0 0 0
0.9877675401972887 3.6246712429915990 2.7991417216302135 1.0187700000000000 0 0 0
5.3182804408395148 4.6958688306771457 1.6244324596508617 1.2094199999999999 0 0 0
7.6267621976568574 3.7816404518652549 1.5265705065134041 0.8693570000000000 0 0 0
9.1957572934038705 8.3420732465644640 6.4003080233319123 1.3140000000000001 0 0 0
9.5151582454864734 4.8967482089852492 9.5734572962963149 0.7756030000000000 0 0 0
7.3180813343715290 5.5704791782639891 5.8147179220025480 1.0267700000000000 0 0 0
6.4911138947003471 7.0006357967096839 6.2106971945233704 0.7379340000000000 0 0 0
9.3281173486175089 3.5683178283441519 5.6872718898511199 1.0627500000000001 0 0 0
2.9561899339076581 7.9022760342823579 5.9113253944742521 1.5002200000000001 0 0 0
5.8158480562170380 7.9207310308619476 1.1659410647083095 0.8991050000000000 0 0 0
8.6278105078204828 0.9652156026848114 6.7817335067106708 0.7574030000000000 0 0 0
1.3952797607954903 1.3683229117336746 9.7290754921490219 0.8667370000000000 0 0 0
6.0234146946866671 2.6878379256004914 4.0985860796377738 1.3693200000000001 0 0 0
0.5803466750542061 5.9688617006774285 4.0017250179726140 0.9000780000000000 0 0 0
6.2977256971116100 7.8680145041669229 4.3219160566159536 0.7507360000000000 0 0 0
0.6362054206755055 0.6415011614069339 5.5597202861767485 1.1895700000000000 0 0 0
8.9589502824934897 2.7794744147901227 7.1257005128111341 0.7295480000000000 0 0 0
1.3818104962761260 9.5957059702219833 6.0136172964074044 1.4063900000000000 0 0 0
4.1716450910702942 0.4068271228886696 3.0946961143727219 1.0656099999999999 0 0 0
2.3405149518765302 6.9732908793722324 2.7585291131146863 1.2247300000000001 0 0 0
1.3301604148062252 5.3529892839013904 8.2214889705375178 0.7473760000000000 0 0 0
2.5018872741290430 0.5242342448811084 4.8688004844966555 0.7695880000000000 0 0 0
7.5949983521322464 3.5078867348906728 8.8859150941135692 0.7445300000000000 0 0 0
8.4452666717879517 0.5691382385740956 8.7540187947208281 0.9090680000000000 0 0 0
6.5538189163578302 9.3991491633909519 1.2634618713427708 0.7507480000000000 0 0 0
7.7334368994764571 0.6678550857627091 8.1351138122289157 0.9119800000000000 0 0 0
8.9856834468504143 7.4976625063361242 7.8273285684662595 0.7446890000000000 0 0 0
8.7068624672212245 7.1440135328415710 4.5197460250265049 0.8334810000000000 0 0 0
2.3694712555741426 6.6037758663702038 0.3664625983383480 0.9844660000000000 0 0 0
2.4351097345627597 8.7521448204083736 2.5210398564200505 0.8044519999999999 0 0 0
3.7633185468516870 4.4561864131120821 2.9772168196526452 1.1858700000000000 0 0 0
1.3368566786849754 4.8949088841244706 9.1931624973687285 1.1996500000000001 0 0 0
4.7352431349071624 8.9212247396872986 3.8206827412490525 0.9138770000000001 0 0 0
9.9788442165164426 9.4423658061114910 7.7051585235057090 0.8187170000000000 -1 0 0
2.2554170905766711 8.2589187787588418 8.1231777392192104 0.9480390000000000 0 0 0
7.3662507104656481 9.8635752992263530 7.9948739723008622 0.7971730000000000 0 0 0
4.5560204823526886 7.7469693288382011 6.4380483708863832 0.7682650000000000 0 0 0
0.5482833531831217 6.8577124761930488 8.4531942500989512 0.9115090000000000 0 0 0
