3.2180414593463449 3.0371541429945554 9.5408251083709175 1.5223500000000001 0 0 0
9.3042017277562561 2.8387766730430477 0.6226196831727649 1.3036399999999999 0 0 0
2.2750077429174502 8.7252994017956862 0.1264884632789583 1.5483800000000001 0 0 0
4.9300951941509155 6.6468044298229785 3.6612434714866282 0.8109130000000000 0 0 0
3.2395219659030352 7.2675498900965820 1.1216220611923693 0.8679580000000000 0 0 0
7.6849957659184058 8.4414767595239670 9.9531113329342435 1.5981399999999999 0 0 -1
3.9898990194172210 7.3239829324553751 7.0760110911853449 0.9923410000000000 0 0 0
3.6178719227408593 1.9795860292444158 0.2589540544828814 0.7635340000000000 0 0 0
1.5314925167133531 3.4738475870240650 8.1642227177614242 0.7342720000000000 0 0 0
1.0979192092383807 8.7306426664206978 5.2453944927720455 0.8103300000000000 0 0 0
4.2977853307184999 8.5748754297023009 2.6388960879713959 1.1261300000000001 0 0 0
6.8017955869143698 2.0061024792185140 1.7227676573775330 1.3158600000000000 0 0 0
3.6607511987778922 5.7821156998981689 5.3703423605734244 0.7312270000000000 0 0 0
1.7148750638289938 2.6121180010531551 7.5072012001046069 0.8757500000000000 0 0 0
9.8108820102147991 9.1024074953861600 7.0013139455967259 0.8057480000000000 0 0 0
0.0003342417068231 3.5939627827859097 4.9701295031745891 0.8154730000000000 1 0 0
1.6218790558832610 5.2165307073657043 1.5445111511786360 1.5600600000000000 0 0 0
1.1826357473027098 3.9280393848088480 4.3592069531589086 0.7315920000000000 0 0 0
7.8050271852430813 2.0500689118110822 7.4010611401993511 0.7481250000000000 0 0 0
4.0017238417886398 3.6326435399174710 2.4114423873989517 0.7743470000000000 0 0 0
2.9040430802339414 7.6583898516130073 7.3316117493033373 1.2324999999999999 0 0 0
7.6606095124458671 0.2402143363857596 3.9862325409369865 0.9478140000000000 0 0 0
6.1202848197356463 4.2574445195192387 7.5327283097982765 0.7299369999999999 0 0 0
8.6796835209590775 0.5854968695378225 2.1313974910450999 0.7448790000000000 0 0 0
3.1440870255268680 9.7354257303531995 9.6698342063845093 0.8362460000000000 0 0 0
2.6371921212488871 2.9775302146564386 3.4943500940865961 1.0232100000000000 0 0 0
3.8241884291827670 3.1704117894885870 3.3689375095968574 1.3013300000000001 0 0 0
3.3868502057905405 0.6191887787161395 1.9430433111074537 1.4341699999999999 0 0 0
5.0459470770465593 3.3748058917554307 0.0830246515686513 0.7303460000000001 0 0 0
8.2006584061803327 7.2159288314300625 9.8332125576226996 0.9766070000000000 0 0 0
8.9229747427376740 9.2993033435724861 7.0308291776481173 0.8725990000000000 0 0 0
1.1391740796583234 3.1587247813828023 1.7427446663242625 0.9207550000000000 0 0 0
6.8276956929398072 4.1521418280832147 1.1664111539515027 0.9573630000000000 0 0 0
9.7807573174137747 6.7468275491847818 9.0552910871687065 1.0613200000000000 0 0 0
2.3703956343213575 8.8146198480898459 3.4292242685655903 0.9061020000000000 0 0 0
0.3340304453587745 9.3480240913380985 2.4168795529969485 1.1386799999999999 0 0 0
9.2691732091765253 1.3016460365323990 6.1679407611698860 0.9456420000000000 0 0 0
1.0210741911089369 0.5837692549279396 3.7895373253422253 0.7893360000000000 0 0 0
0.6102277199148625 3.5762323696211689 7.8761483656557649 0.9513160000000001 0 0 0
5.9772239175884696 5.4660138076106515 9.4700554422596870 0.8126430000000000 0 0 0
0.7869495410067293 0.6284576235728818 9.6025471783917435 0.8720110000000000 0 0 0
3.3978999941318815 7.1289808902176333 3.9630176914782558 1.0375600000000000 0 0 0
5.0947413025304229 0.1109036245017172 3.9180019394168619 1.2639600000000000 0 0 0
1.3452974060428922 3.9191994507654742 0.9117548108677779 1.2748600000000001 0 0 0
5.3455058038788499 3.8529392479042457 5.1611262961053734 0.7738810000000000 0 0 0
2.6140817254029849 3.5377023245316885 5.6914345759626057 1.5308600000000001 0 0 0
6.9133647449794973 7.1411775614726665 3.8597625106200311 1.0398600000000000 0 0 0
1.6676408903688142 7.9233507210646366 0.8014125619529182 0.7876350000000000 0 0 0
0.1360098834396686 8.3319969921609367 2.6465348746391801 0.8842200000000000 0 0 0
5.5368821609300385 9.0680057072043674 1.7776961539747753 1.5201100000000001 0 0 0
9.2738688064011967 8.2661090957506627 8.1662754006151470 0.8909200000000000 0 0 0
1.6302470666049045 6.1700454322876022 0.7628941299191307 0.7952500000000000 0 0 0
8.5940453242860624 9.6320517616581238 9.3715330586747498 1.1177699999999999 0 0 0
3.0880419148002081 8.3192301954573562 1.1806491587161558 1.1294400000000000 0 0 0
3.1338101789723454 4.4819920497004491 7.7062791317641173 1.1751900000000000 0 0 0
7.8747247957521243 1.5254379446433197 0.1377412642211545 0.9572360000000000 0 0 0
7.2456835502108596 7.2359739307511388 9.8052922900499730 0.8353830000000000 0 0 0
3.3612934895951430 0.4300868554451544 7.7005821669732875 0.9798420000000000 0 0 0
2.4432952199733586 0.0180355578893598 6.4435984678305562 0.9657060000000000 0 1 0
3.2692869010747021 6.5850292437009568 1.9913876026181971 1.1149400000000000 0 0 0
6.5222642385365113 0.2100138143048988 7.2227699372953706 1.2736700000000001 0 0 0
2.2233147123520927 9.8499702596114389 2.0103058259955522 1.2454200000000000 0 0 0
0.9381486441602975 7.4362666052002737 0.3164585658006320 1.0008699999999999 0 0 0
8.5059202282247188 6.3641291615494051 5.4237302968152239 1.6125499999999999 0 0 0
4.0826250305060254 6.0921735901726164 8.3007553211445106 1.0560099999999999 0 0 0
3.3483373583368112 0.6344193682038450 5.7674405352138791 1.5049600000000001 0 0 0
1.6626434772008423 2.7403208586050138 0.9348414934458795 1.0783199999999999 0 0 0
9.4400963975601613 9.1892551885446370 8.5668557788408037 1.0687100000000000 0 0 0
0.2422176258036631 5.1864897597224733 9.2064910825755124 0.9120320000000000 0 0 0
3.1177742408258635 6.3633467572733453 8.7282994687594897 1.0012900000000000 0 0 0
5.8174313762030962 9.8028369765315855 0.9012194552281916 0.7498990000000000 0 0 0
8.0885424440424298 5.6561831784746239 6.8852011801734250 1.4770300000000001 0 0 0
5.7735461392997562 1.5262897943183549 2.5921620282862223 1.2652399999999999 0 0 0
8.9634012730261379 2.0762898423878555 3.4465203005210263 0.8405170000000000 0 0 0
4.4610984100869908 7.8190180104414608 0.0690371441283845 0.7614440000000000 0 0 0
1.1868450071514784 5.7477887115203288 3.3840054515652187 0.8696159999999999 0 0 0
6.0930084173225136 2.1286240279888209 0.5373178229650073 1.3585900000000000 0 0 0
0.8671759795577095 5.0281612081679210 3.9472713201613940 0.9940380000000000 0 0 0
9.3460009860475743 2.2871976899438247 9.6016285085681279 0.9329860000000000 0 0 0
3.1199906366230579 8.9584072056142201 4.0809280323166099 0.8995660000000000 0 0 0
6.8459574115885067 9.4430631964449514 8.5937979316772761 0.8906830000000000 0 0 0
8.4235769442407040 5.1283276750753597 4.4006470584412192 0.7654640000000000 0 0 0
9.4398759687867084 8.8142187675052615 5.2402502086964677 1.1374800000000000 0 0 0
8.0593004091663154 0.8375552950491718 0.8235879839339439 0.9344190000000000 0 0 0
7.3624477699621069 6.5944746156269316 6.1436367309324620 1.0036499999999999 0 0 0
6.0384452167098237 8.1350461538310572 5.1136532775388135 0.7339540000000000 0 0 0
1.1097250329209452 2.2485500867853196 9.3077302317203916 0.9797570000000000 0 0 0
1.0935843913865768 8.5086441864786941 8.3478333213917555 0.9654830000000000 0 0 0
9.5201613042569004 0.3147525570128943 3.0496716431380801 1.5868700000000000 0 0 0
0.2272825771257283 5.0629731596082772 2.0310748057622137 0.9528420000000000 0 0 0
3.0333845743172558 9.7801265260384440 4.9838633888143669 0.8050410000000000 0 0 0
7.6707357365358826 2.1262989587170171 5.9428492260904040 0.7376190000000000 0 0 0
5.1376071007865560 2.5040488752264567 4.6987657016464661 0.7568170000000000 0 0 0
6.5483568506778438 5.8867405336203804 8.0572158867056114 0.9547060000000001 0 0 0
4.4580904441827922 3.5919967712045366 9.3003749630464032 1.0296000000000001 0 0 0
4.3170934243339225 9.6273427549442587 2.1096617619626290 1.1420500000000000 0 0 0
2.7970412665042947 4.3529113294578057 4.6127626908048720 1.1010800000000001 0 0 0
0.2972777542730690 6.5547494622723930 3.1190658223052581 1.1655500000000001 0 0 0
1.2225076263316894 4.0608183250144725 3.6009104576256292 0.7554180000000000 0 0 0
9.8590668964196624 5.9629367611052420 2.3491731708951176 0.8198580000000000 0 0 0
1.0155376815796417 2.7851423154245971 8.0544478640594956 0.7765940000000000 0 0 0
2.5317815588475590 1.0745500804897925 7.7991427408764222 0.9788330000000000 0 0 0
5.3421388641070688 5.2681303667629855 9.9970787882571237 0.8213400000000000 0 0 -1
9.0930770358492214 4.0518355527265744 2.4137586015455015 0.8310120000000000 0 0 0
9.6318515400120628 3.1069936523363113 9.6307234254942422 0.7416180000000000 0 0 0
2.1254236150366514 8.1019862328174792 2.9721221662297772 0.7906300000000001 0 0 0
3.3548447280865190 9.4297675985121643 7.6371849547345869 0.9228110000000000 0 0 0
7.7404230266881946 8.5779589509858223 4.7915640593330098 0.9330170000000000 0 0 0
7.3708744670208715 4.1080823669117636 4.8111860071275716 0.9521750000000000 0 0 0
1.9401883202511594 1.5607301539138945 0.7566370308991536 1.1286000000000000 0 0 0
0.3778757724484705 8.6891068412862609 5.9875877091155933 1.1601100000000000 0 0 0
0.4947107728182925 8.5464762070350684 7.0724838178441916 0.8922369999999999 0 0 0
7.2611045964590009 6.2649597544408717 5.1712078782962667 0.8405170000000000 0 0 0
8.3301843311997139 0.7457065814178258 9.9655502750382752 0.7566710000000000 0 0 -1
5.5300577444247310 7.0736901558831597 9.2090875469581324 0.7467930000000000 0 0 0
6.2687795567272877 6.7840582318882117 2.1982603882665090 0.7909240000000000 0 0 0
5.5841119915111577 6.6046906031060644 3.1048179094363162 0.7925460000000000 0 0 0
9.4949189772758444 3.0042879702454153 4.6148819055350421 0.7646490000000000 0 0 0
2.0783908430670990 3.7499612405526310 7.1651036241579593 1.5136700000000001 0 0 0
1.2674271492377287 4.3890858177622922 8.0266172683573789 1.0791100000000000 0 0 0
7.2801378492021316 4.4866076749908235 5.6415715419508095 0.8022840000000000 0 0 0
9.6013050509535951 4.3682708285667804 1.6897524477761561 0.9141260000000000 0 0 0
1.5882944206502545 6.4852842769126759 8.2384333716838771 0.7300640000000000 0 0 0
8.9439308755805733 9.7064642039506559 7.8590524323277213 0.8737390000000000 0 0 0
6.7383585551100493 2.1659082105997309 8.8337584782734826 0.8392100000000000 0 0 0
3.4777260950306537 0.9813595088276647 0.7732771792932914 0.9215020000000000 0 0 0
5.7376452770677968 3.0608080061807641 9.0109721871352981 0.7423600000000000 0 0 0
4.7157309952378075 3.6600800837123320 1.3341472104046761 0.7387210000000000 0 0 0
0.1759468038455900 5.3855857043030637 3.1811367491974019 1.1031899999999999 0 0 0
1.7386714506128751 5.8819742013927394 5.1976165610624534 0.8403900000000000 0 0 0
4.9212865695448196 6.8661538941292877 6.7097884693491219 1.0511299999999999 0 0 0
0.8970161433538956 8.7003692718684658 0.6873051637436293 1.3145600000000000 0 0 0
7.1559429544229243 4.8085001243768630 6.4034864632449491 0.7907260000000000 0 0 0
8.8699205335299105 2.2436165400273187 2.2692416167261622 0.8350820000000000 0 0 0
4.3125697340369777 1.9343506785977675 3.8299690740527614 0.9031709999999999 0 0 0
0.4147983495980009 4.3806393599891074 4.6295507022882125 1.0183400000000000 0 0 0
7.1002183260145326 4.5500179526051703 7.4410587736430562 1.2337800000000001 0 0 0
1.4838163563142910 3.0543278714275370 8.9647741261543761 0.7701650000000000 0 0 0
8.5847928419011907 0.0020209744707476 3.8807309977986555 0.8969310000000000 0 0 0
5.4156074146717277 8.5356063575856655 6.3949642695547215 1.3440000000000001 0 0 0
8.9952478730204479 0.5663158256239625 9.4586189299323600 0.8289140000000000 0 0 0
4.9048403655882451 8.1945895885822839 8.2254707812864787 0.9264019999999999 0 0 0
4.3010445079643267 4.8808457762081572 5.9844837795735257 1.2141100000000000 0 0 0
9.1494166627216824 1.5120596992248680 7.2928997823457111 0.9730860000000000 0 0 0
9.1536763537259578 2.9630622546909700 8.8485099311493105 1.0474200000000000 0 0 0
9.7227500019434494 7.5549964862575001 4.6778926707195643 0.9606270000000000 0 0 0
9.5966287001768578 6.4055754716806943 1.5520281025521407 0.7868400000000000 0 0 0
3.3866074012872818 7.2198024603906505 5.0006477766553568 0.7688680000000000 0 0 0
0.2593068852332926 9.8078942074662230 6.0790843752572759 0.8320480000000000 0 0 0
4.9470007229552380 5.4232128745874641 8.9741085192631544 1.3135399999999999 0 0 0
2.9508571993122770 3.9872359858452033 3.5867817948195113 1.0208900000000001 0 0 0
4.4116648779859595 1.1457953491804893 2.3535837666330868 0.9248400000000000 0 0 0
8.3198921434875146 7.2352088778360226 6.8518940207960410 1.6020799999999999 0 0 0
0.1088023058705481 7.8025599478449426 8.8616576550647839 1.1001900000000000 0 0 0
7.8258098810476158 8.7711051970895184 6.8221248545379458 1.5051500000000000 0 0 0
0.0754054883806914 5.6564964493653633 7.6576160461419196 1.0006299999999999 0 0 0
9.3920770582464694 8.9405373834794712 7.6638142360563384 0.7314260000000000 0 0 0
6.1787707275122195 0.8388878517530320 6.2786502997690521 0.9067530000000000 0 0 0
0.5842477324488331 9.5795459763716586 6.9064649224173369 0.9223740000000000 0 0 0
1.4900459009754472 6.6881542655513924 0.1034522266418948 0.7829890000000000 0 0 0
7.0405779045206645 1.8821869035494037 9.9465167108135084 0.8314160000000000 0 0 0
2.1522308289259406 1.0636642614142124 1.8985472997061328 1.0927000000000000 0 0 0
6.6575728731033772 4.6910429182448414 8.9500061932387656 0.7386200000000001 0 0 0
2.3978539462254274 3.1960035813314982 1.5299453289174767 0.9457010000000000 0 0 0
5.2807757053213074 0.5736665245897380 6.9244149791426066 1.2837700000000001 0 0 0
1.5427934852907674 9.6951971173079592 7.2740269335570789 1.0614200000000000 0 0 0
0.1811149155182141 3.2325208448951108 5.9908663506262476 0.7321560000000000 0 0 0
3.1377656699932630 5.2762416870461344 1.5653955859375268 1.3508599999999999 0 0 0
2.3318504707994450 7.4899938523135567 4.6626283088464087 1.2838799999999999 0 0 0
0.2311743882398497 3.7517421520451406 1.0155388521350788 0.8714140000000000 0 0 0
0.1329491011860056 1.8873698301633219 0.6046036231924934 0.9461260000000000 0 0 0
0.1505257819529114 3.2948688210648518 0.1812750480241123 0.7365750000000000 0 0 0
7.0226953946674309 0.3790586890799513 9.4312750521112800 0.8095710000000000 0 0 0
8.7304025448648588 4.4054730590570248 4.9782828808849500 0.7403330000000000 0 0 0
8.3992674563139946 3.4135680631757155 9.7066068140931261 1.3021700000000000 0 0 0
0.4342656954093383 6.6815872747733964 1.9616696193616703 1.0848100000000001 0 0 0
3.9771336407939897 1.9600932084350373 1.4527066844661025 1.5449700000000000 0 0 0
6.4047833333692967 1.1117556867859546 9.7605827873922486 1.1247400000000001 0 0 0
4.9725029850681421 2.1880201477884569 7.4611303410858314 0.7908020000000000 0 0 0
9.0204852390717747 1.5237292111292509 0.4240544210418316 1.3163700000000000 0 0 0
5.7870086705824333 1.4989182128180611 1.4709642191680288 0.8839730000000000 0 0 0
7.0311851273638331 9.5065070239717926 3.2430499827715895 1.3920999999999999 0 0 0
8.8920912092643594 8.0174021121968764 0.9440436483247842 1.5233399999999999 0 0 0
0.3796113014271209 7.4436794875122398 3.7231034970847241 0.8752960000000000 0 0 0
0.6715870835703899 5.3895679251363697 4.7539265120752461 0.7498600000000000 0 0 0
4.0676803632171179 6.8997654129572785 5.8046703301917058 1.3294200000000000 0 0 0
1.4959274038621140 8.2079316601666008 3.8884236722971099 1.3020900000000000 0 0 0
1.7223050648384275 0.2317554189163750 3.5929022328543341 0.7676010000000000 0 0 0
6.7421704931120559 9.2962067436334639 2.0965630657077918 0.9217660000000000 0 0 0
7.2516464698492786 9.5827272601528115 9.6292021740168590 0.8330000000000000 0 0 0
1.5367499175325914 0.5137543122395354 0.2165651309722729 1.0074500000000000 0 0 0
2.4732808675865852 5.5657823627286938 0.5569602441475319 1.0424199999999999 0 0 0
7.8144710380709501 9.0446205785282512 7.9755551424269422 0.7801360000000001 0 0 0
3.1248886683654202 8.6147206842224406 8.8810193914667881 1.3531599999999999 0 0 0
1.0911872359140076 3.1106447956391854 9.9991248371985364 1.1264200000000000 0 0 0
0.4905786533204291 7.3932123375644245 6.5598406404197744 1.5366500000000001 0 0 0
5.0898938360932533 1.5892478413319686 8.2950758425181697 0.8900720000000000 0 0 0
2.2463356539788109 1.8635890959387236 3.5068223177502902 1.2539800000000001 0 0 0
1.1773930142390077 9.5297697637282184 9.5527030253874248 1.2999099999999999 0 0 0
0.9431900543657665 1.8476132600425341 1.7255859230215043 1.6078900000000000 0 0 0
8.7686543349037702 1.2321119199339514 4.7240233856771177 0.9793080000000000 0 0 0
4.7405908429358705 9.2978748424652125 4.7390090454960641 1.0636900000000000 0 0 0
6.9154925473808913 5.1147296867290848 4.8944894715546443 1.1252400000000000 0 0 0
4.8849382399943169 1.6663315934825798 6.6968859982333822 0.9990540000000000 0 0 0
7.4590542191986842 1.2577535216075497 3.4112089533013510 1.3393299999999999 0 0 0
0.8576936969507748 4.1794948643674195 7.0607001539990675 0.9591870000000000 0 0 0
0.1662882337761132 6.6277339872666765 7.5426490841404776 0.8940470000000000 0 0 0
9.3730981735920516 2.1867743951360326 4.3098266497646103 0.8364110000000000 0 0 0
4.6299716508816511 5.4474754070210247 6.7629769726204012 0.7485039999999999 0 0 0
3.1309894571674097 6.3965507013112832 3.4563521076121542 0.7441750000000000 0 0 0
2.5047588389047193 7.1520730916722597 1.6177933496178136 0.8475810000000000 0 0 0
5.4706190070770173 5.2837042528429254 6.2322451928104385 1.1938599999999999 0 0 0
0.1125843892315502 5.9619196515234334 4.7636497006698981 0.7679260000000000 0 0 0
5.0109835705717600 8.7579206295475451 7.4287402162182170 0.8235240000000000 0 0 0
4.8579816570543057 0.6131660829909261 1.2502739200853530 1.5840399999999999 0 0 0
7.8587969664381427 1.6068097157969208 8.0730197907878924 0.8080290000000000 0 0 0
8.5950587552204496 8.8975896003794865 7.7306380987930750 0.7967370000000000 0 0 0
3.5475758968090902 6.8038734903207532 7.7963439852260485 0.8943240000000000 0 0 0
7.7414931763178298 5.7510888350165503 4.4682199263261078 1.0196099999999999 0 0 0
3.1531643736157653 3.3477918698931468 8.0439921854817005 1.0386000000000000 0 0 0
6.1572669185491753 8.8377487959476184 2.8423065047418263 0.8116520000000000 0 0 0
4.0350624539148301 6.2007917956856549 7.0368369760286749 1.1767700000000001 0 0 0
6.5971235772341785 5.6912577257928243 6.8495671823944191 1.4006300000000000 0 0 0
4.6532048865429925 7.4754182367509037 8.7026663201255001 0.7654200000000000 0 0 0
8.0394958781383625 6.6885450029314439 8.9664780026243811 0.9986610000000000 0 0 0
5.4604220759586166 0.7151498172487682 8.9927792461122404 1.3341600000000000 0 0 0
3.0462202470707092 0.7175441622302418 8.8965700495192390 1.4566900000000000 0 0 0
9.1326555549939599 0.6416217630021956 8.1045243936437750 0.8257350000000000 0 0 0
2.8102957924404510 2.4205949382143035 0.7584237312848812 1.2202000000000000 0 0 0
0.7354159448836253 4.1910593234746791 1.8954967690044073 1.0065900000000001 0 0 0
6.6086147622886857 7.7099726970488032 0.3900975485629128 0.9727460000000000 0 0 0
6.9678536995619327 8.3973678298662779 1.3943070054322413 1.3190999999999999 0 0 0
8.1999407689963544 4.9048848363942010 2.7069573997103893 0.7443400000000000 0 0 0
5.8239375006721961 6.5197187460521731 6.6558132790427482 0.8147480000000000 0 0 0
4.8642613352589592 7.7502289297471174 1.8770515889886505 1.2979600000000000 0 0 0
8.5348653109875841 6.7399559071428987 2.8860515429604496 0.9864889999999999 0 0 0
4.1264291495550998 8.0615261367859326 3.8208605334930961 0.8897960000000000 0 0 0
3.8046055116302275 2.7219794508532527 0.5316825993025666 0.7803390000000000 0 0 0
9.4541800383885448 5.7583338049524571 9.2353676205083097 0.9665330000000000 0 0 0
9.5319018356483589 1.9574915965243493 1.5119367901458833 1.1480399999999999 0 0 0
0.9822899783732431 0.6822194260302208 6.8013049980393570 1.3079499999999999 0 0 0
8.6380670403275577 4.5674485496276285 9.3998494607996239 1.0466700000000000 0 0 0
6.2463468573993968 1.5266716218911853 3.6527193651465160 0.9572720000000000 0 0 0
3.3393877409120942 0.6923710316742565 4.4896551626016503 0.9609220000000001 0 0 0
6.8672660584850513 1.5345654495534504 5.8048428567254202 1.1909200000000000 0 0 0
0.3383755064874870 4.2526211768649338 5.8148992824328740 1.2807599999999999 0 0 0
1.7983680607482797 7.5941298156705681 1.6943910128564463 0.7621240000000000 0 0 0
8.9039308196045663 4.3686765836281447 3.1665189187650045 0.7643270000000000 0 0 0
2.8255629351855625 1.6137619271839514 6.4476113942553095 0.9747310000000000 0 0 0
9.9177191415232606 5.0207020103823563 5.0784614901679959 0.7626330000000000 0 0 0
1.3349009684660900 3.9164708542988835 6.2039841951307730 0.8511480000000000 0 0 0
2.2257582331202395 3.0164335346839040 8.1489278712343349 0.8637580000000000 0 0 0
1.1174679626925406 7.5978928475408516 2.6389726984367243 1.4759700000000000 0 0 0
7.3823926504049338 7.3065793011445210 2.4553912356939320 1.6127400000000001 0 0 0
8.8231661615856645 6.5556589883522332 0.7764816492200997 1.3114600000000001 0 0 0
9.8442907175870751 0.0699674010597322 8.3091202066404488 0.8203560000000000 0 0 0
6.2753890811818316 3.1548923864098444 2.4047144648533476 0.7764670000000000 0 0 0
2.9836923771413426 2.5508541515045047 1.9027581957016269 0.8293550000000000 0 0 0
4.2790977386680948 9.8353009540265859 7.3169700814571392 1.1049000000000000 0 0 0
7.8722681029784667 2.7205660441885571 4.3710048736168785 0.7449260000000000 0 0 0
1.0195136131534031 1.8395363466032078 7.3465262449581443 1.1520600000000001 0 0 0
8.7984509670877973 6.1570421834287901 2.0334893613891878 1.0660900000000000 0 0 0
3.2998604641435638 2.2306701249170064 4.0431940898743344 1.1287900000000000 0 0 0
6.2925533856113081 7.9558565311371767 6.0328016935895672 0.7384870000000000 0 0 0
2.2623819030637842 5.8728864224392181 3.4686346656476221 1.2060400000000000 0 0 0
2.1474797519824995 2.1726765943997393 5.6954886394863955 1.2501899999999999 0 0 0
6.9750661914927958 5.4351265331653735 3.8946437115312111 0.8935850000000000 0 0 0
2.1244141519893600 6.7182941766457303 9.2718623966883698 1.2287999999999999 0 0 0
6.2970257430715924 7.1306668185235678 3.0675540616845764 0.8100940000000000 0 0 0
3.7719507942297330 4.3562090968379215 6.9277741321286221 0.7702870000000001 0 0 0
0.0721803398089399 8.1031501298137307 1.0283418514980067 0.7396410000000000 0 0 0
7.3159799624750645 3.4287623484131471 7.3596045403013273 0.7423940000000000 0 0 0
7.0920430517002240 0.1335371290194999 5.9359651076701123 1.4130199999999999 0 0 0
3.4477727106182288 3.2775226507400661 6.8695906928381074 1.2981499999999999 0 0 0
5.1845183277283127 1.3170060481868220 0.0852393478409332 1.1148600000000000 0 0 0
0.5352196322817718 4.1948726262197944 9.9090746015922218 1.2230200000000000 0 0 0
5.2763123250845494 7.9364305800040622 9.0601552087760329 0.8678380000000000 0 0 0
7.4330400607803773 7.8863615842715449 4.2465234044495856 0.8579490000000000 0 0 0
1.0941568375837460 8.2127541504994070 9.4611898978059568 1.2468800000000000 0 0 0
5.2888851039630547 1.3967354530277005 4.4542161682146233 1.4489799999999999 0 0 0
9.5880788289687935 0.3375081876861452 7.0190646588389747 1.4939400000000000 0 0 0
6.7495062435294493 2.3050965161710817 3.0032590863487107 1.2224900000000001 0 0 0
0.9335568193234872 1.2392313731472098 8.9215582447228670 0.9045230000000000 0 0 0
4.2940536517444317 4.3974368343925230 1.3605129823454967 0.8868050000000000 0 0 0
8.3792860737979673 3.6894390791381033 3.1218054400974666 0.8844500000000000 0 0 0
9.6984762752915703 7.2102945946989125 8.1827001483966857 0.8071750000000000 0 0 0
8.3630017874813465 5.7562291176657139 2.8923307946811123 0.9382520000000000 0 0 0
3.1024200993682172 5.7336477697812622 7.7250634910821123 1.2336499999999999 0 0 0
2.9685775631793536 9.6370192183305807 0.4710436036801883 0.7504550000000000 0 0 0
0.3900276272930868 5.7961530049185939 1.4553406692799584 0.8716940000000000 0 0 0
7.6404866800479079 4.8152195743735788 4.2371360066279902 0.8387770000000000 0 0 0
9.5355835862255738 4.2944384350226246 5.0635538884857318 0.8081700000000001 0 0 0
3.8706613491055726 7.9001939303639999 8.0790708053162810 1.1538400000000000 0 0 0
6.8386101870653926 7.3550120845729188 5.1551961528411523 1.3942500000000000 0 0 0
5.8056316538901767 8.8019409967931850 9.1917828152951984 0.8722760000000001 0 0 0
8.4111199460322350 8.6417030201906631 8.7160545469720070 1.1959000000000000 0 0 0
3.9992264392242300 8.8196790067988573 4.4321697680858367 0.7329940000000000 0 0 0
0.7053556071511592 0.0870699456396446 7.7878879143573077 0.9707830000000000 0 0 0
1.6240952958257646 9.6602178449887628 0.8228016362524322 1.0173500000000000 0 0 0
5.4298388274440423 4.5381724279963267 4.2787622066402680 1.3811300000000000 0 0 0
2.3643339779994523 0.1194955333581283 9.8766953646477731 0.8290860000000000 0 0 -1
8.5380207724942370 1.1805344970999099 7.8904530411716909 0.7703220000000000 0 0 0
5.0036549915053135 2.1703460099566332 5.6666564274437530 1.2253200000000000 0 0 0
2.3398958854759115 4.0801873745830868 8.7717244025835566 1.4964800000000000 0 0 0
7.2612411782226758 3.4765992539591255 3.6793656982005389 1.5529900000000001 0 0 0
0.1696954630740796 1.0807197575451788 8.0974393817200756 1.2663199999999999 0 0 0
1.2144569332830228 3.8274853673104596 9.1602562814076638 0.8392860000000000 0 0 0
2.9657789750206613 5.0160870866319449 5.7781700951620811 1.4042900000000000 0 0 0
3.5673013654779164 5.2262414577117342 6.8227023511729490 0.9485500000000000 0 0 0
9.5744582693464881 3.8396312483656603 4.1187996724361842 1.0772299999999999 0 0 0
5.5600286826648313 6.6448275182279488 1.2257235136606219 1.5075000000000001 0 0 0
7.3126349736663325 5.5159689090389046 7.7574877734604408 0.7456290000000000 0 0 0
9.0598122730678892 3.6522549464293923 1.4020695893448694 0.7648760000000000 0 0 0
1.6371313515745669 7.0453476410478304 0.9099997653833696 0.9168150000000000 0 0 0
1.1883027385217972 4.7693090517302723 2.8538789698400500 1.2211900000000000 0 0 0
9.9767724183440993 2.8449771215490247 3.5014556852068193 1.1772700000000000 0 0 0
7.8011082021387619 4.5498693633787362 3.3496822199910965 0.8323690000000000 0 0 0
6.9580589708891365 6.7518980183196105 8.6652976162289068 1.1581500000000000 0 0 0
0.4213074357243813 3.8087493967842314 3.5577613391556873 0.8664960000000000 0 0 0
9.3497983124925366 5.4022219650039247 1.2468273637894458 1.2905100000000000 0 0 0
8.4856813813408234 4.4922265239373811 1.6445425240380160 1.2418700000000000 0 0 0
0.7980810479877831 5.7823240032471253 2.3725492881469608 0.9365150000000000 0 0 0
6.8063710356604421 5.0258369613386265 0.8318215447175474 0.8475279999999999 0 0 0
1.8447867422998168 1.6495870306470994 2.5779314784379124 0.7364440000000000 0 0 0
2.6561840181712095 8.2487772827977821 4.0157957822577535 0.7355270000000000 0 0 0
4.1823459653450561 0.7574753348692540 8.7177282463668373 0.7414840000000000 0 0 0
1.3092142832361049 4.9056104050814993 0.3229605566129384 0.9397960000000000 0 0 0
2.6919330058167170 6.6542965852860867 7.4917703628612626 0.7589910000000000 0 0 0
3.3050027316171753 9.3691653319845063 1.6014644483761875 1.0629800000000000 0 0 0
7.8077223112894414 9.1775833985544875 5.6033226064348414 0.9735750000000000 0 0 0
8.2449428596642598 8.0858560935176182 5.9623489671330967 0.7644890000000000 0 0 0
1.1542844501106915 6.0637334533125022 8.9635968261225667 1.0785000000000000 0 0 0
5.2486644151820352 4.6660871495092895 5.4187695670754357 0.8017919999999999 0 0 0
2.0921262554901063 3.6847788341747889 4.1918528623772220 0.9330340000000000 0 0 0
7.4457546659349605 0.0069335954170922 8.8463986927367433 0.7493919999999999 0 0 0
2.4328970038647477 5.9338857858509471 2.2920050954162434 0.9769409999999999 0 0 0
8.7750453517336862 9.4077485609673897 0.9672125958710563 0.7412050000000000 0 0 0
8.8302581607516988 3.2573412257218233 7.8788348402875137 0.9750230000000000 0 0 0
0.9374214574308261 1.9729393591569762 8.3868292558461164 0.8426520000000000 0 0 0
5.7140390315494836 2.0303023788282060 9.2136537946201944 1.2842300000000000 0 0 0
7.8299229912823742 7.4207525300703576 5.7189294465086205 0.8012440000000000 0 0 0
8.4354000577633688 2.0697623803630161 6.6226147580415313 1.1824500000000000 0 0 0
8.8605113516958163 4.2123613508196467 7.7893793595618579 0.7727200000000000 0 0 0
9.4462175465798257 0.8357180559712226 8.8277604467494211 0.7401380000000000 0 0 0
1.5223799683135546 9.6126984002252058 8.3751287032846680 1.0678099999999999 0 0 0
9.6770737979862993 3.7033716887001167 8.2714360195000047 1.0074700000000001 0 0 0
3.9339560887540284 1.8195953096834778 6.1715557427050785 1.1165200000000000 0 0 0
2.6774589340362991 1.5272769634972756 4.7587176354634240 1.1443300000000001 0 0 0
3.8144167963584623 4.1716803106361269 4.1230922910967589 0.9699620000000000 0 0 0
3.4160543125155942 5.6932703604519093 2.7878594680021247 1.1918899999999999 0 0 0
7.3136870000997112 6.4467478418109909 7.5917577651785733 1.0544100000000001 0 0 0
3.1325426878180829 1.7835375380511251 5.6032539551785181 0.7701730000000000 0 0 0
6.8205195049140075 9.0521624159326972 7.6482626672293623 1.0544800000000001 0 0 0
5.8982169167594929 3.3424429777324316 4.9340386748395284 0.7341850000000000 0 0 0
8.0370449691736106 7.5649427354108987 4.8624091690585240 0.9128200000000000 0 0 0
4.2823413583538130 0.3435796110833928 9.7907250352569406 1.4847100000000000 0 0 0
8.6239660866224828 2.4746685330641234 5.2702708743769922 1.5611699999999999 0 0 0
8.9461518604708257 6.2136684674545108 8.1064416244811621 1.5738700000000001 0 0 0
9.3962608006971724 1.3424028251394970 3.9628913745362238 0.9191500000000000 0 0 0
7.4324792714707808 4.8786721473112813 1.5504066008744983 0.9226290000000000 0 0 0
3.5163666717955322 1.2292453206163756 9.9316623062100753 0.7617940000000000 0 0 -1
9.9997930210041091 5.3163262873555590 4.2437652423252041 0.8122220000000000 0 0 0
0.0587738303471970 7.6573422134311162 1.9393063526266314 0.9152850000000000 0 0 0
4.1113820553581304 1.9097038655635750 7.2204777174385821 0.8456750000000000 0 0 0
4.3801792635687473 5.4618324839373047 3.0491053966787449 0.7389400000000000 0 0 0
7.4114735277391732 0.2462259630093979 1.1149927104456716 0.7308600000000000 0 0 0
4.1895443747465571 3.7785110701169180 0.4017032861792524 1.1824100000000000 0 0 0
7.1988481162860998 8.7140823532181582 4.0655497514807806 0.8318130000000000 0 0 0
5.3992924840369678 3.6902289270878383 1.9428182718136742 0.7785300000000001 0 0 0
6.2449978377370430 9.8218235434625623 9.3218765454200483 1.0445700000000000 0 0 0
3.1883508099117743 6.8027796192070378 6.6174001796382642 0.9760020000000000 0 0 0
4.5315474203333341 6.4986797525685081 2.5360599394192094 1.5051200000000000 0 0 0
6.8562537962071124 1.5784836543825005 7.9798384462402501 1.1242600000000000 0 0 0
7.6540408394171564 6.7589837977108669 4.5012729366870872 0.9261360000000000 0 0 0
6.9635230725182664 6.0347159366104313 1.4732985212994498 1.4746400000000000 0 0 0
5.5445447806958228 2.5986835540859587 1.7855477678617815 1.3591100000000000 0 0 0
2.0806340384804964 4.5551756281571834 6.2974637572569678 0.7631570000000000 0 0 0
8.7087570254185760 9.1132973913576816 0.2195276427124645 0.8024960000000000 0 0 0
2.5408903227255739 6.8284254944342733 3.7055671176925449 0.7406230000000000 0 0 0
4.0084096544344323 3.0402828053299222 5.6540966702833888 1.3230200000000001 0 0 0
9.3246918124947396 7.1798498708374536 1.7156812485089794 0.8266760000000000 0 0 0
3.2407912357182371 9.4804641439488080 2.8956373329845513 1.4432100000000001 0 0 0
6.5787398772076529 1.5545463117377945 4.6599189291962544 1.0857699999999999 0 0 0
9.4006745415545065 4.7517142187267600 4.3925516294015416 0.7776550000000000 0 0 0
4.2470832429673706 2.7473915566994735 4.4671597911996654 1.0787400000000000 0 0 0
7.3395009772074387 9.4691653629692603 1.4824154831645169 0.7427500000000000 0 0 0
4.3712825734613823 2.1591625377734744 8.0552751843610473 0.7727210000000000 0 0 0
5.4463784535504152 7.3169424891008576 5.6206238634289480 1.4331700000000001 0 0 0
2.6912066701980262 4.1410172803737115 1.4846385221925127 0.9332420000000000 0 0 0
9.4123803805743318 4.8408705242079568 8.5324457221620058 1.2555200000000000 0 0 0
5.4249767714861541 8.6417152288533021 5.3018457430939074 0.7634010000000000 0 0 0
4.7427840807430917 1.3841983462160263 7.5405076764007761 0.7339230000000000 0 0 0
6.5943247946990207 6.8323764940644702 0.6534321824864032 0.7897160000000000 0 0 0
7.5094543501527280 0.6994000047997230 0.0238350219183839 0.7927830000000000 0 0 0
6.5652883571656115 7.2824849211297966 1.4352004220033252 0.8199610000000001 0 0 0
3.7851047054805282 6.4058624602128216 4.8425519395496499 0.8154880000000000 0 0 0
6.2997104678759381 9.8539884037713890 5.0447001549099699 0.7304140000000000 0 0 0
2.2660094441780911 6.4394646172273111 4.3667332012938331 0.8247540000000000 0 0 0
6.9723917172174996 4.2756905248865111 2.0301457554995328 0.7421270000000000 0 0 0
2.2029774532886370 7.8446606683255888 9.2189608426810334 0.8840350000000000 0 0 0
1.1592571132236491 6.4813895600683944 5.7892004913369277 1.0414699999999999 0 0 0
0.8075374338317444 8.5429676320382537 1.8565827914843291 0.9621459999999999 0 0 0
9.8926512960149484 7.8788641434519526 5.5712816346594600 0.8261980000000000 0 0 0
4.5254635173504587 6.9952809430801803 7.9068101235401009 1.0148200000000001 0 0 0
4.5044896899960705 7.2181779921015972 4.5247368148269640 1.3483300000000000 0 0 0
7.6046243071607700 2.7673325560803104 1.3136299197800594 0.9494490000000000 0 0 0
6.4485236046480159 4.4412322745926334 8.2490694303879017 0.7506140000000000 0 0 0
0.8022963777926222 1.1575127547053414 0.5935270082823517 0.9435380000000000 0 0 0
3.1873028373923513 2.4585329820020041 5.0749052753508055 0.8835410000000000 0 0 0
5.5107570027854145 7.6248232009211829 0.0713227539561772 1.2186300000000001 0 0 0
0.9422387343790883 6.0099336853098544 7.9604360496792772 0.8962930000000000 0 0 0
1.6372236850169151 5.6903213481160408 2.6603329341099680 0.7772680000000000 0 0 0
7.6757395323706499 1.0048346548887965 1.9419098635589649 1.2654200000000000 0 0 0
5.9073067351995672 9.7286644244386213 6.2815761947738613 1.0817600000000001 0 0 0
8.5972145378062912 6.2457436755269260 3.9915823734970237 1.0892200000000001 0 0 0
7.9671625253047633 8.0721841838055255 1.6817867322086155 0.7596060000000000 0 0 0
1.2383959183102957 1.6263422082574706 4.5623402379631539 1.5976300000000001 0 0 0
0.6603304151489459 9.5740951496391684 3.6292039819519086 1.2636099999999999 0 0 0
7.8104847429257545 8.9557901373598678 2.2602018516460687 1.2482400000000000 0 0 0
9.3466578048465951 7.2946899290717635 6.1890379447449897 0.7476340000000000 0 0 0
1.7524045707795539 4.0860030532510594 9.8409018731823306 0.8515650000000000 0 0 0
4.9619841453194331 3.1427922225372429 5.1414975680672006 0.7744630000000000 0 0 0
7.2761961973620695 0.7740043851178044 4.8798137875950491 0.9659960000000000 0 0 0
9.4856055476922343 6.1674122897548509 6.6443280255417472 1.4285900000000000 0 0 0
4.4017603019203078 4.5903592005747624 9.6428000075551932 0.9979980000000001 0 0 0
4.5790553630253310 9.7028410308281092 6.0027616394973187 1.5068699999999999 0 0 0
5.9497053233803507 0.9711721977515158 0.6789093770802590 0.8665500000000000 0 0 0
4.4622963487130685 3.0740359335878162 1.9107084853969860 0.9200210000000000 0 0 0
1.2640729881801662 2.9294636982993287 3.7421660589013186 1.3537100000000000 0 0 0
2.9683801591099725 1.7845785050972500 9.5235229056952111 0.9326630000000000 0 0 0
6.2353587495616143 3.8792299852073913 1.8987196650209293 0.8735849999999999 0 0 0
3.4085014387214572 8.9782119377126186 4.8987857160939443 0.7379620000000000 0 0 0
8.8481192439933398 8.2985193101181061 4.1341958641984808 1.4740899999999999 0 0 0
7.9078473628528752 9.2310820508081317 3.8903763488176888 0.7553910000000000 0 0 0
9.5862247685836941 3.9514963353710866 9.2799895307307541 1.0034500000000000 0 0 0
4.4699500883875460 5.9391372169530241 6.1612295890024180 0.7683900000000000 0 0 0
4.6377796805957212 3.8634121435441644 3.7406819993883724 0.8763649999999999 0 0 0
2.3562930158510600 5.0259014159863327 9.6546921975225910 0.9979680000000000 0 0 0
5.3101432012056335 4.5581932091817210 8.0563876185128382 1.2166300000000001 0 0 0
7.0069092254221825 3.2422889302698277 0.3326881239307389 1.4479000000000000 0 0 0
4.8692170998574920 4.6692297233936255 0.5684117350639318 0.9951210000000000 0 0 0
8.1696405114047579 5.5224505463539373 1.0921655750455015 0.9652710000000000 0 0 0
6.5219040547006939 8.9039455790507844 5.6196954079392585 1.2635099999999999 0 0 0
7.3983154990256006 2.6783284428503289 8.1214577045373453 1.2517700000000000 0 0 0
4.0586996164192630 2.9595199349470196 8.4946167465485711 1.0399799999999999 0 0 0
0.5101401091251679 5.5219354235363269 5.7521004634986905 1.1928399999999999 0 0 0
1.0524239447271553 1.7603121536755864 3.1527045256343516 1.1566300000000000 0 0 0
9.9989040080154243 7.1101635209504908 0.9043414775312875 1.1912100000000001 -1 0 0
6.5298450065010147 4.5085440373062662 4.2543130978903276 0.7307870000000000 0 0 0
3.0866967830477434 2.4878405323667776 2.7858892088946399 0.8366690000000000 0 0 0
1.9255087378906808 7.4668565433550196 0.0794834288508278 0.9294430000000000 0 0 0
3.5559724523624836 1.4668666386682505 3.0680145158287124 1.3010500000000000 0 0 0
3.4973179274887261 5.0750372946632218 8.8909224265648028 1.4537500000000001 0 0 0
5.6755177394259979 0.8689017521170443 3.4204831178617279 0.7802950000000000 0 0 0
7.7811275324827678 8.3621195672869444 3.3310543656650204 1.0915999999999999 0 0 0
2.3404533262596758 7.5917426956483940 3.5885988877040371 0.7951750000000000 0 0 0
3.8469694356305615 8.9012082160951209 0.2036149571122591 1.5044599999999999 0 0 0
8.1242444112001273 3.0556991928133908 7.1424205614462695 1.0190999999999999 0 0 0
6.1491293092784547 9.6970076318024265 2.5829246365800991 0.7445150000000000 0 0 0
1.6160604399107843 4.8965106082295211 7.1248265651568259 0.8170450000000000 0 0 0
7.5386494619237574 6.2494897163558116 3.4495528776225046 1.2004699999999999 0 0 0
9.9545705092066559 8.0876706278357471 0.0148988905925071 1.2022800000000000 0 0 0
0.8432370314203421 3.0074236083715897 6.8228674879502016 1.3354200000000001 0 0 0
9.2107617980113261 5.0470891581611665 7.3293928161920778 1.1307799999999999 0 0 0
3.2636609944812207 9.2368955204996297 5.8648016129131468 1.1811600000000000 0 0 0
0.5194656202029398 0.0447422781031326 0.5903862193308277 1.2647699999999999 0 0 0
7.4080661733400746 9.9422530513803942 2.1363476271411788 0.8184180000000000 0 0 0
3.9760180020425246 6.0323850960465499 1.6059347877294867 0.7657800000000000 0 0 0
7.2410888838243812 2.1930239970434138 0.7331629817316074 0.7579380000000000 0 0 0
2.4804744466267254 4.8220706108122586 2.6766790982640654 1.2828500000000000 0 0 0
6.6747101025162641 0.0980158259686045 0.3816936688961887 1.2068600000000000 0 0 0
2.7155819972863751 1.7915258003335879 2.3788903057453545 0.8743550000000000 0 0 0
6.0720688450665419 5.6056443076949352 4.3459203428899160 1.0185100000000000 0 0 0
6.0928296272777676 8.8506839834231901 0.3551216863001364 1.4321200000000001 0 0 0
3.1044059235671821 6.2692383439038535 4.3000019881237002 0.8205380000000000 0 0 0
1.8837603899355135 5.8414673488740796 7.4714455710247503 1.1746300000000001 0 0 0
4.3179570475957476 9.5225145199255437 1.0929669848351220 0.7730760000000000 0 0 0
8.4690401170097136 0.3961100435262871 7.5088722683265896 0.8574340000000000 0 0 0
1.6561692909911339 2.4275672530105719 8.4342012311867780 0.7999020000000000 0 0 0
1.9238640185383520 8.7034830332086326 8.8888733834523563 0.9067140000000000 0 0 0
0.9325867972294473 6.3250664173372710 4.8211426713825407 0.8966080000000000 0 0 0
2.3570410268024600 4.4749031627175908 0.5684853061140973 1.0412399999999999 0 0 0
8.8146594033506993 9.0242578322633307 1.7459593894296914 0.9320330000000000 0 0 0
6.5964063965873372 2.4747732302509489 9.5910539720702417 0.7462340000000000 0 0 0
6.7730503127948110 9.3169387944773057 6.6774966114274861 0.7897990000000000 0 0 0
0.4510507209104424 0.3423131351421900 1.6034592754840991 0.7738480000000000 0 0 0
3.8926286420829816 0.0789099611582978 8.3815771456503789 0.8161060000000000 0 0 0
4.9919809125682946 9.4247604154826288 0.4584541011101590 0.9710440000000000 0 0 0
3.3613569174231506 0.5323738372635598 3.5795943608627154 0.7603780000000000 0 0 0
1.6269118461916585 1.0245604738194880 3.4967015365457761 0.7578980000000000 0 0 0
4.1889249932178192 1.3837575033104386 0.3757763177840869 0.8189050000000000 0 0 0
7.9114776254836476 1.7558914973596353 1.1124012793484186 0.9359210000000000 0 0 0
8.7630080692628898 9.6710998994937132 2.3398651697433581 0.7504130000000000 0 0 0
8.5449797216043137 0.9465820207108244 3.7598359528428125 0.9330680000000000 0 0 0
0.4206252911522405 3.1161778191844336 8.9646884040053987 1.2487299999999999 0 0 0
0.0805237688734276 4.5853978129326682 3.7496341601373406 0.7879850000000000 1 0 0
7.0938674232250056 7.6138577611583180 6.3699898996786253 1.0312300000000001 0 0 0
5.9361326397082506 1.5476495555003535 8.2907413677968584 0.7403650000000001 0 0 0
0.4388503764029321 5.1160440738260089 8.3002989612206513 0.7543110000000000 0 0 0
4.7808842563291556 8.2673575625417044 4.4147438207541461 0.7496760000000000 0 0 0
5.8076624852943564 1.4786136184025533 5.7472625813209151 0.8214420000000000 0 0 0
8.1466373769375249 3.8220395751003231 5.6519940179043395 1.2822100000000001 0 0 0
9.5092600910344256 7.1714780689102948 7.2691598994453690 0.8277840000000000 0 0 0
7.5752915001413168 6.0215816434138780 0.0198104978972355 1.5639500000000000 0 0 0
6.0959121594099743 7.8621596360430770 2.1638004278538694 1.1482399999999999 0 0 0
1.7227532530040741 9.3329783658967855 3.8486771226166119 0.8779310000000000 0 0 0
8.1031172196989480 0.0655155238906518 5.4109781677958786 0.7881610000000000 0 0 0
1.5164005892841446 7.4754083395669495 8.4706280913604424 1.1994199999999999 0 0 0
0.4147408343656624 9.4905496471237925 5.0712638693271099 1.1745399999999999 0 0 0
8.7455496019386949 3.0133923613399700 3.9108681788086566 1.2089000000000001 0 0 0
0.4997839007179788 9.4287077424892409 8.5360448493839076 0.9591850000000000 0 0 0
6.8947545392966285 8.3832986125922346 4.7502852710276615 0.7349070000000000 0 0 0
5.8070582656286822 0.8138495750981091 7.8906821911721190 0.8882409999999999 0 0 0
5.0359051744933341 8.7700147256729508 8.8621080223161055 0.7361340000000000 0 0 0
0.9512891433254927 7.5589567204858987 5.0649654264752382 1.4932700000000001 0 0 0
4.6263306324928184 3.9624059343750040 5.5701210854198724 0.8166700000000000 0 0 0
3.3705494975078043 9.8585974190775545 6.7696200305328604 0.9383260000000000 0 0 0
4.0214898365342355 6.2268476913000370 9.5256318981055408 1.2773600000000001 0 0 0
9.2024047804781901 5.1094814311570254 2.5109194182278998 1.2270900000000000 0 0 0
3.5707134100927114 5.9217741861449005 6.1541095504562424 0.8030600000000000 0 0 0
6.8526916732264738 6.2526803539965652 4.3504261498626988 0.9199700000000000 0 0 0
2.3705540111081693 6.5473245112338727 8.2261113542920938 0.7647520000000000 0 0 0
1.1917895877193787 9.5171364273402030 1.7271377593019246 0.9095240000000000 0 0 0
0.1666074039350758 8.7777030969957011 9.1201201270630250 0.8447100000000000 0 0 0
4.2526790445937115 1.8399619982781739 9.2106621691379047 1.5484400000000000 0 0 0
5.2764469137263372 3.4176694515875017 4.4279452187375155 0.7903420000000000 0 0 0
3.5037938507230564 3.3131252872311041 1.3384453931582443 1.2290600000000000 0 0 0
6.0136867049391318 3.7445570729130426 8.2214577774205466 0.8317250000000000 0 0 0
3.2171779569926464 8.0604081236347529 3.1152164549517494 1.3284899999999999 0 0 0
1.0734523276444399 2.0826068268440765 0.3489320743809347 0.9620649999999999 0 0 0
4.5907457213974574 2.0992862944310211 0.3346362835311367 0.7609100000000000 0 0 0
7.1615297677021843 9.2516237602328797 0.7341855197295371 0.7948350000000000 0 0 0
0.4420699488493638 4.2826970459244258 8.7425852425787927 1.0385800000000001 0 0 0
6.1996887779144156 5.0546362774025457 7.7365775088752562 0.8350570000000000 0 0 0
7.9233996994346043 2.1536404100475091 1.9808176852065305 0.8963520000000000 0 0 0
0.0148305519126423 6.0965326176770285 0.7354228143147905 0.7825730000000000 0 0 0
2.4774906881088836 6.2551729999464172 1.3365549693181884 0.9646300000000000 0 0 0
4.8597889990191385 6.6048270657823389 8.8097931266538403 0.9691930000000000 0 0 0
4.7421458343448828 0.5809044207272432 8.0019303869385254 1.0396700000000001 0 0 0
6.3778122019390695 0.4357023008813736 1.7123335488055211 1.4993300000000001 0 0 0
1.9350043545670119 8.6446948120654383 1.5614547651747821 1.2932500000000000 0 0 0
3.6853969832324478 3.8757281496112692 8.7239867807463369 0.9086900000000000 0 0 0
8.5895496921492320 1.5719190319996423 1.7244220250391804 0.8509679999999999 0 0 0
2.3165374699401444 3.4236545197483177 0.4430143658069446 0.9591100000000000 0 0 0
5.8975777363767223 6.2474377607268039 8.8440124549950490 1.1237800000000000 0 0 0
3.9710814089062438 1.6406977426619664 4.9282564052071587 1.2933300000000001 0 0 0
3.8743933860361088 8.8746611521503471 3.6480487505068644 0.7837740000000000 0 0 0
6.7958459453183639 5.6498011499123466 9.0284513884250934 0.9717570000000000 0 0 0
9.5995774516651657 3.7850071146536228 6.9710265782395195 1.5081300000000000 0 0 0
4.0465283998166042 0.9161873956872203 6.9250528448458493 1.1560500000000000 0 0 0
8.1674461859487391 9.7600776933733879 8.3983954524459126 0.9463200000000001 0 0 0
0.4722089628121083 2.8065975209408278 0.8758434174456633 1.0005100000000000 0 0 0
5.9967069124361858 7.4841580881081020 6.8762446836187392 1.1200600000000001 0 0 0
7.7505717819332585 4.1214786766478424 2.4897499395364679 1.0215399999999999 0 0 0
7.9434902939706102 1.0856586678033520 4.3806753404971808 0.7433710000000000 0 0 0
1.1376482146175024 6.8850807068303466 7.5855571585523265 0.9784990000000000 0 0 0
8.7320406034584703 3.1263877558807800 6.3675179073871142 0.8848710000000000 0 0 0
5.0562612725934644 4.5463398954112710 2.9216699474045962 1.3278500000000000 0 0 0
1.2726723835420348 6.4139730555814580 2.8150130706651275 0.8097910000000000 0 0 0
9.9084238917557830 3.1702756789731215 2.1007328573980586 1.5501100000000001 0 0 0
0.0647974347761966 1.5454187305955833 6.9884513263723429 0.8854400000000000 0 0 0
5.2052218650728879 5.6535674923168946 3.5922276609643866 1.1810400000000001 0 0 0
1.9614546976592639 6.9129267981543769 6.6673369371004263 1.3990800000000001 0 0 0
0.1844512373505127 5.9200739018109712 8.6090687509996133 0.9095060000000000 0 0 0
8.1403182318940921 4.9593683685810968 8.1380534884416935 1.2879300000000000 0 0 0
7.6102383437763406 1.0241284643030604 7.0599513049892124 1.3649199999999999 0 0 0
0.0693687139877154 4.3364904211589543 2.7802299634291381 1.0666899999999999 0 0 0
8.2569033078502034 7.8749499894250263 7.9725516075649621 0.8763950000000000 0 0 0
2.1738292415178848 0.8945444939599313 4.1140834623432507 0.8488910000000000 0 0 0
5.6570410978799082 9.4957951205905484 8.1628190173506336 1.5363199999999999 0 0 0
9.8235093337534547 1.5854685092881844 5.1666098508837068 1.3216399999999999 0 0 0
1.8047154807617387 3.9348140665170797 2.0799873856837952 1.1394200000000001 0 0 0
9.2077365154756325 7.2375419690245977 9.8915381544784253 0.9646070000000000 0 0 -1
0.3952235043586305 3.3481864016859020 4.2809322423391709 0.7748980000000000 0 0 0
9.3643991478632138 9.1761165366377302 2.5072193430016130 0.7559260000000000 0 0 0
9.2849379235676359 4.2407462821116448 0.4625943464646687 1.4159700000000000 0 0 0
6.7795529739680562 6.8352307061696189 6.8252852681477165 0.7837170000000000 0 0 0
0.8238968422059201 9.1362973637923357 7.6874936141251080 0.8663610000000000 0 0 0
2.0919755500164170 0.4798243613387844 7.2500981116046779 0.7796070000000000 0 0 0
4.0428041584725243 6.0813355037488437 3.8095285787430551 1.2351600000000000 0 0 0
6.4756159175411501 1.3370127714845681 7.0168488246013991 0.9028790000000000 0 0 0
9.4106624912089121 6.7263176701009204 4.5971217855044486 0.7431120000000000 0 0 0
4.8843840901758950 5.8041879962222778 5.0016153363781228 1.6200900000000000 0 0 0
8.1245933814917066 1.1272698235875944 5.7472357073818108 1.3594900000000001 0 0 0
3.6844543029824757 2.8161063458945716 2.2646625611385400 0.7646990000000000 0 0 0
9.9359700267546192 5.3931243737941541 0.1935713209477433 0.9228360000000000 0 0 0
1.9674415482548977 1.3611378166533536 6.9682508065840656 1.0171300000000001 0 0 0
4.5145236662598327 4.5917295276188970 4.9819968576099916 0.8239760000000000 0 0 0
4.5537640837783382 9.2766538174568094 9.2862800114326678 0.8409880000000000 0 0 0
8.7130013333591982 9.2368944991697095 5.8763404473826357 0.8377720000000000 0 0 0
0.1888812398518261 1.8139061502938110 3.8499295883258666 0.8727370000000000 0 0 0
9.6501948673367188 2.3936888992217238 6.3508143013835943 1.2985300000000000 0 0 0
7.0196080581805962 2.9007976036764824 5.2641704232297366 1.6114900000000001 0 0 0
0.1512227314825097 0.9557996616559578 9.1557070560114866 0.7495420000000000 0 0 0
1.5987075693751323 4.6613311205194341 5.2125657057309489 1.5263500000000001 0 0 0
7.5544405515922559 9.9057832029833701 7.1345275618317077 0.7836740000000000 0 0 0
3.6926104480887085 4.1296971247729992 5.2040405857154211 0.9933880000000000 0 0 0
5.6712587888890722 2.6481585349511305 2.9562319959691097 0.9134830000000000 0 0 0
2.5139052153673682 5.0078380425757292 6.9384670329933957 0.9484540000000000 0 0 0
5.8141487234575600 5.6974874567127340 2.3896276600252637 1.4202900000000001 0 0 0
3.9415148973496943 1.3147233650332373 7.9949843627217057 1.0474000000000001 0 0 0
7.0475090929325477 7.7448705033255294 7.7095674275440791 1.5009300000000001 0 0 0
4.9272738293432061 2.8857466632882915 3.6654101609616827 0.9666940000000001 0 0 0
0.2493771593437883 8.5011791461842208 4.2530265576036372 1.2563299999999999 0 0 0
6.7162605484234605 8.9704685789748240 9.3393382826538129 0.8271280000000000 0 0 0
7.9161117623191268 4.8031482388941997 6.1314961789659401 0.7424300000000000 0 0 0
8.1742967656825982 9.6220226520594920 7.5308793596994708 0.7325720000000000 0 0 0
2.2763162007354873 2.6450559844381005 4.5308890441608245 1.1818299999999999 0 0 0
2.6667097816490815 9.9110501069001486 7.3739324162510256 0.7650280000000000 0 0 0
6.5166751888969765 3.6023286470064688 7.2362496307675670 0.8516750000000000 0 0 0
1.9585870223634443 4.7258827390610918 3.8490846027422387 1.1963299999999999 0 0 0
8.5376823115668969 1.2754220688819806 9.3740380491613031 0.8068140000000000 0 0 0
5.2487039876960830 9.4817282074876168 7.0116009304587257 0.8186310000000000 0 0 0
9.3822093207092117 8.9571846545055713 9.6374660658264695 0.9293590000000000 0 0 0
6.8020613686330913 1.2475713136668662 2.5149427935246780 0.7934920000000000 0 0 0
6.1111529146601047 2.2549173335908130 5.9490585220938872 0.8110880000000000 0 0 0
7.7054672962248514 9.2939897365826099 9.0210386836860295 0.7317020000000000 0 0 0
3.9811179993543240 7.7957040446259525 0.8906187920539920 0.9333010000000000 0 0 0
6.4948262885986665 7.8645974521718331 9.1719785512656191 1.3627100000000001 0 0 0
1.6484207041143004 5.7756988011815311 9.8982229248445677 1.0310800000000000 0 0 0
4.9805875937514337 2.8118787125152540 9.2282687329678925 0.7828110000000000 0 0 0
4.1458903512103022 7.6259567718829713 2.7936786406374674 0.7365000000000000 0 0 0
0.9316359504897320 7.6461248546055307 1.3496977788645215 1.0329100000000000 0 0 0
0.3842196086585679 1.0871821916613869 3.4221343957978285 0.7439450000000000 0 0 0
8.4258420575725310 2.3571798248426763 8.8433264021811500 0.7760550000000001 0 0 0
4.4095770896867537 9.4466292901627380 3.1544929686491154 0.8286950000000000 0 0 0
6.9372887917930868 5.0926900531636141 8.2948005828788816 0.7396350000000000 0 0 0
8.3990941311320846 9.4181034336989224 4.7251868577813729 1.1137900000000001 0 0 0
0.1351214625072318 0.5891996818567438 4.3492013304419332 1.2314499999999999 0 0 0
7.8725178787206218 2.9040753605764107 6.2157511490443627 0.8514300000000000 0 0 0
0.2304076503438522 5.0090953200243309 6.7887645302327213 1.0966199999999999 0 0 0
2.8424110026336069 7.4114762423253531 8.5190025322003873 1.1099300000000001 0 0 0
7.0363977986954369 1.2033027902945248 0.7581136545510441 1.1465399999999999 0 0 0
2.7300720610755689 6.4414906143323369 5.5127042901614294 1.4262999999999999 0 0 0
4.3482051069204557 0.4636087443727449 4.9059634202712399 1.0617799999999999 0 0 0
5.4858206865771280 0.4909668256192778 5.8464971607735396 0.7953820000000000 0 0 0
7.9740477358712649 7.0242878766386978 8.0645288491467042 0.8600139999999999 0 0 0
8.5022181648978883 1.5868263706278607 8.5854785931491371 0.7754820000000000 0 0 0
4.2582435578266287 8.2011209862932759 9.1320491590768196 1.0226200000000001 0 0 0
4.7050569428358493 7.2290966397129957 9.4971626439995838 0.7876710000000000 0 0 0
7.6323533237744297 5.9352587122468705 8.4522333401347272 0.9135890000000000 0 0 0
6.6612973867383722 0.4921365522945500 8.4570779319459266 1.1804500000000000 0 0 0
1.1506221220000021 4.7883026943514979 6.3804750854376637 0.8867920000000000 0 0 0
1.7180761414172010 2.2506305439038434 6.7003654763536735 0.8294010000000001 0 0 0
5.4977746970083805 3.6506240835632848 3.5015144789799986 0.8778870000000000 0 0 0
6.4011374914546666 0.4268874002457264 4.1206088233406133 1.3419099999999999 0 0 0
2.2193219150887096 2.7329746213011537 8.9673440241951905 0.7684360000000000 0 0 0
5.6461883575004901 1.6050902778380889 7.4061997090026122 0.8968320000000000 0 0 0
5.3563086879035016 9.4848814439153806 9.5531651593721758 0.8373540000000000 0 0 0
9.6723795939058430 8.9052636287757441 3.3199560974473075 0.9375420000000000 0 0 0
8.2212686002100330 9.9640529634628496 1.5474935587784830 1.1166199999999999 0 0 0
6.2477522882328023 4.1238501482523073 3.3506120685552507 0.8497100000000000 0 0 0
8.0205603427758838 2.4184962685301827 3.0493338998612014 1.2348200000000000 0 0 0
0.6583369192714628 8.5205533009436820 3.2850815510914706 0.7303480000000000 0 0 0
0.9053802199798012 5.1735817029686828 7.5203078473237328 0.8369840000000000 0 0 0
0.7835340535647047 0.3293929987164315 8.7229578167466890 0.8958630000000000 0 0 0
2.6129453320262068 7.9079785386675008 2.1200792924358884 0.9123500000000000 0 0 0
9.1356479859645585 5.5703237249637354 4.5976313819778909 0.8721970000000000 0 0 0
2.8574338339060641 0.7583879100317825 6.9197056617511699 0.9103230000000000 0 0 0
0.8392316714779495 5.6839576675012653 0.6632809074831135 0.8822610000000000 0 0 0
8.8772125000524298 7.4787289904800263 8.8191405987581319 1.2246900000000001 0 0 0
5.5452092877342585 0.2524998734262928 0.1315485659699561 1.0423700000000000 0 0 0
8.9322205626189994 7.7109795031179491 5.3761345043670534 1.0830400000000000 0 0 0
6.9145098933970095 2.4797924187065576 6.8094334507949030 1.4681900000000001 0 0 0
0.4144676555277360 4.7796251214045515 0.9835528989014480 1.1417500000000000 0 0 0
5.8784154332801242 4.8419570186265002 0.6530173021357015 0.9825390000000001 0 0 0
6.2605752978070104 3.7535096742742891 4.3411872151581488 0.8221650000000000 0 0 0
0.8793555941265447 1.8398931650023063 6.0450365353915299 1.3667400000000001 0 0 0
2.8321952067024343 1.4755733813128877 1.2746032444498077 0.8504490000000000 0 0 0
4.6305328221542679 4.0047542996433929 2.0588118029539375 0.7875060000000000 0 0 0
8.4614804905016481 2.4014156231619999 1.3629348417891103 0.7511660000000000 0 0 0
1.9962660826130603 3.8002538865138407 3.1701086362079027 1.0113000000000001 0 0 0
5.9554047322399803 5.1590645625739233 5.1946411905039866 0.8165640000000000 0 0 0
5.9648503015361802 2.9345730884685319 9.7723557936217649 0.7644490000000000 0 0 0
5.1218860003677271 3.2458943343723701 6.0321918760273592 0.9776430000000000 0 0 0
5.9375277289702169 9.8102749670182803 3.3375957308152113 0.7778220000000000 0 0 0
5.6205746707650572 2.4172741338385926 6.7847272623952435 1.0297499999999999 0 0 0
1.8977672827706691 0.8643062668043732 5.8020675070243621 1.3264800000000001 0 0 0
5.7293886621036165 8.3559860640156423 8.4803644607556077 0.7504040000000000 0 0 0
2.0645311489254770 2.2724723004382525 9.8201865296470849 1.1093400000000000 0 0 0
1.7166018703438208 6.6792693351911367 4.9661275682941097 0.7614060000000000 0 0 0
7.1757264209995553 3.7718955466787563 6.4496939652595797 1.1435299999999999 0 0 0
6.6774361323575073 3.8558961016882556 2.6719409280550175 0.7795510000000000 0 0 0
1.4338515521849904 0.9157287602212030 8.0155490164132619 1.1866500000000000 0 0 0
0.3078302088786197 6.0438940967184447 9.5184790258807190 0.8524670000000000 0 0 0
1.9479213363708454 7.3703429699074468 5.6412702635825802 0.7571900000000000 0 0 0
6.8624922404312434 8.4882804137686740 2.5045108110616847 0.8317420000000000 0 0 0
5.1901542440863668 2.5808233864431966 0.0066923417261765 0.8309560000000000 0 0 1
4.9450421934804236 8.4171799498259343 0.7721795839297211 1.0449500000000000 0 0 0
3.7873801183655003 2.5794491543601121 7.6226135459380009 0.7761620000000000 0 0 0
2.4137340757561079 9.9251342804108447 5.5324593125894719 0.7995970000000000 0 -1 0
9.4891855810493233 9.5161831800517493 4.2458849791090545 1.1884100000000000 0 0 0
2.9441884193958865 3.6001319992954937 2.4678765951522790 1.2630500000000000 0 0 0
5.3460061072529417 0.3056392848158030 4.9990542196298930 0.8930150000000000 0 0 0
3.4137707429395054 8.0838596094622623 4.5661137055940557 1.0973100000000000 0 0 0
6.4816215833690185 5.0752890548244212 5.8443550986432653 0.7308630000000000 0 0 0
2.4573300914493186 9.2305884905993629 8.1030446184563676 0.9475040000000000 0 0 0
6.5709150164154311 3.1106089561249468 1.4706487436507414 0.9128740000000000 0 0 0
7.5685455107650981 2.5278191523295881 9.3429402546988811 1.1422300000000001 0 0 0
9.0593465830535713 4.8774755782167976 5.9838051907415322 1.4836499999999999 0 0 0
2.8318331473086449 4.2747619054395178 9.8018772799973917 0.7341470000000000 0 0 0
4.6360413042589981 2.2053480376705230 2.7461079592800957 1.2948500000000001 0 0 0
6.1449325815458886 3.3577175388220155 6.2282147337170910 1.0409500000000000 0 0 0
3.1597898143696126 8.5798048248290080 7.7756984689865449 0.7788490000000000 0 0 0
3.2494052358280046 7.4513311834833740 9.8593390296151355 1.5871100000000000 0 0 0
4.2194401620242949 9.0777918457426487 8.2590552695275274 1.2285800000000000 0 0 0
7.6041232734489475 7.2469424676350283 0.9241976680574223 1.3716800000000000 0 0 0
7.2734445460922954 4.3560790807867491 8.5011042886482642 0.8572790000000000 0 0 0
1.1353157884387333 9.0741866318819433 4.4584375761146351 0.8145750000000000 0 0 0
9.2899075978179244 0.2354480319638908 5.4456586083163714 1.5246800000000000 0 0 0
9.2984845803355647 1.0985121199507477 2.0366927192014201 0.8130450000000000 0 0 0
9.1099011832017300 0.5073915201982050 4.3147115180820075 0.7334090000000000 0 0 0
2.4857596358833214 0.4668147129578186 0.8970328056283751 1.2445299999999999 0 0 0
2.4527203220932066 2.7001244027975293 6.6590896945147611 0.8322000000000001 0 0 0
3.1452826298524492 3.8469873930723844 0.4596891618730871 0.8349190000000000 0 0 0
9.6331636232226305 6.1141614664970527 4.0415246127286650 0.9068079999999999 0 0 0
1.9144407113806889 2.7256344483224000 2.5205999418277316 1.3441300000000000 0 0 0
9.6297674501263160 6.3902547972005932 0.0207250377517146 0.8440280000000000 0 0 0
8.4387046006372426 7.1209706361267600 1.7288647820642080 0.8764630000000000 0 0 0
2.2984243425566997 0.1918157990408532 8.0941009394160339 0.8710260000000000 0 0 0
2.8740745347915566 1.4567303677227261 0.3457439033772570 0.7477160000000000 0 0 0
7.3022262322811677 8.5925841004855421 8.6288028740249416 0.9472170000000000 0 0 0
0.8159875561098122 2.6662560183171991 2.7505399753359869 0.8053420000000000 0 0 0
9.5039086706144573 9.9027907470147394 1.6488250236867388 1.2297700000000000 0 0 0
3.1283369027911281 2.4741339343192368 6.1224235681455283 0.8874400000000000 0 0 0
6.7892892081354264 6.2402842758079320 2.6109931558456996 0.7596510000000000 0 0 0
2.1208374942802686 7.1238700925626484 7.7445866639323615 0.7389740000000000 0 0 0
7.7103250136242369 6.1100357044218025 2.3795071817525701 0.7778360000000000 0 0 0
5.7911572226930819 3.7552543612729807 2.6596289673991533 0.7696539999999999 0 0 0
8.0417263020555385 3.4698653489245315 4.6269699812836018 0.8090320000000000 0 0 0
5.2963986143637785 4.2036775430828328 6.1894423226206046 0.9170250000000000 0 0 0
4.9643649787862465 5.6990095109685646 1.6226789282751986 0.7650540000000000 0 0 0
8.2389268565939773 4.2245319492756028 6.9344133456915120 1.2454400000000001 0 0 0
6.3321505204049888 6.6174666100851578 7.5030734546733031 0.8317980000000000 0 0 0
3.2605976794653424 3.3113426456216262 4.4812393141736733 1.1128899999999999 0 0 0
1.5062785106426313 0.1183890442145411 4.6849543306229702 1.3664499999999999 0 0 0
4.4618247606567998 4.3766643153889033 8.7034188435883610 0.8498370000000000 0 0 0
3.0023214672242173 4.2925729763499909 6.6642718187425842 0.7408720000000000 0 0 0
4.3474502630276000 8.3005231505744117 5.4597663316256426 1.4275100000000001 0 0 0
9.0118386906030601 5.2241411388687622 3.6751887215670243 1.0384899999999999 0 0 0
7.8151220297398369 4.5184752057296169 0.4110990384033081 1.4651000000000001 0 0 0
8.0377164481973953 5.3385333196427798 3.6395073090991090 0.8253819999999999 0 0 0
6.1995571418313942 0.7272248650757395 5.2863271142171540 1.0034099999999999 0 0 0
5.0148015284930407 2.4409996641184821 8.4717944948585036 0.7765140000000000 0 0 0
8.4632022379146914 8.5724733124966797 5.3433758435926331 0.8094620000000000 0 0 0
9.1830159267417404 2.0199793873841960 8.7788508685557911 0.7368300000000000 0 0 0
4.4844472729661593 3.7326378496119492 4.6929663492220932 0.9219280000000000 0 0 0
8.7696691164634490 6.3853514937863469 9.6038580237865254 0.9525400000000001 0 0 0
9.9315914538904018 6.6892009310627101 5.4590974000277450 1.2010600000000000 0 0 0
4.8327228069251591 4.6121012439213214 6.9748162818646096 0.9524410000000000 0 0 0
8.2885928087613951 3.4293332219863846 0.9271854150973877 1.0322199999999999 0 0 0
4.2966893248417630 5.3761112485420588 1.0594591819202401 0.9935680000000000 0 0 0
7.9157305146594306 0.3479520176671519 9.3948951427442502 0.7833810000000000 0 0 0
7.9793173610939849 4.1666194936114866 8.8857917344903683 0.7350630000000000 0 0 0
4.7565138282610970 2.8744341239233244 0.8445076575951472 1.0463100000000001 0 0 0
9.3552797288280800 8.3656580339599582 9.0111731507950115 0.7315920000000000 0 0 0
9.2043196509053100 1.5283063640903438 8.1872897806414748 0.7458370000000000 0 0 0
4.6742057050301886 1.0287406773626482 5.8177704471957101 1.0815100000000000 0 0 0
2.8087616423115342 5.9271790922317864 6.6187065280711987 0.8569700000000000 0 0 0
8.8614126524138523 0.8114033048627441 1.3212704321016526 0.8797960000000000 0 0 0
3.2374263068715958 1.4922058759430950 7.3193385516616916 0.8521090000000000 0 0 0
7.1399719224733689 5.1930200111873344 2.6717930467927413 1.3688499999999999 0 0 0
3.8496422868016249 7.0492371766366437 8.7525144494411702 0.9233330000000000 0 0 0
6.9549550008247296 4.6311894105002187 3.6008940819596300 0.7555890000000000 0 0 0
8.0600614810160938 2.5049227747814773 0.4307028113172719 1.0305299999999999 0 0 0
7.9934020741502758 4.9743160410887803 5.2235421374095807 1.0303599999999999 0 0 0
5.4788315590595307 7.8558519707470769 4.5673226656462758 0.8215920000000000 0 0 0
8.0942678012495755 0.2369726841146409 2.8722794862580709 1.1889200000000000 0 0 0
0.2289281011188877 2.4818179180521631 4.5192812255217225 0.9487020000000000 0 0 0
3.4969890082213655 5.0271687751026155 0.2896857969453535 1.2461400000000000 0 0 0
5.7704407901159582 1.5368980149370932 6.5627536823915911 0.7439560000000000 0 0 0
0.1491796138477253 8.6123966700180024 8.0658926078137494 0.9297150000000000 0 0 0
4.3690128674295945 2.8504143143667475 9.9199350696774644 0.8412700000000000 0 0 -1
9.1641197924903608 0.2077609071960226 0.4544994097437126 1.2367699999999999 0 0 0
1.4632970550153415 8.9826847631582520 2.7828382414461856 1.2535300000000000 0 0 0
3.7375604760685421 9.5362410855447646 9.0841082443439927 0.8135720000000000 0 0 0
8.8205212556921744 8.1996510571009491 7.4114270154108599 0.7450810000000000 0 0 0
0.0943782416514480 7.0800068890960910 9.8891506443546504 0.7690979999999999 0 0 0
0.5674026607989804 7.7121317134694447 7.8544206418275646 1.0245400000000000 0 0 0
6.2386201242245907 6.1470295630350984 5.5772777461864633 1.2937300000000000 0 0 0
1.3414079424456635 0.5938577489562074 1.2893670285698005 1.0617500000000000 0 0 0
4.2070504899095988 3.8619056229697759 7.7529979467983914 1.2144699999999999 0 0 0
5.9119190849446150 8.3614872586045035 7.5399372087994543 1.0080899999999999 0 0 0
0.1312651049129155 1.9048600066334438 9.0063668284950982 1.0989199999999999 0 0 0
5.6022231035514611 9.4905419245768954 5.3393955946516458 0.8806710000000000 0 0 0
4.1815464600235535 5.0929069394137754 7.7201555941875597 1.1616100000000000 0 0 0
5.2739713471900949 7.7921559361536543 3.3153477302071486 1.5843799999999999 0 0 0
7.5973046565346776 1.7646016731462202 4.8742465026813910 0.9570640000000000 0 0 0
2.2547487912384376 2.0944036012864280 1.6321099404457637 0.8495870000000000 0 0 0
3.4600683224184374 6.9612062962822225 2.9344626328878065 0.8680460000000000 0 0 0
4.3127004845016552 5.1898680247480087 2.1356021842932238 1.0995999999999999 0 0 0
3.4676442304845310 4.3298873060335668 1.0832858317427598 0.7898710000000000 0 0 0
9.9114759538558239 9.9535825735332164 9.3985273087168846 1.2915399999999999 0 0 0
5.3689659200641060 3.5605336804661363 7.1757101245493820 1.3511700000000000 0 0 0
0.2448879864746087 6.7865396562146945 4.3826372383395817 0.9097490000000000 0 0 0
1.5119041880949340 5.7250906949458260 4.3017284404072091 0.9516890000000000 0 0 0
3.3867858175325880 2.2064486732760455 6.8976134722636422 0.7688160000000001 0 0 0
7.1464195477976711 4.1073656358225499 9.4221755252348292 0.9648320000000000 0 0 0
5.2797952403804214 0.2768342117734936 2.6272266612891806 1.2683599999999999 0 0 0
5.5368201211904253 7.0751186722721462 2.3780261359226311 0.7479650000000000 0 0 0
4.4163185879877718 3.8403407660020328 6.4751969624794068 0.9903160000000000 0 0 0
7.2029225561528563 9.5453294024648780 4.7233425194082308 1.1955000000000000 0 0 0
6.3025870923745853 4.1785829559087517 5.4009917945097090 1.2274400000000001 0 0 0
1.0836629085609821 0.4884996028169784 2.5974321602796233 1.5164200000000001 0 0 0
5.2986198418597734 5.9462396392584047 7.6252884991198524 1.5560600000000000 0 0 0
2.0073695592394967 3.2487893407428063 9.5830553341978781 0.8313240000000000 0 0 0
8.8326941588319290 5.4272141036266586 0.1076853165050298 1.1222799999999999 0 0 0
5.2941852468813364 6.2755008770366763 6.0737423817060492 0.7659390000000000 0 0 0
4.6376491998197116 2.9043522427034847 7.7160067014331197 0.8106010000000000 0 0 0
4.4945631881145074 5.4221965216693908 0.1128823665820542 0.8487830000000000 0 0 0
6.4035395429172723 6.7436162286391488 9.7215528585322062 1.0519700000000001 0 0 0
2.3881170809164658 9.5910769477204632 9.0695693159307922 1.0138199999999999 0 0 0
0.2822864356041658 4.4632621656179889 7.7848195387744727 0.8560500000000000 0 0 0
1.9118970003132270 1.5831587183243903 8.8712037252739044 1.0942900000000000 0 0 0
3.4247717370514565 6.2573297726323052 0.6902688282602003 1.2387600000000001 0 0 0
2.1480441861460502 4.8731978697470844 7.8334131682308596 0.8821830000000001 0 0 0
8.4489845187603407 2.0851100701136738 9.6402713831878710 0.8412560000000000 0 0 0
8.0197420186810326 8.9597794913113926 1.1313578747556463 0.9651180000000000 0 0 0
8.2518992514188199 3.1088517742377300 8.6140185578120096 0.7455480000000000 0 0 0
5.2615972966068618 6.3670372305242546 9.8798895292436910 1.1969799999999999 0 0 0
7.1818818664934589 2.2272823409023568 4.0796267072648336 0.9810060000000000 0 0 0
9.7756117650257774 8.6474867348345121 1.7212781616507864 1.0491299999999999 0 0 0
5.6493884138152390 4.9081162050952614 7.1418846532964144 0.7352500000000000 0 0 0
8.4714541279929811 3.2223291300727057 2.1318753523041254 1.2163700000000000 0 0 0
4.1441411232482812 0.9866769196349077 3.9702987034035777 0.9659470000000000 0 0 0
9.6910740004710938 9.1162887660907810 0.6894852795397324 1.1349700000000000 0 0 0
6.3728225341262563 6.1322961558936573 3.4573664653611171 1.0489100000000000 0 0 0
5.9749610422445238 8.9649709774234907 4.2318832719998731 1.5880900000000000 0 0 0
2.6986937309814332 2.7770638351248293 7.4511491727822561 0.7683100000000000 0 0 0
5.2194975115999229 5.5328231120751470 0.8207818753217663 0.8644180000000000 0 0 0
8.0529660161564962 6.4056942245925601 1.5114551695389520 0.7434269999999999 0 0 0
0.1150915370484248 1.0745125215015543 6.2766340116146777 0.7340570000000000 0 0 0
5.3115528564880918 9.1822686687938369 3.0525529624856369 0.9833229999999999 0 0 0
8.8780077019355943 3.6088495814143471 4.8038324028510360 0.8499640000000001 0 0 0
0.3704528615879337 9.3474666722937823 1.4048213386697510 0.7990110000000000 0 0 0
4.6580973892432533 9.9500424365267950 8.7261598338098416 0.8195950000000000 0 0 0
5.0407791281872427 8.6027877243364959 9.7397476063088586 0.9648080000000000 0 0 0
3.0790865971355146 5.0538087619984724 3.7038725168976341 1.0530800000000000 0 0 0
7.9055434317258495 3.7616418833148337 8.0079145978353434 1.0629200000000001 0 0 0
8.0644051172025861 7.3023385862702836 3.6936548381932068 1.1116299999999999 0 0 0
9.0420851934860753 2.7650111554621879 2.9457344968717840 0.7696210000000000 0 0 0
9.9781309469094470 0.9261422049271348 0.0530874146108813 0.9734590000000000 0 0 0
6.0522387125519082 9.1621629289184714 7.0661661479887670 0.8026200000000000 0 0 0
5.4013573941523818 1.9893137016586449 3.4669450712529781 0.7675600000000000 0 0 0
6.4565370033859812 8.6190548040622232 8.3916440568022104 0.7312240000000000 0 0 0
4.1500986117312086 8.6669436318185564 1.4835685063551982 1.0682499999999999 0 0 0
2.4756850269620863 8.8936665760472167 6.9341406993915848 1.3992000000000000 0 0 0
2.2589358752886635 8.8834343588284259 4.9883409143149375 1.4798300000000000 0 0 0
9.2992760728354167 3.6031391154479655 3.1593347232660745 0.8907890000000001 0 0 0
2.9887586370706334 2.1084786396108566 8.3359069212576014 1.4332000000000000 0 0 0
4.3849583127173286 6.9767746328569942 0.2855542758922339 0.8937340000000000 0 0 0
2.5326895442004265 5.4853363455702526 4.6062596178428317 1.1413599999999999 0 0 0
7.2633414415238207 3.1372549613524776 2.2717172009855506 1.1304399999999999 0 0 0
9.3242520001849041 7.0950613107040557 3.5963375604143364 1.1582699999999999 0 0 0
6.2929608009810591 0.5259682369221073 2.9692225805689061 0.8358320000000000 0 0 0
2.9215737120978815 1.1589377367972982 3.8673722680758575 0.7407980000000000 0 0 0
1.7687557054929643 2.9480201250987674 6.2691402875958095 0.7480599999999999 0 0 0
6.6936734267951543 3.2254747457878041 8.9783123992060005 1.1277400000000000 0 0 0
4.5360019525217519 2.6937114204077788 6.7457612883148608 1.0927300000000000 0 0 0
5.8231134833897222 6.8124082071893790 4.3317687972841945 1.3341200000000000 0 0 0
0.9110789963598835 6.4484447267510498 1.1095217238703887 0.8254200000000000 0 0 0
4.9620930091928193 3.3576693069843313 2.7344982468351557 0.9984040000000000 0 0 0
2.4331441758252241 7.5779985906860743 0.8701586666656728 0.8017530000000000 0 0 0
4.8397903476293065 1.1731848234043734 3.2542852351833469 0.9581830000000000 0 0 0
6.1898185035204705 3.3098738904089524 3.1779284823797331 0.7349950000000000 0 0 0
1.1185700397418117 3.1222005019145604 5.2465225293664774 1.5836100000000000 0 0 0
3.6379508091781290 0.0395753450963890 0.8566452076158194 0.9230950000000000 0 1 0
0.1320144350450985 0.9486968323752261 2.0462497486874600 0.7738730000000000 0 0 0
2.4849596218998529 0.6776887344373669 3.0136816643307012 1.2559199999999999 0 0 0
1.3368180782917716 6.8195161329027911 3.8537752690525515 1.3391500000000001 0 0 0
0.2676653273767418 9.0718160556036214 9.8912750158332603 0.7588220000000000 0 0 0
1.7021284091734630 8.8679062020464539 7.7649977311106788 0.7895280000000000 0 0 0
4.3571928461583065 4.9590379245972223 3.8126973255652583 0.9652740000000000 0 0 0
3.6267167825384568 7.6861827181131996 1.9845244901835153 1.1009300000000000 0 0 0
3.8729551402715647 9.8070254567158326 4.0548340345749798 1.1782100000000000 0 0 0
4.5776164242467150 6.1918806683764798 0.6450996706250369 0.7818090000000000 0 0 0
4.2453873546656933 6.8811775134685140 1.2853386755211513 1.0544800000000001 0 0 0
8.9206437926923829 8.1355863651001687 9.6943014749144361 0.8760869999999999 0 0 0
8.5565869850851897 2.2480557810276238 7.9101116953181059 1.0362700000000000 0 0 0
8.0846082272863313 5.4383700031046001 2.0286333825033771 0.8513480000000000 0 0 0
6.1739483506756621 5.0801936441916800 3.4353154746012726 1.0078000000000000 0 0 0
9.8711081494714534 0.9268388164595885 1.1124522314616949 1.0723700000000000 0 0 0
9.5829212293122641 5.7174660519233642 5.3327052243692412 0.8002950000000000 0 0 0
0.6408727350788898 6.4930555578216840 0.2449713908435229 0.9115650000000000 0 0 0
1.7716825258428399 0.4751739360028536 9.0500799011066650 1.0601700000000001 0 0 0
2.4998214600235205 9.4309984193503418 1.0842825174504509 0.7860420000000000 0 0 0
3.8567278542641361 9.6280787529150320 5.0577385139278030 0.7851910000000000 0 0 0
5.7731244284723653 2.8626524166784200 5.5325120579365192 0.7515660000000000 0 0 0
8.8932743583208769 7.9986078712546647 2.5691513860614292 1.6003900000000000 0 0 0
9.0770243669119797 0.0476536856768643 8.6530410235592257 0.7307090000000001 0 0 0
3.2053307959833011 8.5639597005669330 2.1350250359121365 0.7785460000000000 0 0 0
5.0946718507771962 3.4218253293336045 8.4166495896099907 1.0844100000000001 0 0 0
6.5623292743011374 8.4284356612908073 6.7380705147193645 0.9703990000000000 0 0 0
5.0986638087917830 1.8121386108152215 0.9847148097731391 0.8155450000000000 0 0 0
2.2482866977793923 1.1297307268877603 9.7897725368429551 0.9829320000000000 0 0 0
9.8158464085762880 1.7783802314436037 2.7611450582328536 1.3458900000000000 0 0 0
1.6037494856637227 8.2048337569685987 6.1406738915373245 1.2230900000000000 0 0 0
4.9248814360198860 7.7983989846761519 7.2785268418001046 1.0534300000000001 0 0 0
8.3362763503640771 0.0325474693085526 6.4730467269795122 1.2044100000000000 0 0 0
7.0995254344941170 0.4968565963526157 2.6883509141190030 0.7981020000000000 0 0 0
5.6956018553701711 7.3117180760094769 8.1444525718690848 1.3626100000000001 0 0 0
8.6382519670385811 9.2270109428200850 3.1983427371839581 1.0951299999999999 0 0 0
3.1646950761468617 9.6444309115655091 8.4729606452237771 0.7804770000000000 0 0 0
6.4573276055358848 1.3952153146709172 8.8356951217627113 0.7310010000000000 0 0 0
7.9569875736038176 9.8209020268297529 0.3805225234081621 1.2049900000000000 0 0 0
7.7295903833435693 7.6837577388764968 8.8279731106564654 1.0145700000000000 0 0 0
8.4667282710725988 4.1964671369165742 4.0522537142982609 1.1507600000000000 0 0 0
9.4511449126002098 6.8350738277751342 2.5300718512326301 0.8854300000000001 0 0 0
1.5820360715288972 6.5821828632486588 1.8678378950192764 1.1378699999999999 0 0 0
2.5599526098425041 2.0135168698919443 7.2510943241607695 0.7487850000000000 0 0 0
7.4844641985065499 1.2983409975566458 9.0573553910779125 1.2944400000000000 0 0 0
5.9402903817703940 5.5090846845577914 1.2690131358349082 0.7727480000000000 0 0 0
2.6485462407491762 9.9398889956230203 4.0367925845118195 1.1901600000000001 0 0 0
0.7421299210156339 5.4309405129253818 9.8639567213843335 0.7369289999999999 0 0 0
8.7452693006380535 3.8984998861584197 8.6194873739882212 0.8685110000000000 0 0 0
9.4147366822659269 1.3796432376080783 9.4096404407253758 0.7668570000000000 0 0 0
7.4560984823175191 8.2595062327683806 5.6438476588652007 0.8965300000000000 0 0 0
4.1982684328368061 7.2201761451937330 3.4686320605665149 0.7691000000000000 0 0 0
2.8781320738002987 5.9260376719300609 9.6461353044889897 0.9985250000000000 0 0 0
5.9235384230690116 2.1582552694015860 5.1160234549131252 0.8369270000000000 0 0 0
9.8990881022766555 2.7996673272578603 5.3335252709737970 0.8521180000000000 0 0 0
5.6715302661917075 4.1888858824313617 9.4469747891435141 1.5932200000000001 0 0 0
1.8364315209913429 5.6305160277530453 6.2329303177218067 1.2226600000000001 0 0 0
1.3110994917305032 8.8386863676249146 6.9197747754307626 0.7754400000000000 0 0 0
6.4465987117217507 4.9022034075732419 1.6910720870528908 0.9530560000000000 0 0 0
2.2261310482500711 5.6013032493238679 8.6580415464537879 1.2356400000000001 0 0 0
3.6767079471212658 5.1088646986079853 4.6710758933011887 1.1383799999999999 0 0 0
3.9456147446504346 8.5989296537676037 6.8988361299371990 1.4907900000000001 0 0 0
6.1575307146497993 4.5469962625330176 2.5388620690476844 0.9048550000000000 0 0 0
6.0376365973095290 2.6148998030169159 7.9978485450319994 1.3866900000000000 0 0 0
3.5994168091383214 4.1002656966637989 6.1042237971026250 0.7378580000000000 0 0 0
1.9428299941509366 1.8171367871698421 7.8596622754810657 0.8302090000000000 0 0 0
3.6259804549853509 4.3079841350428625 1.9075650076696089 0.7775050000000000 0 0 0
9.2839663055062172 6.0786183336613639 3.1226164976471549 0.9865460000000000 0 0 0
0.5076944807657033 1.6116326514810255 9.8372408008807835 0.7486840000000000 0 0 0
8.2527311344435486 1.9118728022015783 4.0892701734150370 1.0345400000000000 0 0 0
8.3335448679305735 0.3854606561178500 4.6568392574900832 0.7527509999999999 0 0 0
0.8492063871198033 7.0558185679330849 9.3278257042064965 1.0408900000000001 0 0 0
0.8276479506560558 6.0415241730446008 6.8660481799812878 1.2052600000000000 0 0 0
9.8615259990542565 2.4754390367021286 7.8025475265929121 1.5231200000000000 0 0 0
6.4681402828535663 4.2406881922886530 0.3540496488608665 0.7374750000000000 0 0 0
3.5802670212761400 4.1679874496462723 9.6132378045275129 0.7637450000000000 0 0 0
1.5435710046732918 7.9652290991531531 7.3500182999118895 1.1443300000000001 0 0 0
6.2298079289924475 5.8353059120775699 0.3640054980463167 1.1102000000000001 0 0 0
8.4139688232088048 5.5572472477911976 9.1205299179810968 0.9599200000000000 0 0 0
6.6326218131102737 8.0915299769446012 3.3850443538075514 1.0793900000000001 0 0 0
6.0292113794891513 5.1784189543095192 8.6205189391652866 0.9122240000000000 0 0 0
7.5688213205829733 5.0006489364482976 9.1746533943971826 0.9918190000000000 0 0 0
6.7278809040096768 4.9750877296926133 9.8392942384259765 1.0553200000000000 0 0 0
6.8906034953433766 3.6710861064452791 8.0589480190410114 0.8727720000000000 0 0 0
5.0440680977938719 1.6355883127948418 1.8592451721766206 0.7389230000000000 0 0 0
4.8223326374618907 7.4827428672312823 0.8340363109759045 0.7715919999999999 0 0 0
5.7189721900069745 3.6607885730827907 0.8786058357921870 1.3507300000000000 0 0 0
6.2326821242792585 4.4313716280817266 6.5723593643338720 1.0806300000000000 0 0 0
2.1475124136162957 9.6797535126017991 3.1830425424554099 0.7678880000000000 0 0 0
8.5847269683158274 1.3517189450263176 2.7506843197612070 1.1618500000000000 0 0 0
0.2430718433661950 2.4992162607466026 9.8766735627212370 0.8884300000000001 0 0 -1
9.7641116782990913 7.9965797922814037 3.4530478469643877 0.7928990000000000 0 0 0
9.5388267032912246 9.4125735719732617 6.2845142077344072 0.7840700000000000 0 0 0
9.9741410250922513 7.4744426775676640 2.8518959358625100 0.7792690000000000 0 0 0
3.1336089551593029 0.5125516215675600 0.0514716148236346 0.8108710000000000 0 0 0
9.7328067258102866 8.0416460140277497 7.3776847683971889 0.9091399999999999 0 0 0
0.9721210351081716 3.6253031214808638 2.7623177576510516 1.0187700000000000 0 0 0
5.3100339903685629 4.6757814164615024 1.6328174789077807 1.2094199999999999 0 0 0
7.6295284922595759 3.8142552372909675 1.5547708122088260 0.8693570000000000 0 0 0
9.1967007263187988 8.3865673684203390 6.4130457254020499 1.3140000000000001 0 0 0
9.4952984711798116 4.9234859975712046 9.5788243770883366 0.7756030000000000 0 0 0
7.3278988356493908 5.5582960382880726 5.8316225710978129 1.0267700000000000 0 0 0
6.4179957641718115 7.0338909315812499 6.1319980268273779 0.7379340000000000 0 0 0
9.3387936948861281 3.5562944688853331 5.6842325251267374 1.0627500000000001 0 0 0
2.9642343405609042 7.8804703429076373 5.9324249313145074 1.5002200000000001 0 0 0
5.9463332784087832 7.8549051537767101 1.0995254086522330 0.8991050000000000 0 0 0
8.6582152309998524 0.9801687958778201 6.7231752288174942 0.7574030000000000 0 0 0
1.3151989217020281 1.3598767615562382 9.7538877473985455 0.8667370000000000 0 0 0
6.0417742716630425 2.6673660683094300 4.0893454658716575 1.3693200000000001 0 0 0
0.5640851619735430 5.9693084596238535 4.0223530959164044 0.9000780000000000 0 0 0
6.3209465562736353 7.7820975799346401 4.2518811128591985 0.7507360000000000 0 0 0
0.6392230516078865 0.6305910700409852 5.5476045316410456 1.1895700000000000 0 0 0
8.9865377715714114 2.7648570719831995 7.0804771446098931 0.7295480000000000 0 0 0
1.3892342584134629 9.5533308127958794 6.0072416137444176 1.4063900000000000 0 0 0
4.1539035564280500 0.3948235437854233 3.0795608408217960 1.0656099999999999 0 0 0
2.3834010577758438 6.9991549433833367 2.7123993627154395 1.2247300000000001 0 0 0
1.3164437325379490 5.3053281036844622 8.2698134405167618 0.7473760000000000 0 0 0
2.5488923607997855 0.5257417609233466 4.8930534242517094 0.7695880000000000 0 0 0
7.6340640318664645 3.4820997149734212 8.9617439727382031 0.7445300000000000 0 0 0
8.4579276877999217 0.6589251925268498 8.7325019390472622 0.9090680000000000 0 0 0
6.5562666506966396 9.3829891462744133 1.2427673839211104 0.7507480000000000 0 0 0
7.7010618110342710 0.5918726975728157 8.1592816709059299 0.9119800000000000 0 0 0
9.0128744853449483 7.5400150067745670 7.8051888720847336 0.7446890000000000 0 0 0
8.7222827004964003 7.1412386696385912 4.4414585750793618 0.8334810000000000 0 0 0
2.3567588311861241 6.6116514433289995 0.3906116229268602 0.9844660000000000 0 0 0
2.4593830665977490 8.7038442698383474 2.5127213778337185 0.8044519999999999 0 0 0
3.7519110553666715 4.4982415948219137 2.9329019723517606 1.1858700000000000 0 0 0
1.3028445366161674 4.9119601454156756 9.2099221945346077 1.1996500000000001 0 0 0
4.7481760263382968 8.8821446881686477 3.8017378252989751 0.9138770000000001 0 0 0
0.0032751891080751 9.4571602697198802 7.7416482800273894 0.8187170000000000 0 0 0
2.2995705657314636 8.2575393298712605 8.0950164110206853 0.9480390000000000 0 0 0
7.3233036317271321 9.8172779150257945 7.9371887871216638 0.7971730000000000 0 0 0
4.5452786898929878 7.6838739801182987 6.4005078616968669 0.7682650000000000 0 0 0
0.5797541310321466 6.7824479736431487 8.3878941841034287 0.9115090000000000 0 0 0
