3.2017202483601808 3.0463731393079980 9.5362405636265404 1.5223500000000001 0 0 0
9.2579641622026188 2.8458849894429625 0.6355146886589590 1.3036399999999999 0 0 0
2.2814905152082279 8.7250899922702541 0.1269548328054049 1.5483800000000001 0 0 0
4.9374892946201170 6.6628731480281171 3.6308533713442905 0.8109130000000000 0 0 0
3.2285450512602374 7.1850727735982316 1.1464932277353961 0.8679580000000000 0 0 0
7.6964163558384637 8.4510838925743972 9.9403042134615003 1.5981399999999999 0 0 -1
4.0039423979360933 7.3036572758756755 7.0202549084224684 0.9923410000000000 0 0 0
3.6091108787702275 1.9339019433946325 0.2311164881010193 0.7635340000000000 0 0 0
1.4315398576410885 3.4958612934695212 8.1245996320369080 0.7342720000000000 0 0 0
1.1134901983700469 8.7479665486640883 5.2185897555410605 0.8103300000000000 0 0 0
4.3284954675206055 8.5494390634573580 2.6458935511368455 1.1261300000000001 0 0 0
6.7647641540182049 1.9996487984103630 1.7296540759954848 1.3158600000000000 0 0 0
3.6825483568094959 5.7915691248669088 5.3305299916001694 0.7312270000000000 0 0 0
1.6474303344984809 2.6545489587301994 7.5548055362251070 0.8757500000000000 0 0 0
9.7857875497603608 9.1355962738009850 7.0187449358716378 0.8057480000000000 0 0 0
9.9908729655812891 3.5847806765817762 4.9805811600743084 0.8154730000000000 0 0 0
1.6104190917278831 5.2312895466086440 1.5427370181575348 1.5600600000000000 0 0 0
1.1068500255643543 3.8819827690948565 4.3164541286913183 0.7315920000000000 0 0 0
7.8201718659239949 2.0323726610384574 7.4030781649271598 0.7481250000000000 0 0 0
3.9823313335501163 3.6797837063249190 2.3559473093045047 0.7743470000000000 0 0 0
2.9527811975518818 7.6479412443189680 7.3589801377768467 1.2324999999999999 0 0 0
7.6964604357067179 0.2721386747529892 4.0121164665805287 0.9478140000000000 0 0 0
6.1264034947931085 4.2449055749420754 7.4848321061415994 0.7299369999999999 0 0 0
8.7484420203519129 0.5466236294928147 2.1396264019099167 0.7448790000000000 0 0 0
3.0898544857216446 9.6846646021073823 9.6659301473351409 0.8362460000000000 0 0 0
2.6553600679233602 2.9785480518132745 3.4504480602757277 1.0232100000000000 0 0 0
3.8388705861451933 3.1657604016225220 3.2960949742722758 1.3013300000000001 0 0 0
3.3914424911990078 0.5949431334632026 1.9349750120440055 1.4341699999999999 0 0 0
5.0023723827681854 3.4190662131348573 0.0570634750773026 0.7303460000000001 0 0 0
8.2085500729905281 7.2171475216219134 9.8624817926433526 0.9766070000000000 0 0 0
8.9186905370553848 9.3043366571428763 7.0202711186685818 0.8725990000000000 0 0 0
1.0836180058482332 3.1776530797325062 1.7786328868416954 0.9207550000000000 0 0 0
6.8425914847713099 4.1885354647257333 1.1281266032420891 0.9573630000000000 0 0 0
9.8101898617946546 6.7242540623689697 9.0406871488894822 1.0613200000000000 0 0 0
2.3812683556025491 8.8210504541442294 3.4413110246642593 0.9061020000000000 0 0 0
0.3595804508028168 9.3509925072514886 2.4135489731311930 1.1386799999999999 0 0 0
9.2490042507869781 1.3085662436151748 6.1519854973088011 0.9456420000000000 0 0 0
1.0477420431092184 0.5603620563751590 3.7751490217431152 0.7893360000000000 0 0 0
0.5570777218599152 3.6033296258233509 7.8234345087028991 0.9513160000000001 0 0 0
5.9472842728446089 5.4274364650799827 9.4442918152735800 0.8126430000000000 0 0 0
0.7833421976353796 0.6815689129660101 9.5963316849564038 0.8720110000000000 0 0 0
3.3909374628123334 7.1111160359158081 3.9231196574325713 1.0375600000000000 0 0 0
5.1184775822513933 0.1055128610418813 3.9362019565180009 1.2639600000000000 0 0 0
1.3263790669084987 3.9088101215809341 0.9295298962272188 1.2748600000000001 0 0 0
5.3655651742808921 3.8658339124940739 5.1596624916333669 0.7738810000000000 0 0 0
2.6239426620082571 3.5299093833893886 5.6899492577394835 1.5308600000000001 0 0 0
6.9081606098307704 7.1300987328200467 3.8644904802093203 1.0398600000000000 0 0 0
1.6491593251294190 7.9293422891298544 0.7949619797738169 0.7876350000000000 0 0 0
0.1575706902063341 8.3645831939861974 2.7251039214585844 0.8842200000000000 0 0 0
5.5606197222541036 9.0407297955643475 1.7654631749890524 1.5201100000000001 0 0 0
9.2727221266867534 8.2562883452939051 8.1670269902037749 0.8909200000000000 0 0 0
1.5926056988169384 6.1783886061668909 0.7676719870301891 0.7952500000000000 0 0 0
8.6144239611286046 9.6252134404983867 9.3931735611053817 1.1177699999999999 0 0 0
3.0912949643738106 8.3045506064654422 1.1795788751721128 1.1294400000000000 0 0 0
3.1326995331582945 4.4777194829995253 7.7092750371658365 1.1751900000000000 0 0 0
7.8615156889446478 1.5351355106398916 0.1244642019499566 0.9572360000000000 0 0 0
7.2627332560247559 7.2718861983027425 9.7977234615887863 0.8353830000000000 0 0 0
3.3624835832967093 0.4124068489518606 7.6421167288745373 0.9798420000000000 0 0 0
2.4634603701121520 9.9701557782452301 6.4164540110133812 0.9657060000000000 0 0 0
3.2749096455999074 6.5544955308382606 1.9627908863413326 1.1149400000000000 0 0 0
6.5349793789928601 0.1515790782222664 7.2179374394544809 1.2736700000000001 0 0 0
2.2346056820665208 9.8272355441895378 2.0434685444508700 1.2454200000000000 0 0 0
0.9872871541680334 7.4787297013158449 0.3225158021704520 1.0008699999999999 0 0 0
8.5051236860122632 6.2961115469217175 5.4103201244527197 1.6125499999999999 0 0 0
4.0882379226333549 6.0888484212315062 8.2968532804183823 1.0560099999999999 0 0 0
3.3452172180155517 0.6277594081097185 5.7544535879044734 1.5049600000000001 0 0 0
1.6699937275481167 2.7166483046563239 0.8700829258086157 1.0783199999999999 0 0 0
9.4562181584171281 9.1974093749308796 8.5557879299213262 1.0687100000000000 0 0 0
0.2347866815597670 5.1837293538238933 9.2685055912509657 0.9120320000000000 0 0 0
3.1279859622029087 6.3307432405215307 8.7192197093965049 1.0012900000000000 0 0 0
5.8427198016340114 9.8014075483345628 0.9082093727087964 0.7498990000000000 0 0 0
8.0877187128150574 5.6688507232429597 6.8930777857456134 1.4770300000000001 0 0 0
5.7708035348501410 1.5308451221649717 2.6223883273826369 1.2652399999999999 0 0 0
9.0025166494261910 2.1004838213041679 3.4721102810949631 0.8405170000000000 0 0 0
4.5143404070313062 7.9040911345576150 0.0998482983656973 0.7614440000000000 0 0 0
1.1473435335261386 5.7424510220573781 3.3679531372892071 0.8696159999999999 0 0 0
6.0567729879030727 2.1611052803422712 0.5449349840285167 1.3585900000000000 0 0 0
0.8259092039007746 5.0250360796041136 3.9386913552976872 0.9940380000000000 0 0 0
9.3638263867133791 2.3177533632260472 9.6051674159184000 0.9329860000000000 0 0 0
3.1353586337722796 8.9531880484041100 4.0899408883505677 0.8995660000000000 0 0 0
6.8286152223159622 9.4577374614310692 8.5908692006066349 0.8906830000000000 0 0 0
8.5069336104166169 5.1431250243124369 4.4347788709076053 0.7654640000000000 0 0 0
9.4385392310542215 8.8412706032957988 5.2472340951117324 1.1374800000000000 0 0 0
8.0651140546777640 0.8914229225888795 0.8480130254397397 0.9344190000000000 0 0 0
7.3358258637247920 6.5653115509246813 6.0536639336365594 1.0036499999999999 0 0 0
6.0698918159901343 8.0990776924168149 5.0875812814752042 0.7339540000000000 0 0 0
1.1571278937956173 2.3847497265107775 9.1882726249119795 0.9797570000000000 0 0 0
1.0769961978583091 8.5287709366345865 8.3306393445782216 0.9654830000000000 0 0 0
9.5379597814711516 0.3230195501980503 3.0349293055218554 1.5868700000000000 0 0 0
0.2108446509733164 5.0584739043023026 2.0429766886241811 0.9528420000000000 0 0 0
3.0845311460624787 9.7514897770308835 4.9758876010222375 0.8050410000000000 0 0 0
7.6977899204365299 2.1135472908566872 5.9458831900680655 0.7376190000000000 0 0 0
5.1676164984430661 2.5143402367509613 4.7079876920809074 0.7568170000000000 0 0 0
6.5610488590904632 5.8442981894878443 8.0416270128101743 0.9547060000000001 0 0 0
4.4696771915915292 3.5785129043942483 9.3117549373879651 1.0296000000000001 0 0 0
4.3509841056635796 9.6099333945605547 2.1243827718230368 1.1420500000000000 0 0 0
2.7699179870625303 4.3327808337591192 4.5926378530302978 1.1010800000000001 0 0 0
0.3097750524205136 6.5769707540079425 3.1429610495719351 1.1655500000000001 0 0 0
1.2120245922120396 4.0363919159332573 3.5662808853554120 0.7554180000000000 0 0 0
9.8624478037526977 5.9144161744658437 2.2264155911980090 0.8198580000000000 0 0 0
0.9485728396586447 2.8799746367940067 8.1970497900815555 0.7765940000000000 0 0 0
2.5075172695425341 1.1172774762102924 7.7918047734458513 0.9788330000000000 0 0 0
5.3224748031859539 5.2426334836357729 9.9896941546426312 0.8213400000000000 0 0 -1
9.0261283441059543 4.0409469572029257 2.4358161297725807 0.8310120000000000 0 0 0
9.5122420098993601 3.1814814928872912 9.6589715255025173 0.7416180000000000 0 0 0
2.1507649458128997 8.1102877980995292 2.9720905719465982 0.7906300000000001 0 0 0
3.3763548962081762 9.4198388032760860 7.6330126887072769 0.9228110000000000 0 0 0
7.7488783816925206 8.5616181159643894 4.7978423775918291 0.9330170000000000 0 0 0
7.3752406907986927 4.1237010703466987 4.8297588583290443 0.9521750000000000 0 0 0
1.8784520501733832 1.5347173047508971 0.6820304853645663 1.1286000000000000 0 0 0
0.3968990564789030 8.6508717784949738 5.9441765226054919 1.1601100000000000 0 0 0
0.4606953609697180 8.5658909989319145 7.0529004791113037 0.8922369999999999 0 0 0
7.2574917687828444 6.2262908188095576 5.1588598840536735 0.8405170000000000 0 0 0
8.3689776459469556 0.7605026262216993 9.9914741057863701 0.7566710000000000 0 0 -1
5.5768740168836288 7.0375717878634179 9.2235078113776652 0.7467930000000000 0 0 0
6.3315431811790539 6.7769311428934955 2.1375296430708350 0.7909240000000000 0 0 0
5.5794890057866180 6.5750217811686040 3.1054997871540269 0.7925460000000000 0 0 0
9.5089825859143655 3.0192993195647979 4.6286145028747061 0.7646490000000000 0 0 0
2.0748155962522050 3.7503497328761943 7.1572918537297090 1.5136700000000001 0 0 0
1.2538178171906220 4.4127119709817704 7.9952268503250776 1.0791100000000000 0 0 0
7.2942984663589590 4.5238895959653442 5.6453382211607339 0.8022840000000000 0 0 0
9.6136815025113904 4.3396317177519625 1.6688713531186641 0.9141260000000000 0 0 0
1.6067853453755385 6.4960594253328443 8.2655388863415649 0.7300640000000000 0 0 0
8.9155155743233703 9.6754978744440017 7.8483749083716488 0.8737390000000000 0 0 0
6.7426545273356870 2.1660055351775895 8.8260260853225567 0.8392100000000000 0 0 0
3.5810297799685964 0.9350429183213377 0.7745619244793286 0.9215020000000000 0 0 0
5.7499633047882650 3.0540735900087577 8.9856321689631162 0.7423600000000000 0 0 0
4.7091069690655409 3.7085220077056333 1.3019901910052689 0.7387210000000000 0 0 0
0.1739156241070795 5.4060399559036307 3.1502424505936188 1.1031899999999999 0 0 0
1.7136619214411331 5.8967562608102346 5.2174348423809054 0.8403900000000000 0 0 0
4.9111779090748913 6.8589565965120034 6.6911781236600829 1.0511299999999999 0 0 0
0.9001081962892880 8.7159767680891687 0.6787120094996526 1.3145600000000000 0 0 0
7.1793112448912551 4.7965193433533067 6.4185893964467367 0.7907260000000000 0 0 0
8.9074698955454803 2.2555808660063326 2.2881349398119037 0.8350820000000000 0 0 0
4.3314240086354880 1.8921279175846493 3.8325655249841066 0.9031709999999999 0 0 0
0.4100886699114760 4.3707069688850773 4.6406476515678516 1.0183400000000000 0 0 0
7.1109287540748660 4.5682909194172332 7.4436323402546645 1.2337800000000001 0 0 0
1.5544915908308981 3.1439524788497355 8.8180805589703581 0.7701650000000000 0 0 0
8.6142248801474377 0.0251189892686842 3.8857114377205462 0.8969310000000000 0 0 0
5.4043408301043927 8.5301020244190635 6.3924797109100489 1.3440000000000001 0 0 0
9.0004384362641474 0.5622070794453097 9.4231740460904039 0.8289140000000000 0 0 0
4.9543442599094965 8.2525140177943292 8.1904532567170278 0.9264019999999999 0 0 0
4.3109935472865759 4.8524972334089398 5.9759933708361341 1.2141100000000000 0 0 0
9.1383770520096270 1.5360141306292945 7.3263100950335387 0.9730860000000000 0 0 0
9.1523528488520753 2.9618233953706516 8.8280923964540587 1.0474200000000000 0 0 0
9.7299667713514246 7.5446358177480040 4.7090594261250889 0.9606270000000000 0 0 0
9.6103891993896244 6.4471766539799296 1.5373085764294054 0.7868400000000000 0 0 0
3.3787985027532978 7.2067113767860489 4.9539593453463118 0.7688680000000000 0 0 0
0.2364505153207644 9.7782705949469175 6.0496669433069634 0.8320480000000000 0 0 0
4.9454926364465521 5.4192517884862834 8.9614551875473190 1.3135399999999999 0 0 0
2.9565653361013622 3.9910619512411358 3.5609612276344857 1.0208900000000001 0 0 0
4.4245342415476356 1.1410817865319771 2.3853035943952490 0.9248400000000000 0 0 0
8.3387794077784338 7.2485582912917286 6.8621341516272061 1.6020799999999999 0 0 0
0.1153070525684810 7.7912048928229485 8.8641437909164935 1.1001900000000000 0 0 0
7.7830622396545772 8.7635960405422200 6.8049963186347115 1.5051500000000000 0 0 0
0.0611117900391468 5.6798307240737920 7.6462293946324271 1.0006299999999999 0 0 0
9.3602976449068809 8.9315562037257425 7.6637956108726861 0.7314260000000000 0 0 0
6.2068200022852720 0.8413654284434834 6.2927805950782902 0.9067530000000000 0 0 0
0.5485628658348554 9.5919826250211120 6.8869490013550223 0.9223740000000000 0 0 0
1.5180597944404945 6.7124658523991521 0.0918899030840621 0.7829890000000000 0 0 0
7.0143441548343155 1.8935120739135074 9.9908155509889607 0.8314160000000000 0 0 0
2.1452579489018206 1.0304390059074953 1.8997226933807307 1.0927000000000000 0 0 0
6.6480665648170181 4.7086858893399981 8.9022182182093665 0.7386200000000001 0 0 0
2.3189215612543848 3.2337910181679161 1.5166413793436535 0.9457010000000000 0 0 0
5.2999043109830941 0.5418944721919954 6.9124196072598885 1.2837700000000001 0 0 0
1.5467597128660191 9.6959371622294395 7.2678802195635868 1.0614200000000000 0 0 0
0.1632539872053489 3.2372213310227882 5.9867878213150956 0.7321560000000000 0 0 0
3.1225566882847100 5.2619628351976759 1.5705183055602741 1.3508599999999999 0 0 0
2.3811218917757722 7.4902703581959695 4.6574124263540222 1.2838799999999999 0 0 0
0.1942709593624443 3.7288659865912330 1.0701563485177703 0.8714140000000000 0 0 0
0.1120946359273833 1.8742261382514278 0.6044544065239160 0.9461260000000000 0 0 0
0.1099997408802644 3.3192151081363122 0.1892989775878888 0.7365750000000000 0 0 0
6.9830272025750126 0.3753930196147489 9.4044034380029604 0.8095710000000000 0 0 0
8.7159345700118074 4.4109353300167262 4.9943809753710555 0.7403330000000000 0 0 0
8.4427592004629091 3.4201964785623642 9.7094182240706299 1.3021700000000000 0 0 0
0.4358576509187974 6.7011116670729143 1.9844808511762826 1.0848100000000001 0 0 0
3.9571564439712619 1.9629926839121947 1.4827354874136092 1.5449700000000000 0 0 0
6.3914746264024886 1.1205578988806100 9.7708087221884501 1.1247400000000001 0 0 0
4.9398546331348596 2.1470649598754927 7.4666353813244113 0.7908020000000000 0 0 0
9.0041447931650218 1.5246202602591594 0.4252129065197683 1.3163700000000000 0 0 0
5.7709566213115551 1.4957379765194376 1.4599709144348394 0.8839730000000000 0 0 0
7.0650119064696391 9.5155815541547550 3.2724516993084354 1.3920999999999999 0 0 0
8.8972288191426543 8.0183985121414239 0.9412800192776475 1.5233399999999999 0 0 0
0.4062459431509703 7.4767255866818241 3.7890473207354729 0.8752960000000000 0 0 0
0.7176773057646536 5.3383455327205427 4.7963474083761994 0.7498600000000000 0 0 0
4.0684756562734181 6.8990555912259053 5.7860874712967485 1.3294200000000000 0 0 0
1.5289783251080726 8.2118083330340408 3.9098668995873607 1.3020900000000000 0 0 0
1.7527407276652196 0.1973686078175333 3.6116900208991636 0.7676010000000000 0 0 0
6.7514331038659670 9.3106993685747046 2.1107965224716287 0.9217660000000000 0 0 0
7.2456603312891295 9.5939527534838369 9.6304656386781762 0.8330000000000000 0 0 0
1.5401469089670237 0.5836803248761048 0.2060588783832779 1.0074500000000000 0 0 0
2.4664564722723910 5.5482437945185952 0.5447243590363604 1.0424199999999999 0 0 0
7.7484508773731307 8.9849939267160295 7.9761387908753987 0.7801360000000001 0 0 0
3.1449974892304469 8.5997189168480759 8.8974679782873558 1.3531599999999999 0 0 0
1.0779355024157049 3.1350136271958617 9.9827362096637007 1.1264200000000000 0 0 0
0.4824003061337864 7.3996495419414581 6.5710491452764828 1.5366500000000001 0 0 0
5.0992349984959331 1.5668314170545030 8.3149794289862520 0.8900720000000000 0 0 0
2.2782777947159372 1.8575659344472149 3.4846505531881529 1.2539800000000001 0 0 0
1.2025021263367457 9.5582999859037034 9.5504854534345327 1.2999099999999999 0 0 0
0.9364722717475816 1.8632494349516864 1.6957738349285387 1.6078900000000000 0 0 0
8.7806581895571192 1.2096627881039645 4.7319524294825150 0.9793080000000000 0 0 0
4.7504274536412572 9.2723885294621891 4.7319762665860976 1.0636900000000000 0 0 0
6.8936919601773683 5.1333150887284047 4.8896491503877417 1.1252400000000000 0 0 0
4.8758202479059358 1.6281155731594410 6.6948717851155495 0.9990540000000000 0 0 0
7.4788369268494481 1.2677287987861026 3.4007917468779323 1.3393299999999999 0 0 0
0.8610955752460469 4.1712395958671440 7.0415458203853722 0.9591870000000000 0 0 0
0.2182502664183515 6.6510677275756933 7.5578467876530828 0.8940470000000000 0 0 0
9.3574541876200925 2.1884334591052714 4.2839496921421629 0.8364110000000000 0 0 0
4.6258966938287420 5.4086314339393073 6.7708975249676566 0.7485039999999999 0 0 0
3.0966651125752067 6.3654038569679976 3.4601623717149983 0.7441750000000000 0 0 0
2.4904164226553172 7.1226482773235311 1.6422501045459306 0.8475810000000000 0 0 0
5.4606533620801567 5.2839878933446736 6.2172594639429297 1.1938599999999999 0 0 0
0.2022535760228860 5.9714022753328573 4.8385774765355452 0.7679260000000000 0 0 0
5.0121558875972259 8.7453313132169370 7.4263676179719509 0.8235240000000000 0 0 0
4.8504088648776342 0.6216282455989319 1.2680523851092684 1.5840399999999999 0 0 0
7.8849743921171322 1.5820035890554016 8.0717092162814730 0.8080290000000000 0 0 0
8.5675126818958365 8.8941635949441764 7.6991086099091053 0.7967370000000000 0 0 0
3.4764603005815284 6.7802749876238746 7.8268659064027064 0.8943240000000000 0 0 0
7.7543451869574280 5.6854059399534718 4.4436391573137453 1.0196099999999999 0 0 0
3.1637252073807400 3.3727466519641141 8.0314105120751123 1.0386000000000000 0 0 0
6.1061095156936345 8.6431151452612589 2.7817987318949520 0.8116520000000000 0 0 0
4.0312558105231107 6.1769898122775553 7.0090510786169133 1.1767700000000001 0 0 0
6.5940106528545694 5.6840041910736563 6.8279385388091320 1.4006300000000000 0 0 0
4.6771152415545911 7.5287293253240088 8.6069862547451610 0.7654200000000000 0 0 0
8.0436152732486299 6.7299721412142421 8.9724309007736593 0.9986610000000000 0 0 0
5.4512656799296266 0.7112501181472305 9.0083334903336603 1.3341600000000000 0 0 0
3.0944824552955823 0.7215829157716800 8.8407137598174277 1.4566900000000000 0 0 0
9.1293405943590660 0.6797245648505158 8.1286578089233537 0.8257350000000000 0 0 0
2.7945498898259227 2.3404474712836469 0.7179253682293552 1.2202000000000000 0 0 0
0.6896970928151471 4.1716567326718499 1.8974939467184617 1.0065900000000001 0 0 0
6.6171596103199182 7.7126898665960919 0.3523785898227557 0.9727460000000000 0 0 0
6.9888475972371635 8.4284919172217059 1.3883664283711454 1.3190999999999999 0 0 0
8.2030985313846685 4.9476260478646079 2.7731209541340496 0.7443400000000000 0 0 0
5.8145371921882543 6.5110641949824917 6.6387781534874870 0.8147480000000000 0 0 0
4.8730688236521393 7.7496865510839026 1.8329436725154131 1.2979600000000000 0 0 0
8.5837487371464753 6.7794893824868137 2.8965025035628349 0.9864889999999999 0 0 0
4.1877118967211313 8.0592881686234286 3.7554612587327512 0.8897960000000000 0 0 0
3.7674024897238074 2.6685709629201515 0.5204953206998029 0.7803390000000000 0 0 0
9.4531887789608131 5.7685439956521716 9.3048302469871000 0.9665330000000000 0 0 0
9.5194693136955291 1.9604984930548746 1.5134449901015896 1.1480399999999999 0 0 0
0.9565192884202466 0.6745446307299963 6.8102046338000344 1.3079499999999999 0 0 0
8.6127005901571820 4.5779943922997228 9.3616094527984810 1.0466700000000000 0 0 0
6.3288954346711845 1.5010366664039059 3.6329981905737028 0.9572720000000000 0 0 0
3.3701261580775830 0.7131830069434423 4.4761531742452236 0.9609220000000001 0 0 0
6.8754594578202211 1.5533721522523063 5.8086203559650285 1.1909200000000000 0 0 0
0.3379674953791306 4.2590346391381866 5.8281909551623974 1.2807599999999999 0 0 0
1.7953311178421441 7.5861219708663654 1.7030814542006707 0.7621240000000000 0 0 0
8.7058156317523014 4.4027265286927086 3.1236471117014153 0.7643270000000000 0 0 0
2.8145743612481269 1.5995542395214315 6.4137512602269808 0.9747310000000000 0 0 0
9.9383189111553669 5.0251333366206428 5.1013945202750062 0.7626330000000000 0 0 0
1.3375619790509687 3.9475360845709697 6.1940972069899951 0.8511480000000000 0 0 0
2.2476324782660049 3.0078820671003332 8.1311565527339695 0.8637580000000000 0 0 0
1.1290244416325690 7.6168393215658288 2.6564847551531803 1.4759700000000000 0 0 0
7.4210970774288443 7.3091162802404757 2.4578406629963192 1.6127400000000001 0 0 0
8.7939161911195320 6.5559961158393918 0.7933590584843186 1.3114600000000001 0 0 0
9.7525026968393380 0.1010736922905942 8.2929642883929215 0.8203560000000000 0 0 0
6.2077202885935900 3.1342527034874310 2.4342727116456735 0.7764670000000000 0 0 0
2.8768595494837328 2.5232548168473783 1.8236007547805135 0.8293550000000000 0 0 0
4.3008053490339204 9.8180272190945388 7.3111044275716788 1.1049000000000000 0 0 0
7.9132474386515561 2.6920764076501440 4.3397258155177116 0.7449260000000000 0 0 0
1.0191910431984321 1.8367947320734626 7.3385625924096116 1.1520600000000001 0 0 0
8.8044585412649603 6.2222353802278958 2.0143287112844339 1.0660900000000000 0 0 0
3.3255547381375519 2.2515398506032342 4.0156127506309618 1.1287900000000000 0 0 0
6.3543095256963014 7.9061632988115509 5.9530991977355665 0.7384870000000000 0 0 0
2.2136213422331230 5.8692644479740963 3.4948848989070407 1.2060400000000000 0 0 0
2.1588955363209910 2.1625817760941088 5.6454850884981509 1.2501899999999999 0 0 0
6.9714033893375698 5.4285514724869897 3.8846871332195549 0.8935850000000000 0 0 0
2.1582786857979230 6.7479096632236555 9.2663820805889330 1.2287999999999999 0 0 0
6.3157924686050526 7.0149952136516642 2.9901933845285922 0.8100940000000000 0 0 0
3.7515584402383961 4.3053468638312831 6.9263782911499954 0.7702870000000001 0 0 0
0.0766857700056218 8.1251684682681251 1.0162169066514561 0.7396410000000000 0 0 0
7.3230275881383537 3.4321380501904208 7.3822663254860439 0.7423940000000000 0 0 0
7.0869604359619212 0.1089116118660528 5.9162904353782402 1.4130199999999999 0 0 0
3.4552906757106863 3.2223176275480032 6.8624307939163245 1.2981499999999999 0 0 0
5.1956056065277387 1.3158553982498786 0.0994281602603015 1.1148600000000000 0 0 0
0.5078709188229501 4.2113548989278407 9.8984535230307529 1.2230200000000000 0 0 0
5.2591100967999402 7.9787099775429242 9.0488942317386432 0.8678380000000000 0 0 0
7.4301974587709205 7.8619199229387080 4.2701072711375909 0.8579490000000000 0 0 0
1.0931545033052783 8.2431453618342339 9.4443157921197667 1.2468800000000000 0 0 0
5.3001585952355850 1.4051799577641282 4.4506811941319153 1.4489799999999999 0 0 0
9.5558142307262450 0.3561543270628760 7.0477643864853325 1.4939400000000000 0 0 0
6.7810911507936904 2.3304798533549160 3.0063521980494929 1.2224900000000001 0 0 0
0.9562962503606165 1.2709933091474541 8.9063858602257984 0.9045230000000000 0 0 0
4.3069534724931273 4.4387631469287818 1.4637079402858648 0.8868050000000000 0 0 0
8.3914009838994392 3.6061299959592055 3.0679359872887901 0.8844500000000000 0 0 0
9.7926732881373244 7.1825966510642489 8.1278086317096712 0.8071750000000000 0 0 0
8.3784050759763176 5.8007671882603784 2.8671603555790002 0.9382520000000000 0 0 0
3.1065924302416312 5.7291825861302925 7.7252166687883701 1.2336499999999999 0 0 0
2.9578844927765400 9.6445423630544695 0.4787196543523625 0.7504550000000000 0 0 0
0.4019186307563145 5.8099116274770433 1.4960394173636966 0.8716940000000000 0 0 0
7.5434209880368011 4.7783231359024949 4.1864434428033830 0.8387770000000000 0 0 0
9.5525634398153194 4.2995889063040513 5.0799888129826085 0.8081700000000001 0 0 0
3.9146398026703748 7.9191283926760274 8.0932075281183611 1.1538400000000000 0 0 0
6.8452348330512649 7.3119164796805363 5.1384966590120502 1.3942500000000000 0 0 0
5.8035473800239288 8.7868108211339528 9.1874403864872587 0.8722760000000001 0 0 0
8.4181304856252428 8.6619411311459835 8.6976040109281492 1.1959000000000000 0 0 0
3.9467859523512714 8.8792395624347797 4.4643853604355899 0.7329940000000000 0 0 0
0.6711527544434518 0.0880670923811150 7.7984436558677057 0.9707830000000000 0 0 0
1.6147937756706359 9.6914619965215127 0.7584674171816906 1.0173500000000000 0 0 0
5.4121672269089096 4.5353620702941404 4.2632332505513775 1.3811300000000000 0 0 0
2.3157093160281406 0.1315632021260386 9.8614707303382332 0.8290860000000000 0 0 -1
8.4964830802839213 1.1054499956103072 7.7990424008507189 0.7703220000000000 0 0 0
5.0218921359296367 2.1648519440135656 5.6658541567618332 1.2253200000000000 0 0 0
2.3041475209905906 4.0656627108892032 8.7499698287184255 1.4964800000000000 0 0 0
7.2978816032516614 3.4876032871651730 3.6963602133328108 1.5529900000000001 0 0 0
0.1698658270072832 1.0869397722726299 8.1190626381962776 1.2663199999999999 0 0 0
1.1732111069760680 3.8166461685984152 9.1484865434508453 0.8392860000000000 0 0 0
2.9712361268998380 5.0108526795599362 5.7996016914522217 1.4042900000000000 0 0 0
3.5753998427100000 5.1831062768114418 6.8483486908743849 0.9485500000000000 0 0 0
9.5608189255089417 3.8937013321926526 4.1514700902098518 1.0772299999999999 0 0 0
5.5497908971238425 6.6290503900418454 1.1919288354586635 1.5075000000000001 0 0 0
7.3418133049029173 5.5203094339343535 7.7682736627428941 0.7456290000000000 0 0 0
9.0152017075887407 3.6206048958031145 1.4090612192202352 0.7648760000000000 0 0 0
1.6877029038463709 7.0520953059978186 0.9205806766346780 0.9168150000000000 0 0 0
1.1655664928140914 4.7880578117955652 2.8443069278638760 1.2211900000000000 0 0 0
9.9420988546411024 2.8514756611782670 3.5248928249235911 1.1772700000000000 0 0 0
7.7828944119783783 4.5821995708593777 3.3749586786484906 0.8323690000000000 0 0 0
6.9692491295960348 6.7405863510862796 8.6529935222803260 1.1581500000000000 0 0 0
0.3974903931377138 3.8187306439005826 3.5897753093373082 0.8664960000000000 0 0 0
9.3686156691925007 5.4292494494041801 1.2712609273105644 1.2905100000000000 0 0 0
8.4971162612211728 4.5016984673735037 1.6184759800955177 1.2418700000000000 0 0 0
0.7899274201179094 5.7925027746563220 2.3774637492577524 0.9365150000000000 0 0 0
6.8043080560444045 5.0623157061510673 0.7733289438353145 0.8475279999999999 0 0 0
1.8665454010333793 1.6582268436862617 2.5567291782028896 0.7364440000000000 0 0 0
2.6826932854441501 8.2408367386054522 3.9891504147496022 0.7355270000000000 0 0 0
4.2298121445474415 0.7641748369418192 8.7236662647939003 0.7414840000000000 0 0 0
1.2917325154393462 4.8911235673191360 0.3303020474855314 0.9397960000000000 0 0 0
2.6915507978038948 6.6525440072956012 7.4949535747887710 0.7589910000000000 0 0 0
3.2545702084195236 9.3453179711621264 1.6134218443564436 1.0629800000000000 0 0 0
7.8189229661210868 9.1645897888358316 5.5815657962918062 0.9735750000000000 0 0 0
8.2250184402546065 8.0730299139983970 5.9569763442390924 0.7644890000000000 0 0 0
1.1252709201133535 6.0658976824084325 8.9682985042399004 1.0785000000000000 0 0 0
5.2665490635768135 4.6572421554710255 5.3895089104968763 0.8017919999999999 0 0 0
1.9540758285410844 3.6995169887567223 4.3611257142604574 0.9330340000000000 0 0 0
7.4251318469284140 0.0193282704364521 8.8264632435482504 0.7493919999999999 0 0 0
2.4300382232352264 5.9382952212430933 2.2961605280747968 0.9769409999999999 0 0 0
8.7470384633463016 9.4238320252120662 0.9236018719803442 0.7412050000000000 0 0 0
8.8321106889075658 3.2375532306261476 7.8643704167089865 0.9750230000000000 0 0 0
0.9198321104665169 1.9943354365498738 8.3586898065049269 0.8426520000000000 0 0 0
5.7210350880073779 2.0277913305955311 9.2198756442439880 1.2842300000000000 0 0 0
7.8258728028480462 7.3029978114567502 5.7242553270589287 0.8012440000000000 0 0 0
8.4502487309662424 2.0713933732176995 6.6233635932094144 1.1824500000000000 0 0 0
8.8339562939374776 4.1527927129171074 7.8478471793880287 0.7727200000000000 0 0 0
9.4301105913849401 0.9371194545572193 8.8405367310644145 0.7401380000000000 0 0 0
1.5295135622927554 9.7079029467442961 8.3739886966955108 1.0678099999999999 0 0 0
9.6134183803184943 3.7602964553124867 8.2885763114271729 1.0074700000000001 0 0 0
3.9393662571763288 1.7949791231896874 6.1426532450133839 1.1165200000000000 0 0 0
2.6823005611934709 1.5370304767471874 4.7044237971885456 1.1443300000000001 0 0 0
3.8369085081257039 4.1710060660731374 4.0734547388327726 0.9699620000000000 0 0 0
3.4180404446587915 5.6928153864696336 2.7840594124074984 1.1918899999999999 0 0 0
7.2843613179170745 6.4460866456249590 7.5865150643207482 1.0544100000000001 0 0 0
3.1304354638316814 1.7740112472744241 5.5608771182366121 0.7701730000000000 0 0 0
6.8098747546725953 9.0536419537489810 7.6644133287038310 1.0544800000000001 0 0 0
5.9340817542285782 3.3703962817930333 4.9352873381184734 0.7341850000000000 0 0 0
8.0387109696347814 7.6070357568704887 4.9119197190628734 0.9128200000000000 0 0 0
4.2751767209886129 0.3540922310667388 9.8049747347540546 1.4847100000000000 0 0 0
8.6399430934656074 2.4712566120254218 5.2673139829445921 1.5611699999999999 0 0 0
8.9357072399532846 6.2392703957776092 8.1054168317736615 1.5738700000000001 0 0 0
9.4279144705910536 1.3166352490086406 3.9929886761551159 0.9191500000000000 0 0 0
7.4479323905218395 4.8983500606382355 1.5196141898397064 0.9226290000000000 0 0 0
3.4836560926347633 1.2015617750799028 9.9468249773094151 0.7617940000000000 0 0 -1
0.0188759089597216 5.3384729720652082 4.3431019485688580 0.8122220000000000 1 0 0
0.1096063167581602 7.7485951858287461 1.9583856208035662 0.9152850000000000 0 0 0
4.1023143654029335 1.8850499646610754 7.2242305911732219 0.8456750000000000 0 0 0
4.3638060363269924 5.4895538161117052 3.0553014655097002 0.7389400000000000 0 0 0
7.4205995614201363 0.3524831939172521 1.2000826381280940 0.7308600000000000 0 0 0
4.1450233733894501 3.7909961541871446 0.3951006607345519 1.1824100000000000 0 0 0
7.2105312335091849 8.6880495892124809 4.0662430979107809 0.8318130000000000 0 0 0
5.4606344673343150 3.6851573607910715 1.9315125564436095 0.7785300000000001 0 0 0
6.2145645052596814 9.7976253977564216 9.3405736287510326 1.0445700000000000 0 0 0
3.2028806955197084 6.8143803310769169 6.6105496415194569 0.9760020000000000 0 0 0
4.5247904045162564 6.5075381003906632 2.5100172510483532 1.5051200000000000 0 0 0
6.8829945298900954 1.5905728851031113 7.9949578528864160 1.1242600000000000 0 0 0
7.6584135928513390 6.7063781944998322 4.4858447115827378 0.9261360000000000 0 0 0
6.9585616964170267 6.0428613073690629 1.4613193493109402 1.4746400000000000 0 0 0
5.5039106725170246 2.5861868009596649 1.7738481488625168 1.3591100000000000 0 0 0
2.0506650743489971 4.6357364543443929 6.3361456893725832 0.7631570000000000 0 0 0
8.7757345486183276 8.9989018395119107 0.2439387820345045 0.8024960000000000 0 0 0
2.5222521236166142 6.8160983713566745 3.7099502854626025 0.7406230000000000 0 0 0
4.0181241984073477 3.0277731869779170 5.6325435025968771 1.3230200000000001 0 0 0
9.3986366599955904 7.2349671599801688 1.7322687090724007 0.8266760000000000 0 0 0
3.2700822890844563 9.4676264071374536 2.9097073631348969 1.4432100000000001 0 0 0
6.5904164004519350 1.5657751662045083 4.6606123909593000 1.0857699999999999 0 0 0
9.2092958399848950 4.7353225766407521 4.4707425558395837 0.7776550000000000 0 0 0
4.2767625083359366 2.7292119192077577 4.4435530263684102 1.0787400000000000 0 0 0
7.3241584527277999 9.4812725437671670 1.4853074031240641 0.7427500000000000 0 0 0
4.3657384926704026 2.1169532130228941 8.0486561546106845 0.7727210000000000 0 0 0
5.4542831222259656 7.3164219970102780 5.6132832000871709 1.4331700000000001 0 0 0
2.6496045679223190 4.1719223977736624 1.4738171268331641 0.9332420000000000 0 0 0
9.4212246804367332 4.9022794336678706 8.5415939559969267 1.2555200000000000 0 0 0
5.4350540129451392 8.5385987301154191 5.2518426098823241 0.7634010000000000 0 0 0
4.7565536989964610 1.3822050460585831 7.5638719076329473 0.7339230000000000 0 0 0
6.6191051179954998 6.7936952212415536 0.6203316778788474 0.7897160000000000 0 0 0
7.4655694398063801 0.7286341354714457 9.9837922978561568 0.7927830000000000 0 0 -1
6.5029497061959471 7.3732764777031878 1.2123267306789181 0.8199610000000001 0 0 0
3.7637946406695701 6.4151965870726171 4.8269159778301267 0.8154880000000000 0 0 0
6.3389091075429960 9.8870429799219011 5.1199642618729886 0.7304140000000000 0 0 0
2.2751546153921707 6.4344980453900886 4.3844358904154364 0.8247540000000000 0 0 0
7.0339867898655113 4.2962569812420526 1.9843814045657182 0.7421270000000000 0 0 0
2.2511899964444448 7.8415017932638102 9.2229349509539507 0.8840350000000000 0 0 0
1.1777016647353724 6.5010726480094068 5.8146470756229114 1.0414699999999999 0 0 0
0.8057694678724728 8.5335075008124903 1.8440041128400564 0.9621459999999999 0 0 0
9.8873312267393221 7.8280417750080264 5.5828289628021572 0.8261980000000000 0 0 0
4.5089740884539777 6.9862534842857915 7.8766302843484137 1.0148200000000001 0 0 0
4.4868089084163731 7.2150539221671206 4.4972039110719173 1.3483300000000000 0 0 0
7.5236488353341455 2.8280049843108910 1.3777081810375638 0.9494490000000000 0 0 0
6.4289517203769426 4.4428249834034084 8.2093661591463167 0.7506140000000000 0 0 0
0.7948775523252247 1.1695048098502097 0.5674357905864731 0.9435380000000000 0 0 0
3.2072670415224183 2.4559227377548702 5.0433738437626507 0.8835410000000000 0 0 0
5.5210815883512936 7.6301856702635504 0.0534309188589111 1.2186300000000001 0 0 0
0.9315794534075801 6.0190045305523698 7.9617296855826991 0.8962930000000000 0 0 0
1.6297225246984388 5.7013239159354177 2.6623273695314760 0.7772680000000000 0 0 0
7.6706813595310672 1.0308283560975409 1.9459157182254083 1.2654200000000000 0 0 0
5.9103298913748654 9.6870073177210632 6.2735941357472225 1.0817600000000001 0 0 0
8.6217786824352505 6.2110027333889262 3.9932877710278252 1.0892200000000001 0 0 0
7.9847089730672707 8.1103818422694012 1.6962377773489659 0.7596060000000000 0 0 0
1.2621306744412140 1.6441662749721260 4.5420152181969407 1.5976300000000001 0 0 0
0.6833603293131041 9.5731043005627701 3.6008349178182359 1.2636099999999999 0 0 0
7.8270457458308709 9.0037101902106951 2.2529421449009521 1.2482400000000000 0 0 0
9.3725910528410683 7.2179717316266716 6.1867694902222672 0.7476340000000000 0 0 0
1.7161435718249141 4.0866633519452344 9.8375978406606208 0.8515650000000000 0 0 0
4.9775927803012987 3.1615956640925429 5.1312770863747144 0.7744630000000000 0 0 0
7.2921997139747505 0.7967372112868550 4.9074148556144763 0.9659960000000000 0 0 0
9.4844643561975523 6.1896457849718995 6.6457731999583158 1.4285900000000000 0 0 0
4.3847974756275665 4.6110711769529775 9.6511667985113103 0.9979980000000001 0 0 0
4.5763673687874267 9.6902493435752604 5.9885307997316621 1.5068699999999999 0 0 0
5.9702981038852467 1.0191814898178091 0.7103629853635942 0.8665500000000000 0 0 0
4.4284462797671651 3.1050235386336502 1.8579608306174953 0.9200210000000000 0 0 0
1.2623382748376117 2.9550997079819288 3.7452521605457014 1.3537100000000000 0 0 0
2.9976730410270767 1.7823259105848608 9.4969478620314742 0.9326630000000000 0 0 0
6.3116566355956349 3.8656409548769299 1.9401113040838303 0.8735849999999999 0 0 0
3.4213031414277557 8.8539405516001839 5.0193226356426841 0.7379620000000000 0 0 0
8.8741440144999526 8.2877328161777015 4.1442632112818636 1.4740899999999999 0 0 0
7.8824647151773890 9.1572191155578011 3.9431317374242587 0.7553910000000000 0 0 0
9.5374357775701100 4.0134827706888103 9.2994148768447182 1.0034500000000000 0 0 0
4.5743318685001144 5.9408444145841841 6.1895467998125353 0.7683900000000000 0 0 0
4.6552079286036978 3.8383812457829030 3.6989390095187269 0.8763649999999999 0 0 0
2.3763898806126793 5.0080660631670089 9.6369405565860777 0.9979680000000000 0 0 0
5.2924969944401603 4.5488936914902780 8.0388756634796614 1.2166300000000001 0 0 0
7.0078567530395866 3.2453017153784915 0.3234787942086366 1.4479000000000000 0 0 0
4.8846800493316094 4.6316965634693830 0.5606232835160792 0.9951210000000000 0 0 0
8.1985607230710968 5.5651680548996065 1.0878872899854235 0.9652710000000000 0 0 0
6.5258317160561923 8.8740188646535110 5.6064447571530387 1.2635099999999999 0 0 0
7.4479059256926883 2.6829772608969060 8.1230808105505758 1.2517700000000000 0 0 0
4.0596162607159911 2.9530149483302739 8.4873096128173202 1.0399799999999999 0 0 0
0.5485480724155699 5.5258145048620584 5.7765149913102611 1.1928399999999999 0 0 0
1.0784541924831219 1.7900542288414567 3.1302753548308115 1.1566300000000000 0 0 0
9.9976942519217147 7.1338949190159271 0.8777673007428902 1.1912100000000001 -1 0 0
6.5084739649728913 4.5542797609942882 4.2211615181319226 0.7307870000000000 0 0 0
3.0998603839993910 2.4873763112721483 2.7342545466236623 0.8366690000000000 0 0 0
1.9816209806754559 7.4723129691584589 0.1040704133489549 0.9294430000000000 0 0 0
3.5330736324950740 1.4728078957718755 3.0436140593361194 1.3010500000000000 0 0 0
3.4598100649646666 5.0617280680165013 8.9000302347764944 1.4537500000000001 0 0 0
5.6951714421998609 0.8539668276727523 3.4386702763805466 0.7802950000000000 0 0 0
7.7691553197296770 8.3819878957766587 3.2961903950371996 1.0915999999999999 0 0 0
2.3603634637853923 7.5877447436859260 3.5816455206975037 0.7951750000000000 0 0 0
3.8540754839406381 8.9180729951461224 0.2203717446763939 1.5044599999999999 0 0 0
8.1153011281581975 3.0409509931127743 7.1424054426395944 1.0190999999999999 0 0 0
6.1248602750746040 9.6503238624454735 2.6022924345480014 0.7445150000000000 0 0 0
1.6230812905791185 4.9649719955240927 7.1381028834272673 0.8170450000000000 0 0 0
7.5485740725928663 6.2477965767564090 3.4566867420956213 1.2004699999999999 0 0 0
9.9644837313088583 8.0899949594815777 0.0131245971862319 1.2022800000000000 0 0 0
0.8459433641938131 3.0006827341684041 6.8031262618596866 1.3354200000000001 0 0 0
9.2097780849973834 5.0462654521235812 7.3283560790063191 1.1307799999999999 0 0 0
3.2154036552707184 9.2472294957701617 5.9128598517494773 1.1811600000000000 0 0 0
0.5021525285934053 0.0551581206591785 0.5695415503379544 1.2647699999999999 0 0 0
7.4238973271885262 9.9890701218005962 2.1100755041372583 0.8184180000000000 0 0 0
3.9933961547476784 6.0111675686213593 1.5806264947063970 0.7657800000000000 0 0 0
7.1627963963656729 2.1912404837087713 0.7466388540465679 0.7579380000000000 0 0 0
2.4562660431094177 4.8309342955882677 2.6855464535995544 1.2828500000000000 0 0 0
6.6768458688331913 0.1067711541468129 0.3697163705798272 1.2068600000000000 0 0 0
2.7038357334787828 1.8025544195364780 2.3243135773156229 0.8743550000000000 0 0 0
6.0493755164089329 5.6045977602129575 4.3364435486755672 1.0185100000000000 0 0 0
6.1132108076234015 8.8561301952435016 0.3424381615398167 1.4321200000000001 0 0 0
3.1099639465292919 6.2691865813915637 4.3036349741788689 0.8205380000000000 0 0 0
1.8910671817922500 5.9054713599235580 7.4860559308317240 1.1746300000000001 0 0 0
4.3517137109697028 9.5130142755364915 1.1169859340382355 0.7730760000000000 0 0 0
8.4123124734423431 0.3250028411584394 7.4809193923088273 0.8574340000000000 0 0 0
1.6487965339635227 2.4426081342735673 8.4004978529169083 0.7999020000000000 0 0 0
1.9605106303615443 8.6632252210094443 8.8755829564212725 0.9067140000000000 0 0 0
1.0005194365614209 6.3058241401397144 4.8416909340960856 0.8966080000000000 0 0 0
2.3195289393716121 4.4743595559320024 0.5504830682722766 1.0412399999999999 0 0 0
8.8156274412739268 9.0405946042610985 1.7009969760929415 0.9320330000000000 0 0 0
6.6036268200365660 2.4758112230603579 9.5850054232773783 0.7462340000000000 0 0 0
6.7234683192616105 9.2764409862056425 6.6150685451181728 0.7897990000000000 0 0 0
0.4556093998657130 0.3552457123603551 1.5844034330078023 0.7738480000000000 0 0 0
3.9609511257240975 0.1287277104762996 8.3000261405326032 0.8161060000000000 0 0 0
5.0072048625099290 9.4160403590326318 0.4984292645678892 0.9710440000000000 0 0 0
3.3641694001151023 0.5269096029580129 3.5860017229720977 0.7603780000000000 0 0 0
1.6258528199084119 1.0405940295033589 3.4887411617644384 0.7578980000000000 0 0 0
4.2347755455058085 1.4178158872776576 0.3763719377314526 0.8189050000000000 0 0 0
7.8585462139741047 1.8063280023462498 1.1254662992896172 0.9359210000000000 0 0 0
8.7193206358890176 9.6473075061352187 2.3261832796178776 0.7504130000000000 0 0 0
8.5675696828258090 0.9647775978342042 3.7432353960351019 0.9330680000000000 0 0 0
0.3181659485675189 3.1627018380936205 9.0104667053149949 1.2487299999999999 0 0 0
9.9674673189731386 4.7040048070341092 3.8060275036800273 0.7879850000000000 0 0 0
7.1097131626826755 7.5580091759908328 6.3459619715707767 1.0312300000000001 0 0 0
5.9464133053162334 1.5448843366020353 8.3112564626942493 0.7403650000000001 0 0 0
0.5264793706066988 5.1418638206866989 8.2932333980080557 0.7543110000000000 0 0 0
4.7899641540571132 8.2678598798003566 4.4112457651016728 0.7496760000000000 0 0 0
5.8320151063709273 1.4877414407715286 5.7936424778593150 0.8214420000000000 0 0 0
8.1347799987847260 3.8411063399635399 5.6710240135643337 1.2822100000000001 0 0 0
9.5189145227701442 7.1592995964455675 7.3047851756573676 0.8277840000000000 0 0 0
7.5798972759868892 6.0357627170074668 0.0097989922309765 1.5639500000000000 0 0 0
6.1212782454627757 7.7768626013906994 2.0711090446881242 1.1482399999999999 0 0 0
1.7455137402629060 9.3533373546279570 3.8559450528982802 0.8779310000000000 0 0 0
8.0891711038307808 0.0833462337127607 5.3656844015244296 0.7881610000000000 0 0 0
1.5362140423851587 7.5124144601047629 8.4783870675838671 1.1994199999999999 0 0 0
0.4256158501938723 9.5009147568489922 5.0625773169522361 1.1745399999999999 0 0 0
8.7689742797639862 3.0393697947286253 3.9180785848369717 1.2089000000000001 0 0 0
0.5235690567821182 9.4137294586261149 8.5326243356246678 0.9591850000000000 0 0 0
6.9019204334823518 8.3535713423644182 4.7700549303887643 0.7349070000000000 0 0 0
5.7619042263296851 0.8267171020980341 7.9018683315998191 0.8882409999999999 0 0 0
5.0272247987047223 8.7747685934380932 8.8748110203761410 0.7361340000000000 0 0 0
0.9523849166996572 7.5694091061140147 5.0781180206354515 1.4932700000000001 0 0 0
4.6422687983206989 3.9447709547511129 5.5516740507647935 0.8166700000000000 0 0 0
3.3769756473902603 9.8938777236225288 6.7901376342716686 0.9383260000000000 0 0 0
4.0107071715894262 6.2226487551079268 9.5026491882385162 1.2773600000000001 0 0 0
9.1856693028795604 5.0961668794972130 2.5230339029279722 1.2270900000000000 0 0 0
3.5808884669522580 5.9346434907023626 6.1140550077439819 0.8030600000000000 0 0 0
6.8329928197300589 6.2373770689362216 4.3486604698529625 0.9199700000000000 0 0 0
2.3870383410884304 6.5477065401230901 8.2197321874651657 0.7647520000000000 0 0 0
1.1978747275037041 9.4883012134432487 1.7493136883181677 0.9095240000000000 0 0 0
0.1705968131839491 8.7684798519203646 9.1154486681094014 0.8447100000000000 0 0 0
4.2579544358985411 1.8440593079883913 9.2225535628603517 1.5484400000000000 0 0 0
5.2705333542331241 3.4262906415221464 4.4163186628771358 0.7903420000000000 0 0 0
3.4242976887227807 3.2879371776834176 1.2880679731468518 1.2290600000000000 0 0 0
5.9968036622766547 3.7492285526108193 8.1170521172573338 0.8317250000000000 0 0 0
3.2424798334656706 8.0395071895242545 3.0961580209142139 1.3284899999999999 0 0 0
1.0283702171032403 2.0963430902088733 0.2964087329659620 0.9620649999999999 0 0 0
4.6512401275069184 2.1232362766278223 0.3215934223499918 0.7609100000000000 0 0 0
7.1959847744913308 9.2777075440026522 0.7231797587956138 0.7948350000000000 0 0 0
0.4396171948949260 4.3110958002396096 8.7285860387031775 1.0385800000000001 0 0 0
6.1758501263646899 5.0410616817526783 7.7010753759687649 0.8350570000000000 0 0 0
7.8669306742595850 2.1837991276597455 2.0007463865733914 0.8963520000000000 0 0 0
0.0388176120617120 6.1092955883075168 0.7464838175123827 0.7825730000000000 0 0 0
2.4564048652268919 6.2346883505584332 1.3304883118122648 0.9646300000000000 0 0 0
4.8912978992339777 6.5940474692748019 8.7738367822025367 0.9691930000000000 0 0 0
4.7642766808813661 0.5666526069644230 7.9941697003525016 1.0396700000000001 0 0 0
6.3770721986386461 0.4474717129956659 1.7229339863720916 1.4993300000000001 0 0 0
1.9383176467472241 8.6358295202471105 1.5608977978869232 1.2932500000000000 0 0 0
3.7068601824015981 3.8723511142678033 8.7235779721737732 0.9086900000000000 0 0 0
8.5505212269654649 1.6529816534626613 1.7266314365387512 0.8509679999999999 0 0 0
2.2746722656978906 3.4397343137382923 0.3874111097368969 0.9591100000000000 0 0 0
5.9174176172436983 6.2194216560333171 8.8240173536295110 1.1237800000000000 0 0 0
3.9666051038089076 1.6274372457773485 4.9009018923135450 1.2933300000000001 0 0 0
3.9032109656022649 8.8772586476641777 3.6774460546265804 0.7837740000000000 0 0 0
6.8389615885199619 5.6624723185618846 8.9860689246724164 0.9717570000000000 0 0 0
9.6031399817180123 3.7794145479708416 6.9816026575572723 1.5081300000000000 0 0 0
4.0564277243558973 0.8947975790993886 6.9096237612556637 1.1560500000000000 0 0 0
8.1739684270741382 9.7802433570335996 8.4268146158994455 0.9463200000000001 0 0 0
0.4421380417535392 2.8032921084514526 0.8534166976711182 1.0005100000000000 0 0 0
5.9662870490458388 7.4807737942797168 6.8652893957253882 1.1200600000000001 0 0 0
7.7947464258442780 4.1718975795094622 2.5021703651616121 1.0215399999999999 0 0 0
7.9503431891931688 1.0632938267017089 4.3734648595928975 0.7433710000000000 0 0 0
1.1650402846681369 6.8946232503291300 7.6044235939100160 0.9784990000000000 0 0 0
8.7734393123928474 3.0717002857469571 6.3830035204011439 0.8848710000000000 0 0 0
5.0571133024248027 4.5568135423578005 2.9006658978387452 1.3278500000000000 0 0 0
1.2759519508531885 6.4274800902158526 2.8300180978074279 0.8097910000000000 0 0 0
9.8527988671148439 3.1674892440477769 2.1439573959276608 1.5501100000000001 0 0 0
0.0640177541534619 1.4868062298519940 7.0367423341366493 0.8854400000000000 0 0 0
5.1959675640834275 5.6620631983628975 3.5784816979949521 1.1810400000000001 0 0 0
1.9801620118650924 6.9681378085665733 6.6791332210311269 1.3990800000000001 0 0 0
0.1737909548590336 5.8656265082860806 8.6150047365180829 0.9095060000000000 0 0 0
8.1614058409642194 4.9700184896612454 8.1462966242038259 1.2879300000000000 0 0 0
7.5881872632493996 1.0156188939150974 7.0591678687090402 1.3649199999999999 0 0 0
0.0653502146271336 4.3403373196756805 2.7980253724759336 1.0666899999999999 0 0 0
8.2265427285018280 7.8801506315627989 7.9801164117893908 0.8763950000000000 0 0 0
2.1742661630727431 0.8712124255815332 4.0949709551951132 0.8488910000000000 0 0 0
5.6402888679749896 9.4941283235709388 8.1667210413175582 1.5363199999999999 0 0 0
9.8348953758865960 1.5739382772927129 5.1639398101764931 1.3216399999999999 0 0 0
1.7638789947332287 3.9551608510979173 2.1042447911392648 1.1394200000000001 0 0 0
9.2177781017890528 7.2506443477587137 9.9352100845152105 0.9646070000000000 0 0 -1
0.3840145305767314 3.3404920114118779 4.2960743468336924 0.7748980000000000 0 0 0
9.3558533283719729 9.1942339138360385 2.4087339832815506 0.7559260000000000 0 0 0
9.2787487273180336 4.2528214677595200 0.5061809699896931 1.4159700000000000 0 0 0
6.8082964546043909 6.8015836227989803 6.8284917645576639 0.7837170000000000 0 0 0
0.8046773801993041 9.1522754350704147 7.6648807519432660 0.8663610000000000 0 0 0
2.0754854230008499 0.4929104534012976 7.2834024270252842 0.7796070000000000 0 0 0
4.0379621778533572 6.1204232086741053 3.7956436986186213 1.2351600000000000 0 0 0
6.4394244164919776 1.2827198775278692 7.0899086006301024 0.9028790000000000 0 0 0
9.4026526857146315 6.7305982579560437 4.5801735067189444 0.7431120000000000 0 0 0
4.8589596593442659 5.8015476343260719 4.9893997132064278 1.6200900000000000 0 0 0
8.1294062987278171 1.1281920280491167 5.7560576453147068 1.3594900000000001 0 0 0
3.6794300875187727 2.8788714544426330 2.2595047127832943 0.7646990000000000 0 0 0
9.9180179889496483 5.3614752948968292 0.2258852764553951 0.9228360000000000 0 0 0
1.9589813324772365 1.3551832811232136 6.9443394254097885 1.0171300000000001 0 0 0
4.5124340618811436 4.5800069879426797 4.9725885494059607 0.8239760000000000 0 0 0
4.5517456064561053 9.2943385352124182 9.2943191566270258 0.8409880000000000 0 0 0
8.7136557351760366 9.2161688210787016 5.8696891385517969 0.8377720000000000 0 0 0
0.1945044756985997 1.8283620417202937 3.8535727142980098 0.8727370000000000 0 0 0
9.6754521894195200 2.3827468083415901 6.3707971792494993 1.2985300000000000 0 0 0
7.0342992261719388 2.8987218226914617 5.2688904031724304 1.6114900000000001 0 0 0
0.1343533728713273 0.9994566299406993 9.1627081281955736 0.7495420000000000 0 0 0
1.6018644857245532 4.6699339609146531 5.2274446661010066 1.5263500000000001 0 0 0
7.5719901051979051 9.8998773792022980 7.1521622534656375 0.7836740000000000 0 0 0
3.7156537867657082 4.1424226191148117 5.2887354107941160 0.9933880000000000 0 0 0
5.6734084836599896 2.6611867289520470 2.9490100472709204 0.9134830000000000 0 0 0
2.5431329076504654 5.0872772411694456 6.9766253757248471 0.9484540000000000 0 0 0
5.8106072686400205 5.7080559290535779 2.3743640979374190 1.4202900000000001 0 0 0
3.9409924771407896 1.2725460640469062 7.9886785969350287 1.0474000000000001 0 0 0
7.0128685652750180 7.7419218195661328 7.7010113004229721 1.5009300000000001 0 0 0
4.9500910718139766 2.9287689195463824 3.6449914328795416 0.9666940000000001 0 0 0
0.2741274270753352 8.5043894796084576 4.2374221332695834 1.2563299999999999 0 0 0
6.7227754107158795 8.9684499480167759 9.3300093657964869 0.8271280000000000 0 0 0
7.9145800726492359 4.7854589508258503 6.1106937718397383 0.7424300000000000 0 0 0
8.1321906182864527 9.5531981239982109 7.5851167488196749 0.7325720000000000 0 0 0
2.3062430009356536 2.6668366193379671 4.4961626264137751 1.1818299999999999 0 0 0
2.6521539945926200 9.9338998424343821 7.2972438602172707 0.7650280000000000 0 0 0
6.5126309297030627 3.5403611606379144 7.2433674816793925 0.8516750000000000 0 0 0
1.9159973470479879 4.7097587485930585 3.8486526626721247 1.1963299999999999 0 0 0
8.5421485959688113 1.2757147058023279 9.3669384809952110 0.8068140000000000 0 0 0
5.2128598119370135 9.4564538113771732 6.9991426209474508 0.8186310000000000 0 0 0
9.4247631383150576 8.9743758858160003 9.6210968093281632 0.9293590000000000 0 0 0
6.7983439846713924 1.2472699754915757 2.5263606339373061 0.7934920000000000 0 0 0
6.1465683625383063 2.2871313326531197 5.9225528879565861 0.8110880000000000 0 0 0
7.7414039598003415 9.3163055706451043 9.0422192547402798 0.7317020000000000 0 0 0
4.0105016740753578 7.8178576289596355 0.9191878413821108 0.9333010000000000 0 0 0
6.5127271023679842 7.8646239354741851 9.1512550640590309 1.3627100000000001 0 0 0
1.6398791012199885 5.7975329179012229 9.8986537658852498 1.0310800000000000 0 0 0
4.9880870395720391 2.8095952028531008 9.1470328946372401 0.7828110000000000 0 0 0
4.1812140460336087 7.5983160943560675 2.7515899004329691 0.7365000000000000 0 0 0
0.9255193016136859 7.6202160944263131 1.3680494129294931 1.0329100000000000 0 0 0
0.4774504923043259 1.0692433805216806 3.4866724579466402 0.7439450000000000 0 0 0
8.4001744164239351 2.3637115431474536 8.8163460110171652 0.7760550000000001 0 0 0
4.4271338715544433 9.4642290084105074 3.1497488261425675 0.8286950000000000 0 0 0
6.9547421492714419 5.1002386472924641 8.3063828050766073 0.7396350000000000 0 0 0
8.4176424820828153 9.4175626709043385 4.7129579903057408 1.1137900000000001 0 0 0
0.1787713466417137 0.5724260729467566 4.3649014270133142 1.2314499999999999 0 0 0
7.9096869140821813 2.8820980729603041 6.2045498580351541 0.8514300000000000 0 0 0
0.2411260402037400 5.0103556958349955 6.8043025261506029 1.0966199999999999 0 0 0
2.9006595900358678 7.3926642433560028 8.5494816473490278 1.1099300000000001 0 0 0
7.0325134761780905 1.2098625873409357 0.7593929128001274 1.1465399999999999 0 0 0
2.7165468642891288 6.4332950478662871 5.5254220818756101 1.4262999999999999 0 0 0
4.3730252022084946 0.4583421497362669 4.9150779224407000 1.0617799999999999 0 0 0
5.5228717479858220 0.4799050540603364 5.8570899596604109 0.7953820000000000 0 0 0
7.9427703582209617 7.0257851805595912 8.0585559603207990 0.8600139999999999 0 0 0
8.5347362045299668 1.5560980169679952 8.5934489445032529 0.7754820000000000 0 0 0
4.2406275866651102 8.1060874031533778 9.2064943691650694 1.0226200000000001 0 0 0
4.8176846197115610 7.2868384732207714 9.3646200175528111 0.7876710000000000 0 0 0
7.6996147409010298 5.9877000582558360 8.4080371715601530 0.9135890000000000 0 0 0
6.6366828222206546 0.5059954846623964 8.4387984556240223 1.1804500000000000 0 0 0
1.1666193458630925 4.8115969409633905 6.3950041191037217 0.8867920000000000 0 0 0
1.7430072063490702 2.2720857013677720 6.7468988669809304 0.8294010000000001 0 0 0
5.5231930531600302 3.6764559414866049 3.4685843762155222 0.8778870000000000 0 0 0
6.4176933566764820 0.4240704046849893 4.1522008640566890 1.3419099999999999 0 0 0
2.2424459262776586 2.6945604746527092 8.9197500870831767 0.7684360000000000 0 0 0
5.6452757860998597 1.6262322414584509 7.4456299444321692 0.8968320000000000 0 0 0
5.3462606884599673 9.4468698491677987 9.6226584313020744 0.8373540000000000 0 0 0
9.6460859004696662 8.9787792908848925 3.2630703760878710 0.9375420000000000 0 0 0
8.2487808439144850 9.9828305858998903 1.5329660597756170 1.1166199999999999 0 0 0
6.2869064459068484 4.1334369867463430 3.3476362973757650 0.8497100000000000 0 0 0
8.0559303335434613 2.4265227956995643 3.0647022101259602 1.2348200000000000 0 0 0
0.7262842157257586 8.5699166302725551 3.3100215605214571 0.7303480000000000 0 0 0
0.8997722435071409 5.2243111669555553 7.5366466302085469 0.8369840000000000 0 0 0
0.8011985703739732 0.3537458430787228 8.7228485368953201 0.8958630000000000 0 0 0
2.6339078767131223 7.9070677699731391 2.1076829331790115 0.9123500000000000 0 0 0
9.2171198806368793 5.5824495838304502 4.6034395916020925 0.8721970000000000 0 0 0
2.8218118883647048 0.7427423303441786 6.8913038261678121 0.9103230000000000 0 0 0
0.8117113277465666 5.7227416040780534 0.6864174147795478 0.8822610000000000 0 0 0
8.9133468293370033 7.4826200231517710 8.8603995337282342 1.2246900000000001 0 0 0
5.5376299708191388 0.2476282308360203 0.1497606058306343 1.0423700000000000 0 0 0
8.9207021450172395 7.6329485287189547 5.4596475217453495 1.0830400000000000 0 0 0
6.9429454813895246 2.4965696952330969 6.8161516951799488 1.4681900000000001 0 0 0
0.4069885625569806 4.7627752357211506 0.9920325661321532 1.1417500000000000 0 0 0
5.8911065226614054 4.8451746775799220 0.6216403390550501 0.9825390000000001 0 0 0
6.2841033470399523 3.7875236410052033 4.3350028499769868 0.8221650000000000 0 0 0
0.8985448242669579 1.8263604511031983 6.0344522983189854 1.3667400000000001 0 0 0
2.8481391186345979 1.4308855293352434 1.2907143555681115 0.8504490000000000 0 0 0
4.6950855137648473 3.9391108324489297 2.0608281499293928 0.7875060000000000 0 0 0
8.4790074957485349 2.4191942994828022 1.2936045710322934 0.7511660000000000 0 0 0
1.9982493378408810 3.7614251957686125 3.1802926368539812 1.0113000000000001 0 0 0
5.9241754766252965 5.1437948865665044 5.1779012967360618 0.8165640000000000 0 0 0
5.9054752383934899 3.0346503780779930 9.7949103623048561 0.7644490000000000 0 0 0
5.1323232064223427 3.2463996243792597 6.0243452267444013 0.9776430000000000 0 0 0
5.9590643300517128 9.8130725228698399 3.3588701961372798 0.7778220000000000 0 0 0
5.6358552741784216 2.4141549514631522 6.7218701745803715 1.0297499999999999 0 0 0
1.8948601048305422 0.8633608267610178 5.8317476414413347 1.3264800000000001 0 0 0
5.7793516513595682 8.3521303657853778 8.4641130367692394 0.7504040000000000 0 0 0
2.0664617870322441 2.2186349185568006 9.7586673812958935 1.1093400000000000 0 0 0
1.7450393531314121 6.7098898390973751 5.0026535354458872 0.7614060000000000 0 0 0
7.1715875626055974 3.7933445514389472 6.4825751527782600 1.1435299999999999 0 0 0
6.8918486853729419 4.1173406049993417 2.7434149520496161 0.7795510000000000 0 0 0
1.4246809198776897 0.8929807317503577 8.0007507678501444 1.1866500000000000 0 0 0
0.3178842370075860 6.0478012012523239 9.5647262318077129 0.8524670000000000 0 0 0
1.9620847959948842 7.3272185450340483 5.6178949266081100 0.7571900000000000 0 0 0
6.9015651923857204 8.5001328049131928 2.5002173023409795 0.8317420000000000 0 0 0
5.1973744252151013 2.6362096266347690 9.9704682383589152 0.8309560000000000 0 0 0
4.9469002109262403 8.4052868915054511 0.7669022429057931 1.0449500000000000 0 0 0
3.8492960881004268 2.5784509641931894 7.6357895012823453 0.7761620000000000 0 0 0
2.3997174071614444 9.9380845595341221 5.5012207782793769 0.7995970000000000 0 -1 0
9.5076726924347081 9.5172697336338352 4.2304893593037587 1.1884100000000000 0 0 0
2.9218003742315894 3.6184521669328409 2.4347899110602835 1.2630500000000000 0 0 0
5.3772776731919256 0.3245914715768559 5.0054994294737583 0.8930150000000000 0 0 0
3.4689894514587607 8.0573476369422536 4.4966967892245595 1.0973100000000000 0 0 0
6.4607302621941125 5.1355677086713696 5.8353118434247397 0.7308630000000000 0 0 0
2.4961477983187002 9.2579111487245296 8.1223780754364512 0.9475040000000000 0 0 0
6.5645733244720326 3.1096496279625763 1.4601914026442877 0.9128740000000000 0 0 0
7.5641736171464622 2.5026193863691866 9.3485730013880559 1.1422300000000001 0 0 0
9.0597765948681861 4.8948723828011689 5.9861992027990150 1.4836499999999999 0 0 0
2.8177735813554716 4.2311384904869698 9.7765294294791492 0.7341470000000000 0 0 0
4.6313299810913797 2.2078226812526207 2.7722655455280747 1.2948500000000001 0 0 0
6.1552654863511256 3.3537861031369767 6.2293337061444189 1.0409500000000000 0 0 0
3.1870519497779628 8.5704874383549488 7.7908675094711581 0.7788490000000000 0 0 0
3.2740798744344826 7.4535050228269339 9.8994280385199662 1.5871100000000000 0 0 0
4.2296383161372706 9.1009003543783180 8.2865496979494360 1.2285800000000000 0 0 0
7.5976929935454907 7.2610127443480890 0.9180029796587760 1.3716800000000000 0 0 0
7.2799941051945645 4.3569635574802721 8.4959090974513263 0.8572790000000000 0 0 0
1.1502886641914147 9.0932571150825208 4.4487850401469409 0.8145750000000000 0 0 0
9.2814821110873940 0.2279105074394619 5.4270182626166044 1.5246800000000000 0 0 0
9.3243794159748710 1.1053034397918835 2.0324962672800102 0.8130450000000000 0 0 0
9.1613459904072005 0.5274244371927702 4.2942256015124451 0.7334090000000000 0 0 0
2.4970184221399392 0.4851139248590110 0.8731029434808492 1.2445299999999999 0 0 0
2.4764283289192530 2.7248232059684034 6.6307093402753683 0.8322000000000001 0 0 0
3.1019874474100564 3.8941955506288286 0.4639356082337850 0.8349190000000000 0 0 0
9.6709725245212699 6.1391115861851437 4.0206909896945557 0.9068079999999999 0 0 0
1.8951671909379271 2.7381624242641349 2.5133522520761034 1.3441300000000000 0 0 0
9.6110771050004722 6.3493860408163725 0.0436373089744193 0.8440280000000000 0 0 0
8.4921089175906985 7.1429453734210959 1.7352120584891368 0.8764630000000000 0 0 0
2.3458545135357731 0.2005034630100007 8.0440428092324066 0.8710260000000000 0 0 0
2.8871963616188365 1.3530984792995502 0.4639326203351118 0.7477160000000000 0 0 0
7.3047571661100834 8.6343468777447860 8.6797063337170890 0.9472170000000000 0 0 0
0.8045253659022397 2.6978270478846533 2.7537218548514799 0.8053420000000000 0 0 0
9.5107394648206522 9.9201135361372987 1.6281457761553879 1.2297700000000000 0 0 0
3.1346152030290457 2.4536039354672132 6.0904784570692909 0.8874400000000000 0 0 0
6.7762363089802200 6.2661763251149614 2.5869383382637845 0.7596510000000000 0 0 0
2.1538259436388145 7.1473817962240540 7.7700455377512867 0.7389740000000000 0 0 0
7.7288692162259718 6.1108417084654905 2.3402558808988760 0.7778360000000000 0 0 0
5.7937924443984246 3.7867828212041825 2.6597293378638871 0.7696539999999999 0 0 0
8.0344323597024925 3.4164715403228629 4.6756460806688827 0.8090320000000000 0 0 0
5.2859251456074654 4.2012593582184001 6.2083222462725951 0.9170250000000000 0 0 0
4.9656076114270613 5.6868191045396523 1.6111325424878300 0.7650540000000000 0 0 0
8.2443954409562856 4.2253914164418518 6.9349146147516594 1.2454400000000001 0 0 0
6.3176715070879483 6.6419959449722432 7.4945228554228560 0.8317980000000000 0 0 0
3.3038962725262477 3.3203278453530332 4.4779686507872984 1.1128899999999999 0 0 0
1.5242107086843386 0.1343335098182613 4.6950477714327219 1.3664499999999999 0 0 0
4.4659056148126703 4.4080747615400622 8.7145616933102108 0.8498370000000000 0 0 0
2.9946704917206288 4.3246832600512946 6.7002528775672658 0.7408720000000000 0 0 0
4.3354852367030938 8.2821886842236498 5.4557007314328194 1.4275100000000001 0 0 0
9.0620535670501869 5.2373031498703648 3.6853982226721702 1.0384899999999999 0 0 0
7.8115557048599502 4.5263688168951468 0.3906557079665214 1.4651000000000001 0 0 0
8.1015978644229953 5.3468317637988312 3.6151177892660913 0.8253819999999999 0 0 0
6.2154132249831973 0.7730795598478769 5.3021269822423456 1.0034099999999999 0 0 0
5.0022985973837137 2.4513005827585550 8.4163355587842901 0.7765140000000000 0 0 0
8.4733823004090087 8.5533541158541002 5.3418105118982702 0.8094620000000000 0 0 0
9.1429420289295500 2.0313584298686802 8.8121536846209327 0.7368300000000000 0 0 0
4.4719196380757547 3.7232737603502386 4.6766369209265388 0.9219280000000000 0 0 0
8.7664489469146716 6.4223249473163841 9.6136590411094538 0.9525400000000001 0 0 0
9.9011992320665669 6.7269329181892310 5.4598313617985355 1.2010600000000000 0 0 0
4.8021800264159387 4.5719827074437820 6.9955444555704176 0.9524410000000000 0 0 0
8.2348490455890371 3.4266828696246190 0.9339290262432838 1.0322199999999999 0 0 0
4.2991885974512574 5.3273357563820394 1.0564333337105911 0.9935680000000000 0 0 0
7.9166944960779517 0.3264053329693343 9.4246781807917888 0.7833810000000000 0 0 0
7.9613014982525012 4.1118786886243539 8.8962736170315786 0.7350630000000000 0 0 0
4.7082982277440708 2.8920389262733206 0.8596845818014898 1.0463100000000001 0 0 0
9.3768941471616536 8.3765421664907684 8.9988707180960077 0.7315920000000000 0 0 0
9.2320294733753769 1.5456207359459824 8.2191231842371426 0.7458370000000000 0 0 0
4.7101741926665763 1.0174672270612666 5.8174480251475007 1.0815100000000000 0 0 0
2.8531565246858142 5.9266274500109999 6.6011687872534255 0.8569700000000000 0 0 0
8.8781821562936543 0.8081989383397166 1.3272587486489034 0.8797960000000000 0 0 0
3.2541921441002941 1.4405994376756208 7.2984548990147529 0.8521090000000000 0 0 0
7.1425417808616816 5.2220798698450910 2.6758947728459574 1.3688499999999999 0 0 0
3.8941936304508333 7.0203267102440776 8.6907470687306816 0.9233330000000000 0 0 0
6.9393995289808741 4.6268753944405683 3.5835672819024009 0.7555890000000000 0 0 0
8.0619293569142076 2.5072984281867554 0.4101910339638317 1.0305299999999999 0 0 0
8.0133809421081885 4.9691066277587490 5.2078174608848347 1.0303599999999999 0 0 0
5.4753187116257802 7.8501238444507946 4.5667952885420702 0.8215920000000000 0 0 0
8.1074176569126113 0.2498981691086744 2.8557097292055333 1.1889200000000000 0 0 0
0.2249724440613455 2.4893909697079124 4.5301369054555822 0.9487020000000000 0 0 0
3.4840190903149511 4.9835322826198345 0.3004732450833330 1.2461400000000000 0 0 0
5.7696734115637769 1.5093519065688001 6.6070579188628571 0.7439560000000000 0 0 0
0.1401346826177460 8.6129485264132324 8.0373282635715206 0.9297150000000000 0 0 0
4.3553657493784401 2.8495065677271167 9.9447817866802737 0.8412700000000000 0 0 -1
9.1800508913276300 0.2095631287109912 0.4213941148924624 1.2367699999999999 0 0 0
1.4954982667248899 8.9837588155221493 2.7613455644318541 1.2535300000000000 0 0 0
3.7401810181825828 9.5267137398478621 9.1298655652845042 0.8135720000000000 0 0 0
8.8611145772102162 8.1998347991556528 7.4254622098164065 0.7450810000000000 0 0 0
0.1119993538485653 7.0867385987755664 9.8666951655905883 0.7690979999999999 0 0 0
0.5724535226577057 7.7106459077131486 7.8624076020796902 1.0245400000000000 0 0 0
6.2254362660531148 6.1292725751970432 5.5527329358749329 1.2937300000000000 0 0 0
1.3264143466156948 0.6036713640392045 1.2631396763683802 1.0617500000000000 0 0 0
4.1999276862632522 3.8433337606248825 7.7366833053703843 1.2144699999999999 0 0 0
5.8692558953459013 8.3489782906682386 7.5463204636106420 1.0080899999999999 0 0 0
0.1786233999902589 1.9513078550368366 9.0426848787043017 1.0989199999999999 0 0 0
5.6034906902417987 9.4885298528647777 5.3216469959368728 0.8806710000000000 0 0 0
4.1870377203907339 5.0782829600331940 7.7522770887610184 1.1616100000000000 0 0 0
5.3389196724203742 7.7798339668024648 3.2558926592560997 1.5843799999999999 0 0 0
7.6128127807925372 1.7625367203611131 4.8731793698255172 0.9570640000000000 0 0 0
2.2054952419012204 2.0279045438042549 1.5639450123340120 0.8495870000000000 0 0 0
3.4501416742886084 6.9257990600308341 2.9470976578096804 0.8680460000000000 0 0 0
4.3002657203756547 5.2202777001098939 2.1388926462963296 1.0995999999999999 0 0 0
3.5128069080992432 4.3202889031586054 1.1241948734101426 0.7898710000000000 0 0 0
9.9349671656107557 9.9788024637283623 9.3709402133517159 1.2915399999999999 0 0 0
5.3700196359296353 3.5339395145517667 7.1761352667496290 1.3511700000000000 0 0 0
0.2504278502943224 6.7869063277035737 4.3918487040860992 0.9097490000000000 0 0 0
1.5085232895872054 5.6565703064148476 4.3410252663381197 0.9516890000000000 0 0 0
3.3770790725638453 2.1508458835630115 6.8621349824960429 0.7688160000000001 0 0 0
7.1546284483877427 4.1022643387972675 9.3994067522581624 0.9648320000000000 0 0 0
5.2846001801592140 0.2731310499057610 2.6416279897931068 1.2683599999999999 0 0 0
5.5765031940150536 6.9922126788874071 2.3314320957346788 0.7479650000000000 0 0 0
4.4021538153276794 3.8167997555251953 6.4576855826613704 0.9903160000000000 0 0 0
7.2231749059218808 9.5320659151142824 4.6972102723636677 1.1955000000000000 0 0 0
6.3227654853709190 4.1857181158127590 5.4103595927611670 1.2274400000000001 0 0 0
1.0910499285198092 0.5091054868126849 2.5787105792229350 1.5164200000000001 0 0 0
5.2963533367080915 5.9401812063342501 7.6092303862187300 1.5560600000000000 0 0 0
1.9882161381023176 3.1999575130538678 9.5332870816507551 0.8313240000000000 0 0 0
8.8358851673019050 5.4403093983880328 0.1364386528653328 1.1222799999999999 0 0 0
5.2892465048162345 6.2741497010493195 6.0525011450582582 0.7659390000000000 0 0 0
4.6300032118536638 2.8812806382052338 7.7155116366670882 0.8106010000000000 0 0 0
4.4859585018575565 5.4429850584093060 0.1243943600918114 0.8487830000000000 0 0 0
6.4524453735824947 6.7283240893870744 9.6800655176552564 1.0519700000000001 0 0 0
2.3309519181593985 9.5670701346708835 9.0874768420060352 1.0138199999999999 0 0 0
0.1791421639223932 4.5202285475065871 7.7806431443124868 0.8560500000000000 0 0 0
1.9386963895595657 1.5935050306289245 8.8076782683836061 1.0942900000000000 0 0 0
3.4355698935857721 6.2178815557446248 0.6766702260986306 1.2387600000000001 0 0 0
2.1539874028964654 4.8878567202497099 7.8392777422014728 0.8821830000000001 0 0 0
8.4700875500181656 2.0915417229436173 9.6184365562655998 0.8412560000000000 0 0 0
7.9841006760934308 9.0137409558696540 1.1133968271566774 0.9651180000000000 0 0 0
8.2647509363518825 3.1211862062564069 8.5914820404034433 0.7455480000000000 0 0 0
5.2441439805515380 6.3222692135018503 9.8544259262893412 1.1969799999999999 0 0 0
7.1938972989152612 2.2294097566100621 4.0699049769122233 0.9810060000000000 0 0 0
9.7798953908851711 8.6803770344804700 1.7003616473940768 1.0491299999999999 0 0 0
5.6067058455772578 4.8929427202939513 7.1346264418233520 0.7352500000000000 0 0 0
8.3778114763155376 3.1578583556048567 2.0726154676686233 1.2163700000000000 0 0 0
4.2195482791244823 0.9339596716526247 3.9872721470197310 0.9659470000000000 0 0 0
9.6907845185216352 9.1119580844312242 0.6525546394819591 1.1349700000000000 0 0 0
6.3839942300594839 6.1503921180382441 3.4334237503024121 1.0489100000000000 0 0 0
5.9891789970121003 8.9421014239409047 4.2271282081613268 1.5880900000000000 0 0 0
2.6720580851876217 2.7650069344802306 7.4381779673562445 0.7683100000000000 0 0 0
5.2191003267127911 5.5010638867047961 0.8203119018154700 0.8644180000000000 0 0 0
8.0292839453484710 6.4624778656095074 1.5375167274047878 0.7434269999999999 0 0 0
0.1016218075908638 1.0968616939877687 6.2667718169812270 0.7340570000000000 0 0 0
5.3758080229526275 9.1773115607413711 3.0456955540221342 0.9833229999999999 0 0 0
8.8615503105709337 3.6179701167081983 4.8131553780391734 0.8499640000000001 0 0 0
0.3876293403559921 9.3740816910492537 1.3946460160559144 0.7990110000000000 0 0 0
4.6650268585825403 9.9573896041702508 8.7445918854640574 0.8195950000000000 0 0 0
4.9954860859789356 8.5851308638725801 9.7382390894105892 0.9648080000000000 0 0 0
3.0846560199846791 5.0520010502391761 3.7000628646257376 1.0530800000000000 0 0 0
7.9314597175386927 3.7782783274059888 8.0070932577839393 1.0629200000000001 0 0 0
8.0774055021706079 7.2957606256485512 3.7124854016013056 1.1116299999999999 0 0 0
9.0667108338186431 2.7707838295611436 2.9682210486320062 0.7696210000000000 0 0 0
9.9740665295809610 0.9480234184120113 0.0432885198293403 0.9734590000000000 0 0 0
6.0488962446882377 9.1443020712339091 7.0769645480798582 0.8026200000000000 0 0 0
5.4101300952132974 2.0229353466983020 3.4848190064576952 0.7675600000000000 0 0 0
6.4654576833249227 8.7010231606959927 8.4510851567148659 0.7312240000000000 0 0 0
4.1247411637269762 8.6687959800523515 1.5060541354124295 1.0682499999999999 0 0 0
2.4739799789079351 8.8697256792497292 6.9644264435264818 1.3992000000000000 0 0 0
2.2692088463558613 8.8870460436107450 4.9710539758145345 1.4798300000000000 0 0 0
9.3059143876169159 3.6511555304926531 3.1911635828866092 0.8907890000000001 0 0 0
3.0335769529887942 2.1272013090080408 8.3161826151209137 1.4332000000000000 0 0 0
4.4734715893611652 7.0390196329904580 0.1286770851776439 0.8937340000000000 0 0 0
2.5464719344860947 5.4761133600370995 4.6114618275958250 1.1413599999999999 0 0 0
7.1839564461738288 3.2541923435676106 2.3132553628210459 1.1304399999999999 0 0 0
9.3345422706420376 7.0924696305256933 3.6606940830181847 1.1582699999999999 0 0 0
6.3031257653312034 0.4843201620210297 2.9915482599658501 0.8358320000000000 0 0 0
2.9184732135713438 1.1205668200427130 3.8340146876031906 0.7407980000000000 0 0 0
1.7754935979868283 2.9251052170882330 6.2523616865624723 0.7480599999999999 0 0 0
6.7079318621137691 3.2142758256807751 8.9589312053049710 1.1277400000000000 0 0 0
4.5582540903445041 2.6672878474157988 6.7259542582828802 1.0927300000000000 0 0 0
5.8078835419162154 6.8033213888095556 4.3170472886610103 1.3341200000000000 0 0 0
0.8974013105541150 6.4948728538173235 1.1297301887159212 0.8254200000000000 0 0 0
4.9882507936757170 3.3439513427243956 2.7122253486939170 0.9984040000000000 0 0 0
2.4495057665750992 7.5546631851602735 0.8873252532754478 0.8017530000000000 0 0 0
4.8649502962329514 1.1687764639204945 3.2596064841659369 0.9581830000000000 0 0 0
6.2320328461741665 3.3213428843209649 3.1968353209080216 0.7349950000000000 0 0 0
1.1178960314725732 3.1283326169557375 5.2551006764913053 1.5836100000000000 0 0 0
3.6406441268851810 9.9847987826723568 0.8961425564394204 0.9230950000000000 0 0 0
0.1385749897370318 0.9680501667168420 2.0305396607443895 0.7738730000000000 0 0 0
2.4841731929789219 0.6577143851850471 3.0127874211954664 1.2559199999999999 0 0 0
1.3583428009627845 6.8333260195148675 3.8701442094439948 1.3391500000000001 0 0 0
0.2927907041922968 9.0944395381066361 9.8724022352643956 0.7588220000000000 0 0 0
1.7164394955552225 8.9201729295941448 7.8112292859994215 0.7895280000000000 0 0 0
4.3182400842725395 5.0106999541748003 3.7999153295753247 0.9652740000000000 0 0 0
3.6376372181077814 7.6478161752868408 1.9629530872611423 1.1009300000000000 0 0 0
3.8901993389021725 9.8171254198970974 4.0722531859214381 1.1782100000000000 0 0 0
4.5483417686808449 6.1764569390492836 0.6557861313057313 0.7818090000000000 0 0 0
4.2425390667709486 6.8711520091573499 1.2618651662574492 1.0544800000000001 0 0 0
8.9308857922712122 8.1778799720130291 9.7016865897745461 0.8760869999999999 0 0 0
8.5792979460566645 2.2231937466318423 7.9008097662492807 1.0362700000000000 0 0 0
8.1639811276131997 5.4566590421718928 2.0250485458952117 0.8513480000000000 0 0 0
6.1654358579949635 5.0890148988790900 3.4191358544558255 1.0078000000000000 0 0 0
9.8616497630073816 0.9372050700381279 1.1050449716505544 1.0723700000000000 0 0 0
9.6225955473651155 5.7301657471439817 5.3580784210752981 0.8002950000000000 0 0 0
0.6703641565325472 6.5384021428456718 0.2544354734171971 0.9115650000000000 0 0 0
1.8101007908711211 0.5143621447947052 9.0806135039099161 1.0601700000000001 0 0 0
2.4610304236473106 9.4513871767083177 1.0823269098409907 0.7860420000000000 0 0 0
3.8728010123345169 9.5065039134793405 5.0447357418906824 0.7851910000000000 0 0 0
5.7740687799243755 2.8813007532212582 5.5107499517162406 0.7515660000000000 0 0 0
8.9141230472744883 8.0485140575781067 2.5650668592958747 1.6003900000000000 0 0 0
9.0043953254140732 0.0308854802724328 8.6084190021080058 0.7307090000000001 0 0 0
3.4285345021135774 8.5813241356964678 2.1631371089560179 0.7785460000000000 0 0 0
5.0967935156488284 3.4280424336914730 8.4073601528739736 1.0844100000000001 0 0 0
6.5620572464919453 8.3778439503394608 6.6800053290792372 0.9703990000000000 0 0 0
5.0667184409246682 1.8201211438196363 0.9703120091536850 0.8155450000000000 0 0 0
2.3463829819852453 1.0862236790263267 9.7967821104820132 0.9829320000000000 0 0 0
9.8320487823832003 1.7925880698656751 2.7596917788563684 1.3458900000000000 0 0 0
1.5912340027584997 8.2110682390348071 6.1607552537054842 1.2230900000000000 0 0 0
4.9264502124652845 7.7847232938449595 7.2732308791103657 1.0534300000000001 0 0 0
8.3311006761986821 0.0134629030684364 6.4574007017880595 1.2044100000000000 0 0 0
7.1002506813219242 0.4962929857394806 2.6963404974354508 0.7981020000000000 0 0 0
5.6685425056458740 7.3018157235037444 8.1635049254818615 1.3626100000000001 0 0 0
8.5416074977577079 9.2156427933967091 3.2437511843499234 1.0951299999999999 0 0 0
3.2329611828014948 9.6240730136301558 8.4822681315012733 0.7804770000000000 0 0 0
6.4703577185957988 1.3959570891745905 8.8477324890196289 0.7310010000000000 0 0 0
7.9520551709506702 9.8950537795327964 0.3666070504955717 1.2049900000000000 0 0 0
7.7149379528705051 7.7088724610717527 8.8030267320332918 1.0145700000000000 0 0 0
8.4518603840857995 4.2152133371313365 4.0673835168837282 1.1507600000000000 0 0 0
9.4816289622338576 6.8419480935477557 2.5259749754429026 0.8854300000000001 0 0 0
1.5822214822000007 6.5932454861510035 1.8798573803024883 1.1378699999999999 0 0 0
2.5994257123808495 1.9727231418598696 7.2134655023901306 0.7487850000000000 0 0 0
7.4968896343232512 1.2707796377614302 9.0446427004849888 1.2944400000000000 0 0 0
5.9471929972151045 5.4940385227809294 1.2611030915487988 0.7727480000000000 0 0 0
2.6651754264384127 9.9332771056135112 4.0451656698012757 1.1901600000000001 0 0 0
0.7612765312526500 5.4339592769749858 9.8978287064165951 0.7369289999999999 0 0 0
8.7143066382941896 3.8396525904683991 8.6593456567311691 0.8685110000000000 0 0 0
9.4451390992896211 1.4450281672668139 9.4396254880901598 0.7668570000000000 0 0 0
7.4364886160018466 8.2183532348421462 5.6342752268037612 0.8965300000000000 0 0 0
4.2196492566109436 7.2020530598967776 3.4282231988682197 0.7691000000000000 0 0 0
2.8756592667161978 5.9198125915516249 9.6396836504175916 0.9985250000000000 0 0 0
5.9324133147782119 2.1779201609084939 5.0968528164166171 0.8369270000000000 0 0 0
9.8760738534296575 2.7943037625913880 5.3510503276827048 0.8521180000000000 0 0 0
5.6856964195702187 4.1852558216547813 9.4202411447016789 1.5932200000000001 0 0 0
1.8586357268660236 5.6517982955254507 6.2660493364568044 1.2226600000000001 0 0 0
1.2607688046220802 8.8636157898560093 6.8980301862969027 0.7754400000000000 0 0 0
6.4628620663467959 4.9057782059851425 1.7007404536869637 0.9530560000000000 0 0 0
2.1996696764791484 5.6180343645498914 8.6652769978064619 1.2356400000000001 0 0 0
3.6672392112996381 5.0686140510758406 4.6782118871410301 1.1383799999999999 0 0 0
3.9476186437674636 8.5862423894023614 6.8898185142053103 1.4907900000000001 0 0 0
6.1647190383683084 4.5666213842126480 2.5539376057719312 0.9048550000000000 0 0 0
6.0581085863481947 2.6021476826187402 8.0020198037119687 1.3866900000000000 0 0 0
3.5366334112232747 4.1015503437379808 6.1800703088509970 0.7378580000000000 0 0 0
1.9370442167753861 1.8635353811384612 7.8403743763151681 0.8302090000000000 0 0 0
3.5979546733847116 4.2663111684467889 1.9324337860867855 0.7775050000000000 0 0 0
9.3076528134219867 6.0820690245505258 3.1082863203174109 0.9865460000000000 0 0 0
0.6183274615974572 1.5075888294763322 9.7715965836143308 0.7486840000000000 0 0 0
8.2889765578014938 1.8823666171962705 4.0989002562717021 1.0345400000000000 0 0 0
8.3296553687744463 0.4078212516045683 4.6152873520111273 0.7527509999999999 0 0 0
0.8949904480271124 7.0749498807693465 9.3457649704877301 1.0408900000000001 0 0 0
0.8271632974053592 6.0507001267824858 6.8728688131604159 1.2052600000000000 0 0 0
9.8831999323175168 2.4762925551147599 7.8207399691079269 1.5231200000000000 0 0 0
6.4959833732230647 4.2605830974833561 0.3183928017039784 0.7374750000000000 0 0 0
3.5820089262300643 4.1689111281546722 9.6335328033899543 0.7637450000000000 0 0 0
1.5376590145830495 8.0319200716848904 7.3767263851946074 1.1443300000000001 0 0 0
6.2367646983778977 5.8343110311458144 0.3275944050245064 1.1102000000000001 0 0 0
8.4468962115202562 5.5825097466554947 9.1364939089068660 0.9599200000000000 0 0 0
6.6820546687835289 8.0926294882114789 3.3788598431995625 1.0793900000000001 0 0 0
6.0135776344004848 5.1896055233382601 8.5819035276845579 0.9122240000000000 0 0 0
7.6350580852869712 4.9780290982893778 9.2078733979824499 0.9918190000000000 0 0 0
6.7425257937468919 4.9860872526313260 9.7884473534665730 1.0553200000000000 0 0 0
6.8791735761667638 3.6855541755003935 8.0481977506447500 0.8727720000000000 0 0 0
5.0077176167983346 1.6258060756978110 1.9201915634594944 0.7389230000000000 0 0 0
4.8160927506348070 7.4706154766298232 0.7960095970576558 0.7715919999999999 0 0 0
5.7084608315064536 3.6343418512648005 0.8477545414894487 1.3507300000000000 0 0 0
6.2336696921262069 4.4627781841501006 6.5743737852463884 1.0806300000000000 0 0 0
2.1724926261926583 9.6671606767606679 3.1843073006314575 0.7678880000000000 0 0 0
8.6030423096006814 1.3592153828224383 2.7292020749647712 1.1618500000000000 0 0 0
0.2385271893618849 2.5138467476832855 9.9089199282846963 0.8884300000000001 0 0 -1
9.7816870831973759 7.9787463470105502 3.4531488871473406 0.7928990000000000 0 0 0
9.5075905885143559 9.4384183512991005 6.3016245304541414 0.7840700000000000 0 0 0
9.9789149736114648 7.4813149815203985 2.8356026538106782 0.7792690000000000 0 0 0
3.1038160775101895 0.4774493232175508 9.9937864095660984 0.8108710000000000 0 0 -1
9.7438251777856575 8.0306876309982265 7.3911117651441840 0.9091399999999999 0 0 0
0.9243258220031098 3.6464715192857549 2.7806725036175171 1.0187700000000000 0 0 0
5.3619586117807572 4.6636438112744845 1.6157408387474177 1.2094199999999999 0 0 0
7.6151232090656737 3.8498256815103957 1.5791524739632428 0.8693570000000000 0 0 0
9.2309951080613981 8.3907195421911016 6.4205958536885053 1.3140000000000001 0 0 0
9.4684890869124114 4.9107908613638713 9.5961232597186346 0.7756030000000000 0 0 0
7.3499632621703910 5.5308195692376643 5.8298632206164305 1.0267700000000000 0 0 0
6.4182331057532149 6.9743486849783745 6.1589587606387441 0.7379340000000000 0 0 0
9.3231277654342986 3.5720796821859149 5.6920991285456406 1.0627500000000001 0 0 0
2.9479755245516941 7.8799780823779013 5.9322644351203984 1.5002200000000001 0 0 0
5.7924926013865123 7.9439817737283365 1.0733203458155660 0.8991050000000000 0 0 0
8.6443085306273115 1.0301340114377431 6.7418838133843053 0.7574030000000000 0 0 0
1.4461271527599493 1.4017463997720914 9.6793316795057205 0.8667370000000000 0 0 0
6.0591432854313254 2.6987675350610099 4.0820192573681062 1.3693200000000001 0 0 0
0.5947020544697181 5.9745156820483327 4.0658000977261910 0.9000780000000000 0 0 0
6.3193511563449949 7.7706004855887612 4.2648966860961295 0.7507360000000000 0 0 0
0.6327010043199404 0.6163245881708157 5.5536280766015569 1.1895700000000000 0 0 0
8.9762757106573083 2.7476988839729022 7.1297548908725901 0.7295480000000000 0 0 0
1.3784550197046617 9.5519971629110039 6.0048086724652068 1.4063900000000000 0 0 0
4.1569876235065433 0.4125451875844685 3.0704892823326393 1.0656099999999999 0 0 0
2.3909403871076318 7.0047987301464909 2.7088197680799526 1.2247300000000001 0 0 0
1.2902574870798371 5.3153467285686027 8.2867602204509385 0.7473760000000000 0 0 0
2.5434865363627335 0.5650409391523794 4.8739672647195524 0.7695880000000000 0 0 0
7.6611117816241698 3.4079801856058713 8.9833404411481173 0.7445300000000000 0 0 0
8.4347331155331950 0.6668170481912106 8.7218478315385273 0.9090680000000000 0 0 0
6.5703632791069122 9.4062859719347056 1.2240313052508391 0.7507480000000000 0 0 0
7.6843337268160141 0.5717353162154515 8.1515404589770419 0.9119800000000000 0 0 0
9.0140706222746054 7.5143062930340756 7.8419896673069438 0.7446890000000000 0 0 0
8.7052727521824522 7.1527145792563553 4.4926855101355461 0.8334810000000000 0 0 0
2.3805383354801828 6.5857012468755176 0.3833973589586911 0.9844660000000000 0 0 0
2.4936392385511219 8.6970800916585347 2.4974014785382872 0.8044519999999999 0 0 0
3.7509323000925199 4.5070812117496502 2.9146792764857095 1.1858700000000000 0 0 0
1.2994730163098025 4.9221562418082270 9.2189000744823666 1.1996500000000001 0 0 0
4.7811736104587528 8.8397529801322978 3.7574549840558236 0.9138770000000001 0 0 0
9.9801574180434276 9.4665960131441071 7.7709499807040174 0.8187170000000000 -1 0 0
2.3370464611949240 8.2734998926370498 8.0770233388016628 0.9480390000000000 0 0 0
7.4075109311123821 9.7538516007249214 7.9438705445930271 0.7971730000000000 0 0 0
4.5619378692340193 7.6901559254062617 6.4047178717131370 0.7682650000000000 0 0 0
0.6195809173152746 6.7829968241577863 8.4140212423114953 0.9115090000000000 0 0 0
