3.2134387232597255 3.0553038958224614 9.5804936776808347 1.5223500000000001 0 0 0
9.2688966106917388 2.8518404681338274 0.7052592515714826 1.3036399999999999 0 0 0
2.2836828980426880 8.7533493046953943 0.1747667107247799 1.5483800000000001 0 0 0
4.9341629314094595 6.6928960763421870 3.6768870483882474 0.8109130000000000 0 0 0
3.2717707678011627 7.2647418888101729 1.1726578890161070 0.8679580000000000 0 0 0
7.6761740878512681 8.4388434044045386 9.9905730186116362 1.5981399999999999 0 0 -1
4.0104038850443837 7.3351637103676142 7.0459733429274767 0.9923410000000000 0 0 0
3.6181306827333448 2.0302040159144945 0.3179780837207293 0.7635340000000000 0 0 0
1.3756570201460658 3.5086183811401486 8.2415469602409583 0.7342720000000000 0 0 0
1.0974323810936415 8.7435748071773602 5.3129898795741175 0.8103300000000000 0 0 0
4.3169070577401580 8.6458293783337350 2.7759612970533656 1.1261300000000001 0 0 0
6.7832850919099439 2.0233953346344791 1.7749853931510204 1.3158600000000000 0 0 0
3.6387993728276080 5.8233391207268532 5.4190146806088579 0.7312270000000000 0 0 0
1.7411616361132407 2.6162927965599985 7.5482493898644192 0.8757500000000000 0 0 0
9.7911529131353863 9.1052440150721914 7.0197601686461937 0.8057480000000000 0 0 0
0.0033638652651433 3.5943372858562253 5.0092100958701389 0.8154730000000000 1 0 0
1.6250728406219008 5.2432471831845024 1.5601278668418683 1.5600600000000000 0 0 0
1.0367998838548047 3.8679276681115446 4.3532950993768980 0.7315920000000000 0 0 0
7.8115375984070869 2.0685164115481074 7.4362081238721114 0.7481250000000000 0 0 0
3.9882839567323178 3.6907941598865786 2.4441313746676969 0.7743470000000000 0 0 0
2.9566246324202092 7.6793332663021001 7.3706455702600513 1.2324999999999999 0 0 0
7.6951465600469735 0.2895959656783284 4.0645662949459505 0.9478140000000000 0 0 0
6.1153101959819409 4.3023460104883569 7.5045523488888515 0.7299369999999999 0 0 0
8.7204229213696607 0.5515464593466145 2.2005797737381441 0.7448790000000000 0 0 0
3.1163121487212084 9.7089210852720988 9.6959606542672621 0.8362460000000000 0 0 0
2.6262939393656048 3.0314316721047110 3.5364300947213891 1.0232100000000000 0 0 0
3.8192958454181718 3.1922635034244564 3.4052536770207569 1.3013300000000001 0 0 0
3.3996593544293425 0.6495578780596521 1.9832460610510665 1.4341699999999999 0 0 0
5.0196627382143992 3.4492330637291677 0.0943813755821697 0.7303460000000001 0 0 0
8.2260810121856753 7.2128269827660150 9.9325605155470633 0.9766070000000000 0 0 0
8.9438211119841800 9.3093991029260845 7.0617971524282011 0.8725990000000000 0 0 0
1.1313410372400394 3.1924038605403355 1.7637959465038651 0.9207550000000000 0 0 0
6.7709539994221091 4.1515493562384229 1.2026319435646178 0.9573630000000000 0 0 0
9.7468183238138977 6.7431098877134028 9.1060994129543875 1.0613200000000000 0 0 0
2.3917650134347515 8.8407972650740358 3.4708707028914296 0.9061020000000000 0 0 0
0.3441920178037193 9.3684851575794390 2.4673529779401413 1.1386799999999999 0 0 0
9.2862093183232730 1.3099099688295255 6.2159104194552128 0.9456420000000000 0 0 0
1.0352342519007414 0.6435127477454395 3.8433542794292266 0.7893360000000000 0 0 0
0.5700105748759933 3.5822157296190653 7.8642124559308959 0.9513160000000001 0 0 0
5.9524688083418544 5.4803324953101962 9.5091515213954008 0.8126430000000000 0 0 0
0.7969797661255350 0.6484379405945567 9.6445968781028526 0.8720110000000000 0 0 0
3.4140982931523962 7.1437163041202165 3.9416452945383376 1.0375600000000000 0 0 0
5.1101712373474451 0.1150956632788330 3.9662257392396114 1.2639600000000000 0 0 0
1.3499198613868295 3.9401442570274599 0.9361273973354926 1.2748600000000001 0 0 0
5.3233931244342454 3.9105990287435892 5.2186946140780011 0.7738810000000000 0 0 0
2.6242660938826332 3.5541633750442498 5.7152005196365243 1.5308600000000001 0 0 0
6.8982186008187707 7.1321696884864485 3.8468714444110774 1.0398600000000000 0 0 0
1.6653404039220483 7.9391182850756543 0.8564184761725799 0.7876350000000000 0 0 0
0.1449893497434009 8.3587192728472495 2.7056947931978943 0.8842200000000000 0 0 0
5.5480826809981307 9.0893737783933393 1.8156008028503192 1.5201100000000001 0 0 0
9.2658701496906613 8.2762789655010778 8.2225671877473854 0.8909200000000000 0 0 0
1.6140914498730290 6.1795771142289286 0.7622713628539066 0.7952500000000000 0 0 0
8.6681084703588969 9.7076933685279609 9.4160970202633543 1.1177699999999999 0 0 0
3.0997153829053694 8.3501133195894024 1.2493842283025469 1.1294400000000000 0 0 0
3.1452245341007941 4.5103438598298977 7.7173146085383264 1.1751900000000000 0 0 0
7.8768378364714362 1.5516167025965661 0.1777235700136625 0.9572360000000000 0 0 0
7.3218666567123316 7.2104180631258448 9.6488751082869886 0.8353830000000000 0 0 0
3.3559244123880450 0.4488485389130386 7.7083538016201452 0.9798420000000000 0 0 0
2.4556012880723168 0.0141771325488813 6.4738966350649489 0.9657060000000000 0 1 0
3.2613984878641369 6.6201261224797943 2.0176437647854297 1.1149400000000000 0 0 0
6.5253923850462234 0.2145944860552915 7.2674726719304079 1.2736700000000001 0 0 0
2.2449036884170739 9.8792161944336598 2.0522246337921692 1.2454200000000000 0 0 0
0.9148390569605120 7.4820930442167111 0.3918466215951011 1.0008699999999999 0 0 0
8.4954201231780893 6.3400678435519673 5.4658067431762181 1.6125499999999999 0 0 0
4.1040464886724743 6.1045301694274636 8.3029114579162826 1.0560099999999999 0 0 0
3.3499254991723375 0.6605087740266230 5.8101487854082086 1.5049600000000001 0 0 0
1.6510220711764845 2.7609611577028423 0.9784706809134623 1.0783199999999999 0 0 0
9.4497245467257898 9.2057973863310654 8.6132529751107914 1.0687100000000000 0 0 0
0.2717720124995986 5.2080855908485635 9.2182157491813168 0.9120320000000000 0 0 0
3.1536605642622564 6.3524395984348958 8.7459685693836544 1.0012900000000000 0 0 0
5.8564612810593335 9.8267767274565045 0.9404089363155196 0.7498990000000000 0 0 0
8.0883758114155189 5.6630954238275795 6.9108476106562744 1.4770300000000001 0 0 0
5.7796763561804285 1.5737251749300991 2.6421299894200017 1.2652399999999999 0 0 0
8.9675381753055934 2.0565367263830865 3.5142767264942774 0.8405170000000000 0 0 0
4.4119542847690614 7.9066151305907617 0.1040487799330332 0.7614440000000000 0 0 0
1.1618699776324548 5.7324960762323558 3.3954687484622621 0.8696159999999999 0 0 0
6.0917906767380616 2.1521197653067903 0.5808058892806149 1.3585900000000000 0 0 0
0.8603495121434306 4.9926079357541724 3.9536460835634815 0.9940380000000000 0 0 0
9.3736086611744334 2.3457721664248021 9.6682870862514569 0.9329860000000000 0 0 0
3.1543676944674588 8.9816792226887827 4.1674489428611272 0.8995660000000000 0 0 0
6.8583948091483142 9.4511575880232517 8.6281791650206667 0.8906830000000000 0 0 0
8.4843209529220278 5.1113251507833777 4.4299062680645607 0.7654640000000000 0 0 0
9.4781713632495990 8.7772361985357445 5.2765876459495455 1.1374800000000000 0 0 0
8.0545207034011401 0.8575799424880111 0.8761349114612518 0.9344190000000000 0 0 0
7.3182407836092942 6.5371423121955532 6.1082017698393969 1.0036499999999999 0 0 0
6.1169044988371581 8.1229247595565024 5.1396536899111824 0.7339540000000000 0 0 0
1.1342954135867400 2.3297658566993542 9.2774659293561488 0.9797570000000000 0 0 0
1.0542796675432653 8.5265416695332483 8.4064548264750929 0.9654830000000000 0 0 0
9.5315193395280584 0.3386181671316053 3.0906299808820870 1.5868700000000000 0 0 0
0.2538446264928295 5.0591123987163362 2.0705159323626741 0.9528420000000000 0 0 0
3.0555464044490028 9.7992226790928569 5.0327030815066651 0.8050410000000000 0 0 0
7.6797460097401586 2.1209160129432658 6.0514669659729261 0.7376190000000000 0 0 0
5.1329182453423234 2.5022479742649621 4.7321246897145057 0.7568170000000000 0 0 0
6.5649970453502355 5.9274551558510193 8.0911839355673205 0.9547060000000001 0 0 0
4.4736367779173341 3.6360318626682901 9.3387183524607416 1.0296000000000001 0 0 0
4.3288601559643531 9.6404511296653883 2.1497969519757349 1.1420500000000000 0 0 0
2.8069511118071935 4.3911371614082286 4.6548271166243973 1.1010800000000001 0 0 0
0.2981880399893480 6.5563091831977527 3.1356720853111946 1.1655500000000001 0 0 0
1.2268880533173139 4.0895346985712928 3.6233476913613099 0.7554180000000000 0 0 0
9.8700198101219119 5.8908978999160713 2.2378924855028619 0.8198580000000000 0 0 0
1.0498403090280890 2.8196220258950864 8.0410501121617859 0.7765940000000000 0 0 0
2.5542117188375753 1.1114585148578404 7.8241939265605929 0.9788330000000000 0 0 0
5.3326987004986659 5.2747823648611227 0.0471264642618155 0.8213400000000000 0 0 0
9.0795080176387586 4.0300444890235401 2.4115790060124258 0.8310120000000000 0 0 0
9.5724820254071954 3.2070802748857941 9.7243285066075131 0.7416180000000000 0 0 0
2.1379460381503801 8.1104828751315488 2.9970501937473197 0.7906300000000001 0 0 0
3.3597434637384942 9.4485497925056912 7.6769920972093031 0.9228110000000000 0 0 0
7.7577077151600289 8.5898459772347291 4.8315577446114588 0.9330170000000000 0 0 0
7.3422960982378074 4.1430714899801453 4.8566148009285728 0.9521750000000000 0 0 0
1.9497568897266757 1.5856596745356080 0.8008574416481009 1.1286000000000000 0 0 0
0.3935124421777676 8.6955475600087730 6.0551170268738010 1.1601100000000000 0 0 0
0.4412475773285663 8.5323023007759691 7.1748819057086237 0.8922369999999999 0 0 0
7.2614744281358847 6.2187858051759983 5.1933597101542111 0.8405170000000000 0 0 0
8.3983442847191672 0.7324064584300978 0.0394375123760169 0.7566710000000000 0 0 0
5.4951344972131464 7.0814001717333994 9.2393490837155259 0.7467930000000000 0 0 0
6.2925906273364047 6.8052092370391328 2.1651229995798404 0.7909240000000000 0 0 0
5.5693329272440319 6.6002502075892107 3.1382794307759379 0.7925460000000000 0 0 0
9.5095921641430561 2.9821072700550673 4.6689634419188604 0.7646490000000000 0 0 0
2.0885159970163296 3.7643912803507273 7.2032503484680941 1.5136700000000001 0 0 0
1.2857687691988833 4.4358160882124240 8.0503904644346562 1.0791100000000000 0 0 0
7.2699039288450953 4.5442500568936914 5.6702759055234662 0.8022840000000000 0 0 0
9.6367785189382502 4.3674183907609816 1.7362848485218871 0.9141260000000000 0 0 0
1.5951305809075751 6.5241640480964378 8.2911334007859221 0.7300640000000000 0 0 0
8.9606418121222848 9.6962179319002058 7.8795632378235911 0.8737390000000000 0 0 0
6.7389948739403778 2.1897547631426688 8.8828110369684943 0.8392100000000000 0 0 0
3.4944742526224353 0.9738090604610363 0.7999541097046510 0.9215020000000000 0 0 0
5.7326953837412740 3.0758243789016424 9.0461379467395719 0.7423600000000000 0 0 0
4.7455148592950076 3.7068136460733840 1.3662850342434731 0.7387210000000000 0 0 0
0.1843606940635082 5.3840998397385826 3.1984052875860631 1.1031899999999999 0 0 0
1.7160289445600247 5.9042843677203178 5.2430477982041621 0.8403900000000000 0 0 0
4.9223382306381058 6.8745157217670778 6.7507589665243346 1.0511299999999999 0 0 0
0.8942801597920335 8.7085709579800294 0.7480755240947141 1.3145600000000000 0 0 0
7.1599950363934513 4.7905145041805559 6.4526733085979542 0.7907260000000000 0 0 0
8.8789801204667054 2.2362087458019060 2.2844853225086625 0.8350820000000000 0 0 0
4.4279277244185087 1.9596135585915504 3.8614683917325450 0.9031709999999999 0 0 0
0.3653746020171539 4.4045677029609829 4.6584678954688217 1.0183400000000000 0 0 0
7.1076071687531677 4.5455592217373537 7.4774290179709304 1.2337800000000001 0 0 0
1.5015821115144663 3.1040225534460624 8.9286819542414335 0.7701650000000000 0 0 0
8.5961410638270355 0.0107682410056456 3.9148804272952589 0.8969310000000000 0 0 0
5.4204837352295279 8.5686742821640980 6.4217248196147088 1.3440000000000001 0 0 0
9.0337926920865996 0.6590354860982265 9.5165048826816143 0.8289140000000000 0 0 0
4.9484330233435090 8.2626337139316064 8.2344844078630892 0.9264019999999999 0 0 0
4.2938577945296998 4.9083479126377831 6.0287893671071151 1.2141100000000000 0 0 0
9.1241883943301580 1.5290545740723864 7.3879408488364700 0.9730860000000000 0 0 0
9.1938380528614445 2.9897600088773890 8.8785452102088946 1.0474200000000000 0 0 0
9.7531185168057846 7.5613712778629703 4.6642297771893082 0.9606270000000000 0 0 0
9.6073750462216374 6.4154220854635309 1.5820593696400234 0.7868400000000000 0 0 0
3.3992976779153361 7.1794459445119925 4.9713575074622636 0.7688680000000000 0 0 0
0.2265492154646059 9.8185955364949926 6.1322104102213899 0.8320480000000000 0 0 0
4.9482198207735033 5.4485207413774068 9.0056162546888210 1.3135399999999999 0 0 0
2.9190374706262658 4.0452813196405639 3.6184137406449457 1.0208900000000001 0 0 0
4.4279014481668124 1.1731094887455711 2.4113812701226900 0.9248400000000000 0 0 0
8.3221745665586830 7.2394541609107410 6.9104578365832765 1.6020799999999999 0 0 0
0.1346604154085327 7.7850825867415150 8.9250116516791831 1.1001900000000000 0 0 0
7.8287732841808069 8.7694475697779293 6.8586744088564267 1.5051500000000000 0 0 0
0.0398322636184521 5.6371400009990147 7.7046849181993640 1.0006299999999999 0 0 0
9.3927777236698571 8.9157103831297277 7.6868071562089293 0.7314260000000000 0 0 0
6.1679815976396029 0.8486002005192946 6.3079892712724188 0.9067530000000000 0 0 0
0.5701639050400067 9.5976838366951611 6.9493258073636035 0.9223740000000000 0 0 0
1.5020864333595663 6.7205578651093179 0.1321643696711816 0.7829890000000000 0 0 0
7.0354063550929942 1.9025634551404105 9.9822948420622915 0.8314160000000000 0 0 0
2.1456052628943323 1.0817087422613958 1.9421385665653488 1.0927000000000000 0 0 0
6.6959802515621432 4.7523420032697734 8.9674327582014950 0.7386200000000001 0 0 0
2.4020624893226898 3.2333383189200808 1.5633991026309948 0.9457010000000000 0 0 0
5.2784274339133015 0.5775440497277642 6.9606710331122814 1.2837700000000001 0 0 0
1.5452210562376492 9.6992618942747786 7.3170541323440217 1.0614200000000000 0 0 0
0.2037615558415745 3.2625945942902064 6.0646519696214094 0.7321560000000000 0 0 0
3.1425593130740657 5.2855882224921249 1.5915913627697598 1.3508599999999999 0 0 0
2.3426128796445389 7.5208206960041588 4.7200179929728812 1.2838799999999999 0 0 0
0.2597902143669722 3.7285956276627665 1.0560760472903377 0.8714140000000000 0 0 0
0.1515534259393303 1.8412418329798230 0.6591055452820717 0.9461260000000000 0 0 0
0.0681625055840877 3.4031967374135133 0.2805698825284648 0.7365750000000000 0 0 0
6.9966140981993226 0.3883076989722392 9.4665820572797017 0.8095710000000000 0 0 0
8.6999771875354135 4.4108454502254588 5.0086629017896112 0.7403330000000000 0 0 0
8.4377194274194665 3.4180165491907921 9.7405449116986365 1.3021700000000000 0 0 0
0.4294104292527017 6.7258792643819456 1.9901220037111453 1.0848100000000001 0 0 0
3.9720133402243016 1.9895148577194908 1.4760045316469121 1.5449700000000000 0 0 0
6.3973350109845954 1.1333531306099847 9.8105707443398558 1.1247400000000001 0 0 0
4.9598241734090447 2.1351809519988163 7.6020681669724812 0.7908020000000000 0 0 0
9.0228305823455113 1.5416533045571148 0.4508927008675484 1.3163700000000000 0 0 0
5.7890788611535111 1.5241454706621478 1.5237722844651520 0.8839730000000000 0 0 0
7.0438260111622579 9.5081632866179397 3.2877404979228015 1.3920999999999999 0 0 0
8.8897628698030502 8.0346950087850573 0.9809314862759805 1.5233399999999999 0 0 0
0.4151047498228962 7.5165475180540557 3.7481515389061286 0.8752960000000000 0 0 0
0.7422227381715648 5.3681672739847963 4.7879584388967480 0.7498600000000000 0 0 0
4.0906820972573055 6.9127126396935452 5.8404005267525081 1.3294200000000000 0 0 0
1.5162731371737670 8.2383734299921425 3.9328833929810538 1.3020900000000000 0 0 0
1.7466370503635522 0.2560785368143741 3.6459830294744444 0.7676010000000000 0 0 0
6.7719482446184101 9.3171875064485672 2.1335578698522935 0.9217660000000000 0 0 0
7.2436568665672425 9.5992170458737451 9.6853622970860229 0.8330000000000000 0 0 0
1.5552976459852421 0.4864953245204727 0.2406634160747433 1.0074500000000000 0 0 0
2.4864578628925922 5.5827983312791680 0.5792569801331092 1.0424199999999999 0 0 0
7.7417479328760681 9.0328724231216793 8.0590861138696610 0.7801360000000001 0 0 0
3.1378992141551336 8.6371028567370249 8.9344565577852535 1.3531599999999999 0 0 0
1.1093297392131798 3.1164792204669909 0.0360569262137279 1.1264200000000000 0 0 1
0.4847529540091342 7.4140997682442187 6.6020648170256102 1.5366500000000001 0 0 0
5.0440996557625093 1.5687843013563503 8.3122436678616634 0.8900720000000000 0 0 0
2.2778845466472930 1.8970785452130623 3.5057146320660890 1.2539800000000001 0 0 0
1.1807049350754732 9.5320471207419342 9.5810809869200497 1.2999099999999999 0 0 0
0.9462771080343305 1.8527553834465387 1.7678108082624586 1.6078900000000000 0 0 0
8.7708707640271086 1.2648475252729561 4.7568245095789417 0.9793080000000000 0 0 0
4.7506127112638925 9.3005993957717497 4.7785040673121486 1.0636900000000000 0 0 0
6.9014691499932832 5.1321436571989514 4.9114726395491823 1.1252400000000000 0 0 0
4.8985324733706905 1.6758082397636722 6.7328341752184464 0.9990540000000000 0 0 0
7.4629203919611422 1.2672284270168563 3.4368790120593018 1.3393299999999999 0 0 0
0.8579564941192898 4.1764930088854459 7.0934704687521251 0.9591870000000000 0 0 0
0.2127581046876617 6.6086345617003550 7.6061831298950127 0.8940470000000000 0 0 0
9.3950986460219088 2.1802474615503833 4.2968590801274793 0.8364110000000000 0 0 0
4.6552132944428068 5.4784981449444530 6.7908744272133195 0.7485039999999999 0 0 0
3.1081496117358003 6.3875003005875230 3.4988548771297281 0.7441750000000000 0 0 0
2.4922818252813319 7.1738732415735225 1.6063590339250273 0.8475810000000000 0 0 0
5.4794101811598832 5.2891975056883620 6.2465620603667018 1.1938599999999999 0 0 0
0.1014670469804749 6.0370068277209112 4.7991298368968485 0.7679260000000000 0 0 0
5.0181427247689001 8.7646991893224744 7.4778803897197879 0.8235240000000000 0 0 0
4.8592090226174420 0.6429620221510509 1.3071828952786591 1.5840399999999999 0 0 0
7.8265530635173990 1.7106783633581650 8.1600136724491392 0.8080290000000000 0 0 0
8.5879334213010328 8.9167041108896239 7.7750324523813070 0.7967370000000000 0 0 0
3.5156525538726573 6.8316064634643343 7.8998464709242677 0.8943240000000000 0 0 0
7.7593652025430284 5.7160813264007366 4.4987779343838357 1.0196099999999999 0 0 0
3.1887316488489246 3.3746950455251525 8.0649704425717079 1.0386000000000000 0 0 0
6.1176738894912495 8.6828321429224093 2.8248747386135049 0.8116520000000000 0 0 0
4.0440841063737141 6.2110748017087358 7.0958711995014507 1.1767700000000001 0 0 0
6.5998444372615017 5.6839367999130230 6.8728880239514547 1.4006300000000000 0 0 0
4.6683075417302762 7.5079333177343148 8.6636407835180016 0.7654200000000000 0 0 0
8.0342411382367125 6.7084784282626444 9.0033106659196029 0.9986610000000000 0 0 0
5.4535479831585931 0.7325063693128382 9.0455917583857364 1.3341600000000000 0 0 0
3.0739890111666948 0.7452757851418516 8.9186727053365207 1.4566900000000000 0 0 0
9.0967741128936943 0.7741685813549848 8.0962128913476530 0.8257350000000000 0 0 0
2.7939821010233099 2.4696751871534603 0.8055242056122766 1.2202000000000000 0 0 0
0.7343799494146517 4.1740096782357856 1.9170330890112832 1.0065900000000001 0 0 0
6.6216218630287029 7.7227476689300110 0.4336927849991776 0.9727460000000000 0 0 0
7.0001570688443664 8.4361886209780135 1.4141346489697184 1.3190999999999999 0 0 0
8.2261648677520238 4.8898371117121480 2.7704252011074799 0.7443400000000000 0 0 0
5.8474483927342371 6.5356634029399485 6.7024042009196663 0.8147480000000000 0 0 0
4.8936687980346081 7.7773704496772078 1.9125708487732387 1.2979600000000000 0 0 0
8.5410575429501367 6.7461716464061370 2.9291857494027158 0.9864889999999999 0 0 0
4.1683540859261985 8.1023656260972672 3.8271013472535178 0.8897960000000000 0 0 0
3.8235526877862269 2.7765631786427245 0.5730064154777242 0.7803390000000000 0 0 0
9.4264512418072250 5.7567578824570038 9.2924660254926614 0.9665330000000000 0 0 0
9.5362747893814408 1.9387831368984341 1.5495497088814250 1.1480399999999999 0 0 0
0.9867539301527173 0.6855214936362869 6.8444652482233126 1.3079499999999999 0 0 0
8.6756419723240121 4.5735143963504354 9.4136585996776141 1.0466700000000000 0 0 0
6.2242580283381006 1.5513968288311066 3.7094456279745569 0.9572720000000000 0 0 0
3.3410990093719923 0.7118504940538056 4.5347182795210195 0.9609220000000001 0 0 0
6.8674423521989505 1.5530410520714508 5.8599871526667080 1.1909200000000000 0 0 0
0.3309750884181386 4.2730171088277134 5.8426408575782665 1.2807599999999999 0 0 0
1.7421319186353377 7.5530310996249845 1.7165547104625742 0.7621240000000000 0 0 0
8.7479434844733142 4.3916380419915857 3.1632848454826346 0.7643270000000000 0 0 0
2.8435639625573574 1.6358250002893224 6.4741963903483262 0.9747310000000000 0 0 0
9.9180988223210811 5.0335046654706046 5.1926452686920275 0.7626330000000000 0 0 0
1.3011948643386335 3.9391409708412310 6.2680805995135858 0.8511480000000000 0 0 0
2.2246141729584274 3.0197278554957414 8.1942658988486041 0.8637580000000000 0 0 0
1.1161041719531966 7.6092154383975892 2.7024008485353992 1.4759700000000000 0 0 0
7.3972710488656404 7.3206129732037262 2.5136667458631550 1.6127400000000001 0 0 0
8.8025937136589061 6.5524802986792645 0.8084665620956724 1.3114600000000001 0 0 0
9.8675976415554967 0.0788601546317313 8.3324589828056279 0.8203560000000000 0 0 0
6.2654612871575299 3.1705871047272240 2.4202831409754419 0.7764670000000000 0 0 0
2.9683351139436178 2.5954528262928482 1.9633567839092072 0.8293550000000000 0 0 0
4.3134581016432456 9.8500937277694796 7.3552919974624187 1.1049000000000000 0 0 0
7.8495520825654443 2.7223247529200969 4.4374014997722586 0.7449260000000000 0 0 0
1.0493807029982078 1.8292683313043017 7.4068222234975121 1.1520600000000001 0 0 0
8.8209786913286923 6.1748869471158407 2.0779932951867108 1.0660900000000000 0 0 0
3.2970715379576236 2.2735160714172240 4.0913496129314115 1.1287900000000000 0 0 0
6.3212835385474309 7.9507231641297471 6.0220558618305668 0.7384870000000000 0 0 0
2.2224488423162430 5.9031199565527830 3.5133974895870619 1.2060400000000000 0 0 0
2.1601322929097337 2.1919214453924099 5.7265197085144708 1.2501899999999999 0 0 0
6.9751325130473534 5.4472412034670548 3.9164805549191026 0.8935850000000000 0 0 0
2.1455329121282349 6.7657315554217092 9.3105131358720268 1.2287999999999999 0 0 0
6.2626470417475559 7.0659439047064128 3.0462148602444086 0.8100940000000000 0 0 0
3.7995902296953505 4.3551482415584282 6.9654910287418259 0.7702870000000001 0 0 0
0.0996953185446030 8.0891706797312697 1.1032328084464171 0.7396410000000000 0 0 0
7.3213289776959947 3.4486682913825568 7.4436275230047659 0.7423940000000000 0 0 0
7.0948634554106027 0.1487303857986817 5.9986966177593777 1.4130199999999999 0 0 0
3.4639710271977671 3.3067619593414372 6.8889914404889563 1.2981499999999999 0 0 0
5.1702822577385614 1.3441458407335545 0.1375205215763714 1.1148600000000000 0 0 0
0.5566877741238115 4.2238368541999396 9.9394359676608168 1.2230200000000000 0 0 0
5.2817075218692873 7.9521573411446695 9.0762650380867775 0.8678380000000000 0 0 0
7.4066192682284804 7.8771684776543305 4.2666060062485762 0.8579490000000000 0 0 0
1.1212640554561566 8.2076548262454772 9.5060802822153985 1.2468800000000000 0 0 0
5.2937195819712652 1.3878956272274412 4.5350001892607521 1.4489799999999999 0 0 0
9.5875429005152384 0.3793950169687119 7.0698265157983222 1.4939400000000000 0 0 0
6.7427487887078437 2.3250806056935391 3.0530158042258622 1.2224900000000001 0 0 0
0.9513484970286875 1.2745968177795963 8.9827723490826514 0.9045230000000000 0 0 0
4.3216423775459631 4.4352138787451798 1.3958233185764615 0.8868050000000000 0 0 0
8.3753656867982933 3.6048204863969020 3.1571849207638945 0.8844500000000000 0 0 0
9.7496979610681223 7.2072037488075553 8.2022359725828995 0.8071750000000000 0 0 0
8.3731795608071007 5.7373916138866079 2.9106274138139216 0.9382520000000000 0 0 0
3.0817770429201485 5.7588220152176364 7.7527963706634546 1.2336499999999999 0 0 0
2.9765805546067154 9.6852394415884628 0.5170082405237348 0.7504550000000000 0 0 0
0.3841934355801838 5.8142029996595008 1.5134541105763024 0.8716940000000000 0 0 0
7.6013875937824116 4.8041271721912358 4.1992828042493517 0.8387770000000000 0 0 0
9.5235515551787238 4.2834411923049496 5.0874886436409756 0.8081700000000001 0 0 0
3.9088623004289467 7.9303568664922013 8.1187123729551800 1.1538400000000000 0 0 0
6.8839084436339775 7.3272575271659903 5.1850419088983175 1.3942500000000000 0 0 0
5.7888064556827734 8.8351287338021116 9.2366033847275819 0.8722760000000001 0 0 0
8.4031468769535138 8.6810654159018696 8.7638095370199718 1.1959000000000000 0 0 0
4.1181041679804062 8.7167021011410650 4.4246071454690741 0.7329940000000000 0 0 0
0.7019157310152281 0.0937074201531939 7.8263959407730566 0.9707830000000000 0 0 0
1.6345839039819163 9.6531324912210650 0.9083485067025397 1.0173500000000000 0 0 0
5.4101547528021934 4.5786539057142317 4.3273842150109569 1.3811300000000000 0 0 0
2.3199757035228195 9.9790485625756560 9.9931861133693882 0.8290860000000000 0 -1 -1
8.4170087612500009 1.1985388204163858 7.8780029767104809 0.7703220000000000 0 0 0
5.0077529190134893 2.1838840751046131 5.7009620997255732 1.2253200000000000 0 0 0
2.3598189176405198 4.1002262858789047 8.7793098671685303 1.4964800000000000 0 0 0
7.2608955951308003 3.4884952623220959 3.7364102436836437 1.5529900000000001 0 0 0
0.2105211299557996 1.0947154559674510 8.1431069239033711 1.2663199999999999 0 0 0
1.2283188223000612 3.8676660227971640 9.1706187036605922 0.8392860000000000 0 0 0
2.9640244111246097 5.0335364838654382 5.8007763555028617 1.4042900000000000 0 0 0
3.5275673815516346 5.1991251174711639 6.8694602933011568 0.9485500000000000 0 0 0
9.5571691642033567 3.8515461064854399 4.1638076828121706 1.0772299999999999 0 0 0
5.5355640231534098 6.6484748593578056 1.2499455790859968 1.5075000000000001 0 0 0
7.3167641464686071 5.5252149821381744 7.7805169011821889 0.7456290000000000 0 0 0
9.0642874794602708 3.6604304860170704 1.4455420585229586 0.7648760000000000 0 0 0
1.6340748055085434 7.0588834351464893 0.9350985872617731 0.9168150000000000 0 0 0
1.1794610045819349 4.7717947694551581 2.8621072687589142 1.2211900000000000 0 0 0
9.9364751590784923 2.8705356315809869 3.5517931215181595 1.1772700000000000 0 0 0
7.7890814121613845 4.5575044210217985 3.3914680761622362 0.8323690000000000 0 0 0
6.9529708322212054 6.7797946044130510 8.7001294347942402 1.1581500000000000 0 0 0
0.4301473976450804 3.8147276977884514 3.6085668486981852 0.8664960000000000 0 0 0
9.3495657140879516 5.4145723643984685 1.2783813931166146 1.2905100000000000 0 0 0
8.4850468964293011 4.5019886119647170 1.6522681769551018 1.2418700000000000 0 0 0
0.7834527232504648 5.8190319056203368 2.3943084556731189 0.9365150000000000 0 0 0
6.8431643144693579 5.0337132665219819 0.8576130409946784 0.8475279999999999 0 0 0
1.8194876269643294 1.6861002699198284 2.5998305334360476 0.7364440000000000 0 0 0
2.6456231634935805 8.2532402636444289 4.0389917109185491 0.7355270000000000 0 0 0
4.2094615442153982 0.7693109104937774 8.7714267370427361 0.7414840000000000 0 0 0
1.3175308707643254 4.9400878238243005 0.3405539911071154 0.9397960000000000 0 0 0
2.7010506690428397 6.7011323297875869 7.5733860931439860 0.7589910000000000 0 0 0
3.3289598697970475 9.4042761718554129 1.6439205092481468 1.0629800000000000 0 0 0
7.8166179171461039 9.1789753184649090 5.6428890464606747 0.9735750000000000 0 0 0
8.2835890196080761 8.0583638042880175 5.9954965244786740 0.7644890000000000 0 0 0
1.1510657046908337 6.0643767456450890 8.9763537314856183 1.0785000000000000 0 0 0
5.2013723002005481 4.6991184682166791 5.4363914723795412 0.8017919999999999 0 0 0
1.9943636652883967 3.7391143032929737 4.3981412151119006 0.9330340000000000 0 0 0
7.4744132761752278 0.0601191577632970 8.8945990851914249 0.7493919999999999 0 0 0
2.4262020209329642 5.9835006427607684 2.3297784724670652 0.9769409999999999 0 0 0
8.7853230825761788 9.4301045166910953 0.9901761604714394 0.7412050000000000 0 0 0
8.8560939173705204 3.2553889949386092 7.9107183697555952 0.9750230000000000 0 0 0
0.9025080340911413 2.0076028635057361 8.4183841727659274 0.8426520000000000 0 0 0
5.7039721543040613 2.0492841251148297 9.2597025035285352 1.2842300000000000 0 0 0
7.8703813444452644 7.3885055407743927 5.7477111048984524 0.8012440000000000 0 0 0
8.4669349809160153 2.0958058858246740 6.6814630121608563 1.1824500000000000 0 0 0
8.9174346252191850 4.1875093944174449 7.8745153721679282 0.7727200000000000 0 0 0
9.4529656833819065 0.7380230795918531 8.8244864186954892 0.7401380000000000 0 0 0
1.5413560607518957 9.7030163695269174 8.4195313536276153 1.0678099999999999 0 0 0
9.6711974429357710 3.7557428190436402 8.3093797797134741 1.0074700000000001 0 0 0
3.9483347648399381 1.8442385134470167 6.2108035615238339 1.1165200000000000 0 0 0
2.6852982272946813 1.5472071343179490 4.7892821716853424 1.1443300000000001 0 0 0
3.7960627398609446 4.2083850942153438 4.1368769814586095 0.9699620000000000 0 0 0
3.4138301732396741 5.7283829252229603 2.8032578935396972 1.1918899999999999 0 0 0
7.3664632686865383 6.4757938372018380 7.6646655691377701 1.0544100000000001 0 0 0
3.1333485726200951 1.8124305384032060 5.6345223778757365 0.7701730000000000 0 0 0
6.8312466926422593 9.0782403373909109 7.6874819512191639 1.0544800000000001 0 0 0
5.8589252919023629 3.3784595564372255 4.9892412161458513 0.7341850000000000 0 0 0
8.0420470214936035 7.6637882547148557 4.8999169754568968 0.9128200000000000 0 0 0
4.2868530414738437 0.3638012316096685 9.8520530036875105 1.4847100000000000 0 0 0
8.6210457526661504 2.4848044011810893 5.3190256038573942 1.5611699999999999 0 0 0
8.9274158113992321 6.2517358733530317 8.1267858635103387 1.5738700000000001 0 0 0
9.4186768926465607 1.3397878510057990 3.9218370035952850 0.9191500000000000 0 0 0
7.4110583691812195 4.8290676902855791 1.5824899484910215 0.9226290000000000 0 0 0
3.4784868332874828 1.2064334034250159 9.9478808415454409 0.7617940000000000 0 0 -1
0.0315165019238954 5.2911818811590781 4.3661973620405616 0.8122220000000000 1 0 0
0.0467817313453383 7.7073616701470726 2.0384131465778035 0.9152850000000000 0 0 0
4.1131901271954598 1.9275240234655326 7.2708096034316378 0.8456750000000000 0 0 0
4.3994366496083259 5.4681037835910757 3.0805991784832893 0.7389400000000000 0 0 0
7.3608419512798395 0.3676108672930387 1.1490151111260911 0.7308600000000000 0 0 0
4.1542828430514378 3.8099147433167841 0.4263426780258548 1.1824100000000000 0 0 0
7.2105254585778535 8.7174455174136654 4.1110453658718153 0.8318130000000000 0 0 0
5.3921567474508914 3.6950819759415889 2.0476925262545040 0.7785300000000001 0 0 0
6.2181802284996159 9.8182656087773577 9.3978428277650377 1.0445700000000000 0 0 0
3.2180835689443530 6.8103717843505542 6.6478404183477977 0.9760020000000000 0 0 0
4.5331571303461162 6.5265021047222520 2.5533635507693337 1.5051200000000000 0 0 0
6.8225574131223610 1.6046817394138919 8.0319040376384176 1.1242600000000000 0 0 0
7.6776063458198429 6.7270886750749259 4.5128696943361737 0.9261360000000000 0 0 0
6.9548803682666476 6.0548733867277553 1.5177998322500679 1.4746400000000000 0 0 0
5.5267483006452016 2.6238631177460845 1.7923475642649054 1.3591100000000000 0 0 0
2.0487802055520921 4.6358684907458931 6.3404668858359408 0.7631570000000000 0 0 0
8.7047394916364453 9.1178406139288679 0.2431218981459913 0.8024960000000000 0 0 0
2.5534558253569788 6.8542249184529842 3.7560493993687212 0.7406230000000000 0 0 0
4.0196896455224413 3.0616275324752849 5.6713308437839967 1.3230200000000001 0 0 0
9.3351569243359585 7.1954770383737019 1.7430703203370461 0.8266760000000000 0 0 0
3.2523245361829218 9.5195590439239268 2.9438853812329411 1.4432100000000001 0 0 0
6.5842061576003177 1.5640652059523241 4.7067114882343706 1.0857699999999999 0 0 0
9.3774114386467939 4.7741842943748303 4.4385440574716473 0.7776550000000000 0 0 0
4.2502284902585510 2.7728459190609258 4.4840156628767449 1.0787400000000000 0 0 0
7.3636047064709231 9.4802914736431365 1.5148346753161772 0.7427500000000000 0 0 0
4.2976734706426907 2.1853765065705346 8.0970061996391340 0.7727210000000000 0 0 0
5.4517326856116215 7.3326247293700346 5.6678803732206005 1.4331700000000001 0 0 0
2.7314146441143672 4.1612333039452487 1.5275782911448896 0.9332420000000000 0 0 0
9.4333675319419434 4.8832570166014646 8.5443275143855928 1.2555200000000000 0 0 0
5.4494356910692892 8.4893664916283456 5.3186232486212344 0.7634010000000000 0 0 0
4.6971737736281902 1.3889971464014823 7.5583202912498182 0.7339230000000000 0 0 0
6.5939658746555470 6.8364953556575170 0.7106959089967527 0.7897160000000000 0 0 0
7.4817954537061766 0.7279495378684523 0.0550513898112203 0.7927830000000000 0 0 0
6.5151990867973124 7.3528338583705475 1.3740755218907474 0.8199610000000001 0 0 0
3.7593296565643515 6.4495332882819412 4.8447327027915783 0.8154880000000000 0 0 0
6.2551668833809861 9.8276064810617267 5.3243208387371919 0.7304140000000000 0 0 0
2.2582006317245145 6.4742502867046232 4.4226323996533603 0.8247540000000000 0 0 0
6.9711116722512498 4.2878688698618204 2.0938314561021567 0.7421270000000000 0 0 0
2.2414086677150733 7.8863667849487875 9.2513689804503052 0.8840350000000000 0 0 0
1.1756330195990989 6.5224577431960666 5.8631257045738234 1.0414699999999999 0 0 0
0.8211969602411466 8.5596063470118651 1.9163803641691946 0.9621459999999999 0 0 0
9.9032793368115151 7.8968467304494014 5.5950028949171884 0.8261980000000000 0 0 0
4.5251637549454395 7.0056555930286422 7.8968945133543302 1.0148200000000001 0 0 0
4.5088158553810915 7.2559730322276144 4.5459128032892444 1.3483300000000000 0 0 0
7.6103184058175328 2.7540150996570127 1.3630589050824911 0.9494490000000000 0 0 0
6.4702042250826191 4.4642477653315131 8.2817165565618875 0.7506140000000000 0 0 0
0.8574404899900000 1.1335362782825908 0.5867914296777647 0.9435380000000000 0 0 0
3.1958422409256371 2.4951117322674530 5.1145512784952318 0.8835410000000000 0 0 0
5.5081507481036018 7.6286715915504670 0.1045941194151163 1.2186300000000001 0 0 0
0.8853566217520680 6.0496357449870066 7.9875001010014550 0.8962930000000000 0 0 0
1.6469394972242648 5.6815145974759105 2.6927183383932740 0.7772680000000000 0 0 0
7.6813060125073624 1.0106978420672317 1.9974354664928915 1.2654200000000000 0 0 0
5.9105143575594550 9.7386064124405909 6.3259834569517110 1.0817600000000001 0 0 0
8.6188384837613423 6.2663568096678226 4.0563012772423832 1.0892200000000001 0 0 0
7.9770786099786806 8.0820329220244336 1.7312233443318261 0.7596060000000000 0 0 0
1.2732456423678282 1.6531952788979125 4.6070482717851657 1.5976300000000001 0 0 0
0.6651256125463462 9.6090186999554952 3.6897515314358409 1.2636099999999999 0 0 0
7.8347555993618077 8.9841347924999706 2.2906383710440985 1.2482400000000000 0 0 0
9.3508757217223906 7.2779422106854925 6.1730665474513629 0.7476340000000000 0 0 0
1.7594142335435763 4.0883884963142760 9.8665739691784999 0.8515650000000000 0 0 0
4.9988225288268540 3.1612245196998021 5.1658884109352901 0.7744630000000000 0 0 0
7.2728651619336127 0.7728968213447587 4.9525073139202460 0.9659960000000000 0 0 0
9.4880789014140419 6.1809217627337700 6.6792450491803992 1.4285900000000000 0 0 0
4.4043575269909994 4.6262337966816558 9.6860239548025469 0.9979980000000001 0 0 0
4.5742893721936815 9.7205068657185656 6.0339194448101141 1.5068699999999999 0 0 0
5.9582999946945447 1.0075363642628437 0.7464565186911143 0.8665500000000000 0 0 0
4.4568420988589903 3.1267112043551206 1.9435055589925150 0.9200210000000000 0 0 0
1.2716154304726457 2.9562879065040284 3.7771179765939191 1.3537100000000000 0 0 0
2.9583418015593996 1.7981689206237406 9.5596322898283574 0.9326630000000000 0 0 0
6.2211052260240027 3.9142272727480245 1.9638947915000273 0.8735849999999999 0 0 0
3.4171412678223074 8.9141712221609772 4.9941266828309940 0.7379620000000000 0 0 0
8.8662344589036906 8.3297253696101023 4.1570710600225018 1.4740899999999999 0 0 0
7.9196835335027371 9.1655423024472800 3.9291573314475485 0.7553910000000000 0 0 0
9.6019857239513939 4.0175603554212538 9.3147949321879846 1.0034500000000000 0 0 0
4.3907991528470953 5.9239049740139702 6.1864674215343145 0.7683900000000000 0 0 0
4.6243860637152210 3.9023237006996419 3.7633573881103621 0.8763649999999999 0 0 0
2.3792730904400696 5.0163162873520042 9.6943790878960314 0.9979680000000000 0 0 0
5.3187663333920350 4.5840525181675282 8.0868388199156662 1.2166300000000001 0 0 0
7.0290552111869493 3.2507083900034326 0.3822077601691113 1.4479000000000000 0 0 0
4.8869822936128777 4.6494270456551776 0.6004212492092112 0.9951210000000000 0 0 0
8.1768708681768061 5.5923796548732820 1.1482468928596192 0.9652710000000000 0 0 0
6.6027184394360381 8.8915211560387331 5.6555112594966319 1.2635099999999999 0 0 0
7.3948222832062607 2.6967443733338698 8.1685555535394929 1.2517700000000000 0 0 0
4.0779883260808232 2.9883652926668365 8.5515781625091485 1.0399799999999999 0 0 0
0.5752992580704613 5.5327559284683527 5.7979421321458302 1.1928399999999999 0 0 0
1.0530852766556646 1.7820616237037183 3.2036863636637136 1.1566300000000000 0 0 0
9.9711958408880559 7.1162816778432409 0.9147089006630470 1.1912100000000001 -1 0 0
6.5083605709779428 4.5308692458138413 4.2632546170497827 0.7307870000000000 0 0 0
3.0849809739954872 2.5328316794330403 2.8236520160441354 0.8366690000000000 0 0 0
1.9264355670325737 7.5153563728847956 0.1195516124418873 0.9294430000000000 0 0 0
3.5175430352698847 1.5397844916717176 3.0838785183351622 1.3010500000000000 0 0 0
3.5153943899584008 5.1019841927176586 8.9028358094528990 1.4537500000000001 0 0 0
5.6720981941177078 0.8882546061420888 3.4559307445013516 0.7802950000000000 0 0 0
7.7950254742019256 8.3935314036720428 3.3647024442257605 1.0915999999999999 0 0 0
2.3647342934546605 7.6294313678889703 3.6348020214238925 0.7951750000000000 0 0 0
3.8540341185229963 8.9332600166160567 0.2652120732980350 1.5044599999999999 0 0 0
8.1265186261509257 3.0846066950827304 7.1995187767783069 1.0190999999999999 0 0 0
6.1620020808638287 9.6978153724150093 2.6172189476283947 0.7445150000000000 0 0 0
1.6508418334780306 4.9760901824820358 7.1281714495150048 0.8170450000000000 0 0 0
7.5748431557919949 6.2584451384615489 3.4936418131561950 1.2004699999999999 0 0 0
9.9636984119215413 8.1030016958957667 0.0659442996225492 1.2022800000000000 0 0 0
0.8647858732651797 2.9951405194572156 6.8767390784561995 1.3354200000000001 0 0 0
9.1984323439137619 5.0246043595721623 7.3382665978602972 1.1307799999999999 0 0 0
3.2500467339690107 9.2591159885347487 5.9251135432478161 1.1811600000000000 0 0 0
0.5356101390381353 0.0356701111613140 0.6280771191287724 1.2647699999999999 0 0 0
7.4094589962062649 9.9590112034937519 2.1646434600015074 0.8184180000000000 0 0 0
3.9646895552405659 6.0569716207394650 1.6340404939484596 0.7657800000000000 0 0 0
7.2369848327538229 2.1960214193228471 0.7795759963329515 0.7579380000000000 0 0 0
2.4720647135138281 4.8465145670600389 2.6983115619684774 1.2828500000000000 0 0 0
6.6788051021475647 0.1258885728707570 0.4258718308465248 1.2068600000000000 0 0 0
2.6850753599772892 1.8376992938294605 2.3755352107297201 0.8743550000000000 0 0 0
6.0591831579203701 5.6398675375774197 4.3830752293919373 1.0185100000000000 0 0 0
6.1137476284261139 8.8762235193754186 0.3869119134822949 1.4321200000000001 0 0 0
3.0954998340090878 6.3166602353833685 4.3168993448517208 0.8205380000000000 0 0 0
1.8586736669136212 5.9080329388752562 7.5611325713854960 1.1746300000000001 0 0 0
4.3518318795546307 9.5416466091093408 1.1598607771226335 0.7730760000000000 0 0 0
8.4620613096499433 0.3774274391071247 7.5734022682171123 0.8574340000000000 0 0 0
1.6577716144203591 2.4119668178296911 8.4379045087762172 0.7999020000000000 0 0 0
1.8876515684028772 8.7268789517654888 8.8671546496758786 0.9067140000000000 0 0 0
0.9629587364144184 6.2953589021138034 4.9029629519640947 0.8966080000000000 0 0 0
2.3704167730812764 4.5084012206569373 0.6325562108777688 1.0412399999999999 0 0 0
8.8306912995676949 9.0380327784959196 1.7621999243721873 0.9320330000000000 0 0 0
6.5702810567833430 2.5020669102421400 9.6518715400058674 0.7462340000000000 0 0 0
6.7793481755276828 9.3131392728089324 6.7224979060402781 0.7897990000000000 0 0 0
0.4872047795957595 0.3011498145795246 1.6639750714078978 0.7738480000000000 0 0 0
3.9345538662637867 0.1283143774880932 8.3653492938280269 0.8161060000000000 0 0 0
4.9975961002875779 9.4563648115556020 0.5324768504065449 0.9710440000000000 0 0 0
3.3650121173217178 0.5639596005287795 3.6404629784551914 0.7603780000000000 0 0 0
1.6478127603152193 1.0649847147426463 3.5429362344935535 0.7578980000000000 0 0 0
4.2098128547929186 1.4188070626040432 0.4183062397645132 0.8189050000000000 0 0 0
7.9185838378979581 1.7755812678407912 1.1511284265525648 0.9359210000000000 0 0 0
8.7574898152916703 9.6840709116237775 2.3608124763350884 0.7504130000000000 0 0 0
8.5447784526252875 0.9568026217047721 3.8037032425935315 0.9330680000000000 0 0 0
0.3628718225866676 3.1663829905119583 9.0493502798788050 1.2487299999999999 0 0 0
0.0501001582251221 4.5808856916036396 3.7676413768841743 0.7879850000000000 1 0 0
7.1163884311725152 7.6191229425375981 6.3936794847156655 1.0312300000000001 0 0 0
5.9051342064206178 1.5749711191558482 8.3325635798402047 0.7403650000000001 0 0 0
0.4810172081479892 5.1584638999584866 8.3581208327756524 0.7543110000000000 0 0 0
4.7876561820669670 8.3055807093734710 4.4665107257429666 0.7496760000000000 0 0 0
5.7976788585292649 1.4679103765855903 5.7671826989782877 0.8214420000000000 0 0 0
8.1443917131440369 3.8331648537804557 5.7064005732993781 1.2822100000000001 0 0 0
9.5204329538573056 7.1356442695660096 7.3612003347560631 0.8277840000000000 0 0 0
7.5818553327071490 6.0477741234220437 0.0610335115585709 1.5639500000000000 0 0 0
6.1284471438308730 7.8866407013116451 2.1758305061511631 1.1482399999999999 0 0 0
1.7419353903185988 9.3583018414021737 3.8903663679079519 0.8779310000000000 0 0 0
7.9990337295677598 0.1708397246053046 5.2951580347175309 0.7881610000000000 0 0 0
1.5010974236504546 7.5023083378915505 8.5191930038091055 1.1994199999999999 0 0 0
0.4141162091427810 9.5079036015570235 5.1291448395904755 1.1745399999999999 0 0 0
8.7543603740938707 2.9925809562216283 3.9807938120981361 1.2089000000000001 0 0 0
0.5128716131684492 9.4249253478054094 8.5848595584411118 0.9591850000000000 0 0 0
6.9166557149559873 8.3863872801453869 4.8007476562957949 0.7349070000000000 0 0 0
5.7904353040929877 0.8210715990005760 7.9480316050713444 0.8882409999999999 0 0 0
5.0235539880530879 8.7980733643962701 8.9102323912783135 0.7361340000000000 0 0 0
0.9526616412479344 7.5770512885499350 5.1035880317896822 1.4932700000000001 0 0 0
4.5768234176396208 4.0157638720441620 5.5515178277645916 0.8166700000000000 0 0 0
3.3985741378383310 9.8951805501440511 6.8216206871781013 0.9383260000000000 0 0 0
4.0225466279433943 6.2566274528628760 9.5498455827462685 1.2773600000000001 0 0 0
9.2078226842681055 5.0880140039943678 2.5384145240805140 1.2270900000000000 0 0 0
3.5438772454133893 5.9634419766126090 6.2266898453739046 0.8030600000000000 0 0 0
6.8476008256778176 6.2648579052261271 4.3817401541762928 0.9199700000000000 0 0 0
2.3865523566066602 6.5690877701765693 8.2989729836849531 0.7647520000000000 0 0 0
1.1715982712917217 9.5703789883493311 1.8062884315098693 0.9095240000000000 0 0 0
0.1823238584083107 8.7634678204622549 9.1613089901546410 0.8447100000000000 0 0 0
4.2417151943178224 1.8529475894965182 9.2544569965269687 1.5484400000000000 0 0 0
5.2724978762590364 3.4592648245213646 4.4071881891578411 0.7903420000000000 0 0 0
3.5089641416746455 3.3456236925055154 1.3898312810066056 1.2290600000000000 0 0 0
6.0112665895085673 3.7689032031150060 8.2883487590416181 0.8317250000000000 0 0 0
3.2339135270663104 8.0981778536829836 3.1525084580610159 1.3284899999999999 0 0 0
1.0855367020047593 2.0692468981702046 0.3481976620083218 0.9620649999999999 0 0 0
4.6147827944500328 2.1334621788434784 0.3554591371531676 0.7609100000000000 0 0 0
7.1968877985830435 9.2885617172805475 0.7553753598684866 0.7948350000000000 0 0 0
0.4556408175658768 4.3194513325111439 8.7648234217424434 1.0385800000000001 0 0 0
6.2220788398189448 5.0660722565921033 7.7806836052028920 0.8350570000000000 0 0 0
7.8971359206179468 2.1278899176666033 2.0337578278249393 0.8963520000000000 0 0 0
0.0430086188667377 6.0855063311170401 0.7678011116797129 0.7825730000000000 0 0 0
2.4728445509869159 6.2625525977642136 1.3656165803468612 0.9646300000000000 0 0 0
4.8749783061412657 6.6155168591003441 8.7958275468923741 0.9691930000000000 0 0 0
4.7534422512529533 0.6059178430615958 8.0430690122660717 1.0396700000000001 0 0 0
6.3781090645799612 0.4670486131979592 1.7670405915755454 1.4993300000000001 0 0 0
1.9421777776911040 8.6764715033108839 1.6102666020305254 1.2932500000000000 0 0 0
3.6869474665370210 3.8984747234015584 8.7727552833348561 0.9086900000000000 0 0 0
8.5898140026323730 1.5747899509154555 1.7569006469539368 0.8509679999999999 0 0 0
2.2877647349626229 3.4375741173298895 0.4765186285997037 0.9591100000000000 0 0 0
5.9027934378593292 6.2653305657427705 8.8823727174484226 1.1237800000000000 0 0 0
3.9666889532528513 1.6658967826750664 4.9651533926946847 1.2933300000000001 0 0 0
3.9141962896570606 8.9178469622017467 3.6714091062240293 0.7837740000000000 0 0 0
6.8191641194064241 5.6815899025644763 9.0253125204618740 0.9717570000000000 0 0 0
9.6166250263460302 3.7665039696089830 7.0087327058872786 1.5081300000000000 0 0 0
4.0623543988832118 0.9374624934917122 6.9574997573887529 1.1560500000000000 0 0 0
8.1989247450638025 9.7956395023282656 8.4602143194054520 0.9463200000000001 0 0 0
0.4589358632822713 2.7855993635589646 0.8948977779748175 1.0005100000000000 0 0 0
5.9765471890312734 7.5078631490375320 6.9061343599836329 1.1200600000000001 0 0 0
7.7725075193369451 4.1306547226135129 2.5303257479904491 1.0215399999999999 0 0 0
7.9426025339834911 1.0911937575202717 4.4487976894600765 0.7433710000000000 0 0 0
1.1393704615764371 6.9158350445201613 7.6215874952613607 0.9784990000000000 0 0 0
8.7463588955497489 3.1052533141469909 6.4160242461459838 0.8848710000000000 0 0 0
5.0735731996777895 4.5890644354845342 2.9624405256767430 1.3278500000000000 0 0 0
1.2854808188299356 6.4115040478435423 2.8629574580843857 0.8097910000000000 0 0 0
9.9061799550395246 3.1534870038897198 2.1319249032435201 1.5501100000000001 0 0 0
0.0304866893774328 1.5322724561248964 7.0616530727817812 0.8854400000000000 0 0 0
5.1988492686048664 5.6948813998449976 3.6350851953555283 1.1810400000000001 0 0 0
1.9932442677466091 6.9595198884154890 6.7302281565928119 1.3990800000000001 0 0 0
0.1804040564722645 5.9463558490170083 8.6374045867277935 0.9095060000000000 0 0 0
8.1694748971633295 4.9769869928361619 8.1640103131000306 1.2879300000000000 0 0 0
7.6136139731027592 1.0321935269744351 7.1369538306105529 1.3649199999999999 0 0 0
0.0867832316583185 4.3175368950266400 2.8115443306435322 1.0666899999999999 0 0 0
8.2233813533861646 7.9827235491489432 7.9638420316611374 0.8763950000000000 0 0 0
2.1915963106299730 0.8886562409855804 4.1496931836299025 0.8488910000000000 0 0 0
5.6443124355639620 9.5218543999318150 8.2053000691095814 1.5363199999999999 0 0 0
9.8302691879988817 1.6095555095405365 5.2174189650798954 1.3216399999999999 0 0 0
1.8103014816887812 3.9651886250662218 2.0981471785324235 1.1394200000000001 0 0 0
9.2303924412905811 7.2623644049638409 9.9375769815186832 0.9646070000000000 0 0 -1
0.3912803538538548 3.3438038459873747 4.3203142012712545 0.7748980000000000 0 0 0
9.3634241674721945 9.1413631641145336 2.4993219760035701 0.7559260000000000 0 0 0
9.2973470293737748 4.2454413547438659 0.5084644100836624 1.4159700000000000 0 0 0
6.8002451032535234 6.8059438763992688 6.8358096311408447 0.7837170000000000 0 0 0
0.8157588502751048 9.1526417903053296 7.7277972311273047 0.8663610000000000 0 0 0
2.0918926600241190 0.4807994122663866 7.3109742425515334 0.7796070000000000 0 0 0
4.0394630170339996 6.1323567985136478 3.8571825020601178 1.2351600000000000 0 0 0
6.4883315884342201 1.3523779665129274 7.0420548275821515 0.9028790000000000 0 0 0
9.4001109284370745 6.6650710582652373 4.5907817248008662 0.7431120000000000 0 0 0
4.8697205722249857 5.8491117450002328 5.0481105217513713 1.6200900000000000 0 0 0
8.1241341155962612 1.1477506717298771 5.8250597912767903 1.3594900000000001 0 0 0
3.6853873836100135 2.8756489682841977 2.3150372572920288 0.7646990000000000 0 0 0
9.9993058049478396 5.4216018298419888 0.1866284033680669 0.9228360000000000 0 0 0
1.9817688767095698 1.3512605411443019 6.9774185881211874 1.0171300000000001 0 0 0
4.4752155643911911 4.6467653047411321 4.9795722398464015 0.8239760000000000 0 0 0
4.5337965901944344 9.3105890057440863 9.3199895786148286 0.8409880000000000 0 0 0
8.7183652208291829 9.2193710751637941 5.9276389318602076 0.8377720000000000 0 0 0
0.2148925938335076 1.8209952113447707 3.8923962759725055 0.8727370000000000 0 0 0
9.6851873670284920 2.4106063889161962 6.4183880179777955 1.2985300000000000 0 0 0
7.0222869640382903 2.9008774360942513 5.3180594488939521 1.6114900000000001 0 0 0
0.1520362211049978 0.9786400245437666 9.1980319594663644 0.7495420000000000 0 0 0
1.5924196738299794 4.6788362040159344 5.2376066513557538 1.5263500000000001 0 0 0
7.5607583271149661 9.8786749228278055 7.1961047172655483 0.7836740000000000 0 0 0
3.6954932857126557 4.1581998866675036 5.2529144866460751 0.9933880000000000 0 0 0
5.6715658038418102 2.6597536349677990 2.9591104799538877 0.9134830000000000 0 0 0
2.5566687551173568 5.0670243025705410 6.9608769634822938 0.9484540000000000 0 0 0
5.8040708636712051 5.7120500866076442 2.4226660838548346 1.4202900000000001 0 0 0
3.9126030428712384 1.2855982760674707 8.0420377622159549 1.0474000000000001 0 0 0
7.0234048078642255 7.7648364451667913 7.7405359873701407 1.5009300000000001 0 0 0
4.9443317840396404 2.9031730899995396 3.6877068509014692 0.9666940000000001 0 0 0
0.2558915181567313 8.5333783115798401 4.3118400029491406 1.2563299999999999 0 0 0
6.7188259747816783 8.9816006710924459 9.3865770059936260 0.8271280000000000 0 0 0
7.9173236723020208 4.7757083106295006 6.1496934715867821 0.7424300000000000 0 0 0
8.1708805854407647 9.5881384438517170 7.6106993577160855 0.7325720000000000 0 0 0
2.2795874408899146 2.6947849298109952 4.5781452229259871 1.1818299999999999 0 0 0
2.6873271112660944 9.9404445972177431 7.3689928444592896 0.7650280000000000 0 0 0
6.5150505766453906 3.5845503670406917 7.2976811944569322 0.8516750000000000 0 0 0
1.9677023542199983 4.7372589033278762 3.8744046419491722 1.1963299999999999 0 0 0
8.4726048572071360 1.2923531552255147 9.4589167145495630 0.8068140000000000 0 0 0
5.2257303435916986 9.4848795772401697 7.0530376319770527 0.8186310000000000 0 0 0
9.4063756049303962 8.9771376242395640 9.6812817384118599 0.9293590000000000 0 0 0
6.7958634715120896 1.2534523538904294 2.5554860106557573 0.7934920000000000 0 0 0
6.1061817024253662 2.2686727776140811 6.0071417261652247 0.8110880000000000 0 0 0
7.7148842595733829 9.3452745774387136 9.0575099595023101 0.7317020000000000 0 0 0
4.0062038397013700 7.8518857696216644 0.9324617696820072 0.9333010000000000 0 0 0
6.4775263811830950 7.8844230126809745 9.2134764885250444 1.3627100000000001 0 0 0
1.6906143123300470 5.8055702032540442 9.8936079092363194 1.0310800000000000 0 0 0
4.9699467649034652 2.8282198843037651 9.2193515105173240 0.7828110000000000 0 0 0
4.2369890643819064 7.6603393508099566 2.8001025468869694 0.7365000000000000 0 0 0
0.8537895528607634 7.6450057703415082 1.4311873319166217 1.0329100000000000 0 0 0
0.4181654087807787 1.0330214053315370 3.5252144612544134 0.7439450000000000 0 0 0
8.3733800975562733 2.3095097404980489 8.8313041499790970 0.7760550000000001 0 0 0
4.4146479848847440 9.5154841416354188 3.2853375991280407 0.8286950000000000 0 0 0
6.9062409782951857 5.1175230008856580 8.3032129420659615 0.7396350000000000 0 0 0
8.4199743179836410 9.4392734253857959 4.7852527358388937 1.1137900000000001 0 0 0
0.1681984696136705 0.6022773076368981 4.4281661947321664 1.2314499999999999 0 0 0
7.8859907192564043 2.8918239873751652 6.2637669085481065 0.8514300000000000 0 0 0
0.2340972005388074 5.0146234146298800 6.8318443070424566 1.0966199999999999 0 0 0
2.8610730495553263 7.4182537521593179 8.5682034357218200 1.1099300000000001 0 0 0
7.0243728808347008 1.2317654769272093 0.8023172170211575 1.1465399999999999 0 0 0
2.7217654897953483 6.4590343696311194 5.5555253604769392 1.4262999999999999 0 0 0
4.3818286451957773 0.4873306571131891 4.9364569973038313 1.0617799999999999 0 0 0
5.4762889352165987 0.4858515088796684 5.8687797970021522 0.7953820000000000 0 0 0
7.9873764325971850 7.1227291555535839 8.1345559557006677 0.8600139999999999 0 0 0
8.4936595254315765 1.5343059471634202 8.6184187949028068 0.7754820000000000 0 0 0
4.2504484305990351 8.1619399313022623 9.2085412596468306 1.0226200000000001 0 0 0
4.6027611952543470 7.2597972075980453 9.4323854431227865 0.7876710000000000 0 0 0
7.6237529022235213 5.9271038301579688 8.4893679001132547 0.9135890000000000 0 0 0
6.6565567683312095 0.4965787701663054 8.5004237420158759 1.1804500000000000 0 0 0
1.1552589007515557 4.8278683568961576 6.4115683507148411 0.8867920000000000 0 0 0
1.7544257467653244 2.2484216533769663 6.7338270284363695 0.8294010000000001 0 0 0
5.4953367205782717 3.6743319251817024 3.5723061010925714 0.8778870000000000 0 0 0
6.4183449196163886 0.4389241197046558 4.1656249302408597 1.3419099999999999 0 0 0
2.2033260042209490 2.6746854653639431 8.9887001652492611 0.7684360000000000 0 0 0
5.6675143084984843 1.6442206491753737 7.4209303972076199 0.8968320000000000 0 0 0
5.3290160211184370 9.4923797830502128 9.6292305801322762 0.8373540000000000 0 0 0
9.7075097681574558 8.9575217408079144 3.3265498900538746 0.9375420000000000 0 0 0
8.2225660720157592 9.9776297617796796 1.5649546532593803 1.1166199999999999 0 0 0
6.2458327291114113 4.1403078132904207 3.4306355344952997 0.8497100000000000 0 0 0
8.0412713077814377 2.4543118285264280 3.0790524193028950 1.2348200000000000 0 0 0
0.6875736959140395 8.5853900945296662 3.3719934629131085 0.7303480000000000 0 0 0
0.9070676824924953 5.2234870842131382 7.5654645677418593 0.8369840000000000 0 0 0
0.8163165036430154 0.3560300650238051 8.7689465265174622 0.8958630000000000 0 0 0
2.6431393430711849 7.9344351621968707 2.1264643577704487 0.9123500000000000 0 0 0
9.1702561327301009 5.5768729018172785 4.6642804165960792 0.8721970000000000 0 0 0
2.8295906516567153 0.7788641872836539 6.9417329384958695 0.9103230000000000 0 0 0
0.8209536666939486 5.7046498788325692 0.6953685829444550 0.8822610000000000 0 0 0
8.8620403715627933 7.5001120025008223 8.8858772347035693 1.2246900000000001 0 0 0
5.5481543829678746 0.2765993803697878 0.1888844519317439 1.0423700000000000 0 0 0
8.9481173451746869 7.6608336175273566 5.4029891097738023 1.0830400000000000 0 0 0
6.9108987274351232 2.4973567317685026 6.8616352370342790 1.4681900000000001 0 0 0
0.4059229868494730 4.7787558932800982 1.0202426399001867 1.1417500000000000 0 0 0
5.8956048854854615 4.8554139618100765 0.6632356202351989 0.9825390000000001 0 0 0
6.2885545210748965 3.7744243822009733 4.4335373684203825 0.8221650000000000 0 0 0
0.8964620041781320 1.8413276683088904 6.0846198996285326 1.3667400000000001 0 0 0
2.8219511733499658 1.5395568611464132 1.3435585717981686 0.8504490000000000 0 0 0
4.6461460227313003 4.0172024253805363 2.0994703769571008 0.7875060000000000 0 0 0
8.5661521638276703 2.3591724148403515 1.4562480938133333 0.7511660000000000 0 0 0
1.9816552474242750 3.7920369487356083 3.1958659682696910 1.0113000000000001 0 0 0
5.9387037175202186 5.1715520482240223 5.2110757271043617 0.8165640000000000 0 0 0
5.9507702703125558 3.0899538978522347 9.8948894015052176 0.7644490000000000 0 0 0
5.1332457052285996 3.2546019712859988 6.0726476536448120 0.9776430000000000 0 0 0
5.9510649905957704 9.8295756336495081 3.3771364729652165 0.7778220000000000 0 0 0
5.6162099960610989 2.4406045009977162 6.8074188819274415 1.0297499999999999 0 0 0
1.8868065428166318 0.8909144170041231 5.8347161050363079 1.3264800000000001 0 0 0
5.7603454386901696 8.3706948310078424 8.5305291693864991 0.7504040000000000 0 0 0
2.0395194474768776 2.2861376291084432 9.8710563407017862 1.1093400000000000 0 0 0
1.7352151729131220 6.7079762833330312 5.0342541166213008 0.7614060000000000 0 0 0
7.1830645576387067 3.7781683155853587 6.5128446845167725 1.1435299999999999 0 0 0
6.6340466309195314 3.8406714016117327 2.7313984704783190 0.7795510000000000 0 0 0
1.4801987187053813 0.9233158250051862 8.1031758056731871 1.1866500000000000 0 0 0
0.3070035876528016 6.0595217333775668 9.5625786941349240 0.8524670000000000 0 0 0
1.9462932525331367 7.3607837735114980 5.6883408286292667 0.7571900000000000 0 0 0
6.8998123705382817 8.5002079853891708 2.5225333715739309 0.8317420000000000 0 0 0
5.2244822835995750 2.6588730467355859 0.0497768167883398 0.8309560000000000 0 0 1
4.9712530570395650 8.4474600008646519 0.7982947157192909 1.0449500000000000 0 0 0
3.7794001012809448 2.6630661179098638 7.6890861864359872 0.7761620000000000 0 0 0
2.4144272530297282 9.9633912041108506 5.5518637087059766 0.7995970000000000 0 -1 0
9.5012888011395376 9.5494888582198278 4.2953161364564458 1.1884100000000000 0 0 0
2.9345077971363676 3.6263187476777534 2.5106704060805414 1.2630500000000000 0 0 0
5.3751072916832401 0.1583366597781371 5.0510134229468786 0.8930150000000000 0 0 0
3.4490820812939047 8.0616731392221403 4.5751571857431941 1.0973100000000000 0 0 0
6.4788811489379361 5.0820696228038464 5.8796119179936772 0.7308630000000000 0 0 0
2.4571062283676062 9.2427441301055158 8.1555642518739688 0.9475040000000000 0 0 0
6.5553533081089777 3.1582753261351670 1.5247044468806132 0.9128740000000000 0 0 0
7.5792742931104833 2.5434824022436038 9.3851611488870077 1.1422300000000001 0 0 0
9.0528144184467134 4.9033039656857671 5.9873266102841312 1.4836499999999999 0 0 0
2.7706337228004503 4.1991696419664519 9.8570673095830585 0.7341470000000000 0 0 0
4.6171063793852030 2.2476799732845900 2.7750718604979920 1.2948500000000001 0 0 0
6.1533050933376900 3.3739864790251644 6.2751769880433024 1.0409500000000000 0 0 0
3.1817974165273299 8.5963847887897753 7.8200706925825170 0.7788490000000000 0 0 0
3.2660717406960336 7.4820891332593256 9.9172547404747657 1.5871100000000000 0 0 0
4.2217589382885770 9.1102792001014574 8.3054055388786914 1.2285800000000000 0 0 0
7.6059224123710250 7.2607773371454982 0.9768008903695060 1.3716800000000000 0 0 0
7.3043989795629214 4.3866799926554325 8.5370697781769902 0.8572790000000000 0 0 0
1.1520751663844182 9.0812326443722373 4.5344364480277264 0.8145750000000000 0 0 0
9.2789728855497309 0.2571587807403485 5.4892938662666486 1.5246800000000000 0 0 0
9.3112406584014824 1.0967440426523880 2.0916788925892420 0.8130450000000000 0 0 0
9.1490523268508710 0.5700862827047971 4.3324551816663952 0.7334090000000000 0 0 0
2.4875780806429142 0.4901193137241409 0.9436662100962981 1.2445299999999999 0 0 0
2.4758319387153147 2.7317345323212296 6.6952841073176774 0.8322000000000001 0 0 0
3.1121000343199232 3.8810857029526047 0.5255741916335737 0.8349190000000000 0 0 0
9.6456344800850982 6.0514244776069388 4.0334597471293199 0.9068079999999999 0 0 0
1.9007103963953031 2.7598427160745649 2.5450747157846938 1.3441300000000000 0 0 0
9.6176320945299434 6.3657871474011749 0.0408575550846256 0.8440280000000000 0 0 0
8.4493368189070122 7.1278673000121078 1.7797226284443401 0.8764630000000000 0 0 0
2.3565916528221744 0.2075969551418141 8.1013373517282261 0.8710260000000000 0 0 0
2.9357631263065156 1.5423546751009087 0.3998336551589505 0.7477160000000000 0 0 0
7.2927566387197844 8.6073415370634354 8.7166306761391787 0.9472170000000000 0 0 0
0.8171046426457170 2.6799700360459759 2.7920959562167713 0.8053420000000000 0 0 0
9.5156424552239152 9.9230070663112411 1.6919456430595643 1.2297700000000000 0 0 0
3.1436908722882708 2.4970228259785712 6.1525153678151776 0.8874400000000000 0 0 0
6.7707744725576289 6.2691968904534852 2.6397621463195220 0.7596510000000000 0 0 0
2.1468553205135295 7.2089437219253227 7.7974212714050744 0.7389740000000000 0 0 0
7.7509799208181125 6.1319899193518390 2.3938420560990004 0.7778360000000000 0 0 0
5.7515785548717906 3.7552965116714208 2.7617573292960227 0.7696539999999999 0 0 0
8.0366224859667046 3.4648655326691968 4.6915090038594585 0.8090320000000000 0 0 0
5.3234676327823447 4.2082625346936799 6.2041443174302042 0.9170250000000000 0 0 0
4.9451560435291952 5.6990610814447962 1.6639173061752071 0.7650540000000000 0 0 0
8.2753505823274427 4.2674874911611864 6.9940256841935584 1.2454400000000001 0 0 0
6.4121018525961757 6.6784292299489145 7.5656947908351508 0.8317980000000000 0 0 0
3.2688358204899295 3.3506901932864763 4.5236211152942172 1.1128899999999999 0 0 0
1.4952479843405810 0.1395705938551518 4.7275947130168730 1.3664499999999999 0 0 0
4.4639757427581417 4.3933184821616527 8.7168140528627784 0.8498370000000000 0 0 0
3.0325036908968972 4.2897871273957771 6.7272587362363483 0.7408720000000000 0 0 0
4.3378012683067455 8.3149854104016363 5.5035930699365831 1.4275100000000001 0 0 0
9.0418132529674722 5.2344727134255757 3.6902375692152902 1.0384899999999999 0 0 0
7.8373773362644021 4.5361756332259668 0.4078200350866105 1.4651000000000001 0 0 0
8.0815558059250900 5.3270223751245718 3.6885730668223133 0.8253819999999999 0 0 0
6.2168276979828949 0.7445119835631642 5.3233188464920831 1.0034099999999999 0 0 0
5.0010054735556295 2.4131135221797448 8.4894449445707867 0.7765140000000000 0 0 0
8.4863286506654667 8.5918435821229373 5.3895682438730317 0.8094620000000000 0 0 0
9.1276124815664073 2.0673149745720369 8.8699251448996748 0.7368300000000000 0 0 0
4.4804999724147176 3.7676082463935021 4.6908606266234578 0.9219280000000000 0 0 0
8.7653378653298226 6.4186421799027817 9.6448602031206132 0.9525400000000001 0 0 0
9.8915317351731264 6.7589659955677890 5.4924111618941236 1.2010600000000000 0 0 0
4.8439868294046677 4.6354128302744240 6.9763936832058420 0.9524410000000000 0 0 0
8.2605896619050689 3.4636918898182301 1.0043653441374498 1.0322199999999999 0 0 0
4.2734272296737688 5.3813277437474589 1.1044856838266741 0.9935680000000000 0 0 0
7.9472386174131042 0.4122045499244639 9.4372896115999119 0.7833810000000000 0 0 0
7.9913505507695923 4.1564781509503455 8.9298938120251830 0.7350630000000000 0 0 0
4.7386800435461094 2.9074758673809522 0.8660308188490186 1.0463100000000001 0 0 0
9.3883929406798821 8.3636224778151274 9.0563143606700844 0.7315920000000000 0 0 0
9.2879559936730196 1.5581794866234420 8.3012967140118512 0.7458370000000000 0 0 0
4.6778065301951957 1.0457672673890539 5.8566564490329940 1.0815100000000000 0 0 0
2.8162587638923853 5.9431225027867391 6.7066625175945402 0.8569700000000000 0 0 0
8.8520544997141055 0.7824063520563391 1.3949364675197446 0.8797960000000000 0 0 0
3.2637199538653943 1.4978714263209010 7.3267274791663262 0.8521090000000000 0 0 0
7.1612401560021510 5.2423183426876490 2.7289432583429996 1.3688499999999999 0 0 0
3.8638019762362932 7.0601054874118105 8.7533634672496206 0.9233330000000000 0 0 0
6.9349617327430417 4.6398278753579714 3.6229480725425458 0.7555890000000000 0 0 0
8.1026392521830388 2.5191150739157551 0.4765938703845810 1.0305299999999999 0 0 0
7.9886683253866266 4.9558043269063781 5.2054693236995133 1.0303599999999999 0 0 0
5.5138314115032738 7.8766971464771798 4.6320988586839213 0.8215920000000000 0 0 0
8.1041974886069656 0.2463674752153275 2.9278585806493505 1.1889200000000000 0 0 0
0.2505153523212272 2.4917589556649125 4.5630567768404378 0.9487020000000000 0 0 0
3.5012941293400597 5.0319466189220057 0.2990083507483755 1.2461400000000000 0 0 0
5.7848277280130933 1.5665935605505450 6.5789644377717362 0.7439560000000000 0 0 0
0.1288913206204668 8.6322857301296541 8.0810603635581497 0.9297150000000000 0 0 0
4.3815980701211013 2.8806982955339975 9.9473955296309935 0.8412700000000000 0 0 -1
9.1891672519133962 0.2303888260355585 0.4950687758831049 1.2367699999999999 0 0 0
1.4851932547872555 8.9837476406566523 2.8179167104947109 1.2535300000000000 0 0 0
3.7385377026267510 9.5707549125987015 9.1258288446654614 0.8135720000000000 0 0 0
8.8413614550889417 8.2229983613343069 7.4364978652769747 0.7450810000000000 0 0 0
0.1150959347468433 7.1024084600555453 9.9087208391827346 0.7690979999999999 0 0 0
0.5608306189324752 7.7378823264132155 7.8897302354103953 1.0245400000000000 0 0 0
6.2396239105542914 6.1470403566602023 5.6065662937821257 1.2937300000000000 0 0 0
1.3360840389649651 0.5968863630621317 1.3433524730410378 1.0617500000000000 0 0 0
4.2064831163265621 3.8789212063831227 7.7902363308995657 1.2144699999999999 0 0 0
5.8879041832348484 8.3843651671808530 7.5721868088897484 1.0080899999999999 0 0 0
0.1520721808611871 1.9302839924297159 9.0853068915634996 1.0989199999999999 0 0 0
5.5922921338433866 9.3289056376455139 5.4527058884886763 0.8806710000000000 0 0 0
4.1970650899736270 5.1099833561278132 7.7324237165757115 1.1616100000000000 0 0 0
5.3258338140211627 7.8244220589099038 3.3408624722936757 1.5843799999999999 0 0 0
7.6028701281570781 1.7612461023163315 4.9319581466386859 0.9570640000000000 0 0 0
2.2062030946328504 2.1221453732122839 1.6547975113899689 0.8495870000000000 0 0 0
3.4653412333920959 6.9872199457711286 2.9589636500548058 0.8680460000000000 0 0 0
4.2736447949177565 5.1967069758873521 2.1738250605700649 1.0995999999999999 0 0 0
3.4984227518443523 4.3524325494036313 1.1092574251971710 0.7898710000000000 0 0 0
9.9208738175271645 9.9764495249410441 9.4400288167341664 1.2915399999999999 0 0 0
5.3653762229819861 3.5819928745066090 7.2119743625066643 1.3511700000000000 0 0 0
0.2075915352359454 6.7726829729361695 4.2699645156901305 0.9097490000000000 0 0 0
1.4850928756571524 5.7041504826898768 4.3537166362220345 0.9516890000000000 0 0 0
3.3970877328141871 2.2388544430174568 6.9450870037430530 0.7688160000000001 0 0 0
7.1472940279064083 4.1348469684977411 9.4350596536078370 0.9648320000000000 0 0 0
5.2811827797980939 0.2667192218335544 2.6716308879765576 1.2683599999999999 0 0 0
5.5547565062901798 7.0780406325887331 2.3711083674871518 0.7479650000000000 0 0 0
4.4267498287854714 3.8659295780190903 6.4798436776504618 0.9903160000000000 0 0 0
7.2179372773707735 9.5809966455748121 4.7781057765603032 1.1955000000000000 0 0 0
6.3087022967454649 4.1888648302483986 5.4204281156841265 1.2274400000000001 0 0 0
1.1065638797089139 0.5106151319476070 2.6553374978478734 1.5164200000000001 0 0 0
5.3174678316272121 5.9594799277374264 7.6609167952889496 1.5560600000000000 0 0 0
2.0093139916834546 3.2905618538749661 9.6030857593719912 0.8313240000000000 0 0 0
8.8263505549355887 5.4217400011745021 0.1427432738315456 1.1222799999999999 0 0 0
5.3173513342935443 6.2938782285082171 6.1209231321077491 0.7659390000000000 0 0 0
4.6261242475433981 2.8769620840474066 7.7737142492868845 0.8106010000000000 0 0 0
4.5023613044652313 5.4829602869075371 0.1730572923322914 0.8487830000000000 0 0 0
6.4375488874877584 6.7469916925070068 9.7574999337096422 1.0519700000000001 0 0 0
2.3533019562436386 9.5802756895927281 9.1266973009287096 1.0138199999999999 0 0 0
0.1763551964560229 4.6204561126725281 7.7674120294756852 0.8560500000000000 0 0 0
1.9364578932534708 1.6204857988952102 8.9449830855815780 1.0942900000000000 0 0 0
3.4424281152536005 6.2655863167213797 0.7218562329993440 1.2387600000000001 0 0 0
2.1693048784593798 4.9263875127926626 7.8570167519711580 0.8821830000000001 0 0 0
8.4727765211370976 2.1264549521004663 9.6714323089819594 0.8412560000000000 0 0 0
8.0293104910631730 9.0002618580506120 1.1506600783209153 0.9651180000000000 0 0 0
8.2989068796629120 3.0521828680863812 8.5756300158814529 0.7455480000000000 0 0 0
5.2488323990748151 6.3632100829129588 9.9031066411389901 1.1969799999999999 0 0 0
7.1790502079696914 2.2312595608611860 4.1098444797884204 0.9810060000000000 0 0 0
9.7853309924755649 8.6633410085570119 1.7598997077108718 1.0491299999999999 0 0 0
5.6811272825291432 4.9329334884627931 7.1887849027565407 0.7352500000000000 0 0 0
8.4613111548370714 3.2100938320006969 2.1458925783563427 1.2163700000000000 0 0 0
4.1308309262710692 1.0077269075340389 4.0001021891180999 0.9659470000000000 0 0 0
9.6881872911136746 9.1286418658770447 0.7201739733048543 1.1349700000000000 0 0 0
6.3789836822504151 6.1424258398412901 3.4846767003046990 1.0489100000000000 0 0 0
5.9991900152504805 8.9808491484127764 4.2923081568706660 1.5880900000000000 0 0 0
2.6992701890598298 2.7925436029614379 7.4917964370360419 0.7683100000000000 0 0 0
5.2028151449515301 5.5224319902070178 0.8790283537014802 0.8644180000000000 0 0 0
8.0627751512127421 6.4092005872889750 1.5622139745848447 0.7434269999999999 0 0 0
0.1222914149645392 1.0889225298989165 6.3326384872440062 0.7340570000000000 0 0 0
5.3691293522714707 9.1688842397836243 3.0976935299258721 0.9833229999999999 0 0 0
8.8700176884501545 3.6177309778444369 4.8523135329337741 0.8499640000000001 0 0 0
0.3702209596050082 9.3595060104779879 1.4567377034944844 0.7990110000000000 0 0 0
4.6662430204503762 9.9734071604228376 8.7766998190316947 0.8195950000000000 0 0 0
5.0278446498678369 8.5987746628137298 9.7686732375197796 0.9648080000000000 0 0 0
3.0616151474791691 5.1048737032883613 3.7218013485508785 1.0530800000000000 0 0 0
7.9348998457119819 3.7622041688688328 8.0766881040571796 1.0629200000000001 0 0 0
8.0909904799000252 7.3171233720821132 3.7422351237540772 1.1116299999999999 0 0 0
9.1064955503149694 2.7914002938546587 2.9634526419719984 0.7696210000000000 0 0 0
9.9890575730775719 0.9465267034530623 0.0963422431294953 0.9734590000000000 0 0 0
6.0580975223094304 9.1867023991662151 7.1166388375671552 0.8026200000000000 0 0 0
5.4144219599657042 1.9869623671713585 3.5406840327212450 0.7675600000000000 0 0 0
6.4625189258050488 8.6757400912325142 8.4704301703209026 0.7312240000000000 0 0 0
4.1584782347658429 8.6847406953567887 1.5379389436606612 1.0682499999999999 0 0 0
2.4797418142337793 8.9005203643946356 6.9843036971744059 1.3992000000000000 0 0 0
2.2658623523654433 8.9166123206005903 5.0229072090431348 1.4798300000000000 0 0 0
9.2966755921745232 3.6610184652636559 3.1948554245155925 0.8907890000000001 0 0 0
3.0051951540291459 2.1379110782138939 8.3740889506281935 1.4332000000000000 0 0 0
4.4126094233437945 7.0265312860952269 0.2811175742354916 0.8937340000000000 0 0 0
2.5184369496366363 5.5152856285763461 4.6418815696866034 1.1413599999999999 0 0 0
7.2492158643296136 3.1671243356886052 2.3307610951444908 1.1304399999999999 0 0 0
9.3569860703365642 7.1383468468165416 3.6856120443777463 1.1582699999999999 0 0 0
6.2999907650979337 0.5334451073700828 3.0168943381098616 0.8358320000000000 0 0 0
2.9303179897833980 1.1886609443996243 3.8930279743044971 0.7407980000000000 0 0 0
1.7779199930606575 2.9674777763441491 6.3029003357377524 0.7480599999999999 0 0 0
6.6900245248919115 3.2396197786194900 9.0295254571788384 1.1277400000000000 0 0 0
4.5383696193741354 2.6971153721442533 6.7777864500678753 1.0927300000000000 0 0 0
5.8257009084966134 6.8375297256594676 4.3716277079689601 1.3341200000000000 0 0 0
0.9086483412269807 6.4684171591596398 1.1612607302077602 0.8254200000000000 0 0 0
4.9041466391215289 3.4084112087398992 2.7890104015548829 0.9984040000000000 0 0 0
2.4723163721389798 7.6490720867589124 0.8834993321574889 0.8017530000000000 0 0 0
4.8524834432432211 1.2552720054182238 3.3487343066692028 0.9581830000000000 0 0 0
6.1743724570941669 3.2934045030881536 3.2440023470852930 0.7349950000000000 0 0 0
1.1220740960467794 3.1392631101552193 5.3036451708654022 1.5836100000000000 0 0 0
3.6759166443412163 0.0425466017569144 0.9069850508454436 0.9230950000000000 0 1 0
0.1305948950979056 0.9580773630556871 2.1301084508853982 0.7738730000000000 0 0 0
2.4919848481275420 0.6932066747728864 3.0488123380630205 1.2559199999999999 0 0 0
1.3221596440712058 6.8080534641454040 3.9029575281089648 1.3391500000000001 0 0 0
0.2896249104469585 9.0591818657514587 9.9335658558382711 0.7588220000000000 0 0 0
1.6767166116805539 8.8957289710987855 7.8554768589875517 0.7895280000000000 0 0 0
4.3182938061977989 5.0151836828651959 3.8366781488083008 0.9652740000000000 0 0 0
3.6554828379680275 7.7013069276992043 2.0294921045136198 1.1009300000000000 0 0 0
3.8761260967827300 9.8354628095354784 4.1156158637004321 1.1782100000000000 0 0 0
4.4848749747131835 6.2069038171807991 0.6212466008624963 0.7818090000000000 0 0 0
4.2288789552101953 6.9264410139046255 1.3268443041351525 1.0544800000000001 0 0 0
8.9091751973218880 8.1799714381226174 9.7472669120218072 0.8760869999999999 0 0 0
8.5808599661155487 2.2449529885629644 7.9179545560453137 1.0362700000000000 0 0 0
8.1012252931864062 5.4179941620885632 2.0849172683766417 0.8513480000000000 0 0 0
6.1563266064823017 5.0977159925640700 3.4858212827029438 1.0078000000000000 0 0 0
9.9055553557639620 0.9211102690546967 1.1635349364274055 1.0723700000000000 0 0 0
9.6080361119302093 5.7628766943782690 5.3900948931209216 0.8002950000000000 0 0 0
0.6505887527946234 6.5279178518906491 0.2970900379649457 0.9115650000000000 0 0 0
1.7558197946562308 0.5340615966548923 9.1640766390070709 1.0601700000000001 0 0 0
2.5229736030769696 9.4538488142916002 1.1298905574712375 0.7860420000000000 0 0 0
3.8577005841958574 9.5696791056392900 5.0982330922899672 0.7851910000000000 0 0 0
5.7887299990422747 2.8787746489336228 5.5752922887208980 0.7515660000000000 0 0 0
8.9071548637171798 8.0131684913726495 2.5973521130136432 1.6003900000000000 0 0 0
9.0907377715473725 0.0879847597482299 8.6335812722071914 0.7307090000000001 0 0 0
3.4346768539983490 8.6353383670346293 2.2209118361042108 0.7785460000000000 0 0 0
5.0883329199413563 3.4293944927425262 8.4513620616919205 1.0844100000000001 0 0 0
6.5662127652799285 8.4268694530155095 6.7420933855457745 0.9703990000000000 0 0 0
5.0956529180274925 1.8315079868944948 1.0138869573139848 0.8155450000000000 0 0 0
2.3482025394344652 1.0685166561752442 9.9077417945088957 0.9829320000000000 0 0 0
9.8187883449564666 1.8030212892099367 2.8071220754360371 1.3458900000000000 0 0 0
1.5846890683409263 8.2320508453655723 6.1789552984632383 1.2230900000000000 0 0 0
4.9278094320792407 7.8100200329962677 7.3112457756132532 1.0534300000000001 0 0 0
8.3348816538983073 0.0450774003677242 6.5386567839330647 1.2044100000000000 0 0 0
7.0923041021830038 0.4952097455975775 2.7240332498719444 0.7981020000000000 0 0 0
5.6798196893707109 7.3282969304430825 8.1898601212939131 1.3626100000000001 0 0 0
8.6744656418830051 9.2447446283355621 3.2112255210718574 1.0951299999999999 0 0 0
3.1707057898710387 9.6608754738031539 8.5140291409595896 0.7804770000000000 0 0 0
6.4095834738354434 1.3802523783771945 8.8791072413404653 0.7310010000000000 0 0 0
7.9822980750584316 9.8604725096717267 0.3916154868072015 1.2049900000000000 0 0 0
7.6595245459499068 7.6737299512546926 8.8759215415437289 1.0145700000000000 0 0 0
8.4468047630240086 4.1729906209485863 4.0853142957901625 1.1507600000000000 0 0 0
9.4604711071861178 6.8444229758044433 2.5482355826022975 0.8854300000000001 0 0 0
1.5869527039670557 6.5967444861459530 1.9106922399354755 1.1378699999999999 0 0 0
2.5355495621246811 2.0144837865974901 7.3325896328454050 0.7487850000000000 0 0 0
7.4348725679832555 1.3203346924460291 9.1103000103874443 1.2944400000000000 0 0 0
5.9446001223767677 5.5090431050190594 1.2936041683018806 0.7727480000000000 0 0 0
2.6467470875986399 9.9361460093471088 4.0925806179542192 1.1901600000000001 0 0 0
0.8093435963288000 5.4915740563280160 9.8834080897447620 0.7369289999999999 0 0 0
8.7654386714744081 3.8759818655073643 8.6618605094209435 0.8685110000000000 0 0 0
9.2745256288959101 1.4756377011930244 9.3925786719319380 0.7668570000000000 0 0 0
7.5030340389538326 8.2156229003773760 5.6695991616302424 0.8965300000000000 0 0 0
4.2273354310328797 7.2603982591358092 3.4868427427696216 0.7691000000000000 0 0 0
2.8934730447864943 5.9334165432764330 9.6635519243736816 0.9985250000000000 0 0 0
5.9295963286157658 2.1685226842101271 5.1631293768969204 0.8369270000000000 0 0 0
9.9061481039904926 2.7864033568807631 5.3823669528834772 0.8521180000000000 0 0 0
5.6991714624710141 4.2168018396700271 9.4434432209419672 1.5932200000000001 0 0 0
1.8575450693605278 5.6613001969714238 6.2921074548944080 1.2226600000000001 0 0 0
1.2203137954140053 8.8761306715124615 6.9500292618328814 0.7754400000000000 0 0 0
6.4573690316946024 4.9140117348457411 1.7549758839730685 0.9530560000000000 0 0 0
2.2403640582048943 5.6319027948727891 8.7198440626092157 1.2356400000000001 0 0 0
3.6530152084911767 5.1865524520926067 4.6877835330296040 1.1383799999999999 0 0 0
3.9524103422415147 8.6141596255379085 6.9330384434683836 1.4907900000000001 0 0 0
6.1834684883263700 4.5822695030658034 2.6196213898105754 0.9048550000000000 0 0 0
6.0243666392110100 2.6359961514361312 8.0450978901003722 1.3866900000000000 0 0 0
3.5677940863577007 4.1189897173892431 6.2000363828518070 0.7378580000000000 0 0 0
1.9558313118189472 1.8285859847866182 7.8919603013774990 0.8302090000000000 0 0 0
3.5345903000323422 4.2949808209079263 1.9554813629198751 0.7775050000000000 0 0 0
9.2925330860222317 6.0759274325232671 3.1160496718001136 0.9865460000000000 0 0 0
0.6124127333273303 1.5255845154082188 9.8309211958220271 0.7486840000000000 0 0 0
8.2276027800079099 1.9363827296372995 4.1305052672907845 1.0345400000000000 0 0 0
8.4579628892880923 0.4250721223475394 4.6531875519823593 0.7527509999999999 0 0 0
0.9138255304344303 7.0452915339643578 9.4143530743465931 1.0408900000000001 0 0 0
0.8305225965749229 6.0616538120347032 6.8974648647059444 1.2052600000000000 0 0 0
9.8924750476715175 2.4812559878386420 7.8661565954412493 1.5231200000000000 0 0 0
6.4878571621744605 4.2506405951360167 0.3712305858657657 0.7374750000000000 0 0 0
3.5679607492342629 4.2195204113647931 9.6485651659033671 0.7637450000000000 0 0 0
1.5343782750905721 8.0121848410412611 7.3934402837568554 1.1443300000000001 0 0 0
6.2412598916768749 5.8538425492561794 0.4032323290078647 1.1102000000000001 0 0 0
8.4297511181145790 5.5944612461418615 9.1547257591209821 0.9599200000000000 0 0 0
6.7008017552097128 8.1407609517439798 3.4338053737920902 1.0793900000000001 0 0 0
6.0275157295977060 5.2385881371509750 8.6502330938446743 0.9122240000000000 0 0 0
7.5849495564507645 5.0336514317136798 9.1881070015372277 0.9918190000000000 0 0 0
6.7431253894043239 4.9983321698880276 9.8688516318050858 1.0553200000000000 0 0 0
6.8829473235057064 3.6904747305222849 8.1162679764973156 0.8727720000000000 0 0 0
5.0076122556327203 1.6804496265647368 1.9577295025519665 0.7389230000000000 0 0 0
4.8265882495444421 7.5131140328582147 0.8735157012280254 0.7715919999999999 0 0 0
5.7209953806085352 3.6744610446501054 0.8831868517992384 1.3507300000000000 0 0 0
6.2507258306388875 4.4577793495522497 6.5886502175929298 1.0806300000000000 0 0 0
2.1510772048976552 9.7000842873131194 3.2211737818074502 0.7678880000000000 0 0 0
8.5865690574509603 1.3751925785386512 2.7914782358791470 1.1618500000000000 0 0 0
0.2584038211865820 2.5192983684952930 9.9487544438192952 0.8884300000000001 0 0 -1
9.7885009493829944 8.0714432184402725 3.4753067929869013 0.7928990000000000 0 0 0
9.4641865711760556 9.4180548362552106 6.3246493022042163 0.7840700000000000 0 0 0
9.9753222903396939 7.4869233780519187 2.9225679776816778 0.7792690000000000 0 0 0
3.1098496390760428 0.4846763499607005 0.0660371948898910 0.8108710000000000 0 0 0
9.7096704116355266 8.0140634370856443 7.4318882911692130 0.9091399999999999 0 0 0
0.9713447956337534 3.6297875506714887 2.7928355454324398 1.0187700000000000 0 0 0
5.3445424521464169 4.6748835790774050 1.6690342973283792 1.2094199999999999 0 0 0
7.5901761813033186 3.8707481189964641 1.5991204029794037 0.8693570000000000 0 0 0
9.2195108535823813 8.3621993455104988 6.4488695984876623 1.3140000000000001 0 0 0
9.5427177041770701 4.9075866330171563 9.5965511142531117 0.7756030000000000 0 0 0
7.3359042278185767 5.5088007478647478 5.8657078270896745 1.0267700000000000 0 0 0
6.4128431923837486 7.0487917537258094 6.1788934496490260 0.7379340000000000 0 0 0
9.3396831488308401 3.5641745407914103 5.7229056028009966 1.0627500000000001 0 0 0
2.9529496854967738 7.8991461476562739 5.9715045400486568 1.5002200000000001 0 0 0
5.8161603562837758 7.9652542213600466 1.1395129702438251 0.8991050000000000 0 0 0
8.6541264740506580 1.0179940279555058 6.7790877536949230 0.7574030000000000 0 0 0
1.4403099612528272 1.3566708937520551 9.8007230876233660 0.8667370000000000 0 0 0
6.0441899547700952 2.6844800700230680 4.1400859226394049 1.3693200000000001 0 0 0
0.5768575007812324 5.9329388634811240 4.0782254334325758 0.9000780000000000 0 0 0
6.4008794611343607 7.7790865313643831 4.2919173070900420 0.7507360000000000 0 0 0
0.6281986294376906 0.6330892194474128 5.5981018205796653 1.1895700000000000 0 0 0
9.0129480239428954 2.7794408999660587 7.1437935998326481 0.7295480000000000 0 0 0
1.3904376099402627 9.5741842789253031 6.0498225600419424 1.4063900000000000 0 0 0
4.1438608845223035 0.4530536054180061 3.0947226565389996 1.0656099999999999 0 0 0
2.3956026238385122 7.0472584894164951 2.7581396192223080 1.2247300000000001 0 0 0
1.3182711930034934 5.3660378046713717 8.3070781831937470 0.7473760000000000 0 0 0
2.5459261694907620 0.5110499459598126 4.9610917850463414 0.7695880000000000 0 0 0
7.6452376750438615 3.4280315954013303 8.9367215689266146 0.7445300000000000 0 0 0
8.4887730209043237 0.6728827401929525 8.7824936513758871 0.9090680000000000 0 0 0
6.6008017987187610 9.4232326499135919 1.2734922788430176 0.7507480000000000 0 0 0
7.7138427482562228 0.6277078040373603 8.2396012974693651 0.9119800000000000 0 0 0
9.0100135488444622 7.5282954854992576 7.8753585738118153 0.7446890000000000 0 0 0
8.7290020993855144 7.1483635594669241 4.5146901609930570 0.8334810000000000 0 0 0
2.3776474494167323 6.6246315510295410 0.4271292957808692 0.9844660000000000 0 0 0
2.4890671243333848 8.7320905673946836 2.5520470897835148 0.8044519999999999 0 0 0
3.7679044525900514 4.5078168531159193 3.0082182373074104 1.1858700000000000 0 0 0
1.3295046961373973 4.9276203031138746 9.2335230554831984 1.1996500000000001 0 0 0
4.7787602288949875 8.8961861910744435 3.8368802380869944 0.9138770000000001 0 0 0
9.9975652869151670 9.4698027540986267 7.7493344564722726 0.8187170000000000 -1 0 0
2.3329403436215750 8.2652994752757749 8.1099098820439686 0.9480390000000000 0 0 0
7.3303153336003959 9.8661715935526129 8.0034274646097359 0.7971730000000000 0 0 0
4.5879180939277919 7.6988525973479653 6.4344086373238554 0.7682650000000000 0 0 0
0.5483535949002862 6.9051131062780016 8.4788312560287338 0.9115090000000000 0 0 0
