3.1931942568496243 3.0472138734257062 9.5357471836897982 1.5223500000000001 0 0 0
9.3085511971474393 2.8466827923774978 0.6479836651105024 1.3036399999999999 0 0 0
2.2856964662815580 8.7300113579383005 0.1382846504305937 1.5483800000000001 0 0 0
4.9221772211469617 6.6681583770628627 3.6721437655015818 0.8109130000000000 0 0 0
3.2880592463938778 7.2529475865048907 1.1266240865177921 0.8679580000000000 0 0 0
7.6831412032760342 8.4327281154928517 9.9566670405116451 1.5981399999999999 0 0 -1
4.0009142136175866 7.3379263677686080 7.0648845611501532 0.9923410000000000 0 0 0
3.6044770869239153 1.9907101678669852 0.2914805053184150 0.7635340000000000 0 0 0
1.3502788206470999 3.4910223167545942 8.2905687534381887 0.7342720000000000 0 0 0
1.1181891443811225 8.7445480287964141 5.2427627092005542 0.8103300000000000 0 0 0
4.3043603558635120 8.5715730104362642 2.6633533194895285 1.1261300000000001 0 0 0
6.7920055600546263 2.0323044533798242 1.7341203604623876 1.3158600000000000 0 0 0
3.6670330464011656 5.7874293516278907 5.3656326943386903 0.7312270000000000 0 0 0
1.6955335481851384 2.6226806699371270 7.5268350850691004 0.8757500000000000 0 0 0
9.7897757431546282 9.0830481695855365 6.9713479683849719 0.8057480000000000 0 0 0
9.9857652997949682 3.5714847603228508 4.9605600205939862 0.8154730000000000 0 0 0
1.5880186474326046 5.2248668045574540 1.5460698786194527 1.5600600000000000 0 0 0
1.0847061853356343 3.9032377718451898 4.3478757682561362 0.7315920000000000 0 0 0
7.8194851383133637 2.0852519744105775 7.4208106549611417 0.7481250000000000 0 0 0
3.9901578474569925 3.6538363403823753 2.3848718079718432 0.7743470000000000 0 0 0
2.9205300437010879 7.6649628034735224 7.3333771439644266 1.2324999999999999 0 0 0
7.6497365261182964 0.2339547514754854 3.9733564321942647 0.9478140000000000 0 0 0
6.1231932344386202 4.3062548350032257 7.5127592126467482 0.7299369999999999 0 0 0
8.7098551451896267 0.5576141760593216 2.1574395459889080 0.7448790000000000 0 0 0
3.1375416984623503 9.7265138520230607 9.6712773295016330 0.8362460000000000 0 0 0
2.6398534184226685 2.9813425173642902 3.4946913092218077 1.0232100000000000 0 0 0
3.8273820180515505 3.1678108411717454 3.3564729806680385 1.3013300000000001 0 0 0
3.3777872975908521 0.6279503781207182 1.9441728364100328 1.4341699999999999 0 0 0
5.0103061964475506 3.4071695627814971 0.0589288166785121 0.7303460000000001 0 0 0
8.2095884417155744 7.2019992742759200 9.8701991661148014 0.9766070000000000 0 0 0
8.9326587371940818 9.2928410401689625 7.0314224613038556 0.8725990000000000 0 0 0
1.1395333754462769 3.1649777498790823 1.7406432264455991 0.9207550000000000 0 0 0
6.8331811791150017 4.1668525401645811 1.1738657166683086 0.9573630000000000 0 0 0
9.7671209090358335 6.7429000778726431 9.0479370543575079 1.0613200000000000 0 0 0
2.3512188078259095 8.8260544862400696 3.4057531254204645 0.9061020000000000 0 0 0
0.3159804301832070 9.3640744446419895 2.4206968016278085 1.1386799999999999 0 0 0
9.2215218957614820 1.3145169730496176 6.1468287845594904 0.9456420000000000 0 0 0
1.0276474534828719 0.5733810740826710 3.7925205213910185 0.7893360000000000 0 0 0
0.5804218296072196 3.5800872565103652 7.8388520923143155 0.9513160000000001 0 0 0
5.9627364227156532 5.4695210186457182 9.4861539945572382 0.8126430000000000 0 0 0
0.7869345283016237 0.6861401647554359 9.5934401153063398 0.8720110000000000 0 0 0
3.4025846736372443 7.1358092453692832 3.9417227173124751 1.0375600000000000 0 0 0
5.0930808496349709 0.1031292594495279 3.9255328492352857 1.2639600000000000 0 0 0
1.3337519783526472 3.9212468676792218 0.9027973482968900 1.2748600000000001 0 0 0
5.3366413548723814 3.8324666239778025 5.1376030154408179 0.7738810000000000 0 0 0
2.6023539479620634 3.5327332100533102 5.6830113193150797 1.5308600000000001 0 0 0
6.8776507938408749 7.1372274400489140 3.8262540335847524 1.0398600000000000 0 0 0
1.6756562294282398 7.9222323966629782 0.8039086825928279 0.7876350000000000 0 0 0
0.1268358170403742 8.3506499429715859 2.6459991235219502 0.8842200000000000 0 0 0
5.5458943905445564 9.0721201821835820 1.7638864449561147 1.5201100000000001 0 0 0
9.2662467467080063 8.2633972180966495 8.1743900767671978 0.8909200000000000 0 0 0
1.6425526993484851 6.1687797661921291 0.7668871844090175 0.7952500000000000 0 0 0
8.6486908297266414 9.6626740391389792 9.4030645084227089 1.1177699999999999 0 0 0
3.0965521918657708 8.3359166592682037 1.1969155492894323 1.1294400000000000 0 0 0
3.1378940620181641 4.4999554196404006 7.6589857933224055 1.1751900000000000 0 0 0
7.8692280674117221 1.5013748117012955 0.1369350238406031 0.9572360000000000 0 0 0
7.2826472266607700 7.2057524425620931 9.6710333089248248 0.8353830000000000 0 0 0
3.3645378110203961 0.4312068812927278 7.6960457221000169 0.9798420000000000 0 0 0
2.4467816605815407 0.0300226205032560 6.4604841322432778 0.9657060000000000 0 1 0
3.2513665745129274 6.5965409501355490 2.0046676376151660 1.1149400000000000 0 0 0
6.5174711732855410 0.2409064064638156 7.2241493007159505 1.2736700000000001 0 0 0
2.2229695758122530 9.8593743450934248 2.0188972232224023 1.2454200000000000 0 0 0
0.9353358116629090 7.4357085625256119 0.3242638183169648 1.0008699999999999 0 0 0
8.4846474393480698 6.3390322877075915 5.4396177648239847 1.6125499999999999 0 0 0
4.1212727444571691 6.0842498291960965 8.3149316861423728 1.0560099999999999 0 0 0
3.3448906750622549 0.6449775353253683 5.7850824277522266 1.5049600000000001 0 0 0
1.6484169494269625 2.7357198314891944 0.9143444030485075 1.0783199999999999 0 0 0
9.4600998869728876 9.1956511258884355 8.5658156145856719 1.0687100000000000 0 0 0
0.2525684720575508 5.1956206578067032 9.1977962335359358 0.9120320000000000 0 0 0
3.1312122891758096 6.3678038181624093 8.7498660711642895 1.0012900000000000 0 0 0
5.8611994021899365 9.8055397964838615 0.9003765943328749 0.7498990000000000 0 0 0
8.0715421025413061 5.6426434246660913 6.8833473054165344 1.4770300000000001 0 0 0
5.7532257359314150 1.5333433445922637 2.6054707233031045 1.2652399999999999 0 0 0
8.9630018297230087 2.0948025115067881 3.4411834069834568 0.8405170000000000 0 0 0
4.5269804516133441 7.8991667539007180 0.0103722967550890 0.7614440000000000 0 0 0
1.1423161575661360 5.7255870396189916 3.3701717054602636 0.8696159999999999 0 0 0
6.0740361237476455 2.1420636350422924 0.5519342611313973 1.3585900000000000 0 0 0
0.8336941946642448 5.0068736865963803 3.9367520102817672 0.9940380000000000 0 0 0
9.3323225682737476 2.3140352216706876 9.6171449500733992 0.9329860000000000 0 0 0
3.1019628404899176 8.9252525694924163 3.9851820704895613 0.8995660000000000 0 0 0
6.8641381520115852 9.4383975519004419 8.5819452743710674 0.8906830000000000 0 0 0
8.4034327328756682 5.1250189603781715 4.3963250551859705 0.7654640000000000 0 0 0
9.4644183757665079 8.7648033458661629 5.2284125702064772 1.1374800000000000 0 0 0
8.0409152604138647 0.8089807606581739 0.8541701853778670 0.9344190000000000 0 0 0
7.2967525060025311 6.5908823379639383 6.0554365942833721 1.0036499999999999 0 0 0
6.0539318884685533 8.1211697209906966 5.1350626953222074 0.7339540000000000 0 0 0
1.1125922211818686 2.2745571810832037 9.2808758721124232 0.9797570000000000 0 0 0
1.0646841102772697 8.5087339887589977 8.3534724421428592 0.9654830000000000 0 0 0
9.5051377286426071 0.3177019618258930 3.0761083456785108 1.5868700000000000 0 0 0
0.2278837023955467 5.0672527872558000 2.0492919395563871 0.9528420000000000 0 0 0
3.0592904006376038 9.7906577059051507 4.9837731843442876 0.8050410000000000 0 0 0
7.6904580292680524 2.1207242722094968 5.9424794897431790 0.7376190000000000 0 0 0
5.1196159696891899 2.4756844152603437 4.6874933091395290 0.7568170000000000 0 0 0
6.5476186835640995 5.9328330525837307 8.0283765750315137 0.9547060000000001 0 0 0
4.4616281155810924 3.6017554905414744 9.3100525091942465 1.0296000000000001 0 0 0
4.3205864829429252 9.6172059536233281 2.1074843995077108 1.1420500000000000 0 0 0
2.7801143365288143 4.3568111615422103 4.6121285495352637 1.1010800000000001 0 0 0
0.3089769929321307 6.5454389645700592 3.0642706612010087 1.1655500000000001 0 0 0
1.2065495093912650 4.0558521568647494 3.5966828102059192 0.7554180000000000 0 0 0
9.8100111710154305 5.9155899498261837 2.1993557026655468 0.8198580000000000 0 0 0
1.0125359427430851 2.8112793635572770 8.0214319370372369 0.7765940000000000 0 0 0
2.5511069124593990 1.0602279669252996 7.8215139284975859 0.9788330000000000 0 0 0
5.3257594982006253 5.2595303479950237 0.0119034273119759 0.8213400000000000 0 0 0
9.1254049069256951 4.0520963034458415 2.4105454452251518 0.8310120000000000 0 0 0
9.5641454684355001 3.1551894634706157 9.6663627634665605 0.7416180000000000 0 0 0
2.1269353339789561 8.0955088646075861 2.9729906233736019 0.7906300000000001 0 0 0
3.3308569178984939 9.4258223479453047 7.6461819738794468 0.9228110000000000 0 0 0
7.7456012150178850 8.5480730788120152 4.7943578868461154 0.9330170000000000 0 0 0
7.3514482063576931 4.1388729835667526 4.8253281628708447 0.9521750000000000 0 0 0
1.9388122519171020 1.5749516086333299 0.7510864678340866 1.1286000000000000 0 0 0
0.3918785833955477 8.6761519181129003 5.9707764922626083 1.1601100000000000 0 0 0
0.4902960123677351 8.5504286852263842 7.0496322913147340 0.8922369999999999 0 0 0
7.2474451293736690 6.2501750513190704 5.1631025982293357 0.8405170000000000 0 0 0
8.3145508525115197 0.6910819813881137 0.0312697433179743 0.7566710000000000 0 0 0
5.5863690012817813 7.0803832460595340 9.2416800537814776 0.7467930000000000 0 0 0
6.2873465717772383 6.7537941378677617 2.1631483968876815 0.7909240000000000 0 0 0
5.5866930597483551 6.5942526994694779 3.1268560912092722 0.7925460000000000 0 0 0
9.4722066361077761 3.0243837168691843 4.6237120049197440 0.7646490000000000 0 0 0
2.0738824682104293 3.7514962384437180 7.1652618047070673 1.5136700000000001 0 0 0
1.2501587689429776 4.4039513280782927 8.0135436830476277 1.0791100000000000 0 0 0
7.2756725539460971 4.4848065790332008 5.6750023794025974 0.8022840000000000 0 0 0
9.6235959461672156 4.3339467813931707 1.6992488307190781 0.9141260000000000 0 0 0
1.5971083814039926 6.5015271990652206 8.2492486223415238 0.7300640000000000 0 0 0
8.9687831163177414 9.7350069509957553 7.8724933374759329 0.8737390000000000 0 0 0
6.7351636817153189 2.1640358184057722 8.8232112279334221 0.8392100000000000 0 0 0
3.4690516325228091 0.9991989714528851 0.7753762270042853 0.9215020000000000 0 0 0
5.7075772108920386 3.0621985890260057 9.0281682810167574 0.7423600000000000 0 0 0
4.7085559302776598 3.7237664849277401 1.2759817291344968 0.7387210000000000 0 0 0
0.1822646820158974 5.3805035306038942 3.1531151960251442 1.1031899999999999 0 0 0
1.7428920539991892 5.8722528267877898 5.1781658113265845 0.8403900000000000 0 0 0
4.9119699560189094 6.8888263190494428 6.7200897894323575 1.0511299999999999 0 0 0
0.9099959067509773 8.7027351648530527 0.6875265661098614 1.3145600000000000 0 0 0
7.1927290719238304 4.8205584996824449 6.4248790679336985 0.7907260000000000 0 0 0
8.8683806215792593 2.2533401186068533 2.2956015437501840 0.8350820000000000 0 0 0
4.3518552714301926 1.9345671509809088 3.8271766084692613 0.9031709999999999 0 0 0
0.3605725325004028 4.3833883015320598 4.6264884484190052 1.0183400000000000 0 0 0
7.1049719431934895 4.5729410212835067 7.4395228369412507 1.2337800000000001 0 0 0
1.4414770791439064 3.0473255478536614 8.9261693076358117 0.7701650000000000 0 0 0
8.5732192443784925 9.9771145060219197 3.8947848482817728 0.8969310000000000 0 -1 0
5.3947120980368428 8.5449735583842301 6.4004727167600315 1.3440000000000001 0 0 0
9.0528146381193579 0.6225805292778737 9.4370090004076932 0.8289140000000000 0 0 0
4.8971949841102251 8.2070345218203578 8.2524480802480173 0.9264019999999999 0 0 0
4.3011641157670697 4.8740772358247364 5.9976981295701606 1.2141100000000000 0 0 0
9.1306498277354518 1.5112080859786616 7.3137907376786115 0.9730860000000000 0 0 0
9.1757296956698049 2.9762710370599579 8.8406412055834416 1.0474200000000000 0 0 0
9.7199767528975034 7.5635401504147346 4.6873740358546545 0.9606270000000000 0 0 0
9.5997409196041925 6.4116176447543367 1.5284096784729173 0.7868400000000000 0 0 0
3.4116011288655042 7.2194263221341082 5.0053898207002794 0.7688680000000000 0 0 0
0.2452098649310220 9.8137219178246617 6.0853124370482181 0.8320480000000000 0 0 0
4.9418791350759870 5.4380272322195005 8.9659725383957198 1.3135399999999999 0 0 0
2.9593217329389874 3.9884403749147639 3.5926895320926384 1.0208900000000001 0 0 0
4.3941040397048967 1.1457515646017020 2.3814952434177887 0.9248400000000000 0 0 0
8.3126216195621438 7.2182310755514330 6.8702212510489327 1.6020799999999999 0 0 0
0.1178813652805737 7.7916734545021251 8.8731540137174711 1.1001900000000000 0 0 0
7.8330185941626569 8.7543117316658954 6.8365839079542949 1.5051500000000000 0 0 0
0.0510140663822905 5.6442884842883014 7.6535534658283462 1.0006299999999999 0 0 0
9.3611391547991420 8.9109643370082061 7.6345960977190117 0.7314260000000000 0 0 0
6.1611170699453499 0.8490669954226512 6.2652358807550863 0.9067530000000000 0 0 0
0.5872423766997432 9.5882512132456359 6.9030406277145531 0.9223740000000000 0 0 0
1.4745548942348279 6.7260043831763872 0.0781605347125967 0.7829890000000000 0 0 0
7.0412260251562317 1.9045420199041128 0.0062447428690483 0.8314160000000000 0 0 1
2.1473326641195629 1.0734625138015716 1.9120897328912891 1.0927000000000000 0 0 0
6.6650863862767951 4.7157244603291861 8.9469699131130547 0.7386200000000001 0 0 0
2.3822227830578830 3.1878411914231122 1.5170810532054366 0.9457010000000000 0 0 0
5.2743023151374446 0.5914592097391823 6.9236000065512915 1.2837700000000001 0 0 0
1.5459956669245172 9.7047184378617768 7.2799349226983381 1.0614200000000000 0 0 0
0.1732577016750953 3.2396933995853825 6.0303402165575948 0.7321560000000000 0 0 0
3.1390657678862675 5.2775300522354991 1.5684856061866674 1.3508599999999999 0 0 0
2.3460895073305439 7.4770910815245086 4.6674065693382314 1.2838799999999999 0 0 0
0.2132148812769027 3.6907468957353884 1.0045495238068849 0.8714140000000000 0 0 0
0.1281777862863966 1.8443766973539486 0.6091585384438010 0.9461260000000000 0 0 0
0.1453938140240513 3.3311421786287037 0.2150632032642590 0.7365750000000000 0 0 0
6.9997651866044039 0.3994136433148113 9.4342559855656560 0.8095710000000000 0 0 0
8.7854965036277655 4.6230715324453593 4.8858039315975121 0.7403330000000000 0 0 0
8.4143686374718882 3.4127163052590341 9.6922934371975273 1.3021700000000000 0 0 0
0.4309696388899404 6.7308086119530319 1.9159849633336699 1.0848100000000001 0 0 0
3.9582256162549041 1.9703161329002652 1.4563567709967788 1.5449700000000000 0 0 0
6.4136907530525873 1.1401167922977802 9.7848036730824912 1.1247400000000001 0 0 0
4.9855948228320477 2.1348366251272863 7.6228007960109689 0.7908020000000000 0 0 0
9.0121185513816950 1.5253434986387913 0.4239953810375445 1.3163700000000000 0 0 0
5.7565734844067844 1.4995564024379988 1.4887384792256186 0.8839730000000000 0 0 0
7.0186159830419719 9.4983857825316473 3.2405646310166696 1.3920999999999999 0 0 0
8.9022920376625212 8.0165197339895133 0.9391769641366396 1.5233399999999999 0 0 0
0.3532867657341521 7.4916324675809367 3.8174612513304487 0.8752960000000000 0 0 0
0.7356286506013275 5.4419879137761127 4.7484225380945775 0.7498600000000000 0 0 0
4.0740658857178609 6.8820844206685949 5.8160936460855099 1.3294200000000000 0 0 0
1.5027225838799076 8.2094323263133901 3.8951604733151881 1.3020900000000000 0 0 0
1.7433215737139922 0.2111759594141598 3.6088647399425460 0.7676010000000000 0 0 0
6.7537600322574631 9.3054999957396518 2.0886769298067933 0.9217660000000000 0 0 0
7.2326162405696577 9.5796214257527303 9.6539990711911603 0.8330000000000000 0 0 0
1.5460543914878264 0.4962645987635679 0.1952337999244075 1.0074500000000000 0 0 0
2.4527618621185194 5.5563408222363000 0.5654689886170315 1.0424199999999999 0 0 0
7.7962378344150682 9.0933274189513664 8.0300866541635063 0.7801360000000001 0 0 0
3.1367262814934858 8.6203664698737583 8.8981373505265058 1.3531599999999999 0 0 0
1.0872754200199246 3.1224893346033413 9.9810151311273945 1.1264200000000000 0 0 0
0.4763728909289607 7.3844241908752544 6.5765409347308177 1.5366500000000001 0 0 0
5.0396635216361156 1.5590445692074133 8.3090410998569038 0.8900720000000000 0 0 0
2.2387338968710973 1.8679710558168829 3.5175423079258645 1.2539800000000001 0 0 0
1.1957487981891701 9.5335297770157208 9.5508607550942255 1.2999099999999999 0 0 0
0.9398136886399787 1.8566639548071797 1.7272352742425938 1.6078900000000000 0 0 0
8.7641236208754787 1.2222122263508095 4.6951677493251402 0.9793080000000000 0 0 0
4.7428979552199770 9.2953421966778205 4.7541707711955308 1.0636900000000000 0 0 0
6.8857724086157015 5.1056958256361211 4.8923885641455058 1.1252400000000000 0 0 0
4.8744857217373312 1.6899243598883249 6.7088386820226740 0.9990540000000000 0 0 0
7.4567266303987063 1.2524180975126848 3.3950756779569331 1.3393299999999999 0 0 0
0.8644144643951099 4.1796129156483612 7.0282320438264758 0.9591870000000000 0 0 0
0.2003224018925498 6.6108938583082368 7.5406959171938750 0.8940470000000000 0 0 0
9.2976495096741729 2.1449450943415176 4.2646811868550731 0.8364110000000000 0 0 0
4.6222612798929958 5.4525539162338532 6.7779657960563835 0.7485039999999999 0 0 0
3.1024778037978806 6.4002809495808455 3.4623892516295043 0.7441750000000000 0 0 0
2.5165763721736596 7.1671454161481405 1.5727345549687299 0.8475810000000000 0 0 0
5.4533189538143372 5.2940043247549848 6.2344248552454440 1.1938599999999999 0 0 0
0.1400017670907950 5.9676712696946366 4.7992484371452742 0.7679260000000000 0 0 0
4.9930961639455536 8.7765461864450884 7.4701607308422924 0.8235240000000000 0 0 0
4.8462690576416554 0.6242654995935225 1.2706235804182990 1.5840399999999999 0 0 0
7.8195071348588971 1.5797318017911719 8.0548875186166740 0.8080290000000000 0 0 0
8.5702329309327201 8.9511118034815436 7.7538996966056732 0.7967370000000000 0 0 0
3.5199327692011573 6.8328894844886339 7.7888536222458802 0.8943240000000000 0 0 0
7.7150398931063897 5.7363049374609254 4.4852019229895372 1.0196099999999999 0 0 0
3.1736933337676407 3.3480367188926574 8.0437219528410431 1.0386000000000000 0 0 0
6.0891678929285442 8.6555709759197637 2.7751458831961489 0.8116520000000000 0 0 0
4.0307444314387650 6.2146958141476736 7.0481866582689614 1.1767700000000001 0 0 0
6.5845350793876838 5.7058195367155662 6.8309282833089444 1.4006300000000000 0 0 0
4.6517179702284297 7.4823213582202976 8.6798013584770306 0.7654200000000000 0 0 0
8.0341201000046549 6.6975670398075540 8.9735690684391720 0.9986610000000000 0 0 0
5.4600003199235827 0.7196804045787865 9.0189368819928841 1.3341600000000000 0 0 0
3.1033135732057699 0.7250224976619808 8.9054062793218396 1.4566900000000000 0 0 0
9.1515289295364362 0.6232373453298130 8.0773576047091620 0.8257350000000000 0 0 0
2.7975364643989944 2.4483693474630721 0.7690619472529397 1.2202000000000000 0 0 0
0.7195550963386084 4.1905191903400523 1.9041525531876475 1.0065900000000001 0 0 0
6.6271511986029470 7.6950585685463402 0.3961360285989393 0.9727460000000000 0 0 0
6.9843924888826940 8.3991166465280180 1.3869967062963291 1.3190999999999999 0 0 0
8.2195669350527609 4.8658226892082395 2.7441243678088476 0.7443400000000000 0 0 0
5.8071016989180544 6.5303438961931617 6.6469275860311692 0.8147480000000000 0 0 0
4.8645401136743533 7.7524953098016427 1.8811086857440362 1.2979600000000000 0 0 0
8.5236685172363629 6.7381442240961844 2.9023806854196228 0.9864889999999999 0 0 0
4.1554216055711697 8.0645022506883102 3.8071810026194433 0.8897960000000000 0 0 0
3.7804190694577113 2.7336694237636738 0.5385937234017147 0.7803390000000000 0 0 0
9.4502424452957907 5.7661207197888125 9.2707263175230015 0.9665330000000000 0 0 0
9.5321001607463423 1.9433066377822064 1.5116041104337214 1.1480399999999999 0 0 0
0.9787712106191351 0.6895450076337937 6.8192531925510504 1.3079499999999999 0 0 0
8.6335925789147776 4.5952281420955172 9.4216488047135165 1.0466700000000000 0 0 0
6.2445481075380807 1.5187232796421988 3.6553754921543224 0.9572720000000000 0 0 0
3.3481296503403586 0.6763462785894744 4.5056707676540872 0.9609220000000001 0 0 0
6.8531219432350952 1.5592615833056551 5.8076360943200562 1.1909200000000000 0 0 0
0.3344783968772505 4.2519026496360182 5.8166406520347600 1.2807599999999999 0 0 0
1.7715284168690566 7.5488212778516042 1.6777312916557785 0.7621240000000000 0 0 0
8.8925470695543627 4.3888201687183432 3.2112052339546691 0.7643270000000000 0 0 0
2.8311972431833148 1.6209438943542569 6.4421954802732753 0.9747310000000000 0 0 0
9.9044098437531378 5.0314239772834712 5.1216044242819319 0.7626330000000000 0 0 0
1.3115802812438648 3.9320659194798524 6.2213684796343554 0.8511480000000000 0 0 0
2.2340756678926130 3.0054272483048798 8.1412603201419262 0.8637580000000000 0 0 0
1.1077343285085399 7.6143731219474660 2.6382107584166667 1.4759700000000000 0 0 0
7.3767498931064441 7.2990785699588940 2.4612274217025023 1.6127400000000001 0 0 0
8.8248016760499741 6.5477997371403536 0.7747332384085138 1.3114600000000001 0 0 0
9.8522781640765160 0.0695211232063286 8.2958938616633215 0.8203560000000000 0 0 0
6.2759231019690560 3.1092609429993145 2.4083884319698416 0.7764670000000000 0 0 0
2.9588525947409905 2.5153016825372463 1.9272603170631117 0.8293550000000000 0 0 0
4.2874758487453466 9.8541529460265593 7.3261378277525617 1.1049000000000000 0 0 0
7.8629184804068313 2.7047586439981024 4.3899062324971823 0.7449260000000000 0 0 0
1.0114619708985941 1.8378190028881405 7.3736575721113935 1.1520600000000001 0 0 0
8.7876667483702349 6.1640694849789375 2.0483876253367210 1.0660900000000000 0 0 0
3.2982221044472508 2.2485215480381466 4.0397974296103483 1.1287900000000000 0 0 0
6.3108344268069771 7.9391220747791493 6.0127744660383060 0.7384870000000000 0 0 0
2.2282064646333199 5.8833915185527763 3.4889730433362853 1.2060400000000000 0 0 0
2.1438276348029288 2.1666161162184197 5.6963032135400233 1.2501899999999999 0 0 0
6.9403169609429645 5.4328903375866862 3.8925937104515413 0.8935850000000000 0 0 0
2.1402843288499733 6.7199353283163443 9.2510729373001990 1.2287999999999999 0 0 0
6.2853158279447747 7.0551326243046528 3.0571768796969159 0.8100940000000000 0 0 0
3.7463583471074311 4.3370647260574131 6.8690134755356569 0.7702870000000001 0 0 0
0.1141535159335620 8.1010159017452619 1.0544724673472241 0.7396410000000000 0 0 0
7.3046458907435818 3.4504891070688752 7.3874827996430392 0.7423940000000000 0 0 0
7.0722363653365239 0.1283976992781584 5.9518335940344365 1.4130199999999999 0 0 0
3.4355502990840852 3.2884942574434537 6.8632519609267213 1.2981499999999999 0 0 0
5.1820574313934387 1.3279056906074764 0.1063538436406292 1.1148600000000000 0 0 0
0.5271865050543600 4.2241993364036388 9.9028288976179937 1.2230200000000000 0 0 0
5.2675195060693305 7.9562434492824092 9.0712365980258696 0.8678380000000000 0 0 0
7.3833385248338566 7.8764580274940128 4.2370123747791961 0.8579490000000000 0 0 0
1.1189711598059677 8.1954619451735109 9.4560223226052447 1.2468800000000000 0 0 0
5.2915821088388721 1.3539815159579647 4.5597424707482306 1.4489799999999999 0 0 0
9.5843945869611638 0.3304160464243150 6.9907931889653137 1.4939400000000000 0 0 0
6.7437018561842272 2.3099473978410581 3.0182535069794514 1.2224900000000001 0 0 0
0.9413637411490732 1.2912826763362728 8.8882067834149048 0.9045230000000000 0 0 0
4.2834526325161564 4.4476994776380554 1.4267417596784449 0.8868050000000000 0 0 0
8.3690880891640624 3.6855586485360678 3.1328728356766420 0.8844500000000000 0 0 0
9.7848047690267652 7.1947807016151764 8.1238936196918967 0.8071750000000000 0 0 0
8.3589331375606779 5.7553639859033270 2.9230407148370485 0.9382520000000000 0 0 0
3.0917840108630781 5.7454613598756072 7.7232466981583325 1.2336499999999999 0 0 0
2.9652789974052114 9.6591226278796984 0.4816453580666382 0.7504550000000000 0 0 0
0.3931943875009883 5.8107284948800331 1.4909244083911095 0.8716940000000000 0 0 0
7.5763304531490521 4.7990547005875843 4.2118164631326511 0.8387770000000000 0 0 0
9.5240421195145082 4.2876270956681131 5.0655704256255598 0.8081700000000001 0 0 0
3.8711990945340475 7.9058681283982661 8.0854946550835631 1.1538400000000000 0 0 0
6.8347554353461133 7.3442408640068333 5.1685928320474979 1.3942500000000000 0 0 0
5.8215551325617749 8.8252034461433730 9.1905420798028814 0.8722760000000001 0 0 0
8.4249297061524757 8.6551399463997019 8.7311462776130657 1.1959000000000000 0 0 0
4.1220914923252767 8.6994499850097107 4.3663332165336390 0.7329940000000000 0 0 0
0.6850289259935911 0.0688699382428572 7.7878167571217638 0.9707830000000000 0 0 0
1.6227510782893535 9.6672432930433168 0.8371201198852104 1.0173500000000000 0 0 0
5.4046667546407408 4.5513366359239340 4.2812879680689253 1.3811300000000000 0 0 0
2.3382739655137041 9.9814172613167980 9.9505661501166003 0.8290860000000000 0 -1 -1
8.5561469767045413 1.1993852272869239 7.9681400881621283 0.7703220000000000 0 0 0
4.9994811536285892 2.1782209149642879 5.6695095860193572 1.2253200000000000 0 0 0
2.3375599714438344 4.0921912985495528 8.7346477000653753 1.4964800000000000 0 0 0
7.2616060387668160 3.4707802328252808 3.7017983489618542 1.5529900000000001 0 0 0
0.2047535991625809 1.0924983498373884 8.0492245860005518 1.2663199999999999 0 0 0
1.2220168575713644 3.8270437943538749 9.1264774729646216 0.8392860000000000 0 0 0
2.9651897381189594 5.0055321299549673 5.7747197489410746 1.4042900000000000 0 0 0
3.5737933284037320 5.2156451762676612 6.8134418361118003 0.9485500000000000 0 0 0
9.5627717044047245 3.8347740634367553 4.1125997555390752 1.0772299999999999 0 0 0
5.5545739915115213 6.6581959203905470 1.2195067641429760 1.5075000000000001 0 0 0
7.3280645573391210 5.5303461429539897 7.7548588807973511 0.7456290000000000 0 0 0
9.0687309463917298 3.6131540346605950 1.3857087287091359 0.7648760000000000 0 0 0
1.6547478135356948 7.0451861221780812 0.9141004048660445 0.9168150000000000 0 0 0
1.1557052669550500 4.7449794736139959 2.8403246183801247 1.2211900000000000 0 0 0
9.9667519967399727 2.8362794819374284 3.4999462554419467 1.1772700000000000 0 0 0
7.7764511897210848 4.5414824853204410 3.3605010609919281 0.8323690000000000 0 0 0
6.9537892520013251 6.7664300841412732 8.6814359579362961 1.1581500000000000 0 0 0
0.4063842357594079 3.8012780050495958 3.5552252929987800 0.8664960000000000 0 0 0
9.3371486677836870 5.4014030777973367 1.2617163899172938 1.2905100000000000 0 0 0
8.4998063920678888 4.4637058822698092 1.6421326258725302 1.2418700000000000 0 0 0
0.7841768061004243 5.8469165993762271 2.3503918737592895 0.9365150000000000 0 0 0
6.7941053175659514 5.0574629310516919 0.8293654281659348 0.8475279999999999 0 0 0
1.8299206047674219 1.6489757724057721 2.5935459448974019 0.7364440000000000 0 0 0
2.5827456372966697 8.2497220489225693 3.9903953352230310 0.7355270000000000 0 0 0
4.2281750037228010 0.7807788293232238 8.7395823766917253 0.7414840000000000 0 0 0
1.3110214064548988 4.9351901062098182 0.3061735124077017 0.9397960000000000 0 0 0
2.6952547006264971 6.6662088482586537 7.4773635265552194 0.7589910000000000 0 0 0
3.3214830912610980 9.3814672398593366 1.5977294051982680 1.0629800000000000 0 0 0
7.7778437941746672 9.1439507995732328 5.6127728867108670 0.9735750000000000 0 0 0
8.2764202751960063 8.0847274074382049 5.9703321321198723 0.7644890000000000 0 0 0
1.1582414340317009 6.0560354427865848 8.9467271230297669 1.0785000000000000 0 0 0
5.2220340866948876 4.6763883881142077 5.4115811815800514 0.8017919999999999 0 0 0
1.9998897529105562 3.6918775354271527 4.2830857300303800 0.9330340000000000 0 0 0
7.4588525056790331 9.9982800161921155 8.8456682177140937 0.7493919999999999 0 -1 0
2.4242415318428656 5.9376208365908791 2.2845579334442965 0.9769409999999999 0 0 0
8.7625730848443002 9.4015858666510255 0.9301189844110948 0.7412050000000000 0 0 0
8.8082333421380152 3.2293430114376771 7.8705942104724596 0.9750230000000000 0 0 0
0.8861878446076260 2.0478382146388410 8.3902263747447563 0.8426520000000000 0 0 0
5.7174899687206375 2.0330016181586625 9.2349189396184901 1.2842300000000000 0 0 0
7.8228153860155611 7.3927188935340631 5.7343212267715771 0.8012440000000000 0 0 0
8.4275017309557807 2.0418954707685990 6.6292012994449125 1.1824500000000000 0 0 0
8.8438970737998233 4.1961771112053112 7.8604090035334444 0.7727200000000000 0 0 0
9.4458130158177855 0.9551081060012977 8.7688293525420882 0.7401380000000000 0 0 0
1.5451249779491854 9.6333173138389636 8.3802983886602185 1.0678099999999999 0 0 0
9.6595085966260523 3.7417474645688764 8.2687370427165057 1.0074700000000001 0 0 0
3.9244590856157071 1.8246556670890024 6.1743113800748066 1.1165200000000000 0 0 0
2.6868465213272628 1.5327763697790091 4.7520548666316103 1.1443300000000001 0 0 0
3.8354911701088481 4.1620246630041464 4.1254375379715285 0.9699620000000000 0 0 0
3.4026914671733013 5.6904904137033903 2.7899147582648500 1.1918899999999999 0 0 0
7.4046447188705260 6.4624603163668546 7.6603793422426332 1.0544100000000001 0 0 0
3.1286075900772996 1.7913859695089762 5.6051778186164256 0.7701730000000000 0 0 0
6.8275799321368398 9.0765752468162439 7.6422947527154692 1.0544800000000001 0 0 0
5.9052914122978839 3.3127442719147324 4.9798773478200609 0.7341850000000000 0 0 0
7.9853487053717540 7.5809791691653015 4.8669672262639043 0.9128200000000000 0 0 0
4.2837940590393844 0.3406331338639079 9.8046391083576943 1.4847100000000000 0 0 0
8.6243500205009251 2.4716220814712071 5.2830250952738389 1.5611699999999999 0 0 0
8.9288096566319535 6.2409970996150470 8.0951044884823080 1.5738700000000001 0 0 0
9.4311492421331593 1.3123872563092875 3.9203574077882712 0.9191500000000000 0 0 0
7.4299158262978251 4.8895326526579428 1.5577052828787818 0.9226290000000000 0 0 0
3.4988238006065271 1.1915574621866760 9.9121591037265109 0.7617940000000000 0 0 -1
0.0359329313635610 5.2955795348369650 4.3311951748028488 0.8122220000000000 1 0 0
0.0606106689712678 7.7011902833690842 1.9376293119667938 0.9152850000000000 0 0 0
4.1178681556464829 1.9530705362746819 7.2646973146438834 0.8456750000000000 0 0 0
4.3446894732154959 5.4736667058238595 3.0548061917473439 0.7389400000000000 0 0 0
7.4010388777173155 0.2426056168702050 1.1279976114563490 0.7308600000000000 0 0 0
4.1697073240048477 3.8030081345031039 0.4001545590888433 1.1824100000000000 0 0 0
7.2074309538646650 8.7245255140674676 4.0728258681870111 0.8318130000000000 0 0 0
5.4122330298171146 3.6900929631132575 1.9351916815050689 0.7785300000000001 0 0 0
6.2351811773143471 9.8171431269529883 9.3516285391667200 1.0445700000000000 0 0 0
3.1870002187592599 6.8026438492945802 6.6140532548934967 0.9760020000000000 0 0 0
4.5141302843251374 6.5089752119742572 2.5456999981066306 1.5051200000000000 0 0 0
6.8218496464868004 1.5643567282559872 7.9816112250194475 1.1242600000000000 0 0 0
7.6485024699756385 6.7508785937018363 4.5112229352461632 0.9261360000000000 0 0 0
6.9510434521148738 6.0508807921026984 1.4872171023619656 1.4746400000000000 0 0 0
5.5280052106160626 2.6017180439461840 1.7723484356385781 1.3591100000000000 0 0 0
2.0182189572984459 4.6151352720307495 6.3270899268608849 0.7631570000000000 0 0 0
8.7282107059166467 9.0687259064874226 0.2002985542255309 0.8024960000000000 0 0 0
2.5416310036079519 6.8344059111878410 3.7844791535739524 0.7406230000000000 0 0 0
4.0040840572569101 3.0580762156266372 5.6467285151471360 1.3230200000000001 0 0 0
9.3511114563695052 7.1882001942389504 1.7081899948023305 0.8266760000000000 0 0 0
3.2429954935233685 9.4867889382015260 2.8915912364228595 1.4432100000000001 0 0 0
6.5913472985956822 1.5390830947836232 4.6546719791662250 1.0857699999999999 0 0 0
9.4194557896348954 4.7444886819121024 4.3909514737525175 0.7776550000000000 0 0 0
4.2442591537931023 2.7549969170048727 4.4432136569447369 1.0787400000000000 0 0 0
7.3819890141518156 9.4709665390913695 1.4591734654930753 0.7427500000000000 0 0 0
4.3130910381987624 2.1549542630908416 8.0743445176372610 0.7727210000000000 0 0 0
5.4301300931976435 7.3251722865171534 5.6246135914646764 1.4331700000000001 0 0 0
2.6968871422689449 4.1430591021896594 1.4801846816379847 0.9332420000000000 0 0 0
9.3989733320158013 4.8775101293865175 8.5406915416846640 1.2555200000000000 0 0 0
5.4118518634809707 8.5527633832163268 5.2680235839716953 0.7634010000000000 0 0 0
4.7255936629659914 1.3799637019241706 7.5379427911273806 0.7339230000000000 0 0 0
6.6025638132655269 6.8244113497480372 0.6711932662836202 0.7897160000000000 0 0 0
7.4865465335103396 0.6771453734501997 0.0614030793153781 0.7927830000000000 0 0 0
6.5701635839290784 7.3590679664182685 1.3612131016935363 0.8199610000000001 0 0 0
3.7152486444996335 6.4154239426792268 4.8629206474043167 0.8154880000000000 0 0 0
6.2935630745969844 9.8048198648375671 5.0855938967506296 0.7304140000000000 0 0 0
2.1927414409182324 6.4306641793013553 4.3944376161717509 0.8247540000000000 0 0 0
6.9733451699734186 4.3094940171503877 2.0422506966372564 0.7421270000000000 0 0 0
2.2204985906499504 7.8652900831029884 9.2089646385354840 0.8840350000000000 0 0 0
1.1461960832163083 6.5045594023821494 5.8063370755727997 1.0414699999999999 0 0 0
0.8096967169569338 8.5601176946365793 1.8533321712119570 0.9621459999999999 0 0 0
9.8674049397236541 7.8717710845241831 5.5916155064651383 0.8261980000000000 0 0 0
4.5131161779740925 6.9983849517517474 7.9065405696105202 1.0148200000000001 0 0 0
4.4866063450937270 7.2282149241609535 4.5375284731796262 1.3483300000000000 0 0 0
7.6434375274172908 2.7356429916172944 1.3332203746034692 0.9494490000000000 0 0 0
6.4717906493329220 4.4263422486279600 8.2458647911804999 0.7506140000000000 0 0 0
0.8230127559193916 1.1552518290702913 0.5680979580921458 0.9435380000000000 0 0 0
3.1828282568554647 2.4807779703459873 5.0906097033106601 0.8835410000000000 0 0 0
5.5140430090144150 7.6248839264590131 0.1035907251067230 1.2186300000000001 0 0 0
0.9074986736044620 6.0260458624036835 7.9556963867303594 0.8962930000000000 0 0 0
1.6422471340964970 5.6530546058002971 2.6782378134075904 0.7772680000000000 0 0 0
7.6815394970217010 0.9827652284463064 1.9245899421729689 1.2654200000000000 0 0 0
5.8954967673287708 9.7298552236372018 6.3071405106991847 1.0817600000000001 0 0 0
8.5884821849557902 6.2280492245494878 4.0488525646813516 1.0892200000000001 0 0 0
7.9603576926010522 8.0743836138972718 1.7075259292960860 0.7596060000000000 0 0 0
1.2419799964640825 1.6196080837392353 4.5805542544956666 1.5976300000000001 0 0 0
0.6539849812805288 9.5763814758358627 3.6361655779784652 1.2636099999999999 0 0 0
7.8222749032595686 8.9834556077677075 2.2584272249400628 1.2482400000000000 0 0 0
9.3251164597778207 7.2249830059118167 6.1575700135132063 0.7476340000000000 0 0 0
1.8257533253584861 4.0794188427193268 9.8474569878565905 0.8515650000000000 0 0 0
4.9671103912989629 3.1142065109430788 5.1399038258522562 0.7744630000000000 0 0 0
7.2743717272563853 0.7227703297657311 4.8735382292052103 0.9659960000000000 0 0 0
9.4897784499217597 6.1915972020357692 6.6454974766675017 1.4285900000000000 0 0 0
4.4054217824863962 4.6020961121799466 9.6339191753117763 0.9979980000000001 0 0 0
4.5763476502427700 9.7123628347560871 6.0131200479709737 1.5068699999999999 0 0 0
5.9588952078691859 0.9971467968203711 0.6992824634512219 0.8665500000000000 0 0 0
4.4500725742509184 3.0705834695895420 1.8759305418602450 0.9200210000000000 0 0 0
1.2633996564770957 2.9014879119117785 3.7458808391433807 1.3537100000000000 0 0 0
2.9348388761194064 1.8015670432026569 9.5252172447441996 0.9326630000000000 0 0 0
6.2396481741386731 3.9025606269508599 1.8967285148333008 0.8735849999999999 0 0 0
3.4059124466314032 9.0010582178478682 4.8746831117327156 0.7379620000000000 0 0 0
8.8468922216962707 8.2969435615075309 4.1204230739634795 1.4740899999999999 0 0 0
7.9857399013577641 9.1292196579000233 3.8954656890700821 0.7553910000000000 0 0 0
9.5529437314188801 3.9758973037051200 9.2788292839264699 1.0034500000000000 0 0 0
4.4230819312323790 5.9055967959988784 6.1678584471289941 0.7683900000000000 0 0 0
4.6648792109177668 3.8318195476021177 3.7275464494975572 0.8763649999999999 0 0 0
2.3639190637986269 4.9946588952685378 9.6598797587122149 0.9979680000000000 0 0 0
5.3011242359010877 4.5614575143995806 8.0590165319627225 1.2166300000000001 0 0 0
7.0104410282780050 3.2408012673804296 0.3571032889176931 1.4479000000000000 0 0 0
4.8776021304439920 4.6689183413671662 0.5913254430298202 0.9951210000000000 0 0 0
8.1346296803418543 5.5743119912046097 1.1329077984084177 0.9652710000000000 0 0 0
6.5613048085236434 8.8812919265006851 5.6238266767108360 1.2635099999999999 0 0 0
7.3909074954142806 2.6982000230332601 8.1451445275840602 1.2517700000000000 0 0 0
4.0704759024268533 2.9707602935238362 8.5073810349798435 1.0399799999999999 0 0 0
0.5421433168683732 5.5171212908516329 5.7427886793672007 1.1928399999999999 0 0 0
1.0431717617946219 1.7528682813591114 3.1750392531858438 1.1566300000000000 0 0 0
9.9929138122158783 7.1085995595330305 0.8874270303447254 1.1912100000000001 -1 0 0
6.5007871830855031 4.5352283943352321 4.2033397691441365 0.7307870000000000 0 0 0
3.0954220965793802 2.4959744240197321 2.7885912467485152 0.8366690000000000 0 0 0
1.9575279246240624 7.4783641945863666 0.0696630506495171 0.9294430000000000 0 0 0
3.5287685215972435 1.4828968327573380 3.0648510919996519 1.3010500000000000 0 0 0
3.5041064047418464 5.0837257380329595 8.8748517068116612 1.4537500000000001 0 0 0
5.6599538988696549 0.8722105315080814 3.4310964084615478 0.7802950000000000 0 0 0
7.7639250377829621 8.3557262906664942 3.3135050827776626 1.0915999999999999 0 0 0
2.3519272927423578 7.5962607563378510 3.5922871917299188 0.7951750000000000 0 0 0
3.8577274216203272 8.9008962565731053 0.2045155734286531 1.5044599999999999 0 0 0
8.0786258349947282 2.9887716075749085 7.1808690570152338 1.0190999999999999 0 0 0
6.1466113250336534 9.6850676344579814 2.5822939118413437 0.7445150000000000 0 0 0
1.6144364386977721 4.8966940486007653 7.1098601779026822 0.8170450000000000 0 0 0
7.5231456195821762 6.2453805597556782 3.4600425535822161 1.2004699999999999 0 0 0
9.9699814105600186 8.0893536567559234 0.0189264256040130 1.2022800000000000 0 0 0
0.8439688548161398 3.0076044709868293 6.8315948097856092 1.3354200000000001 0 0 0
9.1889476188780908 5.0340981323998850 7.3333189647549846 1.1307799999999999 0 0 0
3.2766919928107421 9.2352866632426345 5.8394503326209382 1.1811600000000000 0 0 0
0.5295071449052281 0.0373171055135061 0.5865739168067098 1.2647699999999999 0 0 0
7.3957526120556345 9.9584217200413025 2.1053324529439315 0.8184180000000000 0 0 0
3.9505205104130203 6.0221232561373235 1.6342614713939987 0.7657800000000000 0 0 0
7.2272433005080874 2.1882648549152139 0.7575302027647894 0.7579380000000000 0 0 0
2.4566962749323973 4.8203926352849136 2.6675244710214820 1.2828500000000000 0 0 0
6.6804516002767889 0.1164815388670883 0.3911629119375403 1.2068600000000000 0 0 0
2.6466093037664629 1.8157776792253011 2.3994313004497512 0.8743550000000000 0 0 0
6.0592308573619924 5.6075902170806291 4.3441112430878306 1.0185100000000000 0 0 0
6.1158726695714760 8.8363613519972635 0.3470214222341719 1.4321200000000001 0 0 0
3.0628382009708051 6.2976119534269230 4.2859163638907329 0.8205380000000000 0 0 0
1.8738997138887921 5.8708151760102245 7.4870471147597284 1.1746300000000001 0 0 0
4.3350502777961504 9.5202702554737186 1.0904585811405003 0.7730760000000000 0 0 0
8.4407786324488399 0.4258385345981519 7.5573892683137638 0.8574340000000000 0 0 0
1.6519542766071693 2.4205765246507647 8.3992396824295845 0.7999020000000000 0 0 0
1.9058972083387513 8.7672690867175991 8.9000558296091512 0.9067140000000000 0 0 0
0.9278808300687962 6.3213397552756074 4.8334670010286516 0.8966080000000000 0 0 0
2.3459173484593516 4.4755248663792324 0.5788800899200730 1.0412399999999999 0 0 0
8.8143734931448847 9.0417693058249018 1.7202447620874699 0.9320330000000000 0 0 0
6.6051355812567953 2.4783554816855307 9.5957361620336794 0.7462340000000000 0 0 0
6.7712723587262582 9.3312742968073348 6.7096916798941937 0.7897990000000000 0 0 0
0.4632428846236717 0.3341283071470846 1.5991824146738753 0.7738480000000000 0 0 0
3.9526852789809634 0.1238246466113807 8.3519452375869072 0.8161060000000000 0 0 0
4.9915773643686352 9.4322451348079266 0.4770081231271466 0.9710440000000000 0 0 0
3.3516975559204205 0.5276369199219554 3.5801730062754937 0.7603780000000000 0 0 0
1.6274329578048066 1.0200772237894975 3.5017479941835252 0.7578980000000000 0 0 0
4.2177599296576869 1.3729805898838172 0.4008103758932422 0.8189050000000000 0 0 0
7.9263842366974213 1.7381172064250638 1.1027443721991030 0.9359210000000000 0 0 0
8.7516043896203417 9.6764223153312958 2.3315880219763874 0.7504130000000000 0 0 0
8.5257598680647284 0.9162335436023160 3.7625678314400961 0.9330680000000000 0 0 0
0.3746916693691407 3.1477720660000821 8.9769074587877977 1.2487299999999999 0 0 0
0.0106709504406746 4.6178838185299131 3.7456485982010030 0.7879850000000000 1 0 0
7.1048353201808530 7.6178004747777424 6.3759515663986992 1.0312300000000001 0 0 0
5.8820805865446122 1.5127650997852797 8.3376505932924392 0.7403650000000001 0 0 0
0.5330905365256744 5.1217015736162912 8.2906840031897886 0.7543110000000000 0 0 0
4.8002429660056611 8.2653275124505079 4.4410957702969736 0.7496760000000000 0 0 0
5.8143253532244721 1.4680484880070563 5.7144059571750256 0.8214420000000000 0 0 0
8.1424917674604647 3.8159797589918445 5.6734276527402052 1.2822100000000001 0 0 0
9.4978178646234692 7.1645325128401725 7.2950722978304414 0.8277840000000000 0 0 0
7.5712268207038251 6.0274259668712169 0.0239633654843360 1.5639500000000000 0 0 0
6.1003745507967801 7.8608418449532458 2.1375762517653336 1.1482399999999999 0 0 0
1.7269647709997165 9.3524007531921214 3.8427826365359556 0.8779310000000000 0 0 0
8.0935502044142495 0.0312662937927115 5.4381727358145584 0.7881610000000000 0 0 0
1.5084934787387729 7.4863591771595335 8.4761575171431218 1.1994199999999999 0 0 0
0.4057409216735925 9.4947991868196340 5.0686422896017174 1.1745399999999999 0 0 0
8.7189667136894276 3.0073591825093708 3.9340280136964818 1.2089000000000001 0 0 0
0.4991644632782534 9.4182902699478390 8.5244549915343537 0.9591850000000000 0 0 0
6.8982234784896539 8.3780260204709158 4.7803064046332144 0.7349070000000000 0 0 0
5.7844698823561478 0.7823007049546639 7.9079069809758549 0.8882409999999999 0 0 0
5.0564409082149906 8.7973310448597921 8.8591065435336205 0.7361340000000000 0 0 0
0.9421965272440698 7.5757781719542736 5.0768532364276222 1.4932700000000001 0 0 0
4.6474177329616984 3.9756008293035450 5.5742149001691352 0.8166700000000000 0 0 0
3.3823290750915009 9.8545626718659580 6.7742605971384720 0.9383260000000000 0 0 0
4.0171386899933861 6.2230066397466270 9.5373329652154535 1.2773600000000001 0 0 0
9.1872575314189255 5.1110847932975219 2.5255814644767467 1.2270900000000000 0 0 0
3.5788730631235053 5.9228402480886038 6.1475489082713732 0.8030600000000000 0 0 0
6.8449688646812872 6.2498575896984798 4.3452872010454362 0.9199700000000000 0 0 0
2.3813130226362809 6.5325584916437958 8.2092684815333534 0.7647520000000000 0 0 0
1.1990269096770942 9.5114744179996382 1.7389467834838677 0.9095240000000000 0 0 0
0.1937881885816632 8.7830248596618592 9.1365549766203316 0.8447100000000000 0 0 0
4.2290366248581126 1.8563741317341158 9.2375517899079291 1.5484400000000000 0 0 0
5.2812364490424901 3.4408552811817028 4.4071881158903787 0.7903420000000000 0 0 0
3.5040544913686480 3.3314334199388740 1.3452393486215062 1.2290600000000000 0 0 0
6.0160646027161304 3.7242824424792862 8.3138346278903690 0.8317250000000000 0 0 0
3.2263441306989349 8.0706111608016737 3.1239005092124335 1.3284899999999999 0 0 0
1.0747556815631694 2.0881317453129991 0.3049216961666699 0.9620649999999999 0 0 0
4.6534666370635058 2.1090121988736481 0.3527420587373622 0.7609100000000000 0 0 0
7.1507195250537601 9.2554570136410099 0.7260619834717591 0.7948350000000000 0 0 0
0.4303265807491612 4.3096630859530745 8.7349196645206515 1.0385800000000001 0 0 0
6.2061491345139173 5.1000699412286048 7.7448660719028455 0.8350570000000000 0 0 0
7.9280713252981698 2.0984558964152149 1.9893769435697133 0.8963520000000000 0 0 0
0.0185679802297732 6.0914219500557270 0.7663694222210328 0.7825730000000000 0 0 0
2.4731725054500666 6.2581435134010217 1.3330962681713956 0.9646300000000000 0 0 0
4.8678342642021235 6.6176042415597527 8.8247650198451666 0.9691930000000000 0 0 0
4.7638582864109278 0.5814803512965324 8.0158710196660383 1.0396700000000001 0 0 0
6.3648309256716713 0.4486091156419953 1.7323393244372558 1.4993300000000001 0 0 0
1.9381655681450558 8.6553202692285947 1.5652548641078141 1.2932500000000000 0 0 0
3.6913161482250585 3.8793599901217291 8.7302425293677945 0.9086900000000000 0 0 0
8.5971498907628874 1.5488071740449221 1.7158265822660734 0.8509679999999999 0 0 0
2.2638246101938106 3.4390807681956486 0.4122463004136052 0.9591100000000000 0 0 0
5.9070542814843758 6.2421231806129631 8.8420417598308170 1.1237800000000000 0 0 0
3.9485766600605201 1.6485566584771842 4.9279235273028759 1.2933300000000001 0 0 0
3.9008604416950692 8.8704635748997038 3.6182145826895180 0.7837740000000000 0 0 0
6.8076372116864681 5.6389887257533537 9.0090653610726683 0.9717570000000000 0 0 0
9.5986447635636889 3.7797071294617091 6.9676406552798085 1.5081300000000000 0 0 0
4.0571379786955308 0.9323919211949878 6.9292118894701638 1.1560500000000000 0 0 0
8.2066121203321423 9.7895416657270022 8.4334742193748600 0.9463200000000001 0 0 0
0.4869148821606436 2.7730132460739445 0.8357554482721717 1.0005100000000000 0 0 0
5.9836953061807945 7.4963868769690993 6.8452524927290010 1.1200600000000001 0 0 0
7.7486086735743482 4.1171545463131354 2.4880209835272327 1.0215399999999999 0 0 0
7.9314635190728398 1.0670550256560816 4.3854697672407514 0.7433710000000000 0 0 0
1.1407842671044233 6.8929291480148667 7.5858864374615207 0.9784990000000000 0 0 0
8.7427040202944468 3.1074954613582570 6.3746171156506222 0.8848710000000000 0 0 0
5.0316606133120771 4.5624600281698173 2.9261815875073407 1.3278500000000000 0 0 0
1.3140515003412561 6.4075029198531084 2.8347065878695963 0.8097910000000000 0 0 0
9.9089465097760403 3.1516469312192150 2.1044401730278297 1.5501100000000001 0 0 0
0.0629230568818361 1.5324931520764944 7.0242882343566730 0.8854400000000000 0 0 0
5.1795266670783855 5.6680141723900181 3.5996711722761812 1.1810400000000001 0 0 0
1.9676076829912041 6.9473517746988049 6.6759856591852911 1.3990800000000001 0 0 0
0.1993875626613208 5.9323003531400733 8.5877141569873139 0.9095060000000000 0 0 0
8.1449490078630866 4.9619531134697716 8.1403080857637899 1.2879300000000000 0 0 0
7.6032564314723787 1.0577559339986435 7.0585937811295896 1.3649199999999999 0 0 0
0.0475141651776204 4.3211026370444241 2.7741393814802326 1.0666899999999999 0 0 0
8.2124298819689727 8.0014986833230157 7.8877589475951195 0.8763950000000000 0 0 0
2.1626702287725159 0.8689867843576762 4.1204028548982103 0.8488910000000000 0 0 0
5.6700654937632864 9.5205107723214280 8.1633137391390367 1.5363199999999999 0 0 0
9.8240997683016591 1.5848062181666815 5.1586994630143996 1.3216399999999999 0 0 0
1.7971892692673752 3.9387473195232956 2.0660041477432491 1.1394200000000001 0 0 0
9.2132545517179985 7.2679026831507718 9.9099833727690729 0.9646070000000000 0 0 -1
0.3975890811968356 3.3375474688227582 4.2713335077286194 0.7748980000000000 0 0 0
9.3337250572519004 9.1577314313608316 2.4476675204162217 0.7559260000000000 0 0 0
9.2745849153201583 4.2428816362573594 0.4702319866937088 1.4159700000000000 0 0 0
6.9412477146640912 6.8296592224617862 6.9016575672428591 0.7837170000000000 0 0 0
0.8288914145098472 9.1256717515269674 7.6713940105146783 0.8663610000000000 0 0 0
2.1050073093473927 0.4768296054888900 7.2778707692880600 0.7796070000000000 0 0 0
4.0172975211982811 6.1053645765113052 3.8186746083448613 1.2351600000000000 0 0 0
6.4645357852655341 1.3538552997580413 7.0020794080091378 0.9028790000000000 0 0 0
9.3400304531794998 6.6726797466195080 4.5954137800080250 0.7431120000000000 0 0 0
4.8554786740715805 5.8099765690876213 5.0103148334438048 1.6200900000000000 0 0 0
8.1139939574493702 1.1181417880097380 5.7439739458518764 1.3594900000000001 0 0 0
3.7133755944543552 2.8695722287508056 2.3024348253968210 0.7646990000000000 0 0 0
9.9801796921793997 5.4039558469274782 0.1826743305584386 0.9228360000000000 0 0 0
1.9775425587086615 1.3817943196711331 6.9855057277061530 1.0171300000000001 0 0 0
4.4870952459096518 4.5953593397121768 4.9857211404499777 0.8239760000000000 0 0 0
4.5372701353761276 9.2805967634670559 9.2715300019778066 0.8409880000000000 0 0 0
8.6689598970149451 9.1627298020601451 5.9107768872266337 0.8377720000000000 0 0 0
0.2107370510207338 1.8327739746100506 3.8364420648224575 0.8727370000000000 0 0 0
9.6437270679085554 2.3928415672851160 6.3658687184891667 1.2985300000000000 0 0 0
7.0210251146616338 2.9033712357852246 5.2740041705902874 1.6114900000000001 0 0 0
0.1711568582066313 0.9745895020378355 9.0897513653298372 0.7495420000000000 0 0 0
1.5920822707871747 4.6553997264583540 5.2113307383637339 1.5263500000000001 0 0 0
7.5405457633372377 9.8916474104500214 7.1433239791157037 0.7836740000000000 0 0 0
3.6897324187331595 4.1338853936059863 5.1893553404625097 0.9933880000000000 0 0 0
5.6861179301501359 2.6292306331136794 2.9618054571634373 0.9134830000000000 0 0 0
2.5112195038476592 5.0622074571292170 6.9489156414720803 0.9484540000000000 0 0 0
5.7966615212580876 5.7109025547582677 2.3892473795121041 1.4202900000000001 0 0 0
3.9384106185233225 1.2851995177375533 8.0180949184514052 1.0474000000000001 0 0 0
7.0204109028150175 7.7273245266256341 7.6979174866597209 1.5009300000000001 0 0 0
4.9316359469851365 2.8968448098058350 3.6476945394757574 0.9666940000000001 0 0 0
0.2450094914111093 8.5009119142418221 4.2499712223489263 1.2563299999999999 0 0 0
6.7137881776232495 8.9706167556184173 9.3392615968975150 0.8271280000000000 0 0 0
7.9218034121245680 4.7486245496753785 6.1006502358981418 0.7424300000000000 0 0 0
8.1687684447843214 9.6362818959395966 7.5382569345078929 0.7325720000000000 0 0 0
2.2800730901570074 2.6551676590963096 4.5402835690405263 1.1818299999999999 0 0 0
2.6881077759281067 9.9311116555567001 7.3315877165339156 0.7650280000000000 0 0 0
6.5039933076754703 3.6030839582067942 7.2404165837794388 0.8516750000000000 0 0 0
1.9372354834738534 4.7257753001570437 3.8422742254110736 1.1963299999999999 0 0 0
8.4775499636121143 1.2440630096757401 9.4628207873043788 0.8068140000000000 0 0 0
5.2436434592047574 9.4875521112004009 7.0182543335282350 0.8186310000000000 0 0 0
9.4289231458276035 8.9695362274726449 9.6245445716047211 0.9293590000000000 0 0 0
6.8093164683924865 1.2445595970901528 2.4987320487991167 0.7934920000000000 0 0 0
6.0923306158107664 2.2369205107944041 6.0255390244870437 0.8110880000000000 0 0 0
7.7918830646953383 9.3188098785520168 9.1278103962797115 0.7317020000000000 0 0 0
3.9872717051059232 7.8387699364290713 0.8807814477643932 0.9333010000000000 0 0 0
6.4772067146617509 7.8659467119398601 9.1987666075280661 1.3627100000000001 0 0 0
1.6654201325786615 5.8183201714982795 9.8840960902792219 1.0310800000000000 0 0 0
4.9750923826970910 2.8167955111805156 9.2027708172262805 0.7828110000000000 0 0 0
4.2124210583478829 7.6161335481652026 2.7598267094959441 0.7365000000000000 0 0 0
0.9005552490207470 7.6600611309015507 1.3525621397154792 1.0329100000000000 0 0 0
0.4408681853219042 1.0138675857077133 3.4388641737540020 0.7439450000000000 0 0 0
8.4143034018571772 2.3816295716226086 8.8410273775895742 0.7760550000000001 0 0 0
4.4166251268520984 9.4718703342409878 3.2233329160416244 0.8286950000000000 0 0 0
6.9354345306843248 5.1192641731710875 8.2897425939357916 0.7396350000000000 0 0 0
8.3972165944782802 9.3888626685380618 4.7546451881446439 1.1137900000000001 0 0 0
0.1485809321828039 0.5763567398630960 4.3641536325486108 1.2314499999999999 0 0 0
7.8857324915404901 2.8873780868167076 6.2161315493311475 0.8514300000000000 0 0 0
0.2084912829570694 5.0120646798610569 6.7834941397107631 1.0966199999999999 0 0 0
2.8694259578314765 7.4239664206923610 8.5235478913498781 1.1099300000000001 0 0 0
7.0336623401366163 1.2160370876985525 0.7806552783359622 1.1465399999999999 0 0 0
2.7472150051612769 6.4308939340934330 5.5112506733957005 1.4262999999999999 0 0 0
4.3827393364476723 0.4458587659385578 4.8712066760238688 1.0617799999999999 0 0 0
5.4633740378414535 0.5025970960892434 5.8446199997740935 0.7953820000000000 0 0 0
8.0196065037685127 7.1447717858579773 8.1084518346622989 0.8600139999999999 0 0 0
8.4562452908159482 1.5676168570561531 8.6898025574855833 0.7754820000000000 0 0 0
4.3155889195102484 8.2812717727012650 9.0947851553756838 1.0226200000000001 0 0 0
4.4318014441707678 7.2355858986385373 9.4460034966672399 0.7876710000000000 0 0 0
7.5959038191816308 5.8988067336257775 8.4935315290326443 0.9135890000000000 0 0 0
6.6509881743560353 0.4827917731081736 8.4662442402303650 1.1804500000000000 0 0 0
1.1315584806947261 4.8203546303959284 6.3651971650575092 0.8867920000000000 0 0 0
1.7030951193835322 2.2575464607613660 6.7130025812454095 0.8294010000000001 0 0 0
5.5401890044560851 3.6321970718883039 3.5555382280470056 0.8778870000000000 0 0 0
6.3942684273206574 0.4212359041099412 4.1151998208955964 1.3419099999999999 0 0 0
2.2029848924857593 2.7102891928857979 8.9424157224565697 0.7684360000000000 0 0 0
5.6727907764889558 1.6112210244887573 7.4560896798526857 0.8968320000000000 0 0 0
5.3247296502588313 9.5324091430791071 9.5668737168637570 0.8373540000000000 0 0 0
9.6397029121347373 8.8898406537487187 3.2553703709459438 0.9375420000000000 0 0 0
8.2344646409958830 9.9433480656387356 1.5557275052671482 1.1166199999999999 0 0 0
6.2571488524047538 4.1257051026280172 3.3403274574671578 0.8497100000000000 0 0 0
8.0251118697942800 2.4321954546472395 3.0399966405335004 1.2348200000000000 0 0 0
0.6842153533794576 8.5397233815994813 3.3208730931039816 0.7303480000000000 0 0 0
0.9014219313158593 5.2132044863148037 7.5382913233525626 0.8369840000000000 0 0 0
0.8202154361214005 0.3739475130544505 8.7259666731580250 0.8958630000000000 0 0 0
2.6139486278897666 7.8917838398938231 2.1389932366651689 0.9123500000000000 0 0 0
9.1265043523814846 5.5107301819272854 4.6446490326455834 0.8721970000000000 0 0 0
2.8597240778562756 0.7771285960347831 6.9329385640184951 0.9103230000000000 0 0 0
0.7863279800643751 5.6698397893793944 0.6696210599877858 0.8822610000000000 0 0 0
8.8684520148096038 7.4876676708036882 8.8451221175271950 1.2246900000000001 0 0 0
5.5483292302432208 0.2711438949004589 0.1614893568536613 1.0423700000000000 0 0 0
8.9086960175026739 7.6826457665430397 5.3717813392310045 1.0830400000000000 0 0 0
6.9214285328496903 2.4907892678278971 6.8299128789362085 1.4681900000000001 0 0 0
0.3868878287510367 4.7531343837277777 0.9976641822020980 1.1417500000000000 0 0 0
5.8836321043777016 4.8493776371709876 0.6612896562939631 0.9825390000000001 0 0 0
6.2843126478371643 3.7662165925836493 4.4121233339500749 0.8221650000000000 0 0 0
0.8692899562113011 1.8379960637348807 6.0535062351682463 1.3667400000000001 0 0 0
2.8347073160143523 1.4533495808094039 1.2610212870876047 0.8504490000000000 0 0 0
4.6592189237900463 3.9685518796359371 2.0536043528242871 0.7875060000000000 0 0 0
8.5019302194291591 2.4519394554651823 1.3471170035206790 0.7511660000000000 0 0 0
1.9732226483843271 3.7607943397332435 3.1674572334624918 1.0113000000000001 0 0 0
5.9221430019425600 5.1528670639085723 5.1908424467028409 0.8165640000000000 0 0 0
5.9005877903241641 3.0773824259073876 9.8563929400997488 0.7644490000000000 0 0 0
5.1314876486545833 3.2599304423341531 6.0210350876231997 0.9776430000000000 0 0 0
5.9189169727315534 9.7732675088824053 3.3318950821261022 0.7778220000000000 0 0 0
5.6287953509106652 2.4096911963156251 6.8397935294810166 1.0297499999999999 0 0 0
1.8947361051722551 0.8597096026303735 5.8155379998470567 1.3264800000000001 0 0 0
5.7285228500994654 8.3719431278259400 8.4668945757625149 0.7504040000000000 0 0 0
2.0354823908184212 2.2957604387578585 9.8457097731885117 1.1093400000000000 0 0 0
1.7296466442584195 6.6962302898621653 5.0764275624274591 0.7614060000000000 0 0 0
7.1745600196397676 3.8112273203782228 6.4736391638766246 1.1435299999999999 0 0 0
6.6663948601116783 3.8257886979659332 2.6647076177893947 0.7795510000000000 0 0 0
1.4588636423830825 0.8831297667564085 8.0091814727294199 1.1866500000000000 0 0 0
0.3161975320890569 6.0566367186720900 9.5046799232705386 0.8524670000000000 0 0 0
1.9392263265002918 7.3498642786243646 5.6356357168073190 0.7571900000000000 0 0 0
6.8906398193211524 8.4952931514174459 2.5013907528342791 0.8317420000000000 0 0 0
5.1978807709844759 2.6215366967006055 9.9998754399618601 0.8309560000000000 0 0 0
4.9576600527344361 8.4223691422957625 0.7663489361959834 1.0449500000000000 0 0 0
3.8072529730666869 2.6426166674921965 7.6603178137927088 0.7761620000000000 0 0 0
2.4407752122019346 9.8873012519254075 5.5462599277369611 0.7995970000000000 0 -1 0
9.4820219052007921 9.5113248448516341 4.2655056324536949 1.1884100000000000 0 0 0
2.9374251584238418 3.6075493106862200 2.4717458855716621 1.2630500000000000 0 0 0
5.3506681906016835 0.1854886540802457 5.0221305665906772 0.8930150000000000 0 0 0
3.4186221788243336 8.0769585193443003 4.5341128930687500 1.0973100000000000 0 0 0
6.4869359447190735 5.1076141526269829 5.7672853453495385 0.7308630000000000 0 0 0
2.4701010269932970 9.2064676998950592 8.1002476981461520 0.9475040000000000 0 0 0
6.5464697748780933 3.1329849192494423 1.4838022148229999 0.9128740000000000 0 0 0
7.5611266285874272 2.5318151041894494 9.3615336031062668 1.1422300000000001 0 0 0
9.0634278072941683 4.8887413927534151 5.9909324944253273 1.4836499999999999 0 0 0
2.8158996620041528 4.2089069666756158 9.8002418502264899 0.7341470000000000 0 0 0
4.6262868487059814 2.2182096412006285 2.7428694515652041 1.2948500000000001 0 0 0
6.1558931820970777 3.3652707414429095 6.2386977476992937 1.0409500000000000 0 0 0
3.1492236309196149 8.5740811274281494 7.7902434281792550 0.7788490000000000 0 0 0
3.2541133428533207 7.4534066399839807 9.8705765487575814 1.5871100000000000 0 0 0
4.2146074462739147 9.0889293901929591 8.2599050627065900 1.2285800000000000 0 0 0
7.6186623181411512 7.2440385316071403 0.9363548778305080 1.3716800000000000 0 0 0
7.2731423509695770 4.3731237035416388 8.4971946166991916 0.8572790000000000 0 0 0
1.1331974173352661 9.0728650097477903 4.4602701675140155 0.8145750000000000 0 0 0
9.2879997296820402 0.2372443015673190 5.4569306640021367 1.5246800000000000 0 0 0
9.3108655529613991 1.0840410073469260 2.0122922641288841 0.8130450000000000 0 0 0
9.1379742251512219 0.4988578054774192 4.2485269493028754 0.7334090000000000 0 0 0
2.4712751073863775 0.4786430304170830 0.9050471223488330 1.2445299999999999 0 0 0
2.4390338923784745 2.7045010978575692 6.6630023641385154 0.8322000000000001 0 0 0
3.1059632584863359 3.8613566222177282 0.4851478231386289 0.8349190000000000 0 0 0
9.6087215273599274 6.0571457833205766 4.0638535964613629 0.9068079999999999 0 0 0
1.9185106513002070 2.7240553333593032 2.5172926674527170 1.3441300000000000 0 0 0
9.6484107024656662 6.3516975731917462 9.9958459395973858 0.8440280000000000 0 0 -1
8.4636919588914097 7.0845832783263072 1.7243676167184607 0.8764630000000000 0 0 0
2.3617221364988930 0.1660860310962999 8.1340837097465659 0.8710260000000000 0 0 0
2.9012817141011271 1.5166153021035935 0.3697544267013488 0.7477160000000000 0 0 0
7.3172682399649949 8.5955252646198659 8.6013579199201935 0.9472170000000000 0 0 0
0.8233782396008442 2.6555029767749549 2.7470067907948450 0.8053420000000000 0 0 0
9.5076747963490877 9.9227094361862509 1.6590145193711490 1.2297700000000000 0 0 0
3.1235495869463783 2.4850943578106963 6.1303638206864388 0.8874400000000000 0 0 0
6.7677859836424004 6.2420171583590545 2.6132017360362729 0.7596510000000000 0 0 0
2.1405128477605024 7.1638663234510336 7.7637568892302316 0.7389740000000000 0 0 0
7.7221308622323575 6.1108036322843056 2.3902865515602767 0.7778360000000000 0 0 0
5.8354603383438999 3.7502619405946209 2.6665687436945822 0.7696539999999999 0 0 0
8.0301477313848597 3.4506407033600395 4.6603857833962525 0.8090320000000000 0 0 0
5.2895191410662994 4.2142252274665495 6.1833155447313004 0.9170250000000000 0 0 0
4.8450263208521616 5.8226334801981086 1.6507830272653390 0.7650540000000000 0 0 0
8.2400602026789969 4.2358789634081342 6.9408310280156886 1.2454400000000001 0 0 0
6.3516549771515525 6.6796910347092204 7.4879226997436668 0.8317980000000000 0 0 0
3.2625802930160783 3.3223725150288814 4.4852642725617047 1.1128899999999999 0 0 0
1.5115015842880757 0.1106092171576721 4.6970245458166451 1.3664499999999999 0 0 0
4.4602135195041868 4.3811683771742391 8.6997384032657603 0.8498370000000000 0 0 0
2.9845242854414118 4.3063005791568676 6.6577990950437806 0.7408720000000000 0 0 0
4.3192922887782030 8.3098968910655113 5.4700324696903033 1.4275100000000001 0 0 0
9.0173769572028259 5.2329861159025519 3.6912208426180468 1.0384899999999999 0 0 0
7.7942708932875462 4.5282141439296009 0.4290472545341554 1.4651000000000001 0 0 0
8.0105744403404966 5.3301023754992238 3.6576718432314186 0.8253819999999999 0 0 0
6.1834689937223954 0.7124996923485081 5.2761277645388640 1.0034099999999999 0 0 0
5.0105852807524158 2.4051780998950818 8.4935048794959904 0.7765140000000000 0 0 0
8.4815739901507232 8.5629257793857558 5.3270130788870915 0.8094620000000000 0 0 0
9.1205838115499684 2.0185010548691587 8.8332100847387984 0.7368300000000000 0 0 0
4.4982443339264933 3.7263653466043976 4.7155801411251783 0.9219280000000000 0 0 0
8.7731467527380307 6.4192852118095534 9.6063866117385182 0.9525400000000001 0 0 0
9.8883510590871282 6.7362633006737331 5.4620843294798451 1.2010600000000000 0 0 0
4.8578929402140565 4.6211322171880829 6.9506706782483931 0.9524410000000000 0 0 0
8.2819238486407478 3.4337311787347145 0.9154284850310452 1.0322199999999999 0 0 0
4.2592218145222045 5.3778487365762331 1.0617320718670524 0.9935680000000000 0 0 0
7.9063099279055988 0.3130824447143057 9.4418565593786177 0.7833810000000000 0 0 0
7.9931157087287401 4.2033723282924793 8.8738238552513540 0.7350630000000000 0 0 0
4.7345060637065641 2.8992419810705119 0.8503685662417376 1.0463100000000001 0 0 0
9.3513925666877178 8.3624505585401163 9.0174335091156888 0.7315920000000000 0 0 0
9.2806008910406614 1.5216072428506993 8.2692784481182642 0.7458370000000000 0 0 0
4.6452097259943610 1.0346825846299916 5.7782393519183355 1.0815100000000000 0 0 0
2.8556610267460640 5.9140040456235683 6.6430909788957573 0.8569700000000000 0 0 0
8.8473452854171537 0.7506086578983088 1.3384372556524391 0.8797960000000000 0 0 0
3.2628407843088776 1.4974068653120562 7.3320894376998362 0.8521090000000000 0 0 0
7.1376412123515536 5.1996611649769502 2.6805916234507632 1.3688499999999999 0 0 0
3.8943647891366249 7.0195932129968641 8.7257950633111960 0.9233330000000000 0 0 0
6.9835110549688695 4.6289686831230723 3.6093912082280823 0.7555890000000000 0 0 0
8.0745361879906490 2.4953486459564926 0.4314476821447449 1.0305299999999999 0 0 0
7.9645237428751097 4.9595727086779693 5.1989407791882503 1.0303599999999999 0 0 0
5.4910549909507029 7.8452473826768223 4.5797312579029539 0.8215920000000000 0 0 0
8.0852455245776493 0.2271452538278353 2.8727856343694329 1.1889200000000000 0 0 0
0.2116954195292873 2.4903507185432967 4.5163726732989469 0.9487020000000000 0 0 0
3.4752653626780314 5.0259536396490372 0.2744658464136413 1.2461400000000000 0 0 0
5.7584692093114258 1.5496220504247333 6.5427827401251859 0.7439560000000000 0 0 0
0.1347261155597226 8.6154595553014595 8.0373681069887084 0.9297150000000000 0 0 0
4.3593853328216472 2.8689112018105596 9.9411445901257842 0.8412700000000000 0 0 -1
9.1691084743738003 0.2078330811152393 0.4230504086532802 1.2367699999999999 0 0 0
1.4530943237035192 9.0028709459898923 2.7625980285815386 1.2535300000000000 0 0 0
3.7381363272396384 9.5488813627559921 9.0848903641976122 0.8135720000000000 0 0 0
8.8824359926403815 8.1745745312394096 7.4122172347183195 0.7450810000000000 0 0 0
0.0960154319676201 7.0760255004713795 9.8733892684703299 0.7690979999999999 0 0 0
0.5572920305136522 7.7052385258230114 7.8654755377715917 1.0245400000000000 0 0 0
6.2202464149156542 6.1540641504274403 5.5593119513359710 1.2937300000000000 0 0 0
1.3307536891328740 0.6033166187934522 1.2911927145992985 1.0617500000000000 0 0 0
4.1991788070768798 3.8662715554829945 7.7498895332568134 1.2144699999999999 0 0 0
5.8416624628903095 8.3557526187355702 7.5356620013213425 1.0080899999999999 0 0 0
0.1126908860842677 1.9272953558884365 9.0255397252054692 1.0989199999999999 0 0 0
5.5973355717299853 9.3820955442619809 5.3967725984846560 0.8806710000000000 0 0 0
4.1912426966133687 5.0951153013840207 7.7072838592549102 1.1616100000000000 0 0 0
5.3069272288943932 7.7910371229872615 3.3067428982654667 1.5843799999999999 0 0 0
7.6039478593766940 1.7633887525084424 4.8681333095038557 0.9570640000000000 0 0 0
2.2507048261328602 2.0818664497880888 1.6245833098269946 0.8495870000000000 0 0 0
3.4386795873902414 6.9670096607423506 2.9456982320177700 0.8680460000000000 0 0 0
4.2819828243913216 5.2083177501243227 2.1391929069790065 1.0995999999999999 0 0 0
3.4737262734713821 4.3413082431581342 1.0783731946299364 0.7898710000000000 0 0 0
9.9370587927606433 9.9715520661464563 9.3819750501230068 1.2915399999999999 0 0 0
5.3661093051267432 3.5633718129438106 7.1833791505659272 1.3511700000000000 0 0 0
0.1670523770692413 6.7606048532891814 4.3769268012757268 0.9097490000000000 0 0 0
1.4703115170851684 5.7051545538076853 4.2930574272521067 0.9516890000000000 0 0 0
3.3856502719432560 2.2112029029715625 6.9005999262907531 0.7688160000000001 0 0 0
7.1323093126457433 4.1109703930019412 9.4320155837062760 0.9648320000000000 0 0 0
5.2703424403511949 0.2472823731329461 2.6344469067438303 1.2683599999999999 0 0 0
5.5530824431149464 7.0302603956395995 2.3476143409796708 0.7479650000000000 0 0 0
4.4195070918552881 3.8436081487457172 6.4795674165688624 0.9903160000000000 0 0 0
7.2015719745479423 9.5467417201595790 4.7339437768196122 1.1955000000000000 0 0 0
6.2829217662217163 4.1742294098368973 5.3952679526534988 1.2274400000000001 0 0 0
1.0808496132822769 0.4920251486988585 2.6018684091130342 1.5164200000000001 0 0 0
5.2991196040856634 5.9630765071793732 7.6228442288587246 1.5560600000000000 0 0 0
1.9918094457417090 3.2554497871511003 9.5376446394893186 0.8313240000000000 0 0 0
8.8359952976162557 5.4582643575697789 0.1190970093488805 1.1222799999999999 0 0 0
5.2665502105543158 6.2804882525221872 6.0807873833188593 0.7659390000000000 0 0 0
4.5983107214176586 2.8746735068513214 7.7140947458830977 0.8106010000000000 0 0 0
4.4850856847765028 5.4254835166248636 0.1347649660373207 0.8487830000000000 0 0 0
6.4270075507145528 6.7358067823146479 9.7307473065243517 1.0519700000000001 0 0 0
2.4049064995735296 9.6340460589967627 9.0533903600369960 1.0138199999999999 0 0 0
0.2682649791052098 4.4797406688275911 7.7187289717468124 0.8560500000000000 0 0 0
1.9254642901942562 1.6217494510747661 8.9281595033428189 1.0942900000000000 0 0 0
3.4206069007249429 6.2551578284030622 0.6945144487540459 1.2387600000000001 0 0 0
2.1481416042028165 4.8951010074329799 7.8120788958112266 0.8821830000000001 0 0 0
8.4408471223470141 2.0786769537189373 9.6363732041887555 0.8412560000000000 0 0 0
8.0277838814591220 8.9485570668741925 1.1310087789561478 0.9651180000000000 0 0 0
8.2345169994323459 3.1267538555520549 8.6505429358466266 0.7455480000000000 0 0 0
5.2504499672017317 6.3640452501844553 9.8727691835595479 1.1969799999999999 0 0 0
7.1881399382764446 2.2126110471141422 4.0659644203945708 0.9810060000000000 0 0 0
9.7713986053525659 8.6579327821838614 1.7222401146064557 1.0491299999999999 0 0 0
5.6530989197718444 4.9135653394873016 7.1709990380081816 0.7352500000000000 0 0 0
8.4589980554295181 3.2525688498883478 2.1329218763434961 1.2163700000000000 0 0 0
4.1340619885477921 0.9698406139726840 3.9622884763524238 0.9659470000000000 0 0 0
9.6820651502200423 9.1232402597507889 0.6951762375071775 1.1349700000000000 0 0 0
6.3630106361886227 6.1408295015249665 3.4529703937907659 1.0489100000000000 0 0 0
5.9773495739425000 8.9605537247613665 4.2495102682586667 1.5880900000000000 0 0 0
2.6961868956824837 2.7691898685851539 7.4506553273377945 0.7683100000000000 0 0 0
5.1804244219875919 5.5577812810954965 0.8230571217629916 0.8644180000000000 0 0 0
8.0503271557659186 6.3891289971858773 1.4923612145981289 0.7434269999999999 0 0 0
0.0705041501595875 1.1082744916033207 6.2759195939370880 0.7340570000000000 0 0 0
5.3060074134355926 9.1486929392308731 3.0410465898181340 0.9833229999999999 0 0 0
8.8681398395123221 3.6027709915513966 4.8062249412577307 0.8499640000000001 0 0 0
0.3820386059158556 9.3556582936872115 1.4104051190862388 0.7990110000000000 0 0 0
4.6860567751139914 9.9503566467926721 8.7450793205958988 0.8195950000000000 0 0 0
5.0566459528187861 8.5999751660245689 9.7428319578824230 0.9648080000000000 0 0 0
3.0495492730877416 5.0542451763978118 3.6962935690714009 1.0530800000000000 0 0 0
7.9127370159682648 3.7718559347828977 8.0269053153289782 1.0629200000000001 0 0 0
8.0475867246741721 7.3000270123849065 3.7022373109922890 1.1116299999999999 0 0 0
9.0391581506837131 2.7881533982860929 2.9655700423723244 0.7696210000000000 0 0 0
9.9764049896040472 0.9469719437601178 0.0314459467704175 0.9734590000000000 0 0 0
6.0535429323961933 9.1429578700030607 7.0708402592949824 0.8026200000000000 0 0 0
5.3586122871293478 1.9735454033912154 3.5206426922948353 0.7675600000000000 0 0 0
6.4489059172182808 8.6687233959233403 8.4441155405389470 0.7312240000000000 0 0 0
4.1558743523262658 8.6684205322127585 1.4832977356122679 1.0682499999999999 0 0 0
2.4726023911196813 8.8946356751934754 6.9242562204058302 1.3992000000000000 0 0 0
2.2659520047078652 8.8744537224289779 4.9657113812495473 1.4798300000000000 0 0 0
9.2877138932345567 3.5921661008035999 3.1611180635896190 0.8907890000000001 0 0 0
2.9963407127395727 2.1109016358707660 8.3352393932126407 1.4332000000000000 0 0 0
4.3781909210070653 6.9741153140572534 0.2977440933739062 0.8937340000000000 0 0 0
2.5186393070977036 5.4887018773960268 4.6017900348283867 1.1413599999999999 0 0 0
7.2562476393158439 3.1274401050419995 2.2687552158171962 1.1304399999999999 0 0 0
9.3531073830360132 7.1077503887153641 3.6612663670620087 1.1582699999999999 0 0 0
6.2793703515046042 0.5300061440078115 2.9461178542637199 0.8358320000000000 0 0 0
2.9163589032417292 1.1311143325063409 3.8865991148619679 0.7407980000000000 0 0 0
1.7562657004154820 2.9455522308666611 6.2593827909985773 0.7480599999999999 0 0 0
6.6652370643810075 3.2330210778089610 8.9866672823939844 1.1277400000000000 0 0 0
4.5316654255834665 2.7169447978787935 6.7431177858599662 1.0927300000000000 0 0 0
5.8127425769507202 6.8011100971530629 4.3397811252351302 1.3341200000000000 0 0 0
0.9212241387951873 6.4464260472194272 1.1040998998044080 0.8254200000000000 0 0 0
4.9814116371649781 3.3669824908759449 2.6883974960865333 0.9984040000000000 0 0 0
2.4666460022112635 7.6245513403760850 0.8508753377874816 0.8017530000000000 0 0 0
4.8293534833698226 1.1923044906493712 3.2695263267203951 0.9581830000000000 0 0 0
6.2037303322236257 3.2801188996520891 3.1871322082628821 0.7349950000000000 0 0 0
1.1045285818782311 3.1167298547864450 5.2517538151790646 1.5836100000000000 0 0 0
3.6680766155216635 0.0568503702844995 0.8642117460695378 0.9230950000000000 0 1 0
0.1311456492506241 0.9490618916400335 2.0448008506322526 0.7738730000000000 0 0 0
2.4848921702578362 0.6607870706678108 3.0133322500246997 1.2559199999999999 0 0 0
1.2951791044870760 6.8391446809808416 3.8595538351062348 1.3391500000000001 0 0 0
0.2841496034248551 9.1009303088457472 9.8983253774623048 0.7588220000000000 0 0 0
1.6789698090255831 8.8888883793157660 7.7825424622809090 0.7895280000000000 0 0 0
4.3308836205960795 4.9774898125877050 3.8017478953961947 0.9652740000000000 0 0 0
3.6255814620147984 7.6848250046221285 1.9940661932685766 1.1009300000000000 0 0 0
3.8670705187671430 9.7998465480585075 4.0568462493546020 1.1782100000000000 0 0 0
4.5223622024787709 6.1826848558146850 0.6999399978940536 0.7818090000000000 0 0 0
4.2078375418133032 6.8994691107936532 1.3079381632584572 1.0544800000000001 0 0 0
8.9165167785233308 8.1894359005721213 9.7077122385082415 0.8760869999999999 0 0 0
8.5881833511696613 2.1419869352321523 7.9449448668780391 1.0362700000000000 0 0 0
8.1143148123994315 5.3914929559621845 2.0707376853552866 0.8513480000000000 0 0 0
6.1388872246923922 5.0821253026847959 3.4313076160070288 1.0078000000000000 0 0 0
9.8753554512735029 0.9204009338889098 1.1141258076922755 1.0723700000000000 0 0 0
9.6030810764733854 5.7423911878605987 5.3769862802806658 0.8002950000000000 0 0 0
0.6326343227168878 6.4868264082149407 0.2478644063040259 0.9115650000000000 0 0 0
1.7635334679110359 0.5247660118878639 9.0927002765147016 1.0601700000000001 0 0 0
2.5043500759079094 9.4410700179464317 1.0920011936492395 0.7860420000000000 0 0 0
3.8620478973424635 9.6183663825241617 5.0580296093612809 0.7851910000000000 0 0 0
5.7839763904066546 2.8275104438351160 5.5667902569507364 0.7515660000000000 0 0 0
8.8883537154217809 8.0031543000454537 2.5560380393447413 1.6003900000000000 0 0 0
9.1500518814121943 0.0869189062335116 8.6873840531238002 0.7307090000000001 0 0 0
3.2490061422696632 8.5894660848020390 2.1638957548713962 0.7785460000000000 0 0 0
5.0807528978003988 3.4066874815395813 8.4099112949841324 1.0844100000000001 0 0 0
6.5560341008047622 8.4376844670273172 6.7293774358708243 0.9703990000000000 0 0 0
5.0901942407545251 1.8260140812837566 1.0012134843509439 0.8155450000000000 0 0 0
2.3091342250655682 1.0914922296430236 9.8232281232644887 0.9829320000000000 0 0 0
9.8081745398703806 1.7709930858751224 2.7606550432401424 1.3458900000000000 0 0 0
1.5835997446605476 8.2012893856210329 6.1603025726702274 1.2230900000000000 0 0 0
4.9305766273602760 7.8202920035063190 7.3007637908309775 1.0534300000000001 0 0 0
8.3231607927100697 0.0217789115962992 6.4765686409671774 1.2044100000000000 0 0 0
7.0813465085099745 0.4870585324024516 2.6809287935587007 0.7981020000000000 0 0 0
5.6776398699390471 7.3182560663584422 8.1735888154828995 1.3626100000000001 0 0 0
8.6359209895056672 9.2222402907319321 3.1880911176541535 1.0951299999999999 0 0 0
3.1637849483001448 9.6469734879328630 8.4877298495253619 0.7804770000000000 0 0 0
6.4416704567848804 1.3854416953697639 8.8476901605274740 0.7310010000000000 0 0 0
7.9697318501642966 9.7967384503632005 0.3869763400516722 1.2049900000000000 0 0 0
7.6423825371113550 7.6593847841121638 8.8451029076874796 1.0145700000000000 0 0 0
8.4220799316892041 4.1863598195637968 4.0755179452463759 1.1507600000000000 0 0 0
9.4326703991543894 6.8177462847969128 2.5203074226716580 0.8854300000000001 0 0 0
1.5744704817365716 6.5928936756750076 1.8732481421499045 1.1378699999999999 0 0 0
2.6119262016918570 2.0186496240690648 7.2155440272420339 0.7487850000000000 0 0 0
7.4688807400092534 1.3035575426425010 9.0487960695658582 1.2944400000000000 0 0 0
5.9172818838846766 5.5220999992985815 1.2740358500450222 0.7727480000000000 0 0 0
2.6423884099958985 9.9165986097647245 4.0380536433584355 1.1901600000000001 0 0 0
0.7852900373770000 5.4702268524977598 9.8510564456027083 0.7369289999999999 0 0 0
8.7217912624460929 3.8524645846287711 8.6292002636215113 0.8685110000000000 0 0 0
9.4300956996828162 1.3611272837680228 9.4382264150661257 0.7668570000000000 0 0 0
7.4837451071141201 8.2196141400501350 5.6645574659645579 0.8965300000000000 0 0 0
4.2091178461159044 7.2728149025766760 3.4712940473024436 0.7691000000000000 0 0 0
2.8557680885580630 5.9059415898819836 9.6438098542937531 0.9985250000000000 0 0 0
5.9586901669679815 2.1237255641418011 5.1784629152157295 0.8369270000000000 0 0 0
9.8409919523979319 2.7680753523500963 5.3332261549702951 0.8521180000000000 0 0 0
5.6736777310718649 4.2045984006136505 9.4244884847972283 1.5932200000000001 0 0 0
1.8640651523199996 5.6582699484575327 6.2350046175294764 1.2226600000000001 0 0 0
1.3108818145478649 8.8469478971131217 6.9352831253144052 0.7754400000000000 0 0 0
6.4393253209870283 4.9182043705117220 1.7002591335903341 0.9530560000000000 0 0 0
2.2242093387677699 5.5929473632096096 8.6558684451053161 1.2356400000000001 0 0 0
3.6614275583859111 5.1121317637544630 4.6506026213288765 1.1383799999999999 0 0 0
3.9416811528853439 8.6139181948780816 6.9089835601771838 1.4907900000000001 0 0 0
6.1372037419936616 4.5610372928770051 2.5515695568920131 0.9048550000000000 0 0 0
6.0247988522464944 2.6057629858769742 8.0102078953339060 1.3866900000000000 0 0 0
3.6017059984146078 4.0190703800905991 6.1215763374967773 0.7378580000000000 0 0 0
1.9647738610981993 1.8125454512838255 7.8523712659892428 0.8302090000000000 0 0 0
3.5752405873909670 4.2251599537288884 1.8993537340277051 0.7775050000000000 0 0 0
9.2862098003272262 6.0792226868977561 3.1310520864676987 0.9865460000000000 0 0 0
0.5717092540307220 1.5705971181717353 9.7875827374040778 0.7486840000000000 0 0 0
8.2600873890688273 1.9067433429581555 4.0833876168033196 1.0345400000000000 0 0 0
8.2821266780816849 0.4308688576868870 4.7221384426532538 0.7527509999999999 0 0 0
0.8655379193710703 7.0398071475015014 9.3382097145002554 1.0408900000000001 0 0 0
0.8302032486520469 6.0373747731144771 6.8481569347433036 1.2052600000000000 0 0 0
9.8623106289608646 2.4832506815352313 7.8107150005754784 1.5231200000000000 0 0 0
6.4719507861897947 4.2525511413935568 0.3610655527544255 0.7374750000000000 0 0 0
3.6043962056511818 4.1661593111107358 9.6099867301970576 0.7637450000000000 0 0 0
1.5296038377227348 7.9781017912468402 7.3674098638860688 1.1443300000000001 0 0 0
6.2298233555570990 5.8391639453619666 0.3731336447719822 1.1102000000000001 0 0 0
8.4105122529124152 5.5963457008732567 9.1208031484242067 0.9599200000000000 0 0 0
6.6461077608669452 8.1192095056781461 3.3830147284309153 1.0793900000000001 0 0 0
6.0210471849210894 5.1834700857102280 8.6345057773245539 0.9122240000000000 0 0 0
7.5943203443979170 4.9810139872234123 9.1844898295330548 0.9918190000000000 0 0 0
6.7237916474481851 4.9848074682011347 9.8401395930133848 1.0553200000000000 0 0 0
6.8614367453102103 3.6852551176942536 8.0583548190982217 0.8727720000000000 0 0 0
5.0118589066099206 1.6457783735890501 1.8868397836815480 0.7389230000000000 0 0 0
4.8066619450676402 7.4950878895713737 0.8417656037468358 0.7715919999999999 0 0 0
5.7124739662938131 3.6634415297368816 0.8550067521291618 1.3507300000000000 0 0 0
6.2284473116086465 4.4597175936510389 6.5817022451740499 1.0806300000000000 0 0 0
2.1462843154530118 9.6795346980311958 3.1762772905876493 0.7678880000000000 0 0 0
8.5781374189657331 1.3540135987220463 2.7402324740006248 1.1618500000000000 0 0 0
0.2115674726581520 2.5508418408080860 9.8974982515456311 0.8884300000000001 0 0 -1
9.7856907642278124 8.0171707373146504 3.4131379974739224 0.7928990000000000 0 0 0
9.5254167500630018 9.3505259353074592 6.2356957929753483 0.7840700000000000 0 0 0
9.9662805729253279 7.4643660252263917 2.8313054292921169 0.7792690000000000 0 0 0
3.1162290564345598 0.4869090688994239 0.0571722484144027 0.8108710000000000 0 0 0
9.7318094307760994 8.0292690241713203 7.4017401613396014 0.9091399999999999 0 0 0
0.9860845767749108 3.5955809122379265 2.7573517759121025 1.0187700000000000 0 0 0
5.3303114521394352 4.6729156627721036 1.6397792457765799 1.2094199999999999 0 0 0
7.6252149917717622 3.7899693249211226 1.5632323612516650 0.8693570000000000 0 0 0
9.2384359151447306 8.3150643191825608 6.3996102611364680 1.3140000000000001 0 0 0
9.5088419289968158 4.9241229196497462 9.5935533463242013 0.7756030000000000 0 0 0
7.3199554919162688 5.5453929741934260 5.8249029062909230 1.0267700000000000 0 0 0
6.4435293408876868 6.9927171266031962 6.1555337321117545 0.7379340000000000 0 0 0
9.3343494979244657 3.5585705453499661 5.6819407378211242 1.0627500000000001 0 0 0
2.9415296781415634 7.8742431965917774 5.9274450740228639 1.5002200000000001 0 0 0
5.7994059915277667 7.9443233504938728 1.1241217837204058 0.8991050000000000 0 0 0
8.6562251806411119 0.9948936369796709 6.7460408068216164 0.7574030000000000 0 0 0
1.3917011440877369 1.3625434817203399 9.7539916572311025 0.8667370000000000 0 0 0
6.0387021040614952 2.6514776545581262 4.1076183448486976 1.3693200000000001 0 0 0
0.5397765541331381 5.9582925665246718 4.0224592670912420 0.9000780000000000 0 0 0
6.2949814574404206 7.7909777890432421 4.2418292545005345 0.7507360000000000 0 0 0
0.6376007026678262 0.6286872452988872 5.5533355997470153 1.1895700000000000 0 0 0
8.9664553066311026 2.7719149252540674 7.1169560597743633 0.7295480000000000 0 0 0
1.4073953136105410 9.5453095229917100 6.0159864932346370 1.4063900000000000 0 0 0
4.1371789395604885 0.4174650097391360 3.0631791546021296 1.0656099999999999 0 0 0
2.3576920642926820 6.9851066116102212 2.7417210618317274 1.2247300000000001 0 0 0
1.3165435611246541 5.3300988524476267 8.2486984434531916 0.7473760000000000 0 0 0
2.5317884144782270 0.4923777984370573 4.9309518620031785 0.7695880000000000 0 0 0
7.6194998087053287 3.4937101100710080 8.9667711856271755 0.7445300000000000 0 0 0
8.3945022119126058 0.6612630968489748 8.7925948530084224 0.9090680000000000 0 0 0
6.5448288460955544 9.4067248046174026 1.2382866629440885 0.7507480000000000 0 0 0
7.6902558733405622 0.6222886876068443 8.1541893786513739 0.9119800000000000 0 0 0
8.9955470016948453 7.5350913004755524 7.8340606103224513 0.7446890000000000 0 0 0
8.6881504276158150 7.1548375440630183 4.4774685527129980 0.8334810000000000 0 0 0
2.3652453819371728 6.6027463499358205 0.3815821608340455 0.9844660000000000 0 0 0
2.4563260611084803 8.7124533067018817 2.5218700509953815 0.8044519999999999 0 0 0
3.7311529149120810 4.4958207321638826 2.9080947711806084 1.1858700000000000 0 0 0
1.3086315392871619 4.9137922834577878 9.1980125914651012 1.1996500000000001 0 0 0
4.7600388031415823 8.8758410298613164 3.8147192831907102 0.9138770000000001 0 0 0
9.9577041902260550 9.4488434288935128 7.7175569791006504 0.8187170000000000 -1 0 0
2.2887330632434053 8.2296387827869122 8.1149229461388668 0.9480390000000000 0 0 0
7.3780009659908607 9.8056325865231955 7.9777867480222833 0.7971730000000000 0 0 0
4.5655868413037544 7.7092265141503260 6.4113038217249532 0.7682650000000000 0 0 0
0.5843288859423770 6.7921523423152381 8.3850582350172207 0.9115090000000000 0 0 0
