3.15832 3.10238 9.61412 1.52235 0 0 0
9.39297 2.99498 0.840155 1.30364 0 0 0
2.28619 8.87936 0.211811 1.54838 0 0 0
4.90515 6.84408 3.77703 0.810913 0 0 0
3.24046 7.38487 1.19366 0.867958 0 0 0
7.64969 8.56628 0.040553 1.59814 0 0 0
3.95568 7.44886 7.14401 0.992341 0 0 0
3.57908 2.01145 0.379327 0.763534 0 0 0
1.48769 3.59219 8.24549 0.734272 0 0 0
1.09248 8.795 5.44459 0.81033 0 0 0
4.26489 8.66691 2.80697 1.12613 0 0 0
6.78624 2.14986 1.8134 1.31586 0 0 0
3.70089 5.93353 5.55004 0.731227 0 0 0
1.70664 2.73976 7.65064 0.87575 0 0 0
9.84684 9.14484 7.01136 0.805748 0 0 0
0.0261954 3.68682 5.10825 0.815473 1 0 0
1.66403 5.30927 1.63242 1.56006 0 0 0
1.26398 3.96477 4.4445 0.731592 0 0 0
7.86342 2.17386 7.47867 0.748125 0 0 0
3.91831 3.81255 2.48074 0.774347 0 0 0
2.88744 7.75024 7.3923 1.2325 0 0 0
7.64195 0.387721 4.05891 0.947814 0 0 0
6.1097 4.36706 7.62292 0.729937 0 0 0
8.72689 0.562115 2.26579 0.744879 0 0 0
3.04633 9.69222 9.71363 0.836246 0 0 0
2.6341 3.07542 3.68939 1.02321 0 0 0
3.86909 3.30383 3.46851 1.30133 0 0 0
3.44493 0.727038 2.03575 1.43417 0 0 0
4.97558 3.50896 0.186949 0.730346 0 0 0
8.18605 7.38356 9.81653 0.976607 0 0 0
8.91239 9.28923 7.01881 0.872599 0 0 0
1.05501 3.26295 1.883 0.920755 0 0 0
6.74808 4.25608 1.27739 0.957363 0 0 0
9.67669 6.81761 9.15136 1.06132 0 0 0
2.39334 9.0034 3.55184 0.906102 0 0 0
0.328941 9.51892 2.51389 1.13868 0 0 0
9.21173 1.38163 6.28508 0.945642 0 0 0
0.986844 0.789735 3.91668 0.789336 0 0 0
0.621368 3.71527 7.8828 0.951316 0 0 0
5.88741 5.57991 9.55693 0.812643 0 0 0
0.728052 0.751935 9.77192 0.872011 0 0 0
3.32229 7.30655 4.12007 1.03756 0 0 0
5.01433 0.172885 3.97576 1.26396 0 0 0
1.31237 3.97588 1.01492 1.27486 0 0 0
5.26749 3.94173 5.26863 0.773881 0 0 0
2.61944 3.63289 5.75349 1.53086 0 0 0
6.87656 7.21296 3.95118 1.03986 0 0 0
1.74801 8.01206 0.88361 0.787635 0 0 0
0.141136 8.514 2.6881 0.88422 0 0 0
5.53341 9.17004 1.89614 1.52011 0 0 0
9.18912 8.35124 8.22653 0.89092 0 0 0
1.70277 6.24444 0.853309 0.79525 0 0 0
8.64342 9.75597 9.48983 1.11777 0 0 0
3.06178 8.41697 1.32194 1.12944 0 0 0
3.14963 4.55848 7.7282 1.17519 0 0 0
7.87523 1.6678 0.192866 0.957236 0 0 0
7.23504 7.38786 9.82845 0.835383 0 0 0
3.34342 0.539366 7.73342 0.979842 0 0 0
2.46627 0.0998917 6.53102 0.965706 0 1 0
3.34244 6.57746 2.02336 1.11494 0 0 0
6.49895 0.320542 7.30115 1.27367 0 0 0
2.19987 9.96336 2.09983 1.24542 0 0 0
1.02116 7.52225 0.419466 1.00087 0 0 0
8.49772 6.34052 5.55786 1.61255 0 0 0
4.04506 6.2109 8.37479 1.05601 0 0 0
3.35781 0.760953 5.88655 1.50496 0 0 0
1.65756 2.81104 1.06589 1.07832 0 0 0
9.40938 9.27591 8.69217 1.06871 0 0 0
0.318934 5.2735 9.28613 0.912032 0 0 0
3.10589 6.43309 8.81566 1.00129 0 0 0
5.86591 9.89435 1.05 0.749899 0 0 0
8.10756 5.7098 6.96009 1.47703 0 0 0
5.76063 1.64645 2.67211 1.26524 0 0 0
8.99359 2.28775 3.55702 0.840517 0 0 0
4.43699 7.99252 0.238105 0.761444 0 0 0
1.17964 5.78987 3.40174 0.869616 0 0 0
6.07917 2.2993 0.648182 1.35859 0 0 0
0.84829 5.07908 3.97115 0.994038 0 0 0
9.39096 2.37536 9.85281 0.932986 0 0 0
3.11724 9.00251 4.14483 0.899566 0 0 0
6.85458 9.53893 8.60193 0.890683 0 0 0
8.56422 5.26341 4.57081 0.765464 0 0 0
9.46576 8.93795 5.38199 1.13748 0 0 0
8.0028 0.949976 0.906406 0.934419 0 0 0
7.36722 6.6298 6.2132 1.00365 0 0 0
6.06868 8.20121 5.13583 0.733954 0 0 0
1.0924 2.28795 9.40882 0.979757 0 0 0
1.05632 8.62368 8.47436 0.965483 0 0 0
9.50536 0.451131 3.16788 1.58687 0 0 0
0.257302 5.21911 2.13453 0.952842 0 0 0
3.0105 9.93771 5.09322 0.805041 0 0 0
7.67366 2.24183 6.02715 0.737619 0 0 0
5.1582 2.52026 4.74674 0.756817 0 0 0
6.60181 5.95164 8.13224 0.954706 0 0 0
4.4236 3.7197 9.44665 1.0296 0 0 0
4.31975 9.73574 2.22009 1.14205 0 0 0
2.81142 4.487 4.69757 1.10108 0 0 0
0.363038 6.69463 3.22636 1.16555 0 0 0
1.2075 4.17469 3.66701 0.755418 0 0 0
9.79896 6.10802 2.25694 0.819858 0 0 0
1.01623 2.88035 8.26204 0.776594 0 0 0
2.56988 1.15489 7.90612 0.978833 0 0 0
5.30012 5.41286 0.137052 0.82134 0 0 0
8.97101 4.18124 2.52344 0.831012 0 0 0
9.51897 3.31123 9.84032 0.741618 0 0 0
2.11603 8.27461 3.11664 0.79063 0 0 0
3.3399 9.54971 7.76029 0.922811 0 0 0
7.79079 8.62493 4.8739 0.933017 0 0 0
7.23287 4.2496 4.95663 0.952175 0 0 0
1.91131 1.63109 0.858221 1.1286 0 0 0
0.378651 8.85164 6.16954 1.16011 0 0 0
0.498623 8.5239 7.26502 0.892237 0 0 0
7.27908 6.32647 5.26816 0.840517 0 0 0
8.27708 0.864369 0.0214413 0.756671 0 0 0
5.54242 7.24857 9.3273 0.746793 0 0 0
6.26387 6.86644 2.24598 0.790924 0 0 0
5.6469 6.75425 3.17243 0.792546 0 0 0
9.4962 3.13903 4.72765 0.764649 0 0 0
2.05118 3.87655 7.26057 1.51367 0 0 0
1.2738 4.49933 8.13495 1.07911 0 0 0
7.2607 4.6175 5.81304 0.802284 0 0 0
9.64459 4.51571 1.76927 0.914126 0 0 0
1.65863 6.52674 8.36103 0.730064 0 0 0
9.02898 9.65656 7.84605 0.873739 0 0 0
6.73522 2.29128 8.90688 0.83921 0 0 0
3.49232 1.04923 0.855247 0.921502 0 0 0
5.60322 3.16773 9.31131 0.74236 0 0 0
4.72995 3.94514 1.39045 0.738721 0 0 0
0.126651 5.50639 3.21794 1.10319 0 0 0
1.73958 5.98943 5.24399 0.84039 0 0 0
4.89023 6.95879 6.82102 1.05113 0 0 0
0.875375 8.82426 0.780678 1.31456 0 0 0
7.28552 4.919 6.61103 0.790726 0 0 0
8.81821 2.4077 2.42602 0.835082 0 0 0
4.49311 2.08139 3.96415 0.903171 0 0 0
0.418381 4.4949 4.70613 1.01834 0 0 0
7.08991 4.57523 7.57647 1.23378 0 0 0
1.50643 3.16285 8.91681 0.770165 0 0 0
8.57821 0.0717763 3.96001 0.896931 0 0 0
5.45229 8.70902 6.4051 1.344 0 0 0
9.02165 0.688179 9.56266 0.828914 0 0 0
4.92088 8.32522 8.26082 0.926402 0 0 0
4.27098 5.0631 6.09709 1.21411 0 0 0
9.18509 1.67987 7.35659 0.973086 0 0 0
9.25212 2.95782 8.99264 1.04742 0 0 0
9.72124 7.65923 4.75472 0.960627 0 0 0
9.59941 6.5785 1.59966 0.78684 0 0 0
3.33575 7.29181 5.08735 0.768868 0 0 0
0.264352 9.91755 6.18763 0.832048 0 0 0
4.87343 5.56239 9.03764 1.31354 0 0 0
2.96977 4.06289 3.71095 1.02089 0 0 0
4.46692 1.23583 2.47555 0.92484 0 0 0
8.30854 7.27563 6.9256 1.60208 0 0 0
0.23318 7.7605 8.99603 1.10019 0 0 0
7.80456 8.81106 6.86217 1.50515 0 0 0
0.0279582 5.70656 7.77364 1.00063 0 0 0
9.33369 8.86703 7.57938 0.731426 0 0 0
6.16779 0.914085 6.28123 0.906753 0 0 0
0.595363 9.65284 6.97662 0.922374 0 0 0
1.53322 6.73423 0.195712 0.782989 0 0 0
7.04111 2.05958 0.125845 0.831416 0 0 1
2.17209 1.20676 1.95405 1.0927 0 0 0
6.70158 4.87885 9.03693 0.73862 0 0 0
2.38767 3.35253 1.63844 0.945701 0 0 0
5.27034 0.734262 7.0103 1.28377 0 0 0
1.55004 9.79472 7.37314 1.06142 0 0 0
0.102238 3.35579 6.12179 0.732156 0 0 0
3.16078 5.36683 1.66594 1.35086 0 0 0
2.30086 7.59897 4.77018 1.28388 0 0 0
0.205035 3.88266 1.15591 0.871414 0 0 0
0.0695191 1.98779 0.733008 0.946126 0 0 0
0.21668 3.3705 0.316743 0.736575 0 0 0
6.94813 0.512596 9.52392 0.809571 0 0 0
8.78384 4.60319 5.03643 0.740333 0 0 0
8.38273 3.52968 9.81775 1.30217 0 0 0
0.395002 6.88624 2.06122 1.08481 0 0 0
3.96677 2.08549 1.55915 1.54497 0 0 0
6.37814 1.26284 9.86079 1.12474 0 0 0
5.02831 2.3109 7.64991 0.790802 0 0 0
8.95414 1.62737 0.630729 1.31637 0 0 0
5.71412 1.63223 1.53326 0.883973 0 0 0
7.03862 9.59931 3.32583 1.3921 0 0 0
8.88848 8.13776 0.974211 1.52334 0 0 0
0.47889 7.77714 3.75695 0.875296 0 0 0
0.855242 5.52925 4.76497 0.74986 0 0 0
4.03817 6.99299 5.89451 1.32942 0 0 0
1.49331 8.33333 4.01209 1.30209 0 0 0
1.68979 0.308001 3.69258 0.767601 0 0 0
6.73891 9.43722 2.15396 0.921766 0 0 0
7.25738 9.73443 9.62346 0.833 0 0 0
1.51938 0.562268 0.337514 1.00745 0 0 0
2.49325 5.65299 0.630871 1.04242 0 0 0
7.71986 9.1134 8.02535 0.780136 0 0 0
3.0844 8.74142 8.96326 1.35316 0 0 0
1.14545 3.16616 0.0778831 1.12642 0 0 1
0.49215 7.45731 6.63219 1.53665 0 0 0
5.01653 1.67763 8.46858 0.890072 0 0 0
2.27193 1.95762 3.68479 1.25398 0 0 0
1.15193 9.64386 9.69909 1.29991 0 0 0
0.921552 1.92796 1.82146 1.60789 0 0 0
8.81602 1.37554 4.81767 0.979308 0 0 0
4.76355 9.46998 4.90153 1.06369 0 0 0
6.82907 5.24435 4.99341 1.12524 0 0 0
4.90663 1.84696 6.864 0.999054 0 0 0
7.42601 1.38823 3.4799 1.33933 0 0 0
0.822543 4.24084 7.08174 0.959187 0 0 0
0.168371 6.66687 7.67443 0.894047 0 0 0
9.36257 2.33871 4.40432 0.836411 0 0 0
4.58456 5.5652 6.94988 0.748504 0 0 0
3.15332 6.56015 3.48667 0.744175 0 0 0
2.5302 7.20931 1.68006 0.847581 0 0 0
5.46029 5.40854 6.31213 1.19386 0 0 0
0.0821478 6.08422 4.83491 0.767926 0 0 0
4.96028 8.9036 7.57394 0.823524 0 0 0
4.83129 0.699322 1.35244 1.58404 0 0 0
7.84504 1.72038 8.18679 0.808029 0 0 0
8.55593 8.95093 7.75637 0.796737 0 0 0
3.48329 6.90958 7.90862 0.894324 0 0 0
7.74772 5.84234 4.55715 1.01961 0 0 0
3.22058 3.43733 8.1289 1.0386 0 0 0
6.15889 8.94081 2.9398 0.811652 0 0 0
4.02111 6.33032 7.19925 1.17677 0 0 0
6.60239 5.8143 6.93217 1.40063 0 0 0
4.65261 7.63752 8.74213 0.76542 0 0 0
8.0061 6.79781 9.00485 0.998661 0 0 0
5.43787 0.819644 9.13314 1.33416 0 0 0
3.08179 0.834873 9.0048 1.45669 0 0 0
9.11826 0.88405 8.09419 0.825735 0 0 0
2.81219 2.57017 0.908427 1.2202 0 0 0
0.705211 4.30392 1.96333 1.00659 0 0 0
6.63796 7.80011 0.492823 0.972746 0 0 0
6.93854 8.50249 1.47154 1.3191 0 0 0
8.19954 4.9991 2.66687 0.74434 0 0 0
5.84264 6.64163 6.78877 0.814748 0 0 0
4.89449 7.8752 2.02116 1.29796 0 0 0
8.50453 6.83473 2.93379 0.986489 0 0 0
4.12673 8.20845 3.94128 0.889796 0 0 0
3.76096 2.91521 0.654432 0.780339 0 0 0
9.38891 5.84173 9.37224 0.966533 0 0 0
9.51615 2.06035 1.6706 1.14804 0 0 0
0.997123 0.776481 6.92151 1.30795 0 0 0
8.59813 4.66824 9.4276 1.04667 0 0 0
6.21324 1.67694 3.73934 0.957272 0 0 0
3.38425 0.835179 4.61477 0.960922 0 0 0
6.87668 1.62352 5.86771 1.19092 0 0 0
0.346307 4.33737 5.92455 1.28076 0 0 0
1.82785 7.71669 1.71353 0.762124 0 0 0
8.64466 4.70611 3.2538 0.764327 0 0 0
2.92829 1.74838 6.56281 0.974731 0 0 0
0.00654196 5.28109 5.0807 0.762633 1 0 0
1.35809 4.07115 6.27912 0.851148 0 0 0
2.21167 3.08533 8.30634 0.863758 0 0 0
1.12887 7.77474 2.71791 1.47597 0 0 0
7.40382 7.47019 2.52202 1.61274 0 0 0
8.81434 6.69093 0.841275 1.31146 0 0 0
9.87557 0.131711 8.33227 0.820356 0 0 0
6.25511 3.18975 2.52138 0.776467 0 0 0
2.86727 2.61524 1.9848 0.829355 0 0 0
4.24507 9.97306 7.47922 1.1049 0 0 0
7.8709 2.8147 4.48516 0.744926 0 0 0
1.03573 1.93249 7.47069 1.15206 0 0 0
8.84708 6.28555 2.09807 1.06609 0 0 0
3.36088 2.33821 4.1372 1.12879 0 0 0
6.30458 8.02263 5.98919 0.738487 0 0 0
2.33343 5.99255 3.53812 1.20604 0 0 0
2.18546 2.24705 5.84823 1.25019 0 0 0
6.93525 5.54913 3.98307 0.893585 0 0 0
2.16151 6.86327 9.31177 1.2288 0 0 0
6.26967 7.27639 3.07114 0.810094 0 0 0
3.9502 4.55069 7.01427 0.770287 0 0 0
0.0395961 8.2661 1.1106 0.739641 0 0 0
7.33516 3.59882 7.44063 0.742394 0 0 0
7.09927 0.21877 6.04849 1.41302 0 0 0
3.43758 3.48275 6.94514 1.29815 0 0 0
5.14813 1.43646 0.219963 1.11486 0 0 0
0.564408 4.28988 9.97965 1.22302 0 0 0
5.30238 8.05379 9.14739 0.867838 0 0 0
7.40272 7.99972 4.31188 0.857949 0 0 0
1.15949 8.27962 9.56808 1.24688 0 0 0
5.30404 1.4124 4.57268 1.44898 0 0 0
9.62727 0.408295 7.10075 1.49394 0 0 0
6.73461 2.43251 3.08233 1.22249 0 0 0
0.975499 1.37043 9.09299 0.904523 0 0 0
4.05342 4.41944 1.64979 0.886805 0 0 0
8.34654 3.7677 3.16608 0.88445 0 0 0
9.6936 7.27473 8.17243 0.807175 0 0 0
8.31693 5.81272 2.99092 0.938252 0 0 0
3.08019 5.82861 7.83245 1.23365 0 0 0
3.03331 9.77995 0.610752 0.750455 0 0 0
0.590287 5.95425 1.63383 0.871694 0 0 0
7.47877 4.79991 4.22166 0.838777 0 0 0
9.55806 4.4491 5.13583 0.80817 0 0 0
3.85519 7.9984 8.17525 1.15384 0 0 0
6.89502 7.41161 5.20979 1.39425 0 0 0
5.77217 8.92299 9.24172 0.872276 0 0 0
8.37116 8.76428 8.82336 1.1959 0 0 0
4.0626 8.94171 4.59565 0.732994 0 0 0
0.639368 0.132906 7.82892 0.970783 0 0 0
1.63417 9.72269 0.975062 1.01735 0 0 0
5.46123 4.64898 4.40617 1.38113 0 0 0
2.3496 0.145346 9.9413 0.829086 0 0 -1
8.44042 1.2757 7.75426 0.770322 0 0 0
4.9943 2.26917 5.75539 1.22532 0 0 0
2.40663 4.18121 8.81016 1.49648 0 0 0
7.26059 3.6431 3.80151 1.55299 0 0 0
0.176841 1.20199 8.14692 1.26632 0 0 0
1.3271 3.85308 9.33266 0.839286 0 0 0
2.95005 5.09952 5.85461 1.40429 0 0 0
3.57652 5.35299 6.90765 0.94855 0 0 0
9.59201 3.96207 4.27031 1.07723 0 0 0
5.47757 6.74916 1.32877 1.5075 0 0 0
7.35773 5.6021 7.81435 0.745629 0 0 0
9.10329 3.76868 1.50812 0.764876 0 0 0
1.74155 7.12785 0.974895 0.916815 0 0 0
1.20513 4.83882 2.90175 1.22119 0 0 0
9.86011 3.00726 3.68048 1.17727 0 0 0
7.79752 4.67558 3.43854 0.832369 0 0 0
6.91371 6.85949 8.77807 1.15815 0 0 0
0.389172 3.99353 3.65168 0.866496 0 0 0
9.36748 5.53956 1.3022 1.29051 0 0 0
8.48381 4.58762 1.66429 1.24187 0 0 0
0.949925 6.01518 2.50601 0.936515 0 0 0
6.84406 5.17713 0.942217 0.847528 0 0 0
1.82745 1.5387 2.80642 0.736444 0 0 0
2.56615 8.35363 4.08165 0.735527 0 0 0
4.23192 0.85308 8.82248 0.741484 0 0 0
1.39891 4.90632 0.363428 0.939796 0 0 0
2.70839 6.72605 7.49674 0.758991 0 0 0
3.31985 9.45853 1.71822 1.06298 0 0 0
7.78391 9.22581 5.65577 0.973575 0 0 0
8.31216 8.14686 6.05116 0.764489 0 0 0
1.08604 6.05509 9.02934 1.0785 0 0 0
5.20381 4.8012 5.51288 0.801792 0 0 0
2.14813 3.78088 4.29584 0.933034 0 0 0
7.51033 0.206891 8.80063 0.749392 0 0 0
2.46059 6.10273 2.4169 0.976941 0 0 0
8.77643 9.5091 0.991735 0.741205 0 0 0
8.83874 3.32739 8.01706 0.975023 0 0 0
0.856093 2.02842 8.4844 0.842652 0 0 0
5.6528 2.1339 9.27031 1.28423 0 0 0
7.8848 7.44744 5.75246 0.801244 0 0 0
8.43777 2.13517 6.67675 1.18245 0 0 0
8.94477 4.24815 8.07887 0.77272 0 0 0
9.40936 0.909085 8.83958 0.740138 0 0 0
1.45972 9.76366 8.48884 1.06781 0 0 0
9.70184 3.79873 8.34616 1.00747 0 0 0
3.96333 1.91844 6.25589 1.11652 0 0 0
2.6537 1.61371 4.87391 1.14433 0 0 0
3.81811 4.34135 4.22623 0.969962 0 0 0
3.41525 5.77979 2.89315 1.19189 0 0 0
7.40388 6.52287 7.72456 1.05441 0 0 0
3.15797 1.89087 5.70423 0.770173 0 0 0
6.79984 9.09229 7.70555 1.05448 0 0 0
5.84419 3.46444 5.04646 0.734185 0 0 0
8.11308 7.7061 4.91463 0.91282 0 0 0
4.27783 0.4353 9.89764 1.48471 0 0 0
8.62957 2.58956 5.35624 1.56117 0 0 0
8.91785 6.31286 8.14625 1.57387 0 0 0
9.32717 1.49986 3.99418 0.91915 0 0 0
7.43301 4.94635 1.58917 0.922629 0 0 0
3.40065 1.26878 0.00166407 0.761794 0 0 0
0.0123216 5.41987 4.28391 0.812222 1 0 0
0.0528986 7.84898 2.04939 0.915285 0 0 0
4.04761 2.04314 7.38427 0.845675 0 0 0
4.33402 5.55446 3.19518 0.73894 0 0 0
7.37169 0.438111 1.23437 0.73086 0 0 0
4.10886 3.97478 0.508032 1.18241 0 0 0
7.15177 8.81086 4.15181 0.831813 0 0 0
5.29918 3.78635 2.04318 0.77853 0 0 0
6.20717 9.9152 9.41725 1.04457 0 0 0
3.15697 6.89324 6.70566 0.976002 0 0 0
4.53011 6.60353 2.63676 1.50512 0 0 0
6.83937 1.67218 8.06256 1.12426 0 0 0
7.76942 6.85062 4.59585 0.926136 0 0 0
6.93396 6.19464 1.56039 1.47464 0 0 0
5.52248 2.71455 1.8652 1.35911 0 0 0
1.98208 4.65983 6.39941 0.763157 0 0 0
8.74581 9.11482 0.303521 0.802496 0 0 0
2.54176 6.95948 3.80728 0.740623 0 0 0
4.01996 3.17533 5.74918 1.32302 0 0 0
9.34664 7.34995 1.76174 0.826676 0 0 0
3.26242 9.6339 3.00923 1.44321 0 0 0
6.57933 1.72075 4.74142 1.08577 0 0 0
9.27269 4.86991 4.47898 0.777655 0 0 0
4.25604 2.8763 4.57249 1.07874 0 0 0
7.35749 9.65844 1.53546 0.74275 0 0 0
4.37095 2.16557 8.14681 0.772721 0 0 0
5.37898 7.4465 5.75684 1.43317 0 0 0
2.65071 4.32189 1.76136 0.933242 0 0 0
9.48009 4.99175 8.61927 1.25552 0 0 0
5.39123 8.57687 5.26215 0.763401 0 0 0
4.74941 1.49404 7.66667 0.733923 0 0 0
6.51109 6.94397 0.782431 0.789716 0 0 0
7.4787 0.855436 0.104862 0.792783 0 0 0
6.57736 7.39684 1.514 0.819961 0 0 0
3.74875 6.52499 4.94492 0.815488 0 0 0
6.36456 9.91222 5.26877 0.730414 0 0 0
2.28588 6.55193 4.49743 0.824754 0 0 0
6.85226 4.37336 2.15808 0.742127 0 0 0
2.22457 8.0056 9.26461 0.884035 0 0 0
1.14061 6.57808 5.87859 1.04147 0 0 0
0.764358 8.70821 1.93977 0.962146 0 0 0
9.86986 8.03338 5.59981 0.826198 0 0 0
4.50689 7.12531 7.96153 1.01482 0 0 0
4.4471 7.36435 4.64121 1.34833 0 0 0
7.62256 2.90876 1.42393 0.949449 0 0 0
6.32926 4.55922 8.41632 0.750614 0 0 0
0.819416 1.22603 0.703442 0.943538 0 0 0
3.1904 2.59845 5.23916 0.883541 0 0 0
5.55852 7.74923 0.204907 1.21863 0 0 0
0.901824 6.07924 8.02374 0.896293 0 0 0
1.74174 5.69998 2.76936 0.777268 0 0 0
7.67587 1.10397 2.02958 1.26542 0 0 0
5.8774 9.87256 6.35351 1.08176 0 0 0
8.6489 6.3678 4.12568 1.08922 0 0 0
8.02475 8.24049 1.7496 0.759606 0 0 0
1.24867 1.72819 4.70622 1.59763 0 0 0
0.674388 9.75904 3.80769 1.26361 0 0 0
7.82328 9.10163 2.34316 1.24824 0 0 0
9.35417 7.26561 6.319 0.747634 0 0 0
1.91016 4.16123 9.90393 0.851565 0 0 0
4.94206 3.20643 5.1394 0.774463 0 0 0
7.24093 0.902068 5.00759 0.965996 0 0 0
9.52002 6.23204 6.73853 1.42859 0 0 0
4.4048 4.73048 9.73337 0.997998 0 0 0
4.55281 9.83292 6.16753 1.50687 0 0 0
5.99909 1.06844 0.78797 0.86655 0 0 0
4.47451 3.25809 1.95987 0.920021 0 0 0
1.32238 3.04418 3.89186 1.35371 0 0 0
2.83608 1.88405 9.61894 0.932663 0 0 0
6.08299 4.09321 1.99143 0.873585 0 0 0
3.4368 9.12264 4.98384 0.737962 0 0 0
8.84782 8.43993 4.23811 1.47409 0 0 0
7.90457 9.26039 4.09073 0.755391 0 0 0
9.48716 4.04992 9.32335 1.00345 0 0 0
4.4557 6.10619 6.32765 0.76839 0 0 0
4.63001 4.07464 3.82888 0.876365 0 0 0
2.45288 5.03536 9.75769 0.997968 0 0 0
5.29048 4.67276 8.14236 1.21663 0 0 0
7.03856 3.35851 0.432563 1.4479 0 0 0
4.95086 4.69768 0.621896 0.995121 0 0 0
8.23404 5.69992 1.10461 0.965271 0 0 0
6.57944 8.99357 5.73784 1.26351 0 0 0
7.44385 2.7326 8.22866 1.25177 0 0 0
4.06395 3.0768 8.67135 1.03998 0 0 0
0.597668 5.57641 5.84356 1.19284 0 0 0
1.06905 1.87421 3.30297 1.15663 0 0 0
0.0228947 7.22494 0.932234 1.19121 0 0 0
6.5937 4.59972 4.3142 0.730787 0 0 0
3.1708 2.60118 2.99523 0.836669 0 0 0
1.96183 7.63352 0.0832009 0.929443 0 0 0
3.58258 1.59825 3.14224 1.30105 0 0 0
3.51009 5.19243 8.97059 1.45375 0 0 0
5.61 0.936618 3.56322 0.780295 0 0 0
7.76402 8.48975 3.42708 1.0916 0 0 0
2.28641 7.69575 3.6694 0.795175 0 0 0
3.86237 9.00151 0.330794 1.50446 0 0 0
8.03568 3.05177 7.27991 1.0191 0 0 0
6.16063 9.82339 2.68505 0.744515 0 0 0
1.63393 5.03174 7.26051 0.817045 0 0 0
7.58443 6.40067 3.5471 1.20047 0 0 0
9.99198 8.15648 0.11941 1.20228 0 0 0
0.865043 3.07981 6.92692 1.33542 0 0 0
9.18536 5.09206 7.44009 1.13078 0 0 0
3.26387 9.34104 5.98159 1.18116 0 0 0
0.479662 0.147865 0.706762 1.26477 0 0 0
7.4003 0.0861341 2.20838 0.818418 0 1 0
4.08219 6.04435 1.67767 0.76578 0 0 0
7.25871 2.33 0.875481 0.757938 0 0 0
2.50828 4.87402 2.73821 1.28285 0 0 0
6.67563 0.239043 0.522683 1.20686 0 0 0
2.65005 1.87828 2.60756 0.874355 0 0 0
6.01311 5.77647 4.44189 1.01851 0 0 0
6.16367 8.98467 0.357932 1.43212 0 0 0
3.10826 6.39958 4.40806 0.820538 0 0 0
1.88225 5.96917 7.59394 1.17463 0 0 0
4.42076 9.57015 1.20657 0.773076 0 0 0
8.49209 0.445168 7.59927 0.857434 0 0 0
1.68295 2.41935 8.4561 0.799902 0 0 0
1.89901 8.81778 8.92749 0.906714 0 0 0
1.00221 6.44488 4.85103 0.896608 0 0 0
2.34046 4.54857 0.730609 1.04124 0 0 0
8.78215 9.14833 1.77448 0.932033 0 0 0
6.52448 2.5122 9.69195 0.746234 0 0 0
6.79792 9.42861 6.8095 0.789799 0 0 0
0.488839 0.380972 1.72439 0.773848 0 0 0
3.91626 0.18702 8.41482 0.816106 0 0 0
5.06658 9.53651 0.591768 0.971044 0 0 0
3.39049 0.627891 3.71358 0.760378 0 0 0
1.66558 1.11292 3.60243 0.757898 0 0 0
4.1921 1.46848 0.491496 0.818905 0 0 0
7.94755 1.86395 1.23313 0.935921 0 0 0
8.65638 9.80016 2.43656 0.750413 0 0 0
8.49406 1.02406 3.86742 0.933068 0 0 0
0.398236 3.2058 9.12385 1.24873 0 0 0
9.99314 4.71811 3.83767 0.787985 0 0 0
7.11379 7.69268 6.42596 1.03123 0 0 0
5.84493 1.65157 8.36433 0.740365 0 0 0
0.586845 5.26047 8.38078 0.754311 0 0 0
4.76604 8.40787 4.52293 0.749676 0 0 0
5.61763 1.42457 5.69475 0.821442 0 0 0
8.13161 3.95391 5.74999 1.28221 0 0 0
9.5507 7.21109 7.3476 0.827784 0 0 0
7.54598 6.17148 0.0910194 1.56395 0 0 0
6.10753 7.99443 2.32675 1.14824 0 0 0
1.70594 9.43332 3.98001 0.877931 0 0 0
8.122 0.129385 5.58811 0.788161 0 0 0
1.51557 7.62018 8.55408 1.19942 0 0 0
0.418686 9.62754 5.21624 1.17454 0 0 0
8.70617 3.20207 4.05814 1.2089 0 0 0
0.447642 9.46561 8.594 0.959185 0 0 0
6.8839 8.44211 4.86532 0.734907 0 0 0
5.73639 0.8939 8.01832 0.888241 0 0 0
4.98289 8.86034 8.92732 0.736134 0 0 0
0.917859 7.63176 5.12168 1.49327 0 0 0
4.56906 4.14683 5.63307 0.81667 0 0 0
3.36467 9.98194 6.89097 0.938326 0 0 0
3.96656 6.33964 9.62343 1.27736 0 0 0
9.17126 5.23484 2.54411 1.22709 0 0 0
3.51086 6.08397 6.34945 0.80306 0 0 0
6.8492 6.3613 4.4793 0.91997 0 0 0
2.41282 6.55632 8.23644 0.764752 0 0 0
1.17746 9.64123 1.84852 0.909524 0 0 0
0.249942 8.80587 9.22534 0.84471 0 0 0
4.17426 1.89743 9.35767 1.54844 0 0 0
5.24084 3.54818 4.43091 0.790342 0 0 0
3.49817 3.46251 1.48693 1.22906 0 0 0
5.96652 3.83478 8.25174 0.831725 0 0 0
3.20601 8.16507 3.25209 1.32849 0 0 0
1.03174 2.17565 0.52489 0.962065 0 0 0
4.54165 2.1969 0.445767 0.76091 0 0 0
7.17249 9.37696 0.82334 0.794835 0 0 0
0.449976 4.35577 8.81963 1.03858 0 0 0
6.20205 5.17876 7.82632 0.835057 0 0 0
7.88919 2.259 2.09065 0.896352 0 0 0
0.172025 6.21518 0.932332 0.782573 0 0 0
2.4889 6.31133 1.43175 0.96463 0 0 0
4.85006 6.77406 8.84661 0.969193 0 0 0
4.77261 0.700455 8.10363 1.03967 0 0 0
6.3788 0.573658 1.83043 1.49933 0 0 0
1.90775 8.76187 1.61882 1.29325 0 0 0
3.64483 3.96346 8.85834 0.90869 0 0 0
8.57646 1.72102 1.88627 0.850968 0 0 0
2.23891 3.44643 0.457945 0.95911 0 0 0
5.85908 6.38493 8.96955 1.12378 0 0 0
4.0143 1.74518 5.02464 1.29333 0 0 0
3.92526 9.00438 3.70145 0.783774 0 0 0
6.75537 5.75864 9.11712 0.971757 0 0 0
9.58406 3.86442 7.05493 1.50813 0 0 0
4.05887 1.02107 7.02988 1.15605 0 0 0
8.16985 9.84379 8.36622 0.94632 0 0 0
0.601213 2.97516 1.02446 1.00051 0 0 0
5.93998 7.63551 6.92652 1.12006 0 0 0
7.75152 4.2277 2.54038 1.02154 0 0 0
7.96206 1.2115 4.54531 0.743371 0 0 0
1.09165 6.96165 7.6649 0.978499 0 0 0
8.71307 3.2521 6.44286 0.884871 0 0 0
5.11432 4.74722 3.02391 1.32785 0 0 0
1.59273 6.48978 2.93183 0.809791 0 0 0
9.84602 3.25066 2.28448 1.55011 0 0 0
0.0931104 1.59968 7.06141 0.88544 0 0 0
5.18142 5.87164 3.65251 1.18104 0 0 0
1.92833 7.00512 6.75694 1.39908 0 0 0
0.0815532 5.98955 8.71234 0.909506 0 0 0
8.1953 5.03333 8.23117 1.28793 0 0 0
7.54116 1.15064 7.03677 1.36492 0 0 0
0.0847848 4.44917 2.82564 1.06669 0 0 0
8.19577 8.13049 7.98309 0.876395 0 0 0
2.22351 0.970019 4.20895 0.848891 0 0 0
5.63441 9.64776 8.23828 1.53632 0 0 0
9.83792 1.72342 5.3026 1.32164 0 0 0
1.75973 3.99592 2.23296 1.13942 0 0 0
9.20517 7.36701 9.95578 0.964607 0 0 -1
0.45338 3.47181 4.39209 0.774898 0 0 0
9.32033 9.29185 2.46924 0.755926 0 0 0
9.28784 4.36747 0.575271 1.41597 0 0 0
6.74073 6.93209 6.80837 0.783717 0 0 0
0.827006 9.20586 7.76776 0.866361 0 0 0
1.96637 0.648491 7.36101 0.779607 0 0 0
4.03617 6.23421 3.93637 1.23516 0 0 0
6.41545 1.42844 7.01094 0.902879 0 0 0
9.35707 6.61915 4.70633 0.743112 0 0 0
4.86115 5.98025 5.13874 1.62009 0 0 0
8.11517 1.21201 5.77014 1.35949 0 0 0
3.72206 2.94251 2.42402 0.764699 0 0 0
9.92168 5.55558 0.255723 0.922836 0 0 0
1.98671 1.50734 7.0022 1.01713 0 0 0
4.47345 4.78253 4.97892 0.823976 0 0 0
4.53367 9.39628 9.36958 0.840988 0 0 0
8.62994 9.25074 6.04504 0.837772 0 0 0
0.184284 1.86277 4.03331 0.872737 0 0 0
9.66243 2.42946 6.43937 1.29853 0 0 0
6.99291 2.99931 5.39538 1.61149 0 0 0
0.131183 1.06382 9.2874 0.749542 0 0 0
1.59805 4.74062 5.29058 1.52635 0 0 0
7.54802 9.99805 7.19095 0.783674 0 0 0
3.71375 4.32951 5.26858 0.993388 0 0 0
5.63264 2.88363 3.03961 0.913483 0 0 0
2.56872 5.14425 7.00328 0.948454 0 0 0
5.82018 5.85588 2.48256 1.42029 0 0 0
3.91563 1.3429 8.10607 1.0474 0 0 0
7.04328 7.7862 7.74173 1.50093 0 0 0
4.95239 2.9855 3.78673 0.966694 0 0 0
0.236066 8.62763 4.40312 1.25633 0 0 0
6.75178 9.08117 9.35022 0.827128 0 0 0
7.93399 4.88864 6.17431 0.74243 0 0 0
8.27255 9.65934 7.49352 0.732572 0 0 0
2.28191 2.73129 4.70698 1.18183 0 0 0
2.62628 0.057641 7.43779 0.765028 0 1 0
6.49241 3.62387 7.31455 0.851675 0 0 0
1.95288 4.80622 3.94924 1.19633 0 0 0
8.4834 1.4179 9.45039 0.806814 0 0 0
5.26665 9.56569 7.09679 0.818631 0 0 0
9.42015 9.02794 9.71898 0.929359 0 0 0
6.79483 1.37743 2.58022 0.793492 0 0 0
6.11063 2.32359 6.00529 0.811088 0 0 0
7.60459 9.44654 8.9584 0.731702 0 0 0
3.97746 7.95674 1.00266 0.933301 0 0 0
6.44173 7.99921 9.22479 1.36271 0 0 0
1.77064 5.89275 9.85842 1.03108 0 0 0
4.85882 2.87009 9.29392 0.782811 0 0 0
4.16952 7.68499 2.89981 0.7365 0 0 0
0.894057 7.79139 1.45938 1.03291 0 0 0
0.384431 1.18523 3.57424 0.743945 0 0 0
8.22017 2.11997 8.89471 0.776055 0 0 0
4.40623 9.55994 3.28361 0.828695 0 0 0
7.07717 5.20225 8.46758 0.739635 0 0 0
8.42169 9.55048 4.86122 1.11379 0 0 0
0.10431 0.758698 4.46047 1.23145 0 0 0
7.86774 2.98952 6.31789 0.85143 0 0 0
0.186192 5.10415 6.86994 1.09662 0 0 0
2.85979 7.48269 8.5661 1.10993 0 0 0
7.00875 1.354 0.85201 1.14654 0 0 0
2.71487 6.50838 5.60623 1.4263 0 0 0
4.35354 0.563317 4.99001 1.06178 0 0 0
5.48099 0.572262 5.80176 0.795382 0 0 0
8.05693 7.2603 8.17503 0.860014 0 0 0
8.539 1.43635 8.63418 0.775482 0 0 0
4.25997 8.31452 9.26705 1.02262 0 0 0
4.60649 7.41639 9.57421 0.787671 0 0 0
7.5871 5.95554 8.60624 0.913589 0 0 0
6.61953 0.581839 8.55192 1.18045 0 0 0
1.12954 4.91268 6.49154 0.886792 0 0 0
1.72794 2.39483 6.80061 0.829401 0 0 0
5.49211 3.75609 3.64133 0.877887 0 0 0
6.46261 0.582178 4.14102 1.34191 0 0 0
2.16517 2.66147 9.08134 0.768436 0 0 0
5.67207 1.76359 7.4746 0.896832 0 0 0
5.35181 9.56302 9.71057 0.837354 0 0 0
9.66102 9.16567 3.36601 0.937542 0 0 0
8.22157 0.0559293 1.6162 1.11662 0 1 0
6.22477 4.27987 3.44145 0.84971 0 0 0
7.98471 2.58007 3.17388 1.23482 0 0 0
0.593961 8.73813 3.42032 0.730348 0 0 0
0.860272 5.25687 7.58598 0.836984 0 0 0
0.653558 0.435856 8.78968 0.895863 0 0 0
2.574 8.12574 2.27009 0.91235 0 0 0
9.25876 5.72511 4.66904 0.872197 0 0 0
2.76874 0.897244 6.9841 0.910323 0 0 0
0.942497 5.75529 0.710441 0.882261 0 0 0
8.81885 7.59016 8.91177 1.22469 0 0 0
5.55864 0.37599 0.256107 1.04237 0 0 0
8.98217 7.64328 5.49132 1.08304 0 0 0
6.94382 2.52751 6.90064 1.46819 0 0 0
0.426391 4.90155 1.01304 1.14175 0 0 0
5.90887 4.96749 0.787565 0.982539 0 0 0
6.31538 3.8778 4.52493 0.822165 0 0 0
0.895669 1.91637 6.17487 1.36674 0 0 0
2.86236 1.57033 1.32606 0.850449 0 0 0
4.6185 4.16786 2.25765 0.787506 0 0 0
8.66917 2.52726 1.55041 0.751166 0 0 0
1.9856 3.87516 3.31182 1.0113 0 0 0
5.87597 5.25616 5.26505 0.816564 0 0 0
5.98722 3.17395 9.98985 0.764449 0 0 0
5.16013 3.40411 6.00501 0.977643 0 0 0
5.93035 9.94986 3.43545 0.777822 0 0 0
5.6665 2.55428 6.86808 1.02975 0 0 0
1.88048 0.967633 5.91203 1.32648 0 0 0
5.75517 8.47836 8.4763 0.750404 0 0 0
2.00001 2.38809 9.98632 1.10934 0 0 0
1.71672 6.80314 5.1354 0.761406 0 0 0
7.16435 3.87421 6.51831 1.14353 0 0 0
6.6512 3.91064 2.77569 0.779551 0 0 0
1.41187 0.979334 8.14568 1.18665 0 0 0
0.265019 6.12444 9.61616 0.852467 0 0 0
1.88331 7.37601 5.71869 0.75719 0 0 0
6.87639 8.65117 2.56148 0.831742 0 0 0
5.14007 2.66532 0.100786 0.830956 0 0 1
4.99373 8.52988 0.86124 1.04495 0 0 0
3.8316 2.79779 7.7295 0.776162 0 0 0
2.36564 0.0475413 5.58542 0.799597 0 0 0
9.49808 9.66297 4.35466 1.18841 0 0 0
2.89006 3.63688 2.62309 1.26305 0 0 0
5.55888 0.201029 4.9462 0.893015 0 0 0
3.36398 8.20588 4.74261 1.09731 0 0 0
6.48701 5.14151 5.9997 0.730863 0 0 0
2.46029 9.32142 8.14245 0.947504 0 0 0
6.55314 3.30425 1.59265 0.912874 0 0 0
7.55565 2.60924 9.43942 1.14223 0 0 0
9.08083 4.94801 6.08467 1.48365 0 0 0
2.82578 4.23206 9.91631 0.734147 0 0 0
4.61345 2.38287 2.84668 1.29485 0 0 0
6.14893 3.41063 6.37063 1.04095 0 0 0
3.04743 8.69888 7.8699 0.778849 0 0 0
3.26885 7.59441 9.91665 1.58711 0 0 0
4.21217 9.16414 8.36005 1.22858 0 0 0
7.62581 7.36679 1.0163 1.37168 0 0 0
7.28678 4.42046 8.61865 0.857279 0 0 0
1.13409 9.14012 4.64108 0.814575 0 0 0
9.28768 0.351778 5.53981 1.52468 0 0 0
9.23976 1.18209 2.18121 0.813045 0 0 0
9.0211 0.625689 4.41384 0.733409 0 0 0
2.5077 0.561676 1.00507 1.24453 0 0 0
2.47627 2.87016 6.7698 0.8322 0 0 0
3.08531 3.84808 0.576109 0.834919 0 0 0
9.69729 6.22583 4.01882 0.906808 0 0 0
1.89603 2.72761 2.6616 1.34413 0 0 0
9.67045 6.47232 0.162984 0.844028 0 0 0
8.46451 7.1971 1.79206 0.876463 0 0 0
2.28298 0.252768 8.23672 0.871026 0 0 0
2.83232 1.63602 0.440147 0.747716 0 0 0
7.27103 8.65808 8.64311 0.947217 0 0 0
0.633678 2.77434 3.06698 0.805342 0 0 0
9.47407 0.0135131 1.75979 1.22977 0 1 0
3.17728 2.62087 6.26402 0.88744 0 0 0
6.79647 6.41687 2.67235 0.759651 0 0 0
2.17038 7.21042 7.84884 0.738974 0 0 0
7.86911 6.33922 2.37291 0.777836 0 0 0
5.77696 3.84199 2.73728 0.769654 0 0 0
8.02041 3.5636 4.74069 0.809032 0 0 0
5.3381 4.32855 6.26078 0.917025 0 0 0
4.89986 5.81563 1.72704 0.765054 0 0 0
8.21877 4.28044 7.03743 1.24544 0 0 0
6.46139 6.75162 7.57346 0.831798 0 0 0
3.2325 3.43022 4.56031 1.11289 0 0 0
1.49062 0.235971 4.79989 1.36645 0 0 0
4.47987 4.45812 8.80469 0.849837 0 0 0
3.13429 4.47246 6.75436 0.740872 0 0 0
4.313 8.45293 5.59024 1.42751 0 0 0
9.12069 5.41143 3.73234 1.03849 0 0 0
7.81012 4.67495 0.454654 1.4651 0 0 0
8.15286 5.35169 3.81685 0.825382 0 0 0
6.24261 0.856118 5.29003 1.00341 0 0 0
5.0083 2.54894 8.50786 0.776514 0 0 0
8.4969 8.64951 5.42444 0.809462 0 0 0
9.00737 2.01168 8.90212 0.73683 0 0 0
4.45967 3.8906 4.79085 0.921928 0 0 0
8.71886 6.55945 9.67696 0.95254 0 0 0
9.85621 6.84802 5.54762 1.20106 0 0 0
4.82752 4.70418 7.07829 0.952441 0 0 0
8.28487 3.56357 1.01643 1.03222 0 0 0
4.29223 5.29193 1.15475 0.993568 0 0 0
7.84417 0.34955 9.54042 0.783381 0 0 0
7.95374 4.16728 9.0203 0.735063 0 0 0
4.70382 3.00159 0.942508 1.04631 0 0 0
9.49578 8.43447 9.0617 0.731592 0 0 0
9.25291 1.66015 8.26544 0.745837 0 0 0
4.68313 1.13983 5.87675 1.08151 0 0 0
2.74318 6.01325 6.74569 0.85697 0 0 0
8.84666 0.85645 1.47705 0.879796 0 0 0
3.26204 1.57142 7.41836 0.852109 0 0 0
7.19153 5.37591 2.73142 1.36885 0 0 0
3.93775 7.14981 8.8118 0.923333 0 0 0
6.88475 4.77325 3.58419 0.755589 0 0 0
8.07392 2.63076 0.541465 1.03053 0 0 0
7.91753 5.01062 5.17543 1.03036 0 0 0
5.43685 7.9847 4.67493 0.821592 0 0 0
8.0788 0.366312 3.00834 1.18892 0 0 0
0.221865 2.58681 4.61564 0.948702 0 0 0
3.47847 5.08975 0.346949 1.24614 0 0 0
5.81181 1.68243 6.4676 0.743956 0 0 0
0.0854814 8.58756 8.35679 0.929715 0 0 0
4.32726 2.96178 0.0519097 0.84127 0 0 0
9.18198 0.333483 0.56999 1.23677 0 0 0
1.41608 9.15224 2.93722 1.25353 0 0 0
3.72117 9.62109 9.20763 0.813572 0 0 0
8.8355 8.24327 7.45835 0.745081 0 0 0
0.129122 7.13368 9.92825 0.769098 0 0 0
0.563018 7.79626 7.95083 1.02454 0 0 0
6.25028 6.26681 5.68119 1.29373 0 0 0
1.38762 0.686634 1.38404 1.06175 0 0 0
4.21787 3.96516 7.87464 1.21447 0 0 0
5.84986 8.52348 7.58032 1.00809 0 0 0
0.0599127 2.0017 9.13279 1.09892 0 0 0
5.5794 9.41111 5.5132 0.880671 0 0 0
4.18576 5.21167 7.81388 1.16161 0 0 0
5.28225 7.97993 3.45455 1.58438 0 0 0
7.59519 1.92288 4.94758 0.957064 0 0 0
2.16748 2.17809 1.67997 0.849587 0 0 0
3.45816 7.11055 2.92106 0.868046 0 0 0
4.30807 5.26936 2.23719 1.0996 0 0 0
3.3049 4.4157 1.13949 0.789871 0 0 0
9.90401 0.0559802 9.53262 1.29154 0 1 0
5.35951 3.65793 7.27408 1.35117 0 0 0
0.217011 6.88485 4.44154 0.909749 0 0 0
1.52874 5.80492 4.28335 0.951689 0 0 0
3.27665 2.42138 7.13927 0.768816 0 0 0
7.09172 4.26138 9.5197 0.964832 0 0 0
5.28394 0.413269 2.71486 1.26836 0 0 0
5.56489 7.21115 2.52415 0.747965 0 0 0
4.43853 3.95994 6.53966 0.990316 0 0 0
7.21013 9.67361 4.80107 1.1955 0 0 0
6.23304 4.29435 5.49028 1.22744 0 0 0
1.10582 0.612975 2.70689 1.51642 0 0 0
5.33211 6.05476 7.72106 1.55606 0 0 0
1.98734 3.37101 9.57541 0.831324 0 0 0
8.78698 5.54329 0.207225 1.12228 0 0 0
5.31474 6.40934 6.20098 0.765939 0 0 0
4.61875 3.00384 7.88737 0.810601 0 0 0
4.43581 5.56994 0.247128 0.848783 0 0 0
6.34602 6.92474 9.83335 1.05197 0 0 0
2.35049 9.71457 9.06667 1.01382 0 0 0
0.204795 4.54798 7.83468 0.85605 0 0 0
1.95315 1.68696 9.09417 1.09429 0 0 0
3.44699 6.33744 0.799082 1.23876 0 0 0
2.21109 5.01257 7.91298 0.882183 0 0 0
8.50422 2.23035 9.71656 0.841256 0 0 0
7.97729 9.10068 1.21999 0.965118 0 0 0
8.29124 3.0282 8.73003 0.745548 0 0 0
5.2078 6.49032 9.9784 1.19698 0 0 0
7.18527 2.36429 4.13129 0.981006 0 0 0
9.73041 8.78564 1.79429 1.04913 0 0 0
5.64567 5.03527 7.23084 0.73525 0 0 0
8.44078 3.35617 2.15299 1.21637 0 0 0
4.18423 1.10485 4.07734 0.965947 0 0 0
9.67535 9.22415 0.770546 1.13497 0 0 0
6.40404 6.32903 3.55804 1.04891 0 0 0
5.97385 9.13929 4.3475 1.58809 0 0 0
2.61834 2.91164 7.59476 0.76831 0 0 0
5.16743 5.60544 0.968006 0.864418 0 0 0
8.04413 6.43052 1.54675 0.743427 0 0 0
0.0802198 1.21367 6.30987 0.734057 0 0 0
5.29894 9.31927 3.19499 0.983323 0 0 0
8.82927 3.79025 4.92967 0.849964 0 0 0
0.330895 9.46871 1.5077 0.799011 0 0 0
4.668 0.0937909 8.8294 0.819595 0 1 0
4.99273 8.72737 9.84582 0.964808 0 0 0
3.05735 5.12237 3.82781 1.05308 0 0 0
7.94409 3.85369 8.11132 1.06292 0 0 0
8.11675 7.4352 3.77688 1.11163 0 0 0
9.01883 3.01788 3.11591 0.769621 0 0 0
9.93736 1.09434 0.18982 0.973459 0 0 0
6.04957 9.29936 7.11436 0.80262 0 0 0
5.29688 2.15185 3.63835 0.76756 0 0 0
6.42398 8.82881 8.52302 0.731224 0 0 0
4.13777 8.73946 1.6402 1.06825 0 0 0
2.43357 8.96794 6.94954 1.3992 0 0 0
2.23552 8.98097 5.07952 1.47983 0 0 0
9.31005 3.83305 3.26297 0.890789 0 0 0
3.02196 2.21712 8.38613 1.4332 0 0 0
4.35536 7.07853 0.371017 0.893734 0 0 0
2.50142 5.59008 4.69337 1.14136 0 0 0
7.26674 3.25633 2.37591 1.13044 0 0 0
9.31683 7.20587 3.66651 1.15827 0 0 0
6.26084 0.736687 3.04987 0.835832 0 0 0
2.95683 1.23463 3.9041 0.740798 0 0 0
1.7974 3.09492 6.39357 0.74806 0 0 0
6.54998 3.342 9.13096 1.12774 0 0 0
4.47962 2.84013 6.86917 1.09273 0 0 0
5.78932 6.95845 4.43962 1.33412 0 0 0
0.869377 6.66738 1.20464 0.82542 0 0 0
4.89695 3.51732 2.92308 0.998404 0 0 0
2.46354 7.62473 0.852785 0.801753 0 0 0
4.85461 1.36369 3.35822 0.958183 0 0 0
6.23834 3.43262 3.25599 0.734995 0 0 0
1.12902 3.21452 5.39103 1.58361 0 0 0
3.72908 0.143744 0.98421 0.923095 0 1 0
0.0801126 1.03531 2.25428 0.773873 0 0 0
2.48871 0.791486 3.06969 1.25592 0 0 0
1.45931 6.99035 3.89938 1.33915 0 0 0
0.261538 9.15671 9.98367 0.758822 0 0 0
1.70889 8.96607 7.81205 0.789528 0 0 0
4.4068 5.12158 4.05105 0.965274 0 0 0
3.64523 7.72221 2.09807 1.10093 0 0 0
3.82239 9.88684 4.23133 1.17821 0 0 0
4.48771 6.28363 0.863416 0.781809 0 0 0
4.20402 7.02576 1.43151 1.05448 0 0 0
8.86105 8.26487 9.75516 0.876087 0 0 0
8.59964 2.2815 8.01073 1.03627 0 0 0
8.07108 5.59862 2.02029 0.851348 0 0 0
6.1049 5.2182 3.52603 1.0078 0 0 0
9.959 1.0858 1.2924 1.07237 0 0 0
9.64697 5.84879 5.58084 0.800295 0 0 0
0.674959 6.60032 0.322927 0.911565 0 0 0
1.71155 0.610229 9.20217 1.06017 0 0 0
2.51739 9.53464 1.20973 0.786042 0 0 0
3.79772 9.78483 5.24887 0.785191 0 0 0
5.80101 2.94741 5.60491 0.751566 0 0 0
8.91059 8.1246 2.66058 1.60039 0 0 0
9.09197 0.156885 8.56424 0.730709 0 0 0
3.39301 8.66569 2.24694 0.778546 0 0 0
5.0755 3.56319 8.5676 1.08441 0 0 0
6.56443 8.54479 6.83961 0.970399 0 0 0
5.06829 2.00232 1.05454 0.815545 0 0 0
2.27257 1.12565 9.94816 0.982932 0 0 0
9.85575 1.90448 2.89596 1.34589 0 0 0
1.59599 8.24222 6.18195 1.22309 0 0 0
4.94173 7.92451 7.32675 1.05343 0 0 0
8.37265 0.139819 6.58866 1.20441 0 0 0
7.04912 0.611675 2.80237 0.798102 0 0 0
5.65739 7.41828 8.22988 1.36261 0 0 0
8.59666 9.32227 3.27379 1.09513 0 0 0
3.13468 9.76596 8.59242 0.780477 0 0 0
6.40785 1.49234 8.91473 0.731001 0 0 0
7.96018 9.92515 0.460197 1.20499 0 0 0
7.632 7.75591 8.89706 1.01457 0 0 0
8.44643 4.37707 4.15551 1.15076 0 0 0
9.51584 7.01268 2.55713 0.88543 0 0 0
1.58144 6.6614 1.92529 1.13787 0 0 0
2.54105 2.17988 7.31697 0.748785 0 0 0
7.41456 1.40465 9.13091 1.29444 0 0 0
5.91642 5.6581 1.37769 0.772748 0 0 0
2.60676 0.00267341 4.12568 1.19016 0 1 0
0.874152 5.56118 9.8998 0.736929 0 0 0
8.69227 3.87846 8.79877 0.868511 0 0 0
9.34646 1.49373 9.61276 0.766857 0 0 0
7.51217 8.29888 5.75901 0.89653 0 0 0
4.21582 7.28874 3.57551 0.7691 0 0 0
2.85554 5.97403 9.70655 0.998525 0 0 0
5.87764 2.25649 5.16997 0.836927 0 0 0
9.88569 2.91743 5.44454 0.852118 0 0 0
5.65948 4.34892 9.52893 1.59322 0 0 0
1.83027 5.71142 6.27997 1.22266 0 0 0
1.21665 8.97481 6.96834 0.77544 0 0 0
6.41926 5.05332 1.77617 0.953056 0 0 0
2.23801 5.68477 8.78628 1.23564 0 0 0
3.65047 5.32984 4.785 1.13838 0 0 0
3.88734 8.71237 7.02022 1.49079 0 0 0
6.22969 4.7112 2.64628 0.904855 0 0 0
6.03801 2.71232 8.05956 1.38669 0 0 0
3.57538 4.25685 6.16733 0.737858 0 0 0
1.97074 1.88315 7.87944 0.830209 0 0 0
3.40749 4.45422 2.20359 0.777505 0 0 0
9.3178 6.24355 3.12316 0.986546 0 0 0
0.56521 1.66328 9.86141 0.748684 0 0 0
8.28004 2.01725 4.2005 1.03454 0 0 0
8.33541 0.498339 4.78793 0.752751 0 0 0
0.940046 7.04629 9.46329 1.04089 0 0 0
0.851048 6.11993 6.95354 1.20526 0 0 0
9.89618 2.5998 7.90656 1.52312 0 0 0
6.48813 4.37123 0.408668 0.737475 0 0 0
3.58671 4.20416 9.68142 0.763745 0 0 0
1.53987 8.08648 7.38388 1.14433 0 0 0
6.18083 5.97961 0.448439 1.1102 0 0 0
8.39029 5.74462 9.21145 0.95992 0 0 0
6.67793 8.19932 3.49727 1.07939 0 0 0
5.94637 5.38871 8.66437 0.912224 0 0 0
7.64622 5.07171 9.27439 0.991819 0 0 0
6.71071 5.12432 9.93515 1.05532 0 0 0
6.8444 3.64559 8.13345 0.872772 0 0 0
5.00227 1.70641 1.97855 0.738923 0 0 0
4.77874 7.62853 0.875258 0.771592 0 0 0
5.68794 3.78531 0.936349 1.35073 0 0 0
6.26249 4.56682 6.71604 1.08063 0 0 0
2.15668 9.81416 3.24316 0.767888 0 0 0
8.59342 1.51395 2.90126 1.16185 0 0 0
0.300748 2.5788 0.0232778 0.88843 0 0 0
9.82467 8.27988 3.48116 0.792899 0 0 0
9.52672 9.50184 6.35412 0.78407 0 0 0
0.0338026 7.63224 3.04963 0.779269 1 0 0
3.10341 0.479266 0.106516 0.810871 0 0 0
9.71171 8.09178 7.51642 0.90914 0 0 0
0.931751 3.65806 2.91308 1.01877 0 0 0
5.26923 4.79935 1.70569 1.20942 0 0 0
7.55502 3.90852 1.59537 0.869357 0 0 0
9.25645 8.34791 6.49524 1.314 0 0 0
9.51755 4.99811 9.67877 0.775603 0 0 0
7.32883 5.56177 5.94374 1.02677 0 0 0
6.38695 7.19155 6.15624 0.737934 0 0 0
9.31649 3.69056 5.77099 1.06275 0 0 0
2.94726 7.93977 6.01183 1.50022 0 0 0
5.9082 8.0896 1.17162 0.899105 0 0 0
8.647 1.06577 6.8739 0.757403 0 0 0
1.35813 1.4414 9.96755 0.866737 0 0 0
6.06415 2.79077 4.1862 1.36932 0 0 0
0.612946 6.04388 4.09698 0.900078 0 0 0
6.27428 7.96722 4.38615 0.750736 0 0 0
0.616434 0.74805 5.62223 1.18957 0 0 0
8.95612 2.8683 7.22044 0.729548 0 0 0
1.40394 9.6639 6.10188 1.40639 0 0 0
4.19235 0.527323 3.18628 1.06561 0 0 0
2.38753 7.1689 2.78862 1.22473 0 0 0
1.34957 5.42725 8.36566 0.747376 0 0 0
2.55165 0.609979 5.023 0.769588 0 0 0
7.52303 3.52314 9.00255 0.74453 0 0 0
8.37982 0.62032 8.87073 0.909068 0 0 0
6.52936 9.50456 1.29848 0.750748 0 0 0
7.69905 0.819669 8.17731 0.91198 0 0 0
8.99013 7.57015 7.91381 0.744689 0 0 0
8.83488 7.23388 4.56265 0.833481 0 0 0
2.44385 6.702 0.413811 0.984466 0 0 0
2.41315 8.91112 2.64762 0.804452 0 0 0
3.83794 4.59931 3.11104 1.18587 0 0 0
1.34595 4.94195 9.26255 1.19965 0 0 0
4.75632 9.06163 3.95698 0.913877 0 0 0
9.96385 9.36093 7.80783 0.818717 -1 0 0
2.27711 8.35775 8.15084 0.948039 0 0 0
7.31863 0.0491893 7.98818 0.797173 0 1 0
4.49538 7.76496 6.48131 0.768265 0 0 0
0.606843 6.8259 8.52769 0.911509 0 0 0
