3.2298409732592330 3.0520761945863195 9.5929909325317375 1.5223500000000001 0 0 0
9.3154474896532982 2.8486000152409194 0.6736015589647416 1.3036399999999999 0 0 0
2.2940498807551295 8.7381585601956147 0.1716531062228088 1.5483800000000001 0 0 0
4.9262590359532981 6.7057446901618416 3.6658041792725604 0.8109130000000000 0 0 0
3.2405763108554906 7.2485580071223170 1.1659051077970473 0.8679580000000000 0 0 0
7.6968255941715080 8.4498872040507784 9.9753687533046769 1.5981399999999999 0 0 -1
4.0039481376002417 7.3254823751605809 7.0801422900673909 0.9923410000000000 0 0 0
3.5964334512272762 2.0023307730781674 0.2771287566690903 0.7635340000000000 0 0 0
1.5304203030387886 3.4476812224685522 8.2342236969561213 0.7342720000000000 0 0 0
1.1092832068984302 8.7540331837382492 5.2970736056475953 0.8103300000000000 0 0 0
4.3167069242577574 8.5715835266846589 2.6829079555063742 1.1261300000000001 0 0 0
6.8111141882317536 2.0199788858214007 1.7678582314693065 1.3158600000000000 0 0 0
3.6876320188400236 5.7984510752233094 5.4000017880284856 0.7312270000000000 0 0 0
1.7058339895124970 2.6452421329127089 7.5621698299754110 0.8757500000000000 0 0 0
9.8134920003381669 9.1396513110834388 7.0224181249834317 0.8057480000000000 0 0 0
0.0044071633166661 3.5991196124627107 4.9987258044924330 0.8154730000000000 1 0 0
1.6189763239605968 5.2393659540463222 1.5710872300411183 1.5600600000000000 0 0 0
1.1667715643305876 3.9743152855198884 4.4164086947710377 0.7315920000000000 0 0 0
7.8154274118690141 2.0630746339955941 7.4387660038306134 0.7481250000000000 0 0 0
4.0197420857310746 3.6678023773868338 2.4370630282397907 0.7743470000000000 0 0 0
2.9396187993543532 7.6686316343336340 7.3814229604525980 1.2324999999999999 0 0 0
7.6828879406452151 0.2686161865154900 4.0098432534325656 0.9478140000000000 0 0 0
6.1290371408189861 4.2879875877434790 7.5251571243191080 0.7299369999999999 0 0 0
8.6939460038229281 0.5773874654382097 2.1875481919215511 0.7448790000000000 0 0 0
3.1306255626317805 9.7248018094416633 9.7070913726093710 0.8362460000000000 0 0 0
2.6498512587788663 2.9868542643513964 3.5231258330328261 1.0232100000000000 0 0 0
3.8437664368766176 3.1741737020507470 3.3893370619719834 1.3013300000000001 0 0 0
3.4065056532070033 0.6303495033748425 1.9837356808746434 1.4341699999999999 0 0 0
5.0264807690412319 3.3957276144994077 0.0974817759292273 0.7303460000000001 0 0 0
8.2162202063741674 7.2209220287562133 9.9026235644264347 0.9766070000000000 0 0 0
8.9394848160502658 9.3403766598184763 7.0430758755720415 0.8725990000000000 0 0 0
1.1531598558753944 3.1641326673023840 1.7758529380519950 0.9207550000000000 0 0 0
6.8122814035961738 4.1568395852610172 1.1976935708623235 0.9573630000000000 0 0 0
9.8005768944436280 6.7547543426049117 9.0888040001494765 1.0613200000000000 0 0 0
2.4011998381415922 8.8383660734759655 3.5015331544633295 0.9061020000000000 0 0 0
0.3338859513574318 9.3764002006809068 2.4578243266796114 1.1386799999999999 0 0 0
9.2567452714582608 1.3313194328173230 6.1864227956715609 0.9456420000000000 0 0 0
1.0368795289283617 0.5931323423755315 3.8271165414688655 0.7893360000000000 0 0 0
0.6013395269771629 3.5829495448178372 7.8965600669408520 0.9513160000000001 0 0 0
5.9860294370136984 5.4738108534128838 9.4993558979758088 0.8126430000000000 0 0 0
0.7935978619289344 0.6622618055209228 9.6493491243058500 0.8720110000000000 0 0 0
3.3967057712926980 7.1570177132636985 3.9346041019091063 1.0375600000000000 0 0 0
5.0722732113884446 0.1307259660787147 3.9547435179257220 1.2639600000000000 0 0 0
1.3410120489692143 3.9312477368025802 0.9493149538734130 1.2748600000000001 0 0 0
5.3685444914430853 3.8607606321289758 5.1919639691830266 0.7738810000000000 0 0 0
2.6274462281753039 3.5517354096118208 5.7244680585950274 1.5308600000000001 0 0 0
6.8797824653607700 7.1405641804698812 3.8067374237221503 1.0398600000000000 0 0 0
1.6735974339764230 7.9398730436352318 0.8425028950958133 0.7876350000000000 0 0 0
0.1495909461666224 8.3601523560181317 2.6767425369110280 0.8842200000000000 0 0 0
5.5624492416110991 9.0818040919995173 1.8175999658254305 1.5201100000000001 0 0 0
9.2732105064752375 8.2841427025446261 8.2029418161761374 0.8909200000000000 0 0 0
1.6430194700469583 6.1728731747998644 0.7807003020951042 0.7952500000000000 0 0 0
8.6282349516787775 9.6513394049666434 9.3987818135081849 1.1177699999999999 0 0 0
3.1060482051259406 8.3254252027695905 1.2230327881979441 1.1294400000000000 0 0 0
3.1505106590701124 4.5056070358975147 7.7282156231294659 1.1751900000000000 0 0 0
7.8768418916489349 1.5232558651289962 0.1677791747821309 0.9572360000000000 0 0 0
7.2800374990501444 7.2408893674531800 9.8187765342838809 0.8353830000000000 0 0 0
3.3648992123857484 0.4364161448886296 7.6987741643531900 0.9798420000000000 0 0 0
2.4603382134177449 0.0064224222569612 6.4617130332794259 0.9657060000000000 0 1 0
3.2592631558033145 6.5819922077816893 2.0273728521131695 1.1149400000000000 0 0 0
6.5346063464777817 0.1946469744426497 7.2534842383363367 1.2736700000000001 0 0 0
2.2426313165472207 9.8649855133144744 2.0585395774548423 1.2454200000000000 0 0 0
0.9210937832948497 7.4647885932337044 0.3627582436043753 1.0008699999999999 0 0 0
8.4964267432480458 6.3003955199538870 5.4812895483921809 1.6125499999999999 0 0 0
4.1240648097617241 6.0885643401652825 8.3690501319217798 1.0560099999999999 0 0 0
3.3540975778126541 0.6577508977205779 5.8078378638743668 1.5049600000000001 0 0 0
1.6700512915298720 2.7557717386989733 0.9558266893852271 1.0783199999999999 0 0 0
9.4483783535832853 9.2055763080376440 8.6068145464148582 1.0687100000000000 0 0 0
0.2674615827312687 5.1986729964522631 9.2689723772064827 0.9120320000000000 0 0 0
3.1714302814332553 6.3732995751876871 8.7692166516854222 1.0012900000000000 0 0 0
5.8443390451683372 9.8204229196474184 0.9401660385193983 0.7498990000000000 0 0 0
8.1101566040192150 5.6739266719760462 6.9313984098076755 1.4770300000000001 0 0 0
5.7707097611550031 1.5649698926184146 2.6444422050765377 1.2652399999999999 0 0 0
8.9907781350388021 2.1347577343143245 3.4677608355708847 0.8405170000000000 0 0 0
4.4697559464960248 7.9189500337825480 0.1203864147750038 0.7614440000000000 0 0 0
1.1557197939567398 5.7416464940683465 3.4017775838553739 0.8696159999999999 0 0 0
6.1219278817853047 2.1362679020447408 0.5673152927997813 1.3585900000000000 0 0 0
0.8512092348680129 4.9908796342800805 3.9408479379427916 0.9940380000000000 0 0 0
9.3708599434666660 2.3055189590651941 9.6454291011809765 0.9329860000000000 0 0 0
3.1534607886421253 8.9580398813785518 4.1364597406109516 0.8995660000000000 0 0 0
6.8546127685074758 9.4579496978734703 8.6393178237024824 0.8906830000000000 0 0 0
8.5297498382155688 5.1530724187922763 4.4811562821279072 0.7654640000000000 0 0 0
9.4494721301862707 8.8033569647577252 5.2849205859274857 1.1374800000000000 0 0 0
8.0326570539572355 0.8343198334049960 0.9083286639398795 0.9344190000000000 0 0 0
7.2804289040096082 6.5813849448007726 6.1215543743752230 1.0036499999999999 0 0 0
6.1676898962130329 8.1375938963185934 5.1259396992021182 0.7339540000000000 0 0 0
1.1548539981749091 2.2676350987398850 9.2919409444420307 0.9797570000000000 0 0 0
1.0813155421377818 8.5230200250628840 8.3809792921269555 0.9654830000000000 0 0 0
9.5178489409131313 0.3364093147793955 3.0993798081485879 1.5868700000000000 0 0 0
0.2524250359002861 5.0764066169036806 2.0900905390045876 0.9528420000000000 0 0 0
3.0590964296515151 9.7986352245162607 5.0174914130715251 0.8050410000000000 0 0 0
7.6846293114483695 2.1349926584748102 6.0099748621429576 0.7376190000000000 0 0 0
5.1406109667998834 2.4997425008827729 4.7282533861133471 0.7568170000000000 0 0 0
6.5584421364704202 5.8785486639360771 8.0786253574247695 0.9547060000000001 0 0 0
4.4777820557298176 3.6193307891921909 9.3308967276720214 1.0296000000000001 0 0 0
4.3490771929094239 9.6400875536848414 2.1695638960787309 1.1420500000000000 0 0 0
2.7980763842764622 4.3721800866375000 4.6476175307498533 1.1010800000000001 0 0 0
0.3232752227833807 6.5724058129058029 3.1296271799728874 1.1655500000000001 0 0 0
1.2430990758897744 4.0399114611283258 3.6387324372000482 0.7554180000000000 0 0 0
9.8677151278322963 5.9322973630796305 2.3376114428782602 0.8198580000000000 0 0 0
1.0395709665235460 2.8257404572586449 8.1008318209685761 0.7765940000000000 0 0 0
2.5581589462738439 1.1124256052575667 7.8259526760803668 0.9788330000000000 0 0 0
5.3542796887506192 5.2609330115405344 0.0237234201712163 0.8213400000000000 0 0 0
9.1179455347086318 4.0546252877979452 2.4493195585356875 0.8310120000000000 0 0 0
9.6153380450053856 3.1403968352579450 9.6968958973832855 0.7416180000000000 0 0 0
2.1284827306819993 8.1341410305557016 3.0384277846102385 0.7906300000000001 0 0 0
3.3692279054504470 9.4360143188860626 7.6715682379220116 0.9228110000000000 0 0 0
7.7784933655370097 8.5677138049421888 4.7801625939229710 0.9330170000000000 0 0 0
7.3022488712974720 4.1298494412609825 4.8530100980579807 0.9521750000000000 0 0 0
1.9456061909101312 1.5719065541178856 0.7790570931960430 1.1286000000000000 0 0 0
0.3857738932245819 8.6858726370458648 6.0194594915600144 1.1601100000000000 0 0 0
0.5019958204815279 8.5725347171707202 7.1098389542857205 0.8922369999999999 0 0 0
7.2664394360651920 6.2041975401978497 5.1722183375182906 0.8405170000000000 0 0 0
8.3603916824180811 0.7386975558912506 0.0755585304568385 0.7566710000000000 0 0 0
5.6080005001846445 7.0949843182019032 9.2495418833811076 0.7467930000000000 0 0 0
6.2875531689215789 6.7584455716156731 2.2568911461048060 0.7909240000000000 0 0 0
5.5852483052886956 6.6234453545885037 3.1141204562626790 0.7925460000000000 0 0 0
9.5206985714820860 3.0320886210930178 4.6195416751362401 0.7646490000000000 0 0 0
2.0938501515778074 3.7670244125615873 7.1982514700852986 1.5136700000000001 0 0 0
1.2824603096286264 4.4146012828118195 8.0529633401226501 1.0791100000000000 0 0 0
7.2874353055489580 4.5429664433210499 5.6684929568674427 0.8022840000000000 0 0 0
9.6835802684022187 4.3759419426184074 1.7357188082181194 0.9141260000000000 0 0 0
1.6357266469725429 6.4615557739365492 8.2642042537100533 0.7300640000000000 0 0 0
8.9874324750630930 9.7395604293080211 7.8875919983364788 0.8737390000000000 0 0 0
6.7535660123927874 2.2123822163507421 8.8687199381686668 0.8392100000000000 0 0 0
3.5136093142087179 0.9844690267693906 0.8182706806369557 0.9215020000000000 0 0 0
5.7595072328048449 3.0676838114892742 9.0280141556867690 0.7423600000000000 0 0 0
4.7723184112907964 3.6915761068187503 1.3869643654237991 0.7387210000000000 0 0 0
0.1988425557361339 5.4034086273443567 3.1729666851142189 1.1031899999999999 0 0 0
1.7693663794417891 5.9001690791615786 5.2211910830743653 0.8403900000000000 0 0 0
4.9402704332919427 6.8800175703397901 6.7450298011059573 1.0511299999999999 0 0 0
0.9176150709646824 8.7203171535317381 0.7315746264289583 1.3145600000000000 0 0 0
7.1867491513824069 4.7998512191383673 6.4511480581078908 0.7907260000000000 0 0 0
8.9050836358799526 2.2627284043640121 2.3119863167829822 0.8350820000000000 0 0 0
4.3852339011683332 1.9253438277164479 3.8955121828110828 0.9031709999999999 0 0 0
0.4025648691628175 4.4003609290484533 4.6752035735504744 1.0183400000000000 0 0 0
7.1145329694722763 4.5681611806589535 7.4746656591160718 1.2337800000000001 0 0 0
1.5102194174661847 3.0702636877592271 8.9387761983787026 0.7701650000000000 0 0 0
8.5993973622137219 9.9949217855301455 3.9403879432329583 0.8969310000000000 0 -1 0
5.4346712763108602 8.5623529768514750 6.4145816792072514 1.3440000000000001 0 0 0
9.0266153789855181 0.5923502763822163 9.4814889411055709 0.8289140000000000 0 0 0
4.9257643600645897 8.2248477298615210 8.2420723120133559 0.9264019999999999 0 0 0
4.3336910219514184 4.8859647432894890 6.0123245409419166 1.2141100000000000 0 0 0
9.1414049138863334 1.5504547143057597 7.3532555422909445 0.9730860000000000 0 0 0
9.1817535981227163 2.9830861467326515 8.8818929010609686 1.0474200000000000 0 0 0
9.7245519770913056 7.5608897451119903 4.7084805891619927 0.9606270000000000 0 0 0
9.6126273437379890 6.4267162591686171 1.5806377717254914 0.7868400000000000 0 0 0
3.4688440410079862 7.1606255243989514 4.9442008177781149 0.7688680000000000 0 0 0
0.2296350251221964 9.8115280036393226 6.1357871817272107 0.8320480000000000 0 0 0
4.9601152377941657 5.4423707526776095 8.9996716207960041 1.3135399999999999 0 0 0
2.9619431838895682 3.9989694881797000 3.6256066749686822 1.0208900000000001 0 0 0
4.4359476117400689 1.1720060640089978 2.4084046295903572 0.9248400000000000 0 0 0
8.3210996061349789 7.2563309217660903 6.8898606298605394 1.6020799999999999 0 0 0
0.1479655570046766 7.8037065654149602 8.8965683535825626 1.1001900000000000 0 0 0
7.8285698285543983 8.7928149199358714 6.8709383369178427 1.5051500000000000 0 0 0
0.0959764347792520 5.6839537289696125 7.6806155925544886 1.0006299999999999 0 0 0
9.4168611847349943 8.9656693976682291 7.6968902556945782 0.7314260000000000 0 0 0
6.1733038220002836 0.8410818899660766 6.2828264002609950 0.9067530000000000 0 0 0
0.5785238062222812 9.6258669937285877 6.9570451685448393 0.9223740000000000 0 0 0
1.5049149384133269 6.7256900857869928 0.1189121791889816 0.7829890000000000 0 0 0
7.0494367810635374 1.8920165396122792 9.9590050111456847 0.8314160000000000 0 0 0
2.1643771503440501 1.0789056214998554 1.9298663819600850 1.0927000000000000 0 0 0
6.6743374412006560 4.7433638953068824 8.9656563321674501 0.7386200000000001 0 0 0
2.3992168017833646 3.2179745852949915 1.5529774644568302 0.9457010000000000 0 0 0
5.2995234273374701 0.5767749106905752 6.9593689873163678 1.2837700000000001 0 0 0
1.5604101912639476 9.7127389105856370 7.3148439324986017 1.0614200000000000 0 0 0
0.1940195507335347 3.2481634861062969 6.0272741891314734 0.7321560000000000 0 0 0
3.1527114372094447 5.2822702536858213 1.6062734232653968 1.3508599999999999 0 0 0
2.3636367361217205 7.5041190389346761 4.7141928519134186 1.2838799999999999 0 0 0
0.2250204638718626 3.7378893651869105 1.0754565099875366 0.8714140000000000 0 0 0
0.1371382518286453 1.8684024393105518 0.6364461241140748 0.9461260000000000 0 0 0
0.1604259814716146 3.3383298898978242 0.2236417738904331 0.7365750000000000 0 0 0
7.0037224074356503 0.3871890179379718 9.4491147543205560 0.8095710000000000 0 0 0
8.7669123631054049 4.4566941554350574 5.0068635637091790 0.7403330000000000 0 0 0
8.4253955476824203 3.4286774836007310 9.7262542125567393 1.3021700000000000 0 0 0
0.4457599745487419 6.7305686959591426 1.9755571429032774 1.0848100000000001 0 0 0
3.9863115118352410 1.9734811741060854 1.4892404770219756 1.5449700000000000 0 0 0
6.4046739289544101 1.1263318085025935 9.7909175700809339 1.1247400000000001 0 0 0
4.9637216577133971 2.1701053601001208 7.5408270318714550 0.7908020000000000 0 0 0
9.0187640068415700 1.5354728016276311 0.4617375928322057 1.3163700000000000 0 0 0
5.7942028782365034 1.5161931749834487 1.5025014958843443 0.8839730000000000 0 0 0
7.0343782956091871 9.5054619573350063 3.2768046544811353 1.3920999999999999 0 0 0
8.9113060235470964 8.0355163008945354 0.9733182044536457 1.5233399999999999 0 0 0
0.3457301513151863 7.4699399122624568 3.8658998624931251 0.8752960000000000 0 0 0
0.7170712768663339 5.2944168989913596 4.7822418750226907 0.7498600000000000 0 0 0
4.0873282639397637 6.8826598632656015 5.8415789378581291 1.3294200000000000 0 0 0
1.5215984588665947 8.2284842255782440 3.9362827565759790 1.3020900000000000 0 0 0
1.7215653076771564 0.2087988234043368 3.6272648163410262 0.7676010000000000 0 0 0
6.7681262309002159 9.3240768997042291 2.1203869968647986 0.9217660000000000 0 0 0
7.2739092010264708 9.5990813035394567 9.6276345193625179 0.8330000000000000 0 0 0
1.5502936450207248 0.5436696629723722 0.2521207458553489 1.0074500000000000 0 0 0
2.4903474311336669 5.5543077456551115 0.5845209353580502 1.0424199999999999 0 0 0
7.8015856843491198 9.1272995726107400 8.0078435309051006 0.7801360000000001 0 0 0
3.1416850053297440 8.6301082348655687 8.9327700199523647 1.3531599999999999 0 0 0
1.1024983098657972 3.1222506539972090 0.0316726673962701 1.1264200000000000 0 0 1
0.4850260535445833 7.4182229580763028 6.6050012562419909 1.5366500000000001 0 0 0
5.0673303471792153 1.5823925100046297 8.3264765399711589 0.8900720000000000 0 0 0
2.2736747446001360 1.8674887032762419 3.5290689487383680 1.2539800000000001 0 0 0
1.1963806640608770 9.5371269570359871 9.5862514658898856 1.2999099999999999 0 0 0
0.9609030458844976 1.8625092900490101 1.7580241832948513 1.6078900000000000 0 0 0
8.7841929613340319 1.2952720837030269 4.7554331635777238 0.9793080000000000 0 0 0
4.7276422875082584 9.3170646150305636 4.7795800826411536 1.0636900000000000 0 0 0
6.9074467625045806 5.1376386649740198 4.9316421428998352 1.1252400000000000 0 0 0
4.8892420130462231 1.6674270016240058 6.7357924827998028 0.9990540000000000 0 0 0
7.4918502979902701 1.2944674743071847 3.4420394131124703 1.3393299999999999 0 0 0
0.8441238602112365 4.1946908209311751 7.1064051173967631 0.9591870000000000 0 0 0
0.2040382868707255 6.6694287608189233 7.5924001085102164 0.8940470000000000 0 0 0
9.3834842413430284 2.2453358079550858 4.3209730018845107 0.8364110000000000 0 0 0
4.6591856373478606 5.4488879191368058 6.7961146141612652 0.7485039999999999 0 0 0
3.1070796565533478 6.4015705849901599 3.4796815863731352 0.7441750000000000 0 0 0
2.4759235771706276 7.1343620768818550 1.6714583217956609 0.8475810000000000 0 0 0
5.4989093657171155 5.2970308861693125 6.2387465688942054 1.1938599999999999 0 0 0
0.1865480653266378 5.9812806312171523 4.8705217585101455 0.7679260000000000 0 0 0
5.0263390946481294 8.7808322921894320 7.4457924062940082 0.8235240000000000 0 0 0
4.8655989763890117 0.6243592814480261 1.2946591243715329 1.5840399999999999 0 0 0
7.8487794993756159 1.6307033188230471 8.1197941508632621 0.8080290000000000 0 0 0
8.6184125015500506 8.9567918307162238 7.7594103602646980 0.7967370000000000 0 0 0
3.4860779340547730 6.8295652141685004 7.8963440822630195 0.8943240000000000 0 0 0
7.7692596124750022 5.6919339296317588 4.4995159992956673 1.0196099999999999 0 0 0
3.1876501368141046 3.3672602466859023 8.0673430053848971 1.0386000000000000 0 0 0
6.1384455459744540 8.7839222711295921 2.8492806305801155 0.8116520000000000 0 0 0
4.0586253471631091 6.2018676407137940 7.0665489118487921 1.1767700000000001 0 0 0
6.6197298648056178 5.6951011537815184 6.8690654683975501 1.4006300000000000 0 0 0
4.6635544033396181 7.5080049598302052 8.6749614049904658 0.7654200000000000 0 0 0
8.0595204850679352 6.7137350812349910 9.0080512685615428 0.9986610000000000 0 0 0
5.4583775631037525 0.7301298313639901 9.0331356134489376 1.3341600000000000 0 0 0
3.0836039859147690 0.7369329545024331 8.9153645017260477 1.4566900000000000 0 0 0
9.1374234810893658 0.6684699828269773 8.1151151917727162 0.8257350000000000 0 0 0
2.8095995756569176 2.4317871368784858 0.8070023920139859 1.2202000000000000 0 0 0
0.7425332048475226 4.1923902284989936 1.9533883301813879 1.0065900000000001 0 0 0
6.6358715280572742 7.7299305305165014 0.4173668486710413 0.9727460000000000 0 0 0
6.9949194066802294 8.4232291690770023 1.4202178663537424 1.3190999999999999 0 0 0
8.2213112070206869 4.9105567681182771 2.7034610876399197 0.7443400000000000 0 0 0
5.8439368097946245 6.5404918631186835 6.6488895068905114 0.8147480000000000 0 0 0
4.8854462919213075 7.7649912992062635 1.9041455145716695 1.2979600000000000 0 0 0
8.5637097950372567 6.7642310825007392 2.9321130394770263 0.9864889999999999 0 0 0
4.1547806869628285 8.0580852097236093 3.8066950070213816 0.8897960000000000 0 0 0
3.8449425225606775 2.7417308465999111 0.5703626167337982 0.7803390000000000 0 0 0
9.4737631562564477 5.7767472664820421 9.3012803717109289 0.9665330000000000 0 0 0
9.5473807218728854 1.9552891990410068 1.5476074054824676 1.1480399999999999 0 0 0
0.9959191195133488 0.6983396509969525 6.8440349620123824 1.3079499999999999 0 0 0
8.6248940777848535 4.5980685488610078 9.4118764463905897 1.0466700000000000 0 0 0
6.2511056737750250 1.5546047221529355 3.6915481199748967 0.9572720000000000 0 0 0
3.3512470989941678 0.6967566962029587 4.5194579000734674 0.9609220000000001 0 0 0
6.8686709649195503 1.5521466757505320 5.8431082776604883 1.1909200000000000 0 0 0
0.3555944945865123 4.2663941575542408 5.8596950912401464 1.2807599999999999 0 0 0
1.7851787059094908 7.6021397739401229 1.6965808221618661 0.7621240000000000 0 0 0
8.9288630476837199 4.4130240475015325 3.2572058213010906 0.7643270000000000 0 0 0
2.8446806551554018 1.6299580842904742 6.4831697748258863 0.9747310000000000 0 0 0
9.9226525821796034 5.0621671167831623 5.1043212259392181 0.7626330000000000 0 0 0
1.3547152137719443 3.9609329010270180 6.2203406526111760 0.8511480000000000 0 0 0
2.2492038020360341 3.0258711259589286 8.1861494389085134 0.8637580000000000 0 0 0
1.1310611914098871 7.6256522568520317 2.6772147805090212 1.4759700000000000 0 0 0
7.4041534783438383 7.3020372937841209 2.4968466130510394 1.6127400000000001 0 0 0
8.8268228027985565 6.5768133591431646 0.8108210704146280 1.3114600000000001 0 0 0
9.8310405837742945 0.1229357316101149 8.3527220501646635 0.8203560000000000 0 0 0
6.2968770940179963 3.1046717245391307 2.4634494661935946 0.7764670000000000 0 0 0
2.9810263189776340 2.6145002422793455 1.9689141469746818 0.8293550000000000 0 0 0
4.2888775931945480 9.8400202869613942 7.3603435436516529 1.1049000000000000 0 0 0
7.8832615417013727 2.7520368954488701 4.4163874616473882 0.7449260000000000 0 0 0
1.0247011033811884 1.8511112354524544 7.3913239869648004 1.1520600000000001 0 0 0
8.8020554455703461 6.1856787962396069 2.0598470436710739 1.0660900000000000 0 0 0
3.3126665630464207 2.2562468385064203 4.0764759610569596 1.1287900000000000 0 0 0
6.3013485106348028 7.9627083459703076 6.0747348766468576 0.7384870000000000 0 0 0
2.2314975290427772 5.8917157882033857 3.5296553867407576 1.2060400000000000 0 0 0
2.1621545728353331 2.1863642769523102 5.7342586879649646 1.2501899999999999 0 0 0
6.9484627344146093 5.4492716520884485 3.9319188095531832 0.8935850000000000 0 0 0
2.1638690922163835 6.7443659282928152 9.3074416814983501 1.2287999999999999 0 0 0
6.2779335746374345 7.0884494765670194 3.0269781491390666 0.8100940000000000 0 0 0
3.8198962645435586 4.3762390674525085 6.9794285792823230 0.7702870000000001 0 0 0
0.0923068655361775 8.1231603980282827 1.0556709329561806 0.7396410000000000 0 0 0
7.3221278977034725 3.4347409618934566 7.4177422462299285 0.7423940000000000 0 0 0
7.1021001510354127 0.1573468028098306 5.9396114223596879 1.4130199999999999 0 0 0
3.4718921880268327 3.2801566822746731 6.8928316057428907 1.2981499999999999 0 0 0
5.1908416895073879 1.3254560320296640 0.1269515751490969 1.1148600000000000 0 0 0
0.5733266406614654 4.2326634621168759 9.9493304334252262 1.2230200000000000 0 0 0
5.2886185375427184 7.9184176708989717 9.0905279847836784 0.8678380000000000 0 0 0
7.3749595677970978 7.8663669048583751 4.2538590117385802 0.8579490000000000 0 0 0
1.1251269646724420 8.2197812568391413 9.4900718584139270 1.2468800000000000 0 0 0
5.3159546784421030 1.3840422192892261 4.5466648530672362 1.4489799999999999 0 0 0
9.5854563466187575 0.3890957774082542 7.0334503219632891 1.4939400000000000 0 0 0
6.7650847103495888 2.3342239781119853 3.0468538149615645 1.2224900000000001 0 0 0
0.9664037109334846 1.2651360742397559 8.9702030446125018 0.9045230000000000 0 0 0
4.3413277262689283 4.4263627284979528 1.3767451873910439 0.8868050000000000 0 0 0
8.3966323823823625 3.7469442479102759 3.1666826363133382 0.8844500000000000 0 0 0
9.7047240588225794 7.2688509203900127 8.1708283010655176 0.8071750000000000 0 0 0
8.3749011733778040 5.7714810186656234 2.9157972637492700 0.9382520000000000 0 0 0
3.1223979828049226 5.7585358250895213 7.7652489701321530 1.2336499999999999 0 0 0
2.9846976222888708 9.6483924254235838 0.5148358610128234 0.7504550000000000 0 0 0
0.3829676601876632 5.8227059851725418 1.5232155896749144 0.8716940000000000 0 0 0
7.5598776561983589 4.7584294423661628 4.1933699270835811 0.8387770000000000 0 0 0
9.5599363770107129 4.3089327472798589 5.1147700120026247 0.8081700000000001 0 0 0
3.9004600448010844 7.9086920572306765 8.1313882927670456 1.1538400000000000 0 0 0
6.8939050535769066 7.3073626795791133 5.1698546209939806 1.3942500000000000 0 0 0
5.8046798886330402 8.8094228454251358 9.2263463565251964 0.8722760000000001 0 0 0
8.4106680947189520 8.6686556297377404 8.7321946571425482 1.1959000000000000 0 0 0
3.9811517027761392 8.8494807484407971 4.4713798681334280 0.7329940000000000 0 0 0
0.7321397052365406 0.1053358095274605 7.8365509579372130 0.9707830000000000 0 0 0
1.6456913816915464 9.6831434575178896 0.8479029346550253 1.0173500000000000 0 0 0
5.4458593997910647 4.5547848593711855 4.3186970062488301 1.3811300000000000 0 0 0
2.3496235836298016 9.9963389041492619 9.9764629513740246 0.8290860000000000 0 -1 -1
8.5323210962913905 1.2096945093237996 7.9355683159621186 0.7703220000000000 0 0 0
5.0205021348537402 2.1840329122563156 5.7024130201332142 1.2253200000000000 0 0 0
2.3572251280351848 4.0833600715756297 8.7924097219197908 1.4964800000000000 0 0 0
7.2796643841486359 3.5029337562782588 3.7104723849468368 1.5529900000000001 0 0 0
0.2170902861438757 1.1091785954289224 8.1080920473551963 1.2663199999999999 0 0 0
1.2203587660784283 3.8388688076926987 9.1785174153774189 0.8392860000000000 0 0 0
2.9952760615839731 5.0255141794578169 5.8187261488187563 1.4042900000000000 0 0 0
3.5801708447784271 5.2288311325781898 6.8698953048800746 0.9485500000000000 0 0 0
9.5474748194335533 3.8958154098088515 4.1734823029735324 1.0772299999999999 0 0 0
5.5760897402911498 6.6668024735349691 1.2431664547997718 1.5075000000000001 0 0 0
7.3225995360372345 5.5235488806045128 7.8180348598714682 0.7456290000000000 0 0 0
9.0760136207535300 3.6169059998495339 1.4255156996162357 0.7648760000000000 0 0 0
1.6430471945390561 7.0609745631471519 0.9351593510270676 0.9168150000000000 0 0 0
1.1813168719474054 4.7634175509892049 2.8646127721184613 1.2211900000000000 0 0 0
9.9835406265258531 2.8637597997195030 3.5341008093387707 1.1772700000000000 0 0 0
7.8257651512418542 4.5588389942523122 3.3567198943812304 0.8323690000000000 0 0 0
6.9793369304824786 6.7595197055213720 8.7170142992752080 1.1581500000000000 0 0 0
0.4233866892391692 3.8514469760627685 3.6285895070131655 0.8664960000000000 0 0 0
9.3549224377553095 5.4254672823593006 1.2792995141139620 1.2905100000000000 0 0 0
8.5191289185432861 4.4792259295501768 1.6645791155547827 1.2418700000000000 0 0 0
0.8107716371912057 5.8356946083818535 2.3950117103524420 0.9365150000000000 0 0 0
6.8110495515405045 5.0497650140802604 0.8567236179384800 0.8475279999999999 0 0 0
1.8493237267337992 1.6633036793698583 2.6080092482788011 0.7364440000000000 0 0 0
2.6816648400129313 8.2562396074152797 4.0578865404402444 0.7355270000000000 0 0 0
4.2153596014097117 0.7812083408249032 8.7610087817256641 0.7414840000000000 0 0 0
1.3737533704690670 4.9350518240974477 0.3353192698964984 0.9397960000000000 0 0 0
2.6970680903136923 6.6754939293210702 7.5502165932462901 0.7589910000000000 0 0 0
3.3119970297359083 9.3818122759285014 1.6435442784756307 1.0629800000000000 0 0 0
7.7930978009422995 9.1687411694740941 5.6418447769777664 0.9735750000000000 0 0 0
8.2832744899517650 8.1109799220585526 6.0038601547525250 0.7644890000000000 0 0 0
1.1613646991698612 6.0826817336147236 8.9829505586812353 1.0785000000000000 0 0 0
5.2349069696115631 4.6888334333429018 5.4349312989598806 0.8017919999999999 0 0 0
2.0077909026595449 3.7185311740197324 4.3787535744667938 0.9330340000000000 0 0 0
7.4800613026294522 0.0728354455755215 8.8651637600013053 0.7493919999999999 0 0 0
2.4326495571255373 5.9469962251946438 2.3279931123496138 0.9769409999999999 0 0 0
8.7673437588791483 9.4325730463484074 0.9882855083259218 0.7412050000000000 0 0 0
8.8514751722956451 3.2788738734203422 7.9298649253209978 0.9750230000000000 0 0 0
0.9344289516115648 2.0108627339413920 8.4088989127284037 0.8426520000000000 0 0 0
5.7278474538834949 2.0424232654955525 9.2581859396626811 1.2842300000000000 0 0 0
7.8938274840487290 7.3773568252643527 5.7184924465922986 0.8012440000000000 0 0 0
8.4437481428961014 2.1129423394099187 6.6591453399325253 1.1824500000000000 0 0 0
8.8428323452287110 4.1864148737832121 7.8807448897578576 0.7727200000000000 0 0 0
9.4530388393484053 0.9219401621306207 8.8491541058480188 0.7401380000000000 0 0 0
1.5520126446690463 9.6687124099609427 8.4179404870424648 1.0678099999999999 0 0 0
9.6820136613323644 3.7499457103685625 8.3157674167108890 1.0074700000000001 0 0 0
3.9449124426432935 1.8196952306288789 6.1950119325498703 1.1165200000000000 0 0 0
2.6889315322774592 1.5380419113613621 4.7778174137077531 1.1443300000000001 0 0 0
3.8359964569062694 4.1890070310087575 4.1426656933272916 0.9699620000000000 0 0 0
3.4197568902022515 5.7036485781947164 2.8288265992085941 1.1918899999999999 0 0 0
7.3134232204555421 6.4588649869468746 7.6304777448311931 1.0544100000000001 0 0 0
3.1372216379564275 1.8046714949481688 5.6229108325613506 0.7701730000000000 0 0 0
6.8323644624245174 9.0763502415683011 7.7002940141452187 1.0544800000000001 0 0 0
5.9226092470979808 3.3463930032862597 4.9904325837397350 0.7341850000000000 0 0 0
8.0184832141145232 7.6273349291236281 4.8743778317926969 0.9128200000000000 0 0 0
4.2907630044200964 0.3611982336586631 9.8346003662665549 1.4847100000000000 0 0 0
8.6453474716601697 2.4955608303129750 5.3012298564102807 1.5611699999999999 0 0 0
8.9596516907803103 6.2435081908781900 8.1388454220010527 1.5738700000000001 0 0 0
9.3978874675624855 1.3977825968500324 3.9643742524686187 0.9191500000000000 0 0 0
7.4343379503559657 4.8750542107640467 1.5730060514524165 0.9226290000000000 0 0 0
3.5353683290995765 1.2359491341448101 9.9781267518713364 0.7617940000000000 0 0 -1
9.9920879880716438 5.3070137987177972 4.3047894784076037 0.8122220000000000 0 0 0
0.0793552286509303 7.7155393509841064 1.9891701177485153 0.9152850000000000 0 0 0
4.1348222827010925 1.9139386903515487 7.2805381499339301 0.8456750000000000 0 0 0
4.3469286361975303 5.4516821050917965 3.1127594416726017 0.7389400000000000 0 0 0
7.3832917783702570 0.2523102353607249 1.1611700934462754 0.7308600000000000 0 0 0
4.1839848043313328 3.8027640663843081 0.4297794339513699 1.1824100000000000 0 0 0
7.1814676290759651 8.7104175339958463 4.1005565239772706 0.8318130000000000 0 0 0
5.3932248682233190 3.6965591995639047 2.0079702589477892 0.7785300000000001 0 0 0
6.2240714127717354 9.8210543845527436 9.3834541447369553 1.0445700000000000 0 0 0
3.2173663854499872 6.8202757357827419 6.6632707031132954 0.9760020000000000 0 0 0
4.5293540760885476 6.5073468555050109 2.5495989659239249 1.5051200000000000 0 0 0
6.8511218348035250 1.6045991798273593 7.9926724369408095 1.1242600000000000 0 0 0
7.6976319555804888 6.6982038248235725 4.5129074446742399 0.9261360000000000 0 0 0
6.9702687470870544 6.0519714814065795 1.5044333198610644 1.4746400000000000 0 0 0
5.5491331927550576 2.6189767621860200 1.7965118435260610 1.3591100000000000 0 0 0
2.0391253114901096 4.6202288519204524 6.3586734224255057 0.7631570000000000 0 0 0
8.7324062326286604 9.0850064286270698 0.2666065992419264 0.8024960000000000 0 0 0
2.5355801044487420 6.8354114622602378 3.7670551529484007 0.7406230000000000 0 0 0
4.0277674939558130 3.0555213636868039 5.6721635022172050 1.3230200000000001 0 0 0
9.3435096301162233 7.2004516806749930 1.7499753316127638 0.8266760000000000 0 0 0
3.2596203848953738 9.4927648491780499 2.9376670825930651 1.4432100000000001 0 0 0
6.6088410084226874 1.5779262410475394 4.6920537814478651 1.0857699999999999 0 0 0
9.2871239040409339 4.7809764099188747 4.4953266823701883 0.7776550000000000 0 0 0
4.2570607957611895 2.7631674082923512 4.4776711858989859 1.0787400000000000 0 0 0
7.3566785162103265 9.5172803654345266 1.4951010706168530 0.7427500000000000 0 0 0
4.3572815786101371 2.1794409769168537 8.1024292430724447 0.7727210000000000 0 0 0
5.4623646663973480 7.3341346937150078 5.6574744979875948 1.4331700000000001 0 0 0
2.7129342678685666 4.1775592184892023 1.5135640833579473 0.9332420000000000 0 0 0
9.4329446916458490 4.8787802227672366 8.5795617614788799 1.2555200000000000 0 0 0
5.4536272385132802 8.4303544761960580 5.2315441533432478 0.7634010000000000 0 0 0
4.7142517581311179 1.4007367743314290 7.5764359887237891 0.7339230000000000 0 0 0
6.6156359168520327 6.8500111216076016 0.6887309155829691 0.7897160000000000 0 0 0
7.4792898379439245 0.6882013044712905 0.0634509079286101 0.7927830000000000 0 0 0
6.5227180189993854 7.4180404051909585 1.3073215548919546 0.8199610000000001 0 0 0
3.7729392733244413 6.3997141037288960 4.8416158406887124 0.8154880000000000 0 0 0
6.3355486139775570 9.7950885715798233 5.1970776987610092 0.7304140000000000 0 0 0
2.2456922762314657 6.4562175538330102 4.4245172535330006 0.8247540000000000 0 0 0
6.9586125446328051 4.2590458665129596 2.0685536888666540 0.7421270000000000 0 0 0
2.2479643179079143 7.8941399495656732 9.2233103415644493 0.8840350000000000 0 0 0
1.1713151152689543 6.5197812486078961 5.8527328352665524 1.0414699999999999 0 0 0
0.8186266122896465 8.5741039042846285 1.9018244056190821 0.9621459999999999 0 0 0
9.8715297272275375 7.8917450157008027 5.5892074690016438 0.8261980000000000 0 0 0
4.5220687388910692 6.9886286263366211 7.9203204478853761 1.0148200000000001 0 0 0
4.4950537605418210 7.2366332684210750 4.5525557759998527 1.3483300000000000 0 0 0
7.6305569108939544 2.7493870837786227 1.3412471489458451 0.9494490000000000 0 0 0
6.4622854057970551 4.4770408667806558 8.2665846126538938 0.7506140000000000 0 0 0
0.8222975217273624 1.1678740511677357 0.6130108778636558 0.9435380000000000 0 0 0
3.2196710818488494 2.4876383623549772 5.0945845464846276 0.8835410000000000 0 0 0
5.5398464972165504 7.6383331651469941 0.1169154818554196 1.2186300000000001 0 0 0
0.9629730547812050 6.0397653490071121 7.9786952268295437 0.8962930000000000 0 0 0
1.6436836692721362 5.6884783599081317 2.7010999728422105 0.7772680000000000 0 0 0
7.6921430715498191 1.0146648981485433 1.9849552419989023 1.2654200000000000 0 0 0
5.9188326246635796 9.7481157363336468 6.2970577488725503 1.0817600000000001 0 0 0
8.6251918960333214 6.2323058554018393 4.0721221351704830 1.0892200000000001 0 0 0
7.9851943835032024 8.1105748195807053 1.7165256725599827 0.7596060000000000 0 0 0
1.2765436986037348 1.6417301812618148 4.6048722120376242 1.5976300000000001 0 0 0
0.6603342830586224 9.6018587545654750 3.6838759669899153 1.2636099999999999 0 0 0
7.8318997871330733 8.9942697071034292 2.2887462108430943 1.2482400000000000 0 0 0
9.3337940686272596 7.2960649406047580 6.1943194622435014 0.7476340000000000 0 0 0
1.7814942653123478 4.0680751186834376 9.8774986985241640 0.8515650000000000 0 0 0
4.9828709696083777 3.1485906141853692 5.1576055905482319 0.7744630000000000 0 0 0
7.3129175875934012 0.7791490479332632 4.8945659400968200 0.9659960000000000 0 0 0
9.5110748109775738 6.1914738212216571 6.6831992553243946 1.4285900000000000 0 0 0
4.4205273369654341 4.6157944529385171 9.6804908217049714 0.9979980000000001 0 0 0
4.5806406528299046 9.7172914138146460 6.0435333992524809 1.5068699999999999 0 0 0
5.9613556189793124 0.9911533892690525 0.7268665241694403 0.8665500000000000 0 0 0
4.4710108239284825 3.0912978069005774 1.9270422630081656 0.9200210000000000 0 0 0
1.2800135828452550 2.9329056670750804 3.7797667625020317 1.3537100000000000 0 0 0
2.9997956942879780 1.7955699925485900 9.5613740119766870 0.9326630000000000 0 0 0
6.2229387566561369 3.8870322360141851 1.8980153088679144 0.8735849999999999 0 0 0
3.4293969610942630 8.8933567155511497 5.0394022774393754 0.7379620000000000 0 0 0
8.8608561221146864 8.3113888261424584 4.1648478531961137 1.4740899999999999 0 0 0
7.9059500814297312 9.3054650175633160 3.9402606004767651 0.7553910000000000 0 0 0
9.6143677708758197 3.9708723014546274 9.3330362724705953 1.0034500000000000 0 0 0
4.4667862766102822 5.9133092705375629 6.1879104772565876 0.7683900000000000 0 0 0
4.6604255534365482 3.8546908918438683 3.7752524285276667 0.8763649999999999 0 0 0
2.3744448230512281 5.0349610170185066 9.6677438533684548 0.9979680000000000 0 0 0
5.3058679850431831 4.5727871109998137 8.0746440243179318 1.2166300000000001 0 0 0
7.0430073156612680 3.2569956697416127 0.3657282396719760 1.4479000000000000 0 0 0
4.8867896472971744 4.6727634651933254 0.6062017382516858 0.9951210000000000 0 0 0
8.1975759144330187 5.5563738842309673 1.1115810356051614 0.9652710000000000 0 0 0
6.6150610993247971 8.8801155321268386 5.6932861991634178 1.2635099999999999 0 0 0
7.4270306381962135 2.7093369478400580 8.1513757025522153 1.2517700000000000 0 0 0
4.0829455760210118 2.9877957380407598 8.5426434220027208 1.0399799999999999 0 0 0
0.5746551484932867 5.5279685275125781 5.7702687384939644 1.1928399999999999 0 0 0
1.0717542972751863 1.7741332491323476 3.1976510366113975 1.1566300000000000 0 0 0
9.9960529198528150 7.1300599079514724 0.9352893594646633 1.1912100000000001 -1 0 0
6.5409425993671269 4.5180222652675415 4.2843661626369158 0.7307870000000000 0 0 0
3.1135094177814451 2.4754067837095337 2.8465101508122208 0.8366690000000000 0 0 0
1.9436473788350002 7.5023682517599468 0.1059463220200177 0.9294430000000000 0 0 0
3.5520875799002356 1.4897858841041252 3.1051883532285158 1.3010500000000000 0 0 0
3.5006084052738200 5.0922630352615208 8.9288081607874172 1.4537500000000001 0 0 0
5.6642384466315612 0.9010978921344456 3.4841551453898028 0.7802950000000000 0 0 0
7.7770203647519525 8.3717230888817831 3.3648974778191403 1.0915999999999999 0 0 0
2.3610278524177764 7.6017084139309148 3.6360476213456003 0.7951750000000000 0 0 0
3.8684869607342005 8.9235645107792863 0.2417291836024801 1.5044599999999999 0 0 0
8.1420588531292655 3.0797814630733495 7.2028209225072590 1.0190999999999999 0 0 0
6.1645980994529292 9.7110449574219704 2.6136407388639449 0.7445150000000000 0 0 0
1.6465255584471832 4.8980273640292573 7.1586075673583425 0.8170450000000000 0 0 0
7.5599122281326920 6.2437230738425713 3.5009346797322114 1.2004699999999999 0 0 0
9.9848465820144554 8.1026294113379471 0.0491394956151902 1.2022800000000000 0 0 0
0.8577863494865944 3.0206527339828537 6.8654820509020356 1.3354200000000001 0 0 0
9.2340434190437772 5.0647458394305911 7.3726023484706147 1.1307799999999999 0 0 0
3.2385841355042517 9.2760021539697846 5.9497811940701499 1.1811600000000000 0 0 0
0.5355061563178108 0.0544047876653179 0.6178687684960782 1.2647699999999999 0 0 0
7.4079010228188586 9.9728783159648469 2.1673945837286808 0.8184180000000000 0 0 0
3.9684861940909051 6.0416734448716873 1.6246262210548172 0.7657800000000000 0 0 0
7.2231620865396549 2.2022475602777107 0.7764695790335800 0.7579380000000000 0 0 0
2.4743020655944026 4.8356552862382012 2.7036462271851245 1.2828500000000000 0 0 0
6.6851137260026778 0.1134725846212904 0.4150640180783833 1.2068600000000000 0 0 0
2.7679305286432356 1.8057247137626398 2.3448883181031981 0.8743550000000000 0 0 0
6.0763707670392542 5.6279652072263158 4.3734342860614284 1.0185100000000000 0 0 0
6.1183498195951032 8.8668800474377640 0.3808423717049699 1.4321200000000001 0 0 0
3.0939528262521310 6.3167811002477006 4.3150584299113115 0.8205380000000000 0 0 0
1.9082846136721601 5.8560758707864684 7.4916149775188936 1.1746300000000001 0 0 0
4.3356146638961857 9.5321150965209611 1.1484399053040941 0.7730760000000000 0 0 0
8.4719990134391878 0.4387861526720142 7.5576248982407170 0.8574340000000000 0 0 0
1.6727047305473859 2.4363795488344850 8.4429707561433567 0.7999020000000000 0 0 0
1.9358067145895972 8.7193281148188824 8.8946068730883603 0.9067140000000000 0 0 0
0.9952998059332336 6.3163230269898323 4.8749008226150154 0.8966080000000000 0 0 0
2.3578160497685667 4.4723729588382524 0.5975957907793349 1.0412399999999999 0 0 0
8.8302308052292755 9.0403053799184345 1.7595291557736390 0.9320330000000000 0 0 0
6.5961125518737278 2.5003401131380638 9.6418750095699544 0.7462340000000000 0 0 0
6.7818126803900904 9.3308538919005120 6.6650592567259670 0.7897990000000000 0 0 0
0.4761317936977619 0.3442628917548622 1.6354353826419576 0.7738480000000000 0 0 0
3.9294988437813796 0.1150116156519015 8.3705879004041890 0.8161060000000000 0 0 0
5.0008258960033354 9.4534532858951046 0.5384183310850378 0.9710440000000000 0 0 0
3.4028484096420804 0.5570405113565357 3.6320144275709629 0.7603780000000000 0 0 0
1.6446345466393277 1.0346975406029542 3.5413686363387975 0.7578980000000000 0 0 0
4.2124098582678142 1.4010356781030644 0.4218009306301662 0.8189050000000000 0 0 0
7.9049352744729529 1.7706826540430665 1.1317416489176142 0.9359210000000000 0 0 0
8.7741295329969926 9.7151730648000427 2.3708746635689200 0.7504130000000000 0 0 0
8.5680417662753960 0.9473916977252125 3.7850213737044349 0.9330680000000000 0 0 0
0.3964010468911986 3.1401735293690280 9.0207291535960223 1.2487299999999999 0 0 0
0.0116637648439255 4.6349333792696914 3.7536357694659874 0.7879850000000000 1 0 0
7.1168766582443528 7.6503475236704261 6.3610851952876324 1.0312300000000001 0 0 0
5.9146619370279669 1.5866149473341193 8.3275975035308765 0.7403650000000001 0 0 0
0.5554920071249790 5.1603995025911678 8.3806643384878399 0.7543110000000000 0 0 0
4.7958228967321830 8.2838779485488843 4.4545742069223477 0.7496760000000000 0 0 0
5.8195874860189720 1.4847344128053346 5.7664928616613080 0.8214420000000000 0 0 0
8.1660034111692017 3.8398334553459472 5.7054652733510203 1.2822100000000001 0 0 0
9.5105001894530243 7.1743170037513382 7.3192949959533982 0.8277840000000000 0 0 0
7.5820510634502654 6.0447380849319474 0.0526391096465904 1.5639500000000000 0 0 0
6.1242032409168461 7.8498049357283879 2.1626366726678379 1.1482399999999999 0 0 0
1.7299990141671731 9.3681863153140714 3.8777105301510444 0.8779310000000000 0 0 0
8.0230532427717556 0.1927706177963034 5.2527322347111918 0.7881610000000000 0 0 0
1.5282999616475936 7.4996394817654872 8.5212542241298017 1.1994199999999999 0 0 0
0.4088411572219321 9.5048393929559456 5.1268146393064375 1.1745399999999999 0 0 0
8.7458853300632029 3.0509901394768102 3.9491448916123244 1.2089000000000001 0 0 0
0.5219703854049534 9.4534607802000394 8.5689273346744717 0.9591850000000000 0 0 0
6.8827271398008358 8.3688861703813746 4.8129785178981894 0.7349070000000000 0 0 0
5.8026620289737085 0.8419245221048693 7.9350687239492768 0.8882409999999999 0 0 0
5.0339767682149441 8.7800235664196098 8.8973433886886362 0.7361340000000000 0 0 0
0.9507739718190866 7.5832442185895710 5.1129043208278349 1.4932700000000001 0 0 0
4.6484884458126805 3.9721823379976855 5.5927637804360133 0.8166700000000000 0 0 0
3.3711833637959532 9.9151110037677892 6.8338938968119178 0.9383260000000000 0 0 0
4.0377697612772270 6.2355019577353739 9.5694312805616448 1.2773600000000001 0 0 0
9.2104081918174998 5.1141965907212983 2.5391504457077567 1.2270900000000000 0 0 0
3.5947171509010123 5.9377276793400693 6.1826125092519444 0.8030600000000000 0 0 0
6.8462018631801875 6.2798153972322162 4.3650410724457727 0.9199700000000000 0 0 0
2.4070984007227931 6.5932069976680561 8.3091430346014352 0.7647520000000000 0 0 0
1.1689179086907846 9.5867061837543268 1.7787401151669602 0.9095240000000000 0 0 0
0.1740477591757169 8.7876869706574912 9.1428175021832558 0.8447100000000000 0 0 0
4.2606738959733566 1.8640962545772248 9.2601271952911830 1.5484400000000000 0 0 0
5.2704933337659279 3.4363994229214661 4.4373874059580611 0.7903420000000000 0 0 0
3.5147359872351558 3.3269854879540270 1.3722783085508776 1.2290600000000000 0 0 0
6.0155689112860182 3.7848372580293064 8.2511327424651526 0.8317250000000000 0 0 0
3.2228483821252909 8.0685614160252808 3.1324874078224472 1.3284899999999999 0 0 0
1.0748007008027822 2.0939737865120560 0.3762861716751290 0.9620649999999999 0 0 0
4.6518597924839700 2.0933680059910151 0.3981107292004925 0.7609100000000000 0 0 0
7.1889826993667354 9.2719350662504549 0.7534993874965343 0.7948350000000000 0 0 0
0.4627229978216109 4.3014384427591503 8.7788051980661486 1.0385800000000001 0 0 0
6.1948836313410220 5.0668552164892757 7.7474855915290588 0.8350570000000000 0 0 0
7.9266379801130116 2.1273573768338516 2.0137887037383702 0.8963520000000000 0 0 0
0.0192615525253798 6.1176356631292546 0.7640522997592217 0.7825730000000000 0 0 0
2.4779985586415743 6.2455734984557161 1.3651700497730164 0.9646300000000000 0 0 0
4.8981445707383315 6.6422804122800905 8.8613201851317207 0.9691930000000000 0 0 0
4.7526023533424322 0.5936565099239914 8.0332551068482196 1.0396700000000001 0 0 0
6.3917451576341566 0.4613877829335774 1.7459979335468443 1.4993300000000001 0 0 0
1.9506739825166086 8.6552905883640765 1.6018024544043812 1.2932500000000000 0 0 0
3.6901107770978214 3.8922805278335275 8.7697122434335668 0.9086900000000000 0 0 0
8.5964831886340800 1.5829932887646474 1.7338325786080102 0.8509679999999999 0 0 0
2.3295202115718316 3.4253870899366547 0.4404320134800021 0.9591100000000000 0 0 0
5.9196658336426617 6.2566132687545339 8.8708162903981833 1.1237800000000000 0 0 0
3.9802613661555108 1.6534032795424989 4.9527665655331203 1.2933300000000001 0 0 0
3.8957663598814865 8.8779693940794377 3.6820339561784938 0.7837740000000000 0 0 0
6.8059401792371554 5.6503725316806852 9.0359411256869020 0.9717570000000000 0 0 0
9.6133336145091324 3.7980619730569636 7.0141907177326885 1.5081300000000000 0 0 0
4.0810563259056636 0.9234592779892059 6.9501522521613621 1.1560500000000000 0 0 0
8.2118464651825338 9.8197929108650932 8.4187836798840454 0.9463200000000001 0 0 0
0.4955564525490749 2.8199942836356588 0.9138375097581092 1.0005100000000000 0 0 0
6.0214519955453305 7.5018316512324139 6.8926357101904321 1.1200600000000001 0 0 0
7.7590706199217570 4.1325229384560425 2.4959634989872250 1.0215399999999999 0 0 0
7.9685562354725530 1.1097306409276790 4.3934917920921199 0.7433710000000000 0 0 0
1.1537357320091135 6.9232130954240452 7.6185544468288162 0.9784990000000000 0 0 0
8.7559642389311598 3.1322666898729179 6.4085691371607654 0.8848710000000000 0 0 0
5.0590285267977073 4.5794758098848289 2.9682062959115276 1.3278500000000000 0 0 0
1.3040415463580139 6.4364739152179737 2.8618979655557220 0.8097910000000000 0 0 0
9.9184202252264466 3.1634332806370553 2.1508334634549700 1.5501100000000001 0 0 0
0.0690398018451532 1.5534675675447716 7.0414431450225372 0.8854400000000000 0 0 0
5.1930552338792833 5.7097947730190022 3.6029218448241562 1.1810400000000001 0 0 0
1.9929767186789678 6.9460486895889240 6.7150528803763372 1.3990800000000001 0 0 0
0.1856432582760753 5.9181468405124438 8.6400640792973551 0.9095060000000000 0 0 0
8.1730123454190942 4.9799989841923962 8.1870732420206309 1.2879300000000000 0 0 0
7.5978990770917791 1.0417772514418397 7.1023108028541193 1.3649199999999999 0 0 0
0.0670352362774709 4.3380642127102353 2.8210784828631588 1.0666899999999999 0 0 0
8.2473688520111779 7.8957956431626721 8.0024439392992512 0.8763950000000000 0 0 0
2.1788048748719953 0.8626536027771456 4.1590723735692539 0.8488910000000000 0 0 0
5.6581697454674451 9.5142185097332899 8.1984599102408211 1.5363199999999999 0 0 0
9.8486965421872217 1.6132656273413675 5.1977284555681722 1.3216399999999999 0 0 0
1.8170728602777477 3.9440859583058923 2.1100738424544829 1.1394200000000001 0 0 0
9.2229622616202338 7.2722545825205449 9.9435117577874177 0.9646070000000000 0 0 -1
0.4040687788183914 3.3506851782741944 4.3176707684042626 0.7748980000000000 0 0 0
9.3439648480084916 9.1941598328959540 2.5035863675098478 0.7559260000000000 0 0 0
9.3004186317286734 4.2499723893131360 0.5154767392875358 1.4159700000000000 0 0 0
6.8585929277814452 6.9196990197976849 6.9080845163475226 0.7837170000000000 0 0 0
0.8319868046676666 9.1626927390410415 7.7215602466666704 0.8663610000000000 0 0 0
2.0753658404889133 0.5165302653579420 7.3220847645647469 0.7796070000000000 0 0 0
4.0366098196009776 6.1375961383935467 3.8362349231249540 1.2351600000000000 0 0 0
6.4470776855585195 1.3112693299177443 7.0527029549535758 0.9028790000000000 0 0 0
9.4163926127026158 6.7354519395927008 4.5973770061164352 0.7431120000000000 0 0 0
4.8843291713586643 5.8244104981037941 5.0234433667071485 1.6200900000000000 0 0 0
8.1307304066014616 1.1595205621992783 5.7956965548079653 1.3594900000000001 0 0 0
3.7200347555372515 2.8068796493090939 2.3321868528648650 0.7646990000000000 0 0 0
9.9812503371969381 5.4283960508842855 0.1915898166143088 0.9228360000000000 0 0 0
1.9807127436754028 1.3903924015464850 6.9990437114385475 1.0171300000000001 0 0 0
4.5119757475980649 4.6091469090129351 4.9968871093017020 0.8239760000000000 0 0 0
4.5680007233618385 9.3044928830871516 9.3217211613021220 0.8409880000000000 0 0 0
8.7298030611177726 9.2265948167353500 5.9004289751514740 0.8377720000000000 0 0 0
0.2355403710905573 1.8159606707410318 3.8777419569517799 0.8727370000000000 0 0 0
9.6659438000618696 2.4140804260776170 6.3936958501181733 1.2985300000000000 0 0 0
7.0464775724881230 2.9058412657603214 5.3105673976628411 1.6114900000000001 0 0 0
0.1809458504226298 0.9642895956264316 9.1520362381882929 0.7495420000000000 0 0 0
1.6117248472895949 4.6795300474233530 5.2488455721476965 1.5263500000000001 0 0 0
7.5659711528510778 9.9109678781052288 7.1891879315838896 0.7836740000000000 0 0 0
3.7118563849192316 4.1618111400564102 5.2439614350236061 0.9933880000000000 0 0 0
5.6811937441291143 2.6482852366059326 2.9815628688627052 0.9134830000000000 0 0 0
2.5398549749994350 5.0383384543978620 6.9679966059231040 0.9484540000000000 0 0 0
5.8160230425941482 5.7172924357243149 2.4051946112722375 1.4202900000000001 0 0 0
3.9202565760172359 1.2849429989183150 8.0389258714436131 1.0474000000000001 0 0 0
7.0467989511203379 7.7545459946488284 7.7493718317607625 1.5009300000000001 0 0 0
4.9562664921769555 2.9144715254468636 3.6941670927255612 0.9666940000000001 0 0 0
0.2603418822067940 8.5079978349800331 4.2758438675170547 1.2563299999999999 0 0 0
6.7202640762638923 8.9851647871391958 9.3819543356681976 0.8271280000000000 0 0 0
7.9328436965813305 4.7841613804482099 6.1555059986770999 0.7424300000000000 0 0 0
8.2157017418321701 9.6510945597981479 7.5570561389423654 0.7325720000000000 0 0 0
2.2953571381817359 2.6659912367576641 4.5720177907605946 1.1818299999999999 0 0 0
2.6750920135157674 9.9284266257401743 7.3873047843013397 0.7650280000000000 0 0 0
6.5201811019781788 3.6088748668055239 7.2695312340216667 0.8516750000000000 0 0 0
1.9523197077042191 4.7214105589927637 3.8768370216698989 1.1963299999999999 0 0 0
8.4973127645267006 1.2557924502873197 9.4534529439405990 0.8068140000000000 0 0 0
5.2840745355135290 9.4868655271251452 7.0353737119089290 0.8186310000000000 0 0 0
9.4034499917732681 8.9731938281534571 9.6774537365977462 0.9293590000000000 0 0 0
6.7934855749139098 1.2694149943333439 2.5707402688425156 0.7934920000000000 0 0 0
6.1166044544132649 2.2467211884602167 6.0242834505228089 0.8110880000000000 0 0 0
7.7063751032332117 9.3489325722509911 8.9876598875503060 0.7317020000000000 0 0 0
4.0168742876957779 7.8321636168850031 0.9294476704840904 0.9333010000000000 0 0 0
6.4968159962423258 7.8706348319353809 9.2109712637520893 1.3627100000000001 0 0 0
1.7145626286319313 5.8254392646967696 9.8910762152633591 1.0310800000000000 0 0 0
4.9987025144846946 2.8355613284427954 9.2572534361249428 0.7828110000000000 0 0 0
4.2137624938547811 7.6076362495319696 2.7989748380209147 0.7365000000000000 0 0 0
0.9057724991322514 7.6711240575043931 1.3965721392910952 1.0329100000000000 0 0 0
0.4087675361000964 1.0550694139876127 3.4910880708444205 0.7439450000000000 0 0 0
8.4314669316715580 2.3961969110302741 8.8572165851570794 0.7760550000000001 0 0 0
4.4152913112183558 9.4557397105575145 3.2062084445324479 0.8286950000000000 0 0 0
6.9242986688216854 5.0987102496400336 8.3311672040916296 0.7396350000000000 0 0 0
8.4271598500293372 9.4185643989657546 4.7917444330327879 1.1137900000000001 0 0 0
0.1543089551494332 0.6035821402376088 4.3914506379697187 1.2314499999999999 0 0 0
7.8863901698244563 2.9300288814639472 6.2718183156725171 0.8514300000000000 0 0 0
0.2461095508798748 5.0364012029109020 6.8176423928807921 1.0966199999999999 0 0 0
2.8939232095849929 7.4134819725108549 8.5692356454041896 1.1099300000000001 0 0 0
7.0267687631601552 1.2271265614661799 0.7903784955440841 1.1465399999999999 0 0 0
2.7520995437960654 6.4512528416075003 5.5641291556460528 1.4262999999999999 0 0 0
4.3963361625428963 0.4517155851303332 4.9277183900384136 1.0617799999999999 0 0 0
5.4862061013067791 0.4721912306205953 5.8067316806250888 0.7953820000000000 0 0 0
7.9760304799364672 7.0377911044570594 8.1027493365316747 0.8600139999999999 0 0 0
8.4427518151856109 1.5706359076429304 8.6944051074310149 0.7754820000000000 0 0 0
4.2554711495555120 8.1661156897052098 9.1905216840764137 1.0226200000000001 0 0 0
4.6795608533862687 7.3092639676314679 9.4772721137283238 0.7876710000000000 0 0 0
7.6307095886627030 5.9185514919458750 8.5577019448374276 0.9135890000000000 0 0 0
6.6604094052355203 0.5035719071442787 8.4833724327328142 1.1804500000000000 0 0 0
1.1708128563798026 4.8240996586710940 6.4144201518190780 0.8867920000000000 0 0 0
1.7215591940065671 2.2799322803646649 6.7566045736181266 0.8294010000000001 0 0 0
5.5192896922684298 3.6730808504042809 3.5164291465159789 0.8778870000000000 0 0 0
6.4305312144089184 0.4584524234809982 4.1379646137159005 1.3419099999999999 0 0 0
2.2281139763127977 2.7102124979449482 8.9720366524516013 0.7684360000000000 0 0 0
5.6730080670040852 1.6562859767210798 7.5135134350464226 0.8968320000000000 0 0 0
5.3588753477251805 9.4571241347098667 9.6560930216189274 0.8373540000000000 0 0 0
9.7672831835346461 8.9423778411340376 3.3387745626561829 0.9375420000000000 0 0 0
8.2272690896029523 9.9747942615847265 1.5877643273049791 1.1166199999999999 0 0 0
6.2737009748923027 4.1554345004157813 3.3695882560139676 0.8497100000000000 0 0 0
8.0411538234930067 2.4522396690608632 3.0681614700871505 1.2348200000000000 0 0 0
0.6688316034145354 8.5434034315352427 3.3248558330642717 0.7303480000000000 0 0 0
0.9581435154969419 5.2441203484057750 7.5377600820337278 0.8369840000000000 0 0 0
0.8396403015360003 0.3559642634990400 8.7865465678517012 0.8958630000000000 0 0 0
2.6162495524395348 7.8962779340218949 2.1551450535662595 0.9123500000000000 0 0 0
9.2315845997605894 5.6200692755025923 4.6583884764671257 0.8721970000000000 0 0 0
2.8298476231140244 0.7678068672493342 6.9428287208776256 0.9103230000000000 0 0 0
0.7939695970613508 5.6789337244410669 0.7030888382260941 0.8822610000000000 0 0 0
8.8975131992848411 7.4940877603462699 8.8722266543643187 1.2246900000000001 0 0 0
5.5526450889446375 0.2641795474480857 0.1756506340246332 1.0423700000000000 0 0 0
8.9135701585981835 7.6735529597606655 5.3988453302653099 1.0830400000000000 0 0 0
6.9249354842554549 2.4933808645855624 6.8503555075209430 1.4681900000000001 0 0 0
0.4053382197720024 4.7658229243333370 1.0444102701680085 1.1417500000000000 0 0 0
5.8988431669419858 4.8480954503947338 0.6660770823950557 0.9825390000000001 0 0 0
6.2889096574475278 3.7610817410442494 4.4029291198129581 0.8221650000000000 0 0 0
0.8942193834684878 1.8558747453523055 6.0875650769279197 1.3667400000000001 0 0 0
2.8663389973796587 1.4723811481533500 1.2860838582338421 0.8504490000000000 0 0 0
4.6573975245032067 4.0325587687569593 2.0929455139542483 0.7875060000000000 0 0 0
8.4991449070621403 2.5813434804367064 1.3328777110905909 0.7511660000000000 0 0 0
2.0183183988713234 3.7864818158962184 3.2062516358487634 1.0113000000000001 0 0 0
5.9345468270193553 5.1493756177219430 5.2149669277772057 0.8165640000000000 0 0 0
5.9617467479906505 3.0818482064280439 9.8564985783957102 0.7644490000000000 0 0 0
5.1389334402422646 3.2641620779404352 6.0547980993010819 0.9776430000000000 0 0 0
5.9429166273299074 9.8305576711810172 3.3774653252064208 0.7778220000000000 0 0 0
5.6298015245584985 2.4175726195516702 6.8307996536603310 1.0297499999999999 0 0 0
1.9028227677991398 0.8797821517323220 5.8348934331406195 1.3264800000000001 0 0 0
5.7518655298664072 8.3646215646559803 8.5143728838104273 0.7504040000000000 0 0 0
2.0877924393093372 2.2594681482346095 9.8518531882011082 1.1093400000000000 0 0 0
1.7408561808289515 6.7168612013788103 5.0632714313272205 0.7614060000000000 0 0 0
7.1957705649616752 3.7749963946549201 6.5029423317520978 1.1435299999999999 0 0 0
6.7043749732796565 3.8405402440322169 2.6998940987375177 0.7795510000000000 0 0 0
1.4814324832865444 0.9061369393700982 8.0723135058082196 1.1866500000000000 0 0 0
0.3390990221574726 6.0656825901396045 9.5577761164059254 0.8524670000000000 0 0 0
1.9500023531346429 7.3746752836933585 5.6808318734012087 0.7571900000000000 0 0 0
6.8904496741600720 8.5010155257075954 2.5290233378715796 0.8317420000000000 0 0 0
5.2269514008034950 2.6114051021893396 0.0535551032249046 0.8309560000000000 0 0 1
4.9697515914541821 8.4417697565026639 0.8036774469521522 1.0449500000000000 0 0 0
3.7936722776039571 2.5960265372494860 7.6688833373514562 0.7761620000000000 0 0 0
2.4279966957533006 9.9495633573738385 5.5465870491694718 0.7995970000000000 0 -1 0
9.5080366510010830 9.5278516281349397 4.2941057516726593 1.1884100000000000 0 0 0
2.9593427251762687 3.6243898674345369 2.5014374669339268 1.2630500000000000 0 0 0
5.4714717219419615 0.0381390594791064 5.0032999551935440 0.8930150000000000 0 0 0
3.4589682369213892 8.0580388720694778 4.5774391721254633 1.0973100000000000 0 0 0
6.5568705073239393 5.1218066783486060 5.8947880716176257 0.7308630000000000 0 0 0
2.4785690568709979 9.2718388543395083 8.1432235589150839 0.9475040000000000 0 0 0
6.5722954592874920 3.1289443478081660 1.4956539337640717 0.9128740000000000 0 0 0
7.5903347725668526 2.5360664155938961 9.3736614381500178 1.1422300000000001 0 0 0
9.0785187947869730 4.9011483967804583 6.0252556286960886 1.4836499999999999 0 0 0
2.8341397183464578 4.2486706365484768 9.8416380719136658 0.7341470000000000 0 0 0
4.6258132953077391 2.2491193425783202 2.7871915177334845 1.2948500000000001 0 0 0
6.1631091586669351 3.3704343410606556 6.2639486060213034 1.0409500000000000 0 0 0
3.1816069713753783 8.5854712411371636 7.8287645810584650 0.7788490000000000 0 0 0
3.2805272838290862 7.4688948976801841 9.9118715622177671 1.5871100000000000 0 0 0
4.2332577606157962 9.0999938562700624 8.3155087993908889 1.2285800000000000 0 0 0
7.6202088904294953 7.2624554542146651 0.9647494149361602 1.3716800000000000 0 0 0
7.2922747435996280 4.3812826160380096 8.5469876870157773 0.8572790000000000 0 0 0
1.1391154457702974 9.0759086488381975 4.5189597461756961 0.8145750000000000 0 0 0
9.2818943486641423 0.2579444519848840 5.4747245403415539 1.5246800000000000 0 0 0
9.3115583734638996 1.0916379549195927 2.0597602151781524 0.8130450000000000 0 0 0
9.1234343499605206 0.5430266503404743 4.3151696939561086 0.7334090000000000 0 0 0
2.5050210358017382 0.4825671405316602 0.9287755922221147 1.2445299999999999 0 0 0
2.4759223815606264 2.7233260886514410 6.6926976489486076 0.8322000000000001 0 0 0
3.1440557624783607 3.9029095590950056 0.5123278577519839 0.8349190000000000 0 0 0
9.6858904406319350 6.1384190848517255 4.0420707566973331 0.9068079999999999 0 0 0
1.9388077214085739 2.7372467316219806 2.5484269261918566 1.3441300000000000 0 0 0
9.6163381088679039 6.3460228760580533 0.0494644744269391 0.8440280000000000 0 0 0
8.4592212587600457 7.1373856750481748 1.7690129211858259 0.8764630000000000 0 0 0
2.3424855520412908 0.2157819127133275 8.1143624509711785 0.8710260000000000 0 0 0
2.8832677736364842 1.4774917045197060 0.4456773617087623 0.7477160000000000 0 0 0
7.2990752936787970 8.6162274132735686 8.7266976725779877 0.9472170000000000 0 0 0
0.8444048296952913 2.6741585405156716 2.7788730619679121 0.8053420000000000 0 0 0
9.5100483834298100 9.9313941707545865 1.6867011206232996 1.2297700000000000 0 0 0
3.1479650719406989 2.4903817351924289 6.1463441219335540 0.8874400000000000 0 0 0
6.7887614577883104 6.2459082510346020 2.6328316093187372 0.7596510000000000 0 0 0
2.1382440533629801 7.1635190063322769 7.7938985118211956 0.7389740000000000 0 0 0
7.7297421481882029 6.1021646831393657 2.3956536246514775 0.7778360000000000 0 0 0
5.8226230556941916 3.7644514417877195 2.6990911302119578 0.7696539999999999 0 0 0
8.0208322334539712 3.5005498152715484 4.6859579671978695 0.8090320000000000 0 0 0
5.3314669172743336 4.2151885766028894 6.2087247289670451 0.9170250000000000 0 0 0
4.9483593388117617 5.7492836057709624 1.6720567018747610 0.7650540000000000 0 0 0
8.2562245994552192 4.2416055639034242 6.9700691353939641 1.2454400000000001 0 0 0
6.3445178205845183 6.6523194862152337 7.5252061044202891 0.8317980000000000 0 0 0
3.2763631994716045 3.3375649566044152 4.5019133596757417 1.1128899999999999 0 0 0
1.5008784946937164 0.1263839254160652 4.7304670892548160 1.3664499999999999 0 0 0
4.4556525319579814 4.3976190714440664 8.7038750713851307 0.8498370000000000 0 0 0
3.0573370873196946 4.2473168959836700 6.7349183673501161 0.7408720000000000 0 0 0
4.3545332435279382 8.3113016000619329 5.4999979396281891 1.4275100000000001 0 0 0
9.0536149888833179 5.2388027919459033 3.6992907617827790 1.0384899999999999 0 0 0
7.8293985649296660 4.5442283424812295 0.4443283839319613 1.4651000000000001 0 0 0
8.0873279816216179 5.3295464285432974 3.6706531993088443 0.8253819999999999 0 0 0
6.2155567890280876 0.7656437653565334 5.2944930462922839 1.0034099999999999 0 0 0
5.0173278973733888 2.4616291029915063 8.4806472099192760 0.7765140000000000 0 0 0
8.4639620622220537 8.5947967038625972 5.3680824648081940 0.8094620000000000 0 0 0
9.1714133817933661 1.9230453789097643 8.8895391241603310 0.7368300000000000 0 0 0
4.4903422745433916 3.7429080987308856 4.7351503902981813 0.9219280000000000 0 0 0
8.7751841157077770 6.3942459500901681 9.6491545486088235 0.9525400000000001 0 0 0
9.8788616914514069 6.7683440020253620 5.4933695761705303 1.2010600000000000 0 0 0
4.8374576417613486 4.6154659491538199 7.0220114310125723 0.9524410000000000 0 0 0
8.2872259308480398 3.4429217285530691 0.9499421204365353 1.0322199999999999 0 0 0
4.3161514487197232 5.3807864298606276 1.1005474839123632 0.9935680000000000 0 0 0
7.9360732860284768 0.3696858041421254 9.4651000432126846 0.7833810000000000 0 0 0
7.9777482299010583 4.1320724402906981 8.9450094171739920 0.7350630000000000 0 0 0
4.7486910603906942 2.9012271658947126 0.8818051697835023 1.0463100000000001 0 0 0
9.3868329691123105 8.3678902154276749 9.0462276205818082 0.7315920000000000 0 0 0
9.2214320396019129 1.5054561207395376 8.2436290735971127 0.7458370000000000 0 0 0
4.6907016497409249 1.0395079401937881 5.8261117685844930 1.0815100000000000 0 0 0
2.8644269327575325 5.8578412658162620 6.6530969874010628 0.8569700000000000 0 0 0
8.8555757790680882 0.7933537230822619 1.3669009944146193 0.8797960000000000 0 0 0
3.2757846429906858 1.4756814882522773 7.3127357494021608 0.8521090000000000 0 0 0
7.1486262647258982 5.1976725698252384 2.6967538896988925 1.3688499999999999 0 0 0
3.9323083678118675 7.0267576271854848 8.7528853877691617 0.9233330000000000 0 0 0
6.9272496763961406 4.6483848297053836 3.6297101304232116 0.7555890000000000 0 0 0
8.0951438717257567 2.5085623183810468 0.4529027947718955 1.0305299999999999 0 0 0
8.0257601135614394 4.9714211377393740 5.2451630904709861 1.0303599999999999 0 0 0
5.4878700315763860 7.8794957068393048 4.6092919697110410 0.8215920000000000 0 0 0
8.0916441465699194 0.2486309544301180 2.9232956494724767 1.1889200000000000 0 0 0
0.2631937988005713 2.4942122945001195 4.5355024066739693 0.9487020000000000 0 0 0
3.5236622971911777 5.0302560814477753 0.3272542810790843 1.2461400000000000 0 0 0
5.7743451187686290 1.5396754122931391 6.5790116743197649 0.7439560000000000 0 0 0
0.1391018184732000 8.6442525087820830 8.0665496646868569 0.9297150000000000 0 0 0
4.4054819880110712 2.8812171393696988 9.9589764913288139 0.8412700000000000 0 0 -1
9.1829721636802919 0.2224370138345179 0.4826903674427044 1.2367699999999999 0 0 0
1.4696897373851978 8.9943378990475349 2.8108546264151588 1.2535300000000000 0 0 0
3.7456737324885965 9.5651939080525850 9.1327803642844252 0.8135720000000000 0 0 0
8.8141277628400054 8.2334906793571339 7.4720420823225551 0.7450810000000000 0 0 0
0.1050188090556225 7.0877187149359129 9.9246859849291766 0.7690979999999999 0 0 0
0.5853073430371867 7.7496369464744586 7.8868024922965043 1.0245400000000000 0 0 0
6.2461244991116649 6.1429681201575210 5.5990547045164121 1.2937300000000000 0 0 0
1.3541582959071965 0.6085227087762615 1.3212963835360028 1.0617500000000000 0 0 0
4.2144312009579794 3.8731884338374147 7.7855201525171926 1.2144699999999999 0 0 0
5.9163696056858566 8.3753640707393870 7.5766391747019988 1.0080899999999999 0 0 0
0.1560598951261911 1.9275748373067070 9.0531907080111402 1.0989199999999999 0 0 0
5.5785038463619809 9.2421370911787015 5.4826671904018989 0.8806710000000000 0 0 0
4.1995291140637079 5.1118905329345781 7.7649007499771576 1.1616100000000000 0 0 0
5.3262255073859155 7.8369576590355656 3.3331980178258043 1.5843799999999999 0 0 0
7.6285533144833542 1.7803931780597340 4.8973857812799784 0.9570640000000000 0 0 0
2.2523154732992428 2.0969694365760079 1.6607074367829209 0.8495870000000000 0 0 0
3.4631585825602391 6.9647389305600722 2.9674780691715306 0.8680460000000000 0 0 0
4.3061210704668058 5.2216172977067616 2.1738389733723955 1.0995999999999999 0 0 0
3.5107694272455170 4.3456420565136158 1.1306719658669995 0.7898710000000000 0 0 0
9.9345497357075718 9.9726681266115023 9.4338738850989010 1.2915399999999999 0 0 0
5.3806027205356308 3.5667566557971671 7.2056487810274463 1.3511700000000000 0 0 0
0.2670755915397560 6.7544771797123477 4.4578134497324786 0.9097490000000000 0 0 0
1.4861763973697433 5.6711313534891143 4.3587827727377784 0.9516890000000000 0 0 0
3.4051676588955408 2.2080743718024447 6.9166271078881030 0.7688160000000001 0 0 0
7.1710924748965050 4.1162513798093032 9.4575868478761080 0.9648320000000000 0 0 0
5.3047950669779347 0.3105516505315109 2.6721162540743353 1.2683599999999999 0 0 0
5.5597700379157411 7.0463190582812620 2.4316658228743862 0.7479650000000000 0 0 0
4.4340207831629339 3.8525541048634371 6.4996277674109617 0.9903160000000000 0 0 0
7.2383893012066975 9.5515256028432987 4.7354280699642786 1.1955000000000000 0 0 0
6.3242128825059769 4.1868631606646654 5.4326223104302223 1.2274400000000001 0 0 0
1.0997356603336039 0.5073549413557519 2.6348566698950502 1.5164200000000001 0 0 0
5.3263299782481113 5.9512134599593862 7.6506975228507423 1.5560600000000000 0 0 0
2.0107343249870366 3.2379996441398142 9.5819908243154543 0.8313240000000000 0 0 0
8.8311245392979707 5.4348700990158205 0.1435215140582412 1.1222799999999999 0 0 0
5.2919008663596374 6.2923090901353254 6.0952300842130880 0.7659390000000000 0 0 0
4.6174872440319152 2.8971662980321353 7.7494906862209971 0.8106010000000000 0 0 0
4.5183831626297968 5.4395749820534078 0.1672143743738322 0.8487830000000000 0 0 0
6.4371585284432555 6.7430927962987974 9.7524308537330029 1.0519700000000001 0 0 0
2.3948259292645240 9.5891408903956972 9.1068991189995252 1.0138199999999999 0 0 0
0.2892182985619948 4.6027719992457481 7.7766758668320071 0.8560500000000000 0 0 0
1.9421565537257779 1.6118718214327183 8.9204076710388041 1.0942900000000000 0 0 0
3.4330557180440024 6.2579138801602889 0.7252232963965153 1.2387600000000001 0 0 0
2.1655703206300134 4.8893057753608113 7.8717431312650907 0.8821830000000001 0 0 0
8.4755627887040976 2.0917327644182584 9.6502397740477317 0.8412560000000000 0 0 0
8.0104469555085700 8.9825600102141525 1.1549948608298690 0.9651180000000000 0 0 0
8.2974714388456050 3.1431179455480094 8.6281467250476656 0.7455480000000000 0 0 0
5.2797124190955103 6.3734459043801666 9.8990233936677274 1.1969799999999999 0 0 0
7.2051629929960663 2.2541663111008430 4.1112089159690672 0.9810060000000000 0 0 0
9.7900672567148366 8.6685240211916383 1.7551101464999879 1.0491299999999999 0 0 0
5.6550264114707849 4.9154735808747994 7.1559002613650939 0.7352500000000000 0 0 0
8.4833323120901021 3.2464324443574011 2.1784430270467547 1.2163700000000000 0 0 0
4.1845037074439855 0.9646508756824445 4.0073173237205539 0.9659470000000000 0 0 0
9.7110483870888142 9.1270406595778404 0.7128721297131573 1.1349700000000000 0 0 0
6.3647272011846594 6.1657797914810759 3.4722337911507117 1.0489100000000000 0 0 0
5.9772822060561266 9.0083625842621764 4.2884470117818356 1.5880900000000000 0 0 0
2.7265323765813951 2.7886070646819654 7.4893286735529294 0.7683100000000000 0 0 0
5.2305203748924534 5.5481900014304939 0.8400068488512025 0.8644180000000000 0 0 0
8.0575692570402566 6.4252228871231836 1.5407269127204888 0.7434269999999999 0 0 0
0.1008057855261252 1.1358293760280047 6.2996549446116257 0.7340570000000000 0 0 0
5.3295566309625872 9.2100335453236859 3.0916937817352115 0.9833229999999999 0 0 0
8.8667228075165809 3.6451202387137509 4.8603152957031748 0.8499640000000001 0 0 0
0.3719887865574672 9.3673720038618136 1.4320181657092501 0.7990110000000000 0 0 0
4.6749409244207785 9.9708403621286248 8.7674868044324530 0.8195950000000000 0 0 0
5.0214303742365818 8.5851459883535579 9.7681263712024560 0.9648080000000000 0 0 0
3.0712381938300761 5.0640044127131585 3.7397669570634466 1.0530800000000000 0 0 0
7.9345871209500913 3.7936751040986119 8.0323506347158773 1.0629200000000001 0 0 0
8.0744015049301403 7.3124773326786237 3.7402596511778547 1.1116299999999999 0 0 0
9.0382706700797275 2.8164382160795696 2.9410305484851009 0.7696210000000000 0 0 0
9.9818800001597818 0.9509027243420792 0.0863066427755107 0.9734590000000000 0 0 0
6.0734592966500323 9.1955165255062958 7.0915773549146852 0.8026200000000000 0 0 0
5.3192832429019390 2.0046234518284023 3.5728509559093804 0.7675600000000000 0 0 0
6.4572074226217682 8.6918923454863766 8.4972650355675245 0.7312240000000000 0 0 0
4.1504122781370532 8.6717337153784850 1.5271806054207622 1.0682499999999999 0 0 0
2.4800004326890766 8.8915780012708687 6.9867947860261275 1.3992000000000000 0 0 0
2.2751094959349185 8.9017757172799516 5.0162835888345620 1.4798300000000000 0 0 0
9.3104218369558058 3.6355743965254255 3.2150530806157183 0.8907890000000001 0 0 0
3.0170242153013214 2.1347753116044110 8.3809786072156811 1.4332000000000000 0 0 0
4.4468754236452988 7.0192760413285358 0.2671225258425603 0.8937340000000000 0 0 0
2.5443553116179198 5.5070108131414468 4.6473193260823660 1.1413599999999999 0 0 0
7.2760009955128133 3.1416439633953503 2.2887264068182254 1.1304399999999999 0 0 0
9.3376883695758064 7.0863649955420334 3.6779544017047705 1.1582699999999999 0 0 0
6.3082609221843189 0.6196111406469511 3.0159367741365375 0.8358320000000000 0 0 0
2.9133297869368864 1.1300056651079531 3.8762423188031816 0.7407980000000000 0 0 0
1.7839450879839784 2.9686409597519816 6.3116870102471143 0.7480599999999999 0 0 0
6.7134490205218880 3.2396007064147443 9.0110989132668351 1.1277400000000000 0 0 0
4.5617400980120637 2.7022274388552581 6.7650333871403117 1.0927300000000000 0 0 0
5.8187308254245274 6.8390018975792906 4.3580859844102271 1.3341200000000000 0 0 0
0.9222273185958069 6.4435661857091633 1.1512138901500024 0.8254200000000000 0 0 0
4.9571720247216122 3.3920969966652210 2.7644711785343659 0.9984040000000000 0 0 0
2.4745533056952023 7.5848723884203659 0.9215094665860633 0.8017530000000000 0 0 0
4.8408926112643798 1.2219419684248829 3.2997734398445120 0.9581830000000000 0 0 0
6.2133011374106433 3.2741281150778727 3.2267640470284680 0.7349950000000000 0 0 0
1.1301266494362447 3.1375999258186038 5.2836505048597822 1.5836100000000000 0 0 0
3.6552378072943816 0.0409380623328461 0.9117082659920546 0.9230950000000000 0 1 0
0.1295027292389631 0.9239949438050118 2.0914957944299188 0.7738730000000000 0 0 0
2.5019948242786478 0.6672670446021679 3.0445536020867134 1.2559199999999999 0 0 0
1.3323378932653398 6.8511045609069789 3.8985096102740369 1.3391500000000001 0 0 0
0.2831720655121407 9.0873331083250992 9.9116022250386351 0.7588220000000000 0 0 0
1.7054286724167238 8.9127007398615863 7.8295208635601634 0.7895280000000000 0 0 0
4.3894264753190262 4.9897683283339918 3.8747184319201042 0.9652740000000000 0 0 0
3.6480910370424486 7.6630325281836393 2.0071236533611856 1.1009300000000000 0 0 0
3.8600638130700391 9.7951636644909019 4.1216994789345494 1.1782100000000000 0 0 0
4.6183692495635178 6.2173680388862191 0.6759568083895185 0.7818090000000000 0 0 0
4.2510418806690886 6.9002050758870244 1.3060461441986102 1.0544800000000001 0 0 0
8.9386334967590138 8.1594082175438576 9.7347234318374074 0.8760869999999999 0 0 0
8.5741048324259150 2.2502934105717927 7.9398521535084843 1.0362700000000000 0 0 0
8.1451162220603539 5.4327760291124099 2.0482989580558004 0.8513480000000000 0 0 0
6.1514314323393098 5.1074631914604689 3.4544022987531973 1.0078000000000000 0 0 0
9.8852587946058872 0.9288493777261544 1.1485153845360525 1.0723700000000000 0 0 0
9.6284744520569490 5.7610350333527096 5.4249751555242263 0.8002950000000000 0 0 0
0.6683745283397833 6.5071984723528100 0.2896888408188282 0.9115650000000000 0 0 0
1.8086109006589641 0.5144215259833782 9.1402506598847708 1.0601700000000001 0 0 0
2.5068892838459274 9.4489601348287309 1.1276904027321493 0.7860420000000000 0 0 0
3.8511537095729671 9.5571443573658126 5.1170692384582148 0.7851910000000000 0 0 0
5.7868442360852557 2.8559406029220740 5.5854574989098698 0.7515660000000000 0 0 0
8.9045086060396397 8.0238321765122134 2.5971614048395888 1.6003900000000000 0 0 0
9.0929156297459741 0.0782883859736493 8.6749855314938387 0.7307090000000001 0 0 0
3.4128377495388733 8.5934441337067629 2.1869234600826255 0.7785460000000000 0 0 0
5.1051899168339192 3.4291081233904341 8.4449966497255975 1.0844100000000001 0 0 0
6.5766706392164629 8.4398312684871470 6.7709973867146989 0.9703990000000000 0 0 0
5.1274585063933751 1.8228508995761432 1.0051599265606344 0.8155450000000000 0 0 0
2.3168751949864421 1.1136332696797182 9.8521154039461774 0.9829320000000000 0 0 0
9.8374541656582473 1.7918204104691429 2.7969428115910255 1.3458900000000000 0 0 0
1.6099719056481643 8.2314764243007748 6.1759494824013403 1.2230900000000000 0 0 0
4.9522788873703423 7.8220922252966005 7.2975242981678807 1.0534300000000001 0 0 0
8.3342154867738945 0.0517915895959938 6.5052109277816266 1.2044100000000000 0 0 0
7.1109240704292116 0.5224662355609603 2.7395984818736245 0.7981020000000000 0 0 0
5.6934568887049037 7.3219507341218710 8.1808657625813765 1.3626100000000001 0 0 0
8.6393184186845797 9.2436994700433548 3.2289578084243993 1.0951299999999999 0 0 0
3.2003361134502764 9.6558950880966030 8.5107228087392564 0.7804770000000000 0 0 0
6.4488284792048720 1.4019188093811368 8.8532920143315774 0.7310010000000000 0 0 0
7.9795693310891371 9.8398288445453570 0.3964494644627308 1.2049900000000000 0 0 0
7.7556870449616309 7.7037576152265483 8.8443195683968749 1.0145700000000000 0 0 0
8.4428790720733300 4.2273295875883701 4.1101071107696532 1.1507600000000000 0 0 0
9.4643352803087524 6.8614914225888937 2.5624784032310637 0.8854300000000001 0 0 0
1.5928982744205353 6.6072903568362689 1.9085556866487121 1.1378699999999999 0 0 0
2.5687391359497118 2.0594306802952733 7.2170641295445259 0.7487850000000000 0 0 0
7.4690017508019118 1.3104494571378473 9.0903975911026560 1.2944400000000000 0 0 0
5.9573652432605417 5.5201160091571921 1.2818332516498681 0.7727480000000000 0 0 0
2.6347750473972713 9.9111346992288869 4.0773838466494103 1.1901600000000001 0 0 0
0.7916767748152642 5.4611476023742114 9.8914258662868164 0.7369289999999999 0 0 0
8.7362386845952180 3.8774934230352121 8.7127971458459896 0.8685110000000000 0 0 0
9.4158698573275110 1.4254009413153785 9.4496917395219349 0.7668570000000000 0 0 0
7.5183442899336823 8.2131035055664317 5.6208615697907822 0.8965300000000000 0 0 0
4.2141803833575704 7.1972788143265767 3.4748602568490754 0.7691000000000000 0 0 0
2.9021581084883956 5.9312167243332254 9.6815085127563432 0.9985250000000000 0 0 0
5.9564469198852166 2.1615049184548139 5.1753504787292313 0.8369270000000000 0 0 0
9.8990557158848436 2.8055151546410748 5.3656423131771485 0.8521180000000000 0 0 0
5.6992589347734910 4.2053584644818534 9.4448015037594093 1.5932200000000001 0 0 0
1.8684551710474255 5.6524280094523327 6.2597574243439054 1.2226600000000001 0 0 0
1.3005418555885777 8.8677166215193139 6.9399708151707102 0.7754400000000000 0 0 0
6.4574456510345666 4.9207828068077824 1.7212743188426456 0.9530560000000000 0 0 0
2.2342609991671178 5.6309871412752406 8.6826232355562425 1.2356400000000001 0 0 0
3.6811620010117609 5.1243857455763129 4.6964371673614131 1.1383799999999999 0 0 0
3.9527130656479903 8.6059545022368606 6.9334156802954734 1.4907900000000001 0 0 0
6.1500316626332170 4.5675398883834619 2.5641352481335384 0.9048550000000000 0 0 0
6.0562239411983230 2.6451614326067618 8.0523700570463426 1.3866900000000000 0 0 0
3.5928341997214028 4.0787920976182601 6.1882421379712609 0.7378580000000000 0 0 0
1.9419579576783987 1.8441377059924955 7.8547936702164991 0.8302090000000000 0 0 0
3.6002236027959880 4.3276164691963652 1.9464663740695987 0.7775050000000000 0 0 0
9.3133416784843526 6.0922820971027907 3.1350517111792304 0.9865460000000000 0 0 0
0.5709506565659771 1.5809790079644201 9.8454740989340124 0.7486840000000000 0 0 0
8.2850387762132573 1.9681107958445632 4.1164715375511980 1.0345400000000000 0 0 0
8.4149615151323154 0.4865046540131113 4.6191837776220313 0.7527509999999999 0 0 0
0.8673525928678423 7.0662139249984284 9.3771543742293169 1.0408900000000001 0 0 0
0.8574627787928932 6.0725266021260804 6.8827173206365391 1.2052600000000000 0 0 0
9.8800661706610615 2.4917602166136841 7.8465396098250357 1.5231200000000000 0 0 0
6.4984404141666881 4.2528522621294185 0.3733506575754205 0.7374750000000000 0 0 0
3.6179074497870309 4.1740208488110300 9.6643444016744198 0.7637450000000000 0 0 0
1.5619139743372203 8.0164476846752653 7.3846052056790787 1.1443300000000001 0 0 0
6.2460560998516135 5.8406957071244543 0.3938799393221395 1.1102000000000001 0 0 0
8.4247894288026703 5.5939542180036934 9.1514533850626378 0.9599200000000000 0 0 0
6.6745333566192793 8.1575287415265336 3.4419851685425340 1.0793900000000001 0 0 0
6.0289704702439177 5.1957665844562229 8.6289029773295969 0.9122240000000000 0 0 0
7.6016499782940521 5.0058391227721897 9.2241355427499130 0.9918190000000000 0 0 0
6.7487241643831712 4.9897711540613674 9.8606751458725714 1.0553200000000000 0 0 0
6.8793679996227803 3.6856392050357649 8.0877720602204484 0.8727720000000000 0 0 0
5.0485559769999977 1.6497991983827776 1.9008133867083168 0.7389230000000000 0 0 0
4.8386002664632244 7.5087737352596235 0.8630570505609167 0.7715919999999999 0 0 0
5.7336138545360384 3.6654198268805867 0.8720316778247159 1.3507300000000000 0 0 0
6.2609060717288765 4.4582344390276987 6.5990981166280003 1.0806300000000000 0 0 0
2.1599525342006416 9.6769971577090939 3.2058196406670074 0.7678880000000000 0 0 0
8.6022233535478083 1.3813686416472595 2.7752633823329691 1.1618500000000000 0 0 0
0.2524725514024421 2.5005825808808977 9.9271485497140848 0.8884300000000001 0 0 -1
9.7715672453700133 7.9930966374339389 3.4844134675820055 0.7928990000000000 0 0 0
9.5009499783087179 9.4394144505577486 6.3203511821797997 0.7840700000000000 0 0 0
9.9836240486803352 7.4912350659902902 2.8741712443207152 0.7792690000000000 0 0 0
3.1324773007665443 0.5035302016159104 0.0672012675169715 0.8108710000000000 0 0 0
9.7426659862506177 8.0462631103457234 7.4318214028108169 0.9091399999999999 0 0 0
0.9866685257768757 3.6200252497712713 2.8024859038157173 1.0187700000000000 0 0 0
5.3632327796601489 4.6677143240546641 1.6618256835555787 1.2094199999999999 0 0 0
7.6286854155567783 3.8446804677503281 1.5680192103262036 0.8693570000000000 0 0 0
9.2181717012198607 8.3973072203164882 6.4673574196698276 1.3140000000000001 0 0 0
9.5061085623340418 4.9313748641807225 9.6299018795886600 0.7756030000000000 0 0 0
7.3702437717332190 5.5403739072659732 5.8708403973245709 1.0267700000000000 0 0 0
6.4668794673249579 6.9885438425923114 6.1927097268564637 0.7379340000000000 0 0 0
9.3540158045161466 3.5771956111193250 5.7249311817791897 1.0627500000000001 0 0 0
2.9658540675068163 7.8984414123460249 5.9672016512126040 1.5002200000000001 0 0 0
5.8054056399464482 7.9642491644992477 1.1501354274162767 0.8991050000000000 0 0 0
8.6491991456695203 1.0649293767044081 6.7780532061484386 0.7574030000000000 0 0 0
1.4021135693484217 1.4416236226797152 9.7695128265662099 0.8667370000000000 0 0 0
6.0593475428959813 2.6691685474689808 4.1408672335127505 1.3693200000000001 0 0 0
0.6014858594953504 5.9491600599496302 4.1031301265099618 0.9000780000000000 0 0 0
6.3599381289363430 7.8358066088282881 4.3220892922349430 0.7507360000000000 0 0 0
0.6384509721572116 0.6391134050522421 5.5963134046308216 1.1895700000000000 0 0 0
9.0034477835470277 2.7927989280534526 7.1325371121091710 0.7295480000000000 0 0 0
1.3814443110485926 9.5777364566726781 6.0546222132580017 1.4063900000000000 0 0 0
4.1729578445092725 0.4117623245688427 3.0956009506027966 1.0656099999999999 0 0 0
2.3858197701106123 7.0019648395956056 2.7691497639375147 1.2247300000000001 0 0 0
1.3253801945117203 5.3353198981789873 8.2946002409841242 0.7473760000000000 0 0 0
2.5523963462372277 0.5039456032302639 4.9274941178365248 0.7695880000000000 0 0 0
7.6648404232226213 3.4317638274913218 8.9653093942887043 0.7445300000000000 0 0 0
8.4914932886003047 0.6829943333261709 8.7514037806101648 0.9090680000000000 0 0 0
6.5638121278528319 9.4060799709433009 1.2716551321347473 0.7507480000000000 0 0 0
7.7158062579760704 0.6317131498960575 8.2033175739660731 0.9119800000000000 0 0 0
9.0169687070205011 7.5467143700790187 7.8563012956245082 0.7446890000000000 0 0 0
8.7136546225700808 7.1639389348963505 4.5246470242145618 0.8334810000000000 0 0 0
2.3799975517157237 6.6206969046180077 0.4288853278674566 0.9844660000000000 0 0 0
2.4928183951825478 8.6997421026309762 2.5532155820515565 0.8044519999999999 0 0 0
3.7539445517543171 4.5184634775297665 2.9725059605185100 1.1858700000000000 0 0 0
1.3291264628312371 4.9349860697022558 9.2210998951671801 1.1996500000000001 0 0 0
4.7628131379197507 8.9061500377301748 3.8403160261586842 0.9138770000000001 0 0 0
0.0110781727166782 9.5186672117221907 7.7794679196618386 0.8187170000000000 0 0 0
2.3222392135380385 8.2607149002076561 8.1330425386498799 0.9480390000000000 0 0 0
7.3483438513647155 9.8443753959367069 7.9803745086119058 0.7971730000000000 0 0 0
4.5671059929624818 7.6961544690105566 6.4390165816019200 0.7682650000000000 0 0 0
0.6045874330619490 6.8100722514879282 8.4327419873550920 0.9115090000000000 0 0 0
