3.2180256113747348 3.0307171110021880 9.6049799956727462 1.5223500000000001 0 0 0
9.3480480534477817 2.8412166233727665 0.7182405164055187 1.3036399999999999 0 0 0
2.3153573788600412 8.7288869223973879 0.1871582059664242 1.5483800000000001 0 0 0
4.9027875862069221 6.6994292117026140 3.7166122566207300 0.8109130000000000 0 0 0
3.2686342209541395 7.2575945739594330 1.1816034937265583 0.8679580000000000 0 0 0
7.6937929656804336 8.4353588263165555 0.0041593130254891 1.5981399999999999 0 0 0
4.0002164396169411 7.3163703790425076 7.0244582391223211 0.9923410000000000 0 0 0
3.5740485075317454 2.0184876238028258 0.2793530448560929 0.7635340000000000 0 0 0
1.4418303999878541 3.4514061904219164 8.2573323063513815 0.7342720000000000 0 0 0
1.1301601609390752 8.7282648127073728 5.3426694938681312 0.8103300000000000 0 0 0
4.3486069901385322 8.5966653047797141 2.7224782728377539 1.1261300000000001 0 0 0
6.8418436249678862 1.9985712998572245 1.7781904653368983 1.3158600000000000 0 0 0
3.7505288879257801 5.7933210667637773 5.4829215033375744 0.7312270000000000 0 0 0
1.7345907662863298 2.6338631617038604 7.5781675365238916 0.8757500000000000 0 0 0
9.8796003709189026 9.1050805364226601 7.0036428219769444 0.8057480000000000 0 0 0
0.0364167395653147 3.5863994245807604 5.0270054305075718 0.8154730000000000 1 0 0
1.6390351217690537 5.2062554900650966 1.5911936618197779 1.5600600000000000 0 0 0
1.1163543748586016 3.9524979960385571 4.4163227259335995 0.7315920000000000 0 0 0
7.8438506813377664 2.0890736044723681 7.4433361205950588 0.7481250000000000 0 0 0
3.9975133013955997 3.6858849746863700 2.4233750320795990 0.7743470000000000 0 0 0
2.9317891460650292 7.6591989971876462 7.3478936639400629 1.2324999999999999 0 0 0
7.6601902377258444 0.2332131591491062 4.0383402614638921 0.9478140000000000 0 0 0
6.1359605656629901 4.2472974035586519 7.6113787640695323 0.7299369999999999 0 0 0
8.7200241177293130 0.5554362703862068 2.2139539114270410 0.7448790000000000 0 0 0
3.1618165993746765 9.6713128672351001 9.7407446513600320 0.8362460000000000 0 0 0
2.6623738947226960 2.9970147079620042 3.5386547987431594 1.0232100000000000 0 0 0
3.8583622555556381 3.1943594871021941 3.4244213807930417 1.3013300000000001 0 0 0
3.4429875753102190 0.6439702053925764 2.0069675954875881 1.4341699999999999 0 0 0
5.0252509638801675 3.4416086272338209 0.1375769399187587 0.7303460000000001 0 0 0
8.2178085324717109 7.2115548075191107 9.9138234016882709 0.9766070000000000 0 0 0
8.9665174774951169 9.2812430121437686 7.0531158539817573 0.8725990000000000 0 0 0
1.1454473051051133 3.1558295262815852 1.7914465196545555 0.9207550000000000 0 0 0
6.8651449333073655 4.1707791606142273 1.2121486415867666 0.9573630000000000 0 0 0
9.7424566794557990 6.7163220679466367 9.1297920082317656 1.0613200000000000 0 0 0
2.3790098869483494 8.8465517000644152 3.4518406930275209 0.9061020000000000 0 0 0
0.3382314821913727 9.3723958559244664 2.4643971494808348 1.1386799999999999 0 0 0
9.2843863340801605 1.3140483159730862 6.2581223301346469 0.9456420000000000 0 0 0
1.0296642903414672 0.6481710024289364 3.8579022039565540 0.7893360000000000 0 0 0
0.6201470407600509 3.5542238551368026 7.9648917581840637 0.9513160000000001 0 0 0
6.0000096815768629 5.4780216176004028 9.5434449822566414 0.8126430000000000 0 0 0
0.8491063466011537 0.6935790510503677 9.6979057328769134 0.8720110000000000 0 0 0
3.4221862072877172 7.1329286765404571 4.0570372352287434 1.0375600000000000 0 0 0
5.0722331170565615 0.0999416472746719 3.9586824680535981 1.2639600000000000 0 0 0
1.3616979563619092 3.9124649423865727 0.9608238335608474 1.2748600000000001 0 0 0
5.3506351103555296 3.8504814445003253 5.2018242960758938 0.7738810000000000 0 0 0
2.6259182452119791 3.5518568987140640 5.7600597235785198 1.5308600000000001 0 0 0
6.8508424539371049 7.1143145762344133 3.7888394406412833 1.0398600000000000 0 0 0
1.6695168428657539 7.9228294930752385 0.8582504023478006 0.7876350000000000 0 0 0
0.2061018205888498 8.3414229554124333 2.6774071515176647 0.8842200000000000 0 0 0
5.5552221300147506 9.0822710614773339 1.8179284223533403 1.5201100000000001 0 0 0
9.2985768767868269 8.2354028026134003 8.2301223718140175 0.8909200000000000 0 0 0
1.7070306086465072 6.1207976450409278 0.7800932434329869 0.7952500000000000 0 0 0
8.7050534136811795 9.6873968015797658 9.4276359796365963 1.1177699999999999 0 0 0
3.0908742507077585 8.2953705300207794 1.2521427785998278 1.1294400000000000 0 0 0
3.1891519795407248 4.4887067389031490 7.6825573696325824 1.1751900000000000 0 0 0
7.9100393123092401 1.5563553759223641 0.1959299929856336 0.9572360000000000 0 0 0
7.2831228238634704 7.2562249520471562 9.7983339599141264 0.8353830000000000 0 0 0
3.3684175052892549 0.4041303405866135 7.7660008620245078 0.9798420000000000 0 0 0
2.4606882756000652 0.0478359226573916 6.5136649306379004 0.9657060000000000 0 1 0
3.3033784030685713 6.5866248002388508 2.0198501543149283 1.1149400000000000 0 0 0
6.5528725128864789 0.2151004858221562 7.2660769734851192 1.2736700000000001 0 0 0
2.2536203986466141 9.8652476752174110 2.0747423249063215 1.2454200000000000 0 0 0
0.9702133476288929 7.4122649379732772 0.3954669345595971 1.0008699999999999 0 0 0
8.5054581827835118 6.3439199678725080 5.5194068063796440 1.6125499999999999 0 0 0
4.1322147528679647 6.0892169631628574 8.3201513090880592 1.0560099999999999 0 0 0
3.3591200262097467 0.6601188334280671 5.8259467584629983 1.5049600000000001 0 0 0
1.6804079347258294 2.7432864376161943 1.0123551760853240 1.0783199999999999 0 0 0
9.4932531548383974 9.1780006678293322 8.6344999531234539 1.0687100000000000 0 0 0
0.2721778114814586 5.1695294387468449 9.2415657297636287 0.9120320000000000 0 0 0
3.1636687056962556 6.3434148274398163 8.7892160150629604 1.0012900000000000 0 0 0
5.9005691012978856 9.8259850672438969 0.9641406695323754 0.7498990000000000 0 0 0
8.1031940828306421 5.6448833289478735 6.8932875793923918 1.4770300000000001 0 0 0
5.7486487602534737 1.5494961639163156 2.6798748140130497 1.2652399999999999 0 0 0
9.0676469320041821 2.0654900320991478 3.5348572038985155 0.8405170000000000 0 0 0
4.4747396786762090 7.8173357898544609 0.1978162403347873 0.7614440000000000 0 0 0
1.2125102801156336 5.7339036332680635 3.3915814802572082 0.8696159999999999 0 0 0
6.1534214044918496 2.1600634827450147 0.5904770526505441 1.3585900000000000 0 0 0
0.8818677688341665 4.9748987298629821 3.9575806365123176 0.9940380000000000 0 0 0
9.4025979192730862 2.3115872601656671 9.6961000121137690 0.9329860000000000 0 0 0
3.1722077797740580 8.9300385831076277 4.0441294485572907 0.8995660000000000 0 0 0
6.9299082736451734 9.4623581367932488 8.6226149794242311 0.8906830000000000 0 0 0
8.4999902210751568 5.0997783272004309 4.4597190776660209 0.7654640000000000 0 0 0
9.5137802541160834 8.7629519150060542 5.2917218824162502 1.1374800000000000 0 0 0
8.0968505004838445 0.7916622298350191 0.9073611914816315 0.9344190000000000 0 0 0
7.3026969671863160 6.5315990045061731 6.1480099425827914 1.0036499999999999 0 0 0
6.1116557339468462 8.1012421858925325 5.1384134931142551 0.7339540000000000 0 0 0
1.1715962976220837 2.2151226385795653 9.3027229279619128 0.9797570000000000 0 0 0
1.1064287588625203 8.5675664468640811 8.4633591480554120 0.9654830000000000 0 0 0
9.5321732157046561 0.3223377432802796 3.1240640246432050 1.5868700000000000 0 0 0
0.3278993582361151 5.0804562853262052 2.1821096732467193 0.9528420000000000 0 0 0
3.0569531483425485 9.8041861367235921 5.0513726400016328 0.8050410000000000 0 0 0
7.6962132766006279 2.1147480066064870 6.0086183876688235 0.7376190000000000 0 0 0
5.1534372235204922 2.4036849562027189 4.7510707716578757 0.7568170000000000 0 0 0
6.6199740789264014 5.9036598230529833 8.1162690208829513 0.9547060000000001 0 0 0
4.5104376155444621 3.6045808544935110 9.3899411760580449 1.0296000000000001 0 0 0
4.3576374909222153 9.6609043365321305 2.1996924291349886 1.1420500000000000 0 0 0
2.8364622439149101 4.3629621816083617 4.6899315317366517 1.1010800000000001 0 0 0
0.3537304789338384 6.5728555064704404 3.1901769274118026 1.1655500000000001 0 0 0
1.2424219281807798 4.0533502798803287 3.6526772106152179 0.7554180000000000 0 0 0
9.9509228197912325 5.9215744200472047 2.3873042590275357 0.8198580000000000 0 0 0
1.0453211287778892 2.7752356729176322 8.0649695418951080 0.7765940000000000 0 0 0
2.5901180227489897 1.0760648129816259 7.8902262230536522 0.9788330000000000 0 0 0
5.3529698116545594 5.2525912703232800 0.0618904783673413 0.8213400000000000 0 0 0
9.0431877229049906 4.0601208366711292 2.5145959842753514 0.8310120000000000 0 0 0
9.5795812139610987 3.1568501164527798 9.7264349689467142 0.7416180000000000 0 0 0
2.1744770640817674 8.1206325529737597 2.9959089961896210 0.7906300000000001 0 0 0
3.3449064867297689 9.4167562346034277 7.6706070526355576 0.9228110000000000 0 0 0
7.7481330260349193 8.5006737291330072 4.8718912847642946 0.9330170000000000 0 0 0
7.4182779133906127 4.1178391687725613 4.8805338978204844 0.9521750000000000 0 0 0
1.9937143145043470 1.5538126529020315 0.8049721935736660 1.1286000000000000 0 0 0
0.4105305890106572 8.7006065150226437 6.0629758309290089 1.1601100000000000 0 0 0
0.4885831397262421 8.4977864859729983 7.1877887023387572 0.8922369999999999 0 0 0
7.2828418759564357 6.2198983027921155 5.2208542108134059 0.8405170000000000 0 0 0
8.3896414670033348 0.7076466322488655 0.0814829920214625 0.7566710000000000 0 0 0
5.4745174644494012 7.1410489663900796 9.2455474917308855 0.7467930000000000 0 0 0
6.3369990106356813 6.7670377378726263 2.2336014216314979 0.7909240000000000 0 0 0
5.5993289733317830 6.5773695409170276 3.1675415080329383 0.7925460000000000 0 0 0
9.5280798691243387 2.9969379075120171 4.6597115029886433 0.7646490000000000 0 0 0
2.0928673587469255 3.7672845020887875 7.2284378828817886 1.5136700000000001 0 0 0
1.2618363058148347 4.4012286398622944 8.0774130627417424 1.0791100000000000 0 0 0
7.2690064153775467 4.5026054008974929 5.7061241227898440 0.8022840000000000 0 0 0
9.7253663861063337 4.4152030647965832 1.7434662774694420 0.9141260000000000 0 0 0
1.6689299185194053 6.5430078615271912 8.3690875237894549 0.7300640000000000 0 0 0
9.0079853492554864 9.7008309588861188 7.8967482267114590 0.8737390000000000 0 0 0
6.7792588846926796 2.1477186942529238 8.8864413077618440 0.8392100000000000 0 0 0
3.5198296578474526 0.9835773279465034 0.8374760943043119 0.9215020000000000 0 0 0
5.7315158902031040 3.0692693470630248 9.1011286030695722 0.7423600000000000 0 0 0
4.8418510321834924 3.7308832195272204 1.3929672679482281 0.7387210000000000 0 0 0
0.2327304707548706 5.4067989569652282 3.1984544710841454 1.1031899999999999 0 0 0
1.6760169183445526 5.8803850075572344 5.2552143048688178 0.8403900000000000 0 0 0
4.9756647939078995 6.8738583836744356 6.7775944911535504 1.0511299999999999 0 0 0
0.9105837228402329 8.6901369987472119 0.7519725131835151 1.3145600000000000 0 0 0
7.1787674314744097 4.7954538351585674 6.4759945034817532 0.7907260000000000 0 0 0
8.9549309568844144 2.2610622324149618 2.3358994841238863 0.8350820000000000 0 0 0
4.4183634319327485 1.8968071965693953 3.9484258952147768 0.9031709999999999 0 0 0
0.3797208299903844 4.4332850179402987 4.6867595818102714 1.0183400000000000 0 0 0
7.1630211238587460 4.5538544531174967 7.4969397663717139 1.2337800000000001 0 0 0
1.4706507465662961 3.0146148265180641 8.9550429720320111 0.7701650000000000 0 0 0
8.6021889872348858 9.9808075753089120 3.9348127119972354 0.8969310000000000 0 -1 0
5.4336100611007465 8.5720662157025966 6.4520795828383921 1.3440000000000001 0 0 0
9.0965043628082274 0.6389408722582121 9.5053987599888554 0.8289140000000000 0 0 0
4.9757664154367802 8.2360920778844058 8.2819283908103056 0.9264019999999999 0 0 0
4.3148692610411707 4.8982786275116927 6.0582620981508235 1.2141100000000000 0 0 0
9.1581661956116100 1.5134640655972726 7.3614709871967854 0.9730860000000000 0 0 0
9.2114075005163016 2.9529552642702748 8.9060110089659545 1.0474200000000000 0 0 0
9.7460522371174125 7.5499210183079644 4.7232766928644541 0.9606270000000000 0 0 0
9.6489048737203369 6.4031100406616641 1.5716479612449201 0.7868400000000000 0 0 0
3.4615002281593501 7.1877177206655807 4.9948082528277151 0.7688680000000000 0 0 0
0.2389074690045536 9.7556580756676592 6.1390018870525562 0.8320480000000000 0 0 0
4.9617482592703137 5.4325156325760062 9.0330401748126796 1.3135399999999999 0 0 0
2.9472540254911457 4.0151045792345119 3.6588098180042659 1.0208900000000001 0 0 0
4.4792432511900984 1.1988260462184150 2.4147677760790556 0.9248400000000000 0 0 0
8.3632231367122110 7.2144989987916484 6.9334658567340890 1.6020799999999999 0 0 0
0.1872335338845141 7.7270041247284009 8.9258286011510535 1.1001900000000000 0 0 0
7.8621164874197413 8.7363670293216735 6.8733766056651646 1.5051500000000000 0 0 0
0.0479806700878923 5.6033682544022838 7.7188764391039157 1.0006299999999999 0 0 0
9.4240661865044917 8.7716843738445398 7.5738986585062937 0.7314260000000000 0 0 0
6.1969716492267937 0.8162512273048242 6.3246960381145465 0.9067530000000000 0 0 0
0.6250881432961731 9.5912253497222295 6.9720639717551123 0.9223740000000000 0 0 0
1.5027995757898815 6.6922333694674316 0.1015626293674527 0.7829890000000000 0 0 0
7.0824784186348282 1.9100437001271660 9.9941506590377660 0.8314160000000000 0 0 0
2.1821292758777990 1.0739009241249746 1.9542806646551538 1.0927000000000000 0 0 0
6.6968363374849211 4.7642607892085485 8.9838399074009700 0.7386200000000001 0 0 0
2.4309464502180314 3.2012790658001142 1.5745738284171413 0.9457010000000000 0 0 0
5.3072857688714494 0.5845590142312934 6.9865386564964709 1.2837700000000001 0 0 0
1.5896559489439357 9.7057969922579517 7.3201204400025794 1.0614200000000000 0 0 0
0.2262910874853901 3.2362297854458819 6.0760950860859584 0.7321560000000000 0 0 0
3.1723778483761711 5.2618397394973941 1.6105535614260540 1.3508599999999999 0 0 0
2.3587481693330710 7.5053720127941421 4.6980018460353268 1.2838799999999999 0 0 0
0.2319746025256613 3.7474949904855368 1.1192069243843654 0.8714140000000000 0 0 0
0.1724799487716998 1.7960733264344637 0.6979152548795230 0.9461260000000000 0 0 0
0.1967564876935630 3.2813934820174797 0.2716904002315290 0.7365750000000000 0 0 0
7.0255585689278730 0.3714478171491040 9.4582809474580056 0.8095710000000000 0 0 0
8.7612327510678050 4.4450156071653435 4.9845493124874762 0.7403330000000000 0 0 0
8.4321250272639254 3.4087766248882430 9.7672317382333809 1.3021700000000000 0 0 0
0.4514794548460359 6.7256190852748503 2.0054607200965555 1.0848100000000001 0 0 0
4.0199464499949267 1.9726491663488666 1.4907844455942096 1.5449700000000000 0 0 0
6.4334246688527319 1.1215035699325415 9.8077942499652142 1.1247400000000001 0 0 0
4.9417344793476943 2.1296090006961879 7.6640941508726259 0.7908020000000000 0 0 0
9.0482165469130607 1.5263795069948798 0.4762453093196586 1.3163700000000000 0 0 0
5.8580120798991810 1.5006686442104711 1.5017101591801365 0.8839730000000000 0 0 0
7.0541866271718767 9.4608807217883353 3.3102528998604406 1.3920999999999999 0 0 0
8.9246129811630990 8.0130278456197228 0.9819294393856146 1.5233399999999999 0 0 0
0.4845800298200192 7.5321056842938647 3.8750489786976425 0.8752960000000000 0 0 0
0.7890061032839492 5.4204706872328172 4.7526279865450292 0.7498600000000000 0 0 0
4.0989164365279276 6.9341351513303202 5.8931710414146705 1.3294200000000000 0 0 0
1.5227042280172514 8.2415020429632033 3.9302143560556098 1.3020900000000000 0 0 0
1.7570074365746642 0.2044614975268038 3.6462148885575996 0.7676010000000000 0 0 0
6.8040808032198550 9.3033882781088231 2.1507203822945034 0.9217660000000000 0 0 0
7.2746374017869551 9.5725504610173235 9.6659075296527419 0.8330000000000000 0 0 0
1.5821525013731204 0.4715451790506437 0.3073570877726280 1.0074500000000000 0 0 0
2.4873901511664589 5.5473106437761910 0.6014400790740940 1.0424199999999999 0 0 0
7.8078778630012424 9.0057475552362227 8.0235851091521724 0.7801360000000001 0 0 0
3.1184666667410803 8.6307444564895661 8.9273983823992822 1.3531599999999999 0 0 0
1.1253705150352589 3.1051658528527719 0.0489863523771784 1.1264200000000000 0 0 1
0.5257300550720591 7.3884669733520294 6.6022980832747917 1.5366500000000001 0 0 0
5.0697286520649021 1.5283648555496474 8.3299223939050275 0.8900720000000000 0 0 0
2.2997584698948526 1.8782746928420224 3.5506009934195739 1.2539800000000001 0 0 0
1.2287511298874192 9.5460147033201839 9.6065778600449221 1.2999099999999999 0 0 0
0.9819337113392286 1.8107356635341836 1.7635127287568317 1.6078900000000000 0 0 0
8.8475938917659516 1.2306181327399672 4.7346159143022115 0.9793080000000000 0 0 0
4.7633854732701364 9.3303584116542151 4.8262564286373797 1.0636900000000000 0 0 0
6.9249869340935595 5.1106208624580081 4.9173968690878800 1.1252400000000000 0 0 0
4.9278136368669871 1.6769802512640291 6.7723884962548642 0.9990540000000000 0 0 0
7.4727245929891568 1.2488876114066385 3.4677311818544170 1.3393299999999999 0 0 0
0.8629848775974532 4.2112257504201134 7.1135488727610445 0.9591870000000000 0 0 0
0.2342829952990703 6.5887935360233021 7.6193918803998359 0.8940470000000000 0 0 0
9.4142512201227078 2.1471855430380553 4.3478854625189625 0.8364110000000000 0 0 0
4.6798293696779174 5.4665650790450622 6.8297382178551169 0.7485039999999999 0 0 0
3.1656043757747145 6.4175783607297330 3.5168911928731919 0.7441750000000000 0 0 0
2.5163434753653662 7.1588183717308924 1.7396577585328519 0.8475810000000000 0 0 0
5.5001508802758909 5.2850334462168087 6.2802560126127176 1.1938599999999999 0 0 0
0.1544405434991164 5.9418891049578608 4.8088930194770390 0.7679260000000000 0 0 0
5.0363085795882814 8.7825330200889002 7.4936226016919001 0.8235240000000000 0 0 0
4.8827671868463414 0.6211086712033953 1.3183181649883047 1.5840399999999999 0 0 0
7.8463029178177539 1.6622654920666413 8.1415668137742720 0.8080290000000000 0 0 0
8.6153785405578116 8.9046391022767626 7.7964782772067567 0.7967370000000000 0 0 0
3.5153202090569322 6.8090817294657615 7.8747703927291921 0.8943240000000000 0 0 0
7.7804835485597694 5.7343552555447204 4.5384965961090291 1.0196099999999999 0 0 0
3.2337571565712349 3.3545097490246896 8.0773551103955850 1.0386000000000000 0 0 0
6.1021211861611153 8.6654915681572184 2.8644764248268508 0.8116520000000000 0 0 0
4.0740470855733939 6.2023916307929543 7.1272739825437448 1.1767700000000001 0 0 0
6.6180503702503408 5.6913222627279918 6.8930131051722974 1.4006300000000000 0 0 0
4.7176543582055128 7.5056999097293211 8.7103718516470323 0.7654200000000000 0 0 0
8.0456019466726172 6.6616020092104815 9.0110643168504527 0.9986610000000000 0 0 0
5.4807916043361633 0.7390771278243127 9.0639644048154295 1.3341600000000000 0 0 0
3.1606652199327234 0.7342538489170418 8.9689852012153999 1.4566900000000000 0 0 0
9.1979558184818142 0.6616807832871071 8.1299027821822243 0.8257350000000000 0 0 0
2.8215188726905271 2.4588829035494415 0.8367405180097095 1.2202000000000000 0 0 0
0.7497469035115019 4.1677403474841297 1.9744872457895803 1.0065900000000001 0 0 0
6.6486347927554235 7.7268994727945524 0.4486742376604331 0.9727460000000000 0 0 0
6.9772294450868504 8.3930771833164215 1.4442616638094392 1.3190999999999999 0 0 0
8.2696003847965081 4.8993037879838708 2.7770783363737799 0.7443400000000000 0 0 0
5.8933714746629455 6.5497901033104036 6.6770006048348787 0.8147480000000000 0 0 0
4.8913510708826173 7.7411714136828804 1.9383617103822341 1.2979600000000000 0 0 0
8.5984562795193646 6.7405736668199001 2.9770016521787248 0.9864889999999999 0 0 0
4.1644258611299030 8.0431224881598329 3.8600362471851897 0.8897960000000000 0 0 0
3.8003180966943129 2.7492247818861353 0.6020146433387971 0.7803390000000000 0 0 0
9.4266349024613252 5.7281159414423746 9.2767310228121804 0.9665330000000000 0 0 0
9.5597562169296388 1.9327284333758949 1.5761828977632273 1.1480399999999999 0 0 0
1.0153098928562121 0.6837647061956200 6.8618960256141994 1.3079499999999999 0 0 0
8.6553596015044061 4.5546967015028610 9.4025798240936993 1.0466700000000000 0 0 0
6.3128811823284972 1.4908015797814029 3.6948798186543113 0.9572720000000000 0 0 0
3.3442521042514186 0.6656606737281392 4.5521019706498418 0.9609220000000001 0 0 0
6.8776302161520739 1.5252309111409663 5.8676232707786555 1.1909200000000000 0 0 0
0.3520006692969421 4.2442785184225746 5.8569031472653652 1.2807599999999999 0 0 0
1.7841273810512746 7.5525801838214059 1.6345391843191657 0.7621240000000000 0 0 0
9.0550278748039759 4.4009440429112283 3.2745071474827636 0.7643270000000000 0 0 0
2.8817898184829436 1.6492138236282452 6.5133974891451896 0.9747310000000000 0 0 0
9.8109400177651427 5.0330135893353587 5.0975231202879163 0.7626330000000000 0 0 0
1.3487533147208246 3.9579500840901738 6.2372413998423237 0.8511480000000000 0 0 0
2.2700379475889649 2.9941870410357572 8.2447867411664273 0.8637580000000000 0 0 0
1.1682469936442099 7.5972033217600847 2.6962826388991452 1.4759700000000000 0 0 0
7.4279816657046291 7.3434945526253435 2.5321827019954251 1.6127400000000001 0 0 0
8.8148926054371106 6.5513764374051204 0.8502226834186580 1.3114600000000001 0 0 0
9.9444957183172278 0.0822628910141337 8.3613133367109498 0.8203560000000000 0 0 0
6.2972680193840205 3.1863003652120163 2.4891603821101054 0.7764670000000000 0 0 0
2.9871834090067013 2.4892461101310754 2.0031818364052874 0.8293550000000000 0 0 0
4.2677587848164142 9.8372038048741928 7.3949538815057494 1.1049000000000000 0 0 0
7.9045618917068090 2.7095765152870359 4.4006095360214115 0.7449260000000000 0 0 0
1.0704929496091746 1.8306744624490827 7.4170599270691504 1.1520600000000001 0 0 0
8.8941714826138689 6.1884579864203841 2.1215431506131912 1.0660900000000000 0 0 0
3.3396832781596815 2.2609733875967710 4.0884825380000080 1.1287900000000000 0 0 0
6.3696668591906818 7.9020630305942339 6.0494356298020016 0.7384870000000000 0 0 0
2.2873288094863247 5.9202666491985818 3.5412724822782771 1.2060400000000000 0 0 0
2.2012472646460313 2.1716277306113074 5.7475097199635963 1.2501899999999999 0 0 0
7.0120382364502847 5.4283820385084347 3.9196566323798212 0.8935850000000000 0 0 0
2.1739595711313240 6.7304468992086459 9.2629587034007521 1.2287999999999999 0 0 0
6.2642913540247438 7.1156344148429493 2.9863213732646252 0.8100940000000000 0 0 0
3.8749821807049285 4.3917279028877507 6.9459820856775680 0.7702870000000001 0 0 0
0.0951722255173362 8.0925728607829548 1.0920594429910666 0.7396410000000000 0 0 0
7.3370627747854238 3.4371443669079249 7.4389782718866995 0.7423940000000000 0 0 0
7.1232837137900216 0.1186966374040827 6.0068584104841873 1.4130199999999999 0 0 0
3.5002928762722822 3.3180189571986887 6.9026759244477356 1.2981499999999999 0 0 0
5.2618602835146611 1.3343380615903047 0.1803939992824038 1.1148600000000000 0 0 0
0.5815882996410887 4.1869697839972533 9.9630906122573428 1.2230200000000000 0 0 0
5.3460365901490556 8.0046197621349844 9.0971668100840670 0.8678380000000000 0 0 0
7.3818128448118028 7.8235753458027979 4.2894990236457806 0.8579490000000000 0 0 0
1.1395006612882537 8.1681792280578183 9.5346213579797112 1.2468800000000000 0 0 0
5.3467747949332018 1.2874493612796873 4.6597372027394846 1.4489799999999999 0 0 0
9.6257690253715573 0.3447942888691711 7.0598846608503747 1.4939400000000000 0 0 0
6.7747737122391909 2.2951083976383848 3.0549411270078464 1.2224900000000001 0 0 0
1.0111529521728491 1.2754644766584577 8.9777298536869470 0.9045230000000000 0 0 0
4.3300584264579323 4.3948605237129312 1.4010443664949830 0.8868050000000000 0 0 0
8.4277258591386648 3.6781693044730748 3.1612598598123078 0.8844500000000000 0 0 0
9.7586387507617225 7.1944839805846454 8.2197784470867798 0.8071750000000000 0 0 0
8.4196113462922160 5.7369472508543486 2.9608233351421416 0.9382520000000000 0 0 0
3.1258099712199963 5.7361709349973804 7.7864606586229526 1.2336499999999999 0 0 0
3.0219778179943910 9.6649017944733338 0.5462698518989033 0.7504550000000000 0 0 0
0.4372569169914810 5.8178443877447608 1.5636728493718430 0.8716940000000000 0 0 0
7.6817375027547090 4.7882272336343945 4.2824382748475189 0.8387770000000000 0 0 0
9.5367167484914201 4.2702193547086900 5.0995672957315703 0.8081700000000001 0 0 0
3.8859162555131488 7.8917038923945686 8.1289544042546282 1.1538400000000000 0 0 0
6.8744316310410616 7.3200931844815322 5.2505008175277066 1.3942500000000000 0 0 0
5.8586096190441159 8.8247934347207782 9.2318899382180497 0.8722760000000001 0 0 0
8.4517525352353342 8.6636186502488499 8.7942108526007363 1.1959000000000000 0 0 0
4.1002848614988450 8.7707583944717520 4.4223814061321391 0.7329940000000000 0 0 0
0.7356759385211444 0.0785040028597895 7.8332006965656920 0.9707830000000000 0 0 0
1.6541684304395305 9.6226191871196338 0.9138038771919762 1.0173500000000000 0 0 0
5.4646883136812763 4.5543446459323143 4.3335167271439916 1.3811300000000000 0 0 0
2.3401471545683106 0.0050233144049940 9.9835099890640961 0.8290860000000000 0 0 -1
8.5675458860641793 1.2273699273995686 7.9937206814798092 0.7703220000000000 0 0 0
5.0512717160616720 2.1743662993591188 5.7437247261403170 1.2253200000000000 0 0 0
2.3822315863281229 4.0960974241097228 8.7577527078971311 1.4964800000000000 0 0 0
7.2991908519074187 3.4816936676484103 3.7348450788064222 1.5529900000000001 0 0 0
0.2235432788442828 1.0957275320225754 8.1099635505985503 1.2663199999999999 0 0 0
1.2555704548926330 3.8207368635069168 9.1843416784203651 0.8392860000000000 0 0 0
2.9931671951548910 5.0187535122497691 5.8139179811978661 1.4042900000000000 0 0 0
3.5666510396553677 5.2436436679958840 6.8642726752209224 0.9485500000000000 0 0 0
9.6137837186281132 3.8520884651456924 4.1702833178740475 1.0772299999999999 0 0 0
5.5746599900388514 6.6449585298387825 1.2800169128803052 1.5075000000000001 0 0 0
7.3490046365495489 5.5375332823528023 7.7650580892019683 0.7456290000000000 0 0 0
9.1118786569503971 3.6190282339183839 1.4298671204639113 0.7648760000000000 0 0 0
1.6984328294280322 7.0190629242650662 0.9590634757449519 0.9168150000000000 0 0 0
1.1861100236942579 4.7384704359594085 2.8811517942646234 1.2211900000000000 0 0 0
9.9695638218510538 2.8039152553906188 3.5946062548902158 1.1772700000000000 0 0 0
7.8169016323154477 4.5510921455919551 3.4181375686719253 0.8323690000000000 0 0 0
6.9649469787780163 6.7528665309291576 8.7142495347157762 1.1581500000000000 0 0 0
0.4464346959655078 3.7619130413788850 3.6010206419414219 0.8664960000000000 0 0 0
9.3734577501814194 5.4008590451954452 1.2908557107656136 1.2905100000000000 0 0 0
8.5366425320899317 4.4565552495076943 1.6564065240877592 1.2418700000000000 0 0 0
0.8778352929789746 5.8650133381903036 2.5036151685220682 0.9365150000000000 0 0 0
6.8801934282984982 5.0752377551210799 0.8753880470715212 0.8475279999999999 0 0 0
1.8705130387445481 1.6445202712458793 2.6398916223968563 0.7364440000000000 0 0 0
2.6576666383590832 8.2610315079185490 4.0355603219027616 0.7355270000000000 0 0 0
4.2822147027409114 0.7537782904820213 8.8119958837939869 0.7414840000000000 0 0 0
1.4556493694081540 4.8840336520117011 0.3488606342545325 0.9397960000000000 0 0 0
2.7434659680850073 6.6472047176755460 7.4894482663255433 0.7589910000000000 0 0 0
3.3429882916862304 9.4077278277267631 1.6640755367776257 1.0629800000000000 0 0 0
7.8179408252765121 9.1389178536778761 5.6576281513815045 0.9735750000000000 0 0 0
8.3043252580614020 8.0643196818181639 5.9966273109334880 0.7644890000000000 0 0 0
1.1859932803524529 6.0198073441066846 8.9755533224231066 1.0785000000000000 0 0 0
5.2400839543837616 4.6762733363916809 5.4644511735518568 0.8017919999999999 0 0 0
1.9716927301034721 3.7038352556192620 4.4279368729087434 0.9330340000000000 0 0 0
7.5137575540087074 0.0945421735452289 8.8723712648459649 0.7493919999999999 0 0 0
2.4593831275878686 5.9580555046361479 2.3122099334048918 0.9769409999999999 0 0 0
8.7934474302552061 9.4228352375130289 0.9828360717313985 0.7412050000000000 0 0 0
8.8527199636138292 3.2378403270386817 7.9326813684165733 0.9750230000000000 0 0 0
0.9152342206564756 1.9933164514970243 8.4242467895241706 0.8426520000000000 0 0 0
5.7668514447901078 2.0422959042330300 9.2898346322284961 1.2842300000000000 0 0 0
7.8835022717116221 7.3887618458009516 5.8039155821204957 0.8012440000000000 0 0 0
8.4492023235154612 2.0870549651960042 6.6537729794301663 1.1824500000000000 0 0 0
8.9176030063253968 4.1525286902795395 7.8800060172875845 0.7727200000000000 0 0 0
9.4988019215840431 0.9114429487426102 8.8403766947330258 0.7401380000000000 0 0 0
1.5259586981777418 9.6693422512182021 8.4168384628650408 1.0678099999999999 0 0 0
9.6747811165015225 3.7214890634781859 8.3097676066668509 1.0074700000000001 0 0 0
3.9697408134626797 1.8592679045288478 6.2649798270968988 1.1165200000000000 0 0 0
2.7576122439250064 1.5468817425707246 4.8121625616865682 1.1443300000000001 0 0 0
3.8314663482497182 4.2081379482716752 4.1657619837866973 0.9699620000000000 0 0 0
3.4199791725103079 5.7150022446775601 2.8297736780170499 1.1918899999999999 0 0 0
7.4483609901557264 6.4683280551656965 7.6828397515412652 1.0544100000000001 0 0 0
3.1805598690299850 1.8112201860611830 5.6736111445261637 0.7701730000000000 0 0 0
6.8782172125262209 9.0473503455900346 7.7090092453821351 1.0544800000000001 0 0 0
5.8937601346826032 3.3000454433487256 4.9826595168092407 0.7341850000000000 0 0 0
8.0006605590332036 7.5667198031370351 4.9147364324516847 0.9128200000000000 0 0 0
4.2989599294845489 0.3092807793226718 9.8752565184277383 1.4847100000000000 0 0 0
8.6541636484292415 2.4589487307183564 5.3043589579479535 1.5611699999999999 0 0 0
8.9466737848013320 6.2397485676774060 8.1351669654632079 1.5738700000000001 0 0 0
9.4514177542296718 1.3197550108100755 3.9502256021732038 0.9191500000000000 0 0 0
7.4627310189913008 4.8299820847185666 1.6474399896728102 0.9226290000000000 0 0 0
3.5181149213045866 1.1832589935521063 9.9763419778106233 0.7617940000000000 0 0 -1
0.0017166366251953 5.2689564225404295 4.3142514427126004 0.8122220000000000 1 0 0
0.0747152404870920 7.6909257124070010 2.0263040054973436 0.9152850000000000 0 0 0
4.1237685526717183 1.9072665344338309 7.2653374760631371 0.8456750000000000 0 0 0
4.3346320462681405 5.4245251880882872 3.1423719579877059 0.7389400000000000 0 0 0
7.4274701436706412 0.3004385186124012 1.2515762860274480 0.7308600000000000 0 0 0
4.1690491883804786 3.8107564798200340 0.4611249437509214 1.1824100000000000 0 0 0
7.2066116901956070 8.6902776204339691 4.1482471165246757 0.8318130000000000 0 0 0
5.3575008308370764 3.6827078372588895 2.0284590719788826 0.7785300000000001 0 0 0
6.2397510795677160 9.8181365943160035 9.3987248041606311 1.0445700000000000 0 0 0
3.1834883271047483 6.7451965887692396 6.7094160128680027 0.9760020000000000 0 0 0
4.5583955783722105 6.4855802384085033 2.5935899779858769 1.5051200000000000 0 0 0
6.8434943899402745 1.5749409808166244 8.0140657064603609 1.1242600000000000 0 0 0
7.6752095470899890 6.7317109416990224 4.5622446032130499 0.9261360000000000 0 0 0
6.9903705715192999 6.0625974679171213 1.5471687636855971 1.4746400000000000 0 0 0
5.6092413727519288 2.6234686646908125 1.8368119288441986 1.3591100000000000 0 0 0
2.0616302942461751 4.5480639552054720 6.3366376843892454 0.7631570000000000 0 0 0
8.7714859389904003 9.0953237873076720 0.2463831058610211 0.8024960000000000 0 0 0
2.5814032236006446 6.8643113939860365 3.8039532413886579 0.7406230000000000 0 0 0
4.0552028323172173 3.0584248674482923 5.6976383028757782 1.3230200000000001 0 0 0
9.3446970737223491 7.1677876780193479 1.7437570505080702 0.8266760000000000 0 0 0
3.2666088556165436 9.5109535853580063 2.9521117485002604 1.4432100000000001 0 0 0
6.6313527349837331 1.5510593802335935 4.7092104372366013 1.0857699999999999 0 0 0
9.3682997436497484 4.7538973092840591 4.4494377838370411 0.7776550000000000 0 0 0
4.2827850419581122 2.7386735319135593 4.5204130507588127 1.0787400000000000 0 0 0
7.3961350849646212 9.5156863815679085 1.5193149626044868 0.7427500000000000 0 0 0
4.2525323298483277 2.1274961258922276 8.0889553386117079 0.7727210000000000 0 0 0
5.4609666355378188 7.3563157896682165 5.6913685446209277 1.4331700000000001 0 0 0
2.7257754946679489 4.1313996686794230 1.5433496695035223 0.9332420000000000 0 0 0
9.4571967071683058 4.8451012216089326 8.5487496967940491 1.2555200000000000 0 0 0
5.4542508033606660 8.4742000172897995 5.3247572507075827 0.7634010000000000 0 0 0
4.7602281731491107 1.3158916842920485 7.5737993967663355 0.7339230000000000 0 0 0
6.6080900679834418 6.8385338973147913 0.7367235981682054 0.7897160000000000 0 0 0
7.5359748489444325 0.6911975580210001 0.0882395590082405 0.7927830000000000 0 0 0
6.5888093326241242 7.2802765906251370 1.4742773742849107 0.8199610000000001 0 0 0
3.7738188871276939 6.3629005409529142 4.9152551944943479 0.8154880000000000 0 0 0
6.2474199288215013 9.7511963814848617 5.2395447084880544 0.7304140000000000 0 0 0
2.2865291053803043 6.4454264663591445 4.4586367069372610 0.8247540000000000 0 0 0
6.9731041650147905 4.2211980721844178 2.1243614992356115 0.7421270000000000 0 0 0
2.2348480732944243 7.8734167653164251 9.2587021419545330 0.8840350000000000 0 0 0
1.1582176986495420 6.4861441474268728 5.8464425490564418 1.0414699999999999 0 0 0
0.8265852095556288 8.5562799718523586 1.9422920904956664 0.9621459999999999 0 0 0
9.8638981827467589 7.8804337740430652 5.6412904960899377 0.8261980000000000 0 0 0
4.5389666667277071 6.9974649205961574 7.9354896868829954 1.0148200000000001 0 0 0
4.5167195444311528 7.2389085701504046 4.6096120173755795 1.3483300000000000 0 0 0
7.6800995435100550 2.7359994931770433 1.3937818748498525 0.9494490000000000 0 0 0
6.4766123129450541 4.4624094950450965 8.3137266641832461 0.7506140000000000 0 0 0
0.8763831583872290 1.1228887674848629 0.6363345380484630 0.9435380000000000 0 0 0
3.2520760539394358 2.4540837946100686 5.1156703397367140 0.8835410000000000 0 0 0
5.5548141448866915 7.6163158139872413 0.1470432952149463 1.2186300000000001 0 0 0
0.8995165316951609 5.9987987070229210 7.9930227670374245 0.8962930000000000 0 0 0
1.7378243938881688 5.6081790509125593 2.7305168321525644 0.7772680000000000 0 0 0
7.7208482093333668 0.9817978870869868 2.0444844510372744 1.2654200000000000 0 0 0
5.9305825222147348 9.7355439757712947 6.2998879657009521 1.0817600000000001 0 0 0
8.6553040098963976 6.2564411535164712 4.0857853807350422 1.0892200000000001 0 0 0
8.0101990340643017 8.0887742090495731 1.7375067810952811 0.7596060000000000 0 0 0
1.3151114887805844 1.6383884985753723 4.6287989206332840 1.5976300000000001 0 0 0
0.6662229891120326 9.6126216209267348 3.7512228559610814 1.2636099999999999 0 0 0
7.8607996892115324 8.9408081922353251 2.3270697066757018 1.2482400000000000 0 0 0
9.3197705033018021 7.2842248638628933 6.1472193234263361 0.7476340000000000 0 0 0
1.7043414113357507 3.9969173850212978 9.9123472938938271 0.8515650000000000 0 0 0
5.0118331314054618 3.1195978307993513 5.1843541084595826 0.7744630000000000 0 0 0
7.3542555775056444 0.7611771940998381 4.9730022497521995 0.9659960000000000 0 0 0
9.5247474469211610 6.1681711636980472 6.6981697916142338 1.4285900000000000 0 0 0
4.4405002237807638 4.6033940563266667 9.7105204982419480 0.9979980000000001 0 0 0
4.5766696858781684 9.7264000831314430 6.0876881546587835 1.5068699999999999 0 0 0
6.0302359186907264 0.9606907648470715 0.7454388247572075 0.8665500000000000 0 0 0
4.5254791859977974 3.0842335789655451 1.9329102264244047 0.9200210000000000 0 0 0
1.3108662531728430 2.9500006108324106 3.8021361646987284 1.3537100000000000 0 0 0
2.9390682093937079 1.7792269744555440 9.5892970339453250 0.9326630000000000 0 0 0
6.1908829246760506 3.9385324926823833 1.9060008848242829 0.8735849999999999 0 0 0
3.3894124608169629 9.0313084380387743 4.8910176268370664 0.7379620000000000 0 0 0
8.8753682717212730 8.3027701382166583 4.1935092624497576 1.4740899999999999 0 0 0
7.8578804460842822 9.1841875281162011 4.0319313413645332 0.7553910000000000 0 0 0
9.5283411572341343 3.9555325463692106 9.3116422160532970 1.0034500000000000 0 0 0
4.4389265737313508 5.9379671267660434 6.2304771714067355 0.7683900000000000 0 0 0
4.6637234325178589 3.8986702273960088 3.7885816282252613 0.8763649999999999 0 0 0
2.4157816229479998 4.9656118620225280 9.7097846034654438 0.9979680000000000 0 0 0
5.3191945711788797 4.5756195243264193 8.1027119140209365 1.2166300000000001 0 0 0
7.0982753790444972 3.2392525477016627 0.3827814339000092 1.4479000000000000 0 0 0
4.9234092498948518 4.6234875813458576 0.6358785904591983 0.9951210000000000 0 0 0
8.2037188878263336 5.5250275947533254 1.1479947138779163 0.9652710000000000 0 0 0
6.5503302803133474 8.8740437711081555 5.7164129375631667 1.2635099999999999 0 0 0
7.4019961026284236 2.6964279718208339 8.1569924962494209 1.2517700000000000 0 0 0
4.1169272182326004 2.9467993496793641 8.5378681902771874 1.0399799999999999 0 0 0
0.5347242498451741 5.5028713303451342 5.7315134277366884 1.1928399999999999 0 0 0
1.0997593356078486 1.7522907596126371 3.2305899991387403 1.1566300000000000 0 0 0
9.9965863116067748 7.1145601652944972 0.9139973043966453 1.1912100000000001 -1 0 0
6.7569096676227680 4.3628847394571686 4.3158841653144897 0.7307870000000000 0 0 0
3.1163928250525998 2.4784654538875808 2.8694876848105437 0.8366690000000000 0 0 0
1.9453777410243087 7.4877673411448518 0.1154801643904968 0.9294430000000000 0 0 0
3.5725599594143760 1.4962913955677921 3.1216652160802663 1.3010500000000000 0 0 0
3.5701842836235880 5.0721801154486483 8.9222715218643636 1.4537500000000001 0 0 0
5.6626854254507473 0.8861904620068203 3.5513489794699571 0.7802950000000000 0 0 0
7.8092862324692840 8.3748031863937289 3.3953694812038582 1.0915999999999999 0 0 0
2.3539304027984298 7.6047122542569641 3.6286723836543695 0.7951750000000000 0 0 0
3.8826466164632270 8.8721510399886068 0.2882055895768625 1.5044599999999999 0 0 0
8.1411536474986743 3.0631291588276168 7.1790737369599631 1.0190999999999999 0 0 0
6.1645045253144470 9.6544418178553091 2.6387643743175349 0.7445150000000000 0 0 0
1.6419129577329394 4.8834787153094812 7.1531657295303939 0.8170450000000000 0 0 0
7.5912231351110959 6.2410948246390356 3.4973959909621231 1.2004699999999999 0 0 0
9.9889895257205499 8.0895577850000659 0.0574999156662283 1.2022800000000000 0 0 0
0.8732926994956541 2.9935023371544025 6.8952625707653361 1.3354200000000001 0 0 0
9.1989336950165512 5.0104350557625468 7.3495665257925156 1.1307799999999999 0 0 0
3.2795638891178176 9.2562175001051781 5.9315388923077865 1.1811600000000000 0 0 0
0.5381576027085929 0.0309449671443574 0.6408691943265689 1.2647699999999999 0 0 0
7.4610158578774382 9.9224742623817566 2.2149769130468151 0.8184180000000000 0 0 0
4.0102459440260896 6.0157814290905645 1.6722417982200002 0.7657800000000000 0 0 0
7.2997169010779377 2.1777146692374476 0.7385360908237907 0.7579380000000000 0 0 0
2.5039701639378800 4.8342076229179956 2.7162990743863058 1.2828500000000000 0 0 0
6.7366291903952602 0.1087312741727746 0.4288104829495553 1.2068600000000000 0 0 0
2.6802986823847532 1.8003897213626829 2.4971235681467467 0.8743550000000000 0 0 0
6.0850778346705088 5.6237783236877332 4.4149452890648160 1.0185100000000000 0 0 0
6.1381366469755587 8.8650001277806947 0.4007472743903610 1.4321200000000001 0 0 0
3.1190740789120022 6.2660506074646154 4.3495560913333300 0.8205380000000000 0 0 0
1.8954036092743591 5.9077268716047353 7.5971882697114062 1.1746300000000001 0 0 0
4.3871926750912644 9.5123437167110172 1.1560991094959290 0.7730760000000000 0 0 0
8.4212742625101278 0.3919160339827922 7.6454340014199040 0.8574340000000000 0 0 0
1.6934684379054004 2.3771566455243676 8.4353597357845853 0.7999020000000000 0 0 0
1.9356658152374482 8.7548321035107985 8.9699316499451172 0.9067140000000000 0 0 0
0.9658983814436130 6.2892394696791714 4.8814548141197402 0.8966080000000000 0 0 0
2.3801315428458243 4.4552296467070036 0.6429274903215187 1.0412399999999999 0 0 0
8.8287745733602883 9.0170113207621974 1.7545495918721767 0.9320330000000000 0 0 0
6.6305110185631300 2.5149185271789229 9.6458673495436713 0.7462340000000000 0 0 0
6.8019960350201218 9.2903963589817184 6.7189615570691537 0.7897990000000000 0 0 0
0.5214127751869631 0.1767864461351514 1.6971115875914742 0.7738480000000000 0 0 0
3.9890819426082009 0.1245535355608454 8.3975247394761112 0.8161060000000000 0 0 0
5.0336480614583641 9.4494612741483124 0.5312562015413412 0.9710440000000000 0 0 0
3.4395280713865604 0.5363536850072995 3.6720549063678312 0.7603780000000000 0 0 0
1.6805474510257332 1.0285850309758175 3.5946835490871445 0.7578980000000000 0 0 0
4.2766137590944604 1.3494767968934254 0.4541613608493738 0.8189050000000000 0 0 0
7.9598132797921171 1.7264369142280080 1.1643183522948208 0.9359210000000000 0 0 0
8.7479032536777019 9.6949781474119465 2.3957713982910160 0.7504130000000000 0 0 0
8.5824099965866729 0.9150023230206833 3.8004550782111628 0.9330680000000000 0 0 0
0.4061341954064487 3.1052055691223490 9.0583355949029496 1.2487299999999999 0 0 0
9.9342715377364179 4.6505093411274876 3.7415406538738605 0.7879850000000000 0 0 0
7.1260437288713012 7.5809668767081391 6.4559994072581288 1.0312300000000001 0 0 0
5.9341112786434769 1.5663925775955685 8.3733715909522584 0.7403650000000001 0 0 0
0.4954824135385334 5.1485267521981335 8.3712591989182883 0.7543110000000000 0 0 0
4.8133234901126132 8.2897970188457091 4.4939908658768539 0.7496760000000000 0 0 0
5.8409977152653854 1.4580259423075761 5.7180393442941533 0.8214420000000000 0 0 0
8.1795887213529355 3.8254878883686594 5.7043134202565184 1.2822100000000001 0 0 0
9.5401666077253982 7.1123911170259637 7.3775314295978749 0.8277840000000000 0 0 0
7.5987488808841741 6.0401147334770675 0.0910949895963295 1.5639500000000000 0 0 0
6.1293649033584101 7.8240222148683269 2.2059535608269507 1.1482399999999999 0 0 0
1.7481335801988656 9.3652885355524500 3.8965456858949348 0.8779310000000000 0 0 0
8.1257478293447729 0.0697541139493609 5.4631837349215333 0.7881610000000000 0 0 0
1.5161869799221228 7.5174581876906483 8.5231510660895591 1.1994199999999999 0 0 0
0.4363022327044088 9.5012370034328786 5.1370450665339922 1.1745399999999999 0 0 0
8.7829815009793712 3.0014075498098238 3.9666726079741785 1.2089000000000001 0 0 0
0.5398318490156867 9.3834384963969555 8.6287609668305620 0.9591850000000000 0 0 0
6.8651101823375935 8.3587905049167315 4.8477382593925435 0.7349070000000000 0 0 0
5.7973652032132970 0.8340091344576489 7.9627744478880613 0.8882409999999999 0 0 0
5.0851134677139314 8.8011237146910961 8.9242047995268408 0.7361340000000000 0 0 0
0.9623838538490080 7.5603486828637028 5.1129223408566933 1.4932700000000001 0 0 0
4.6370368475077779 4.0020295524299536 5.5824232194900034 0.8166700000000000 0 0 0
3.3779470323213272 9.8801004289615690 6.8250515028519345 0.9383260000000000 0 0 0
4.0363586503168962 6.2334580779574038 9.5713891350894027 1.2773600000000001 0 0 0
9.2513178576918431 5.1124568371879286 2.5541253727034876 1.2270900000000000 0 0 0
3.5775698279655157 5.9402809750459129 6.2530655731323552 0.8030600000000000 0 0 0
6.8738693946340836 6.2412159402843965 4.4095425231247063 0.9199700000000000 0 0 0
2.4463770849203277 6.4803233319218414 8.2379355195470438 0.7647520000000000 0 0 0
1.1847866457502305 9.4702870222067155 1.8313711449753314 0.9095240000000000 0 0 0
0.2170199404710407 8.7059212937376174 9.1772604104652338 0.8447100000000000 0 0 0
4.2851651427226587 1.8242159226537118 9.3208835474329454 1.5484400000000000 0 0 0
5.2968699513613346 3.4069487727551029 4.4558068865426259 0.7903420000000000 0 0 0
3.5584789972354289 3.3314337778603589 1.4416650738801020 1.2290600000000000 0 0 0
6.0211390998611050 3.7771156628999130 8.2837243990863225 0.8317250000000000 0 0 0
3.2591804075720088 8.0938361704106345 3.1576507416801998 1.3284899999999999 0 0 0
1.1012395958054519 2.0862552284461646 0.4022301754579735 0.9620649999999999 0 0 0
4.6021068404830912 2.1275676384364401 0.4664933590643125 0.7609100000000000 0 0 0
7.2041723033102265 9.2563819768905287 0.7834452702103140 0.7948350000000000 0 0 0
0.4538677145475153 4.2597900483854785 8.7982913939748943 1.0385800000000001 0 0 0
6.2499617670534722 5.0544679124749692 7.7867517402389597 0.8350570000000000 0 0 0
7.9536736965333859 2.0786780487528853 2.0438779401666038 0.8963520000000000 0 0 0
0.0535740541190739 6.1001847037879742 0.8446149435272955 0.7825730000000000 0 0 0
2.5079874414597692 6.2993808521115264 1.3617666587316655 0.9646300000000000 0 0 0
4.8684728166931226 6.6278273238093837 8.8566754946252448 0.9691930000000000 0 0 0
4.7909850789326347 0.5406742445811672 8.0696243998199719 1.0396700000000001 0 0 0
6.4234209661559749 0.4448882603359647 1.7955037346922258 1.4993300000000001 0 0 0
1.9455056326174147 8.6542065077893717 1.6182778217140099 1.2932500000000000 0 0 0
3.7409892765711068 3.8705362848590243 8.7999074947444296 0.9086900000000000 0 0 0
8.6264386399785913 1.5424395641997755 1.7770746295972637 0.8509679999999999 0 0 0
2.2964863619756626 3.3785635265033447 0.4261305020047221 0.9591100000000000 0 0 0
5.9047020638633416 6.2594596710117516 8.9221680576794196 1.1237800000000000 0 0 0
4.0034295747860362 1.6262226771219801 4.9698743122321209 1.2933300000000001 0 0 0
3.9275827074898864 8.8439763762022814 3.6160528782517587 0.7837740000000000 0 0 0
6.8130281605113288 5.6954124797637453 9.1046042732031012 0.9717570000000000 0 0 0
9.6269111986301841 3.7623846535354835 7.0140901357361756 1.5081300000000000 0 0 0
4.0791750676258358 0.9171104464385499 6.9707518617394166 1.1560500000000000 0 0 0
8.2351223669504741 9.7815871382126893 8.4633648794133727 0.9463200000000001 0 0 0
0.5320414749796770 2.8208747095333866 0.9624968309994905 1.0005100000000000 0 0 0
5.9911102054332677 7.5264117211797945 6.9090549878093670 1.1200600000000001 0 0 0
7.7970418492198021 4.1120821170625872 2.5303057513199101 1.0215399999999999 0 0 0
8.0004026687210068 1.0518669016874738 4.4298873999476900 0.7433710000000000 0 0 0
1.1622637969144045 6.8696653562812431 7.6413523926496003 0.9784990000000000 0 0 0
8.7818830091838667 3.0850240239171569 6.4103774307279355 0.8848710000000000 0 0 0
5.0990563041178154 4.6272744209280097 2.9836056401319735 1.3278500000000000 0 0 0
1.5955811070882198 6.3953498675998599 2.9132526636855962 0.8097910000000000 0 0 0
9.9102976304147408 3.1386163478310216 2.1796000430832758 1.5501100000000001 0 0 0
0.0653379555284023 1.4970721320028517 7.0519859297612362 0.8854400000000000 0 0 0
5.2417853720825809 5.7266316381208542 3.6559758276742209 1.1810400000000001 0 0 0
1.9711455384189982 6.9329498257357205 6.7157349168033313 1.3990800000000001 0 0 0
0.1777274550327445 5.9252807127223752 8.6502986383582261 0.9095060000000000 0 0 0
8.2148318923434118 4.9583032591388756 8.1475628381637790 1.2879300000000000 0 0 0
7.6035375178029856 1.0724730240047673 7.1102364160130991 1.3649199999999999 0 0 0
0.0750242001056129 4.3144900597792937 2.8420535689599467 1.0666899999999999 0 0 0
8.2709106137029504 7.9638851186984487 8.0079785343394239 0.8763950000000000 0 0 0
2.2471286195385458 0.8698293590624342 4.2005328637023567 0.8488910000000000 0 0 0
5.6825603218224918 9.5404563491132244 8.2135996917195673 1.5363199999999999 0 0 0
9.8597980273400641 1.5851316993252493 5.2517558419264834 1.3216399999999999 0 0 0
1.8270519111726808 3.9354959043465465 2.1426405979477097 1.1394200000000001 0 0 0
9.2583596810112621 7.2231483808660535 9.9458778353023529 0.9646070000000000 0 0 -1
0.4394137865606613 3.3420955884298347 4.3465551864927052 0.7748980000000000 0 0 0
9.3344539422068884 9.1647277866774779 2.4794596481334370 0.7559260000000000 0 0 0
9.3310566851540973 4.2344740559279233 0.5130659663490396 1.4159700000000000 0 0 0
6.9128778201338328 6.8034703509907066 6.9397474843840818 0.7837170000000000 0 0 0
0.8470090799575346 9.1359955588433124 7.7465098593091355 0.8663610000000000 0 0 0
2.1267943229072697 0.5046132738692686 7.3479849891059752 0.7796070000000000 0 0 0
4.0588130918687026 6.0854352946766044 3.8797428952150006 1.2351600000000000 0 0 0
6.4525797361365873 1.3187511124286253 7.0742865423471271 0.9028790000000000 0 0 0
9.3677100414299357 6.6160557799093569 4.6631222595432078 0.7431120000000000 0 0 0
4.8964588959228932 5.8150253904194136 5.0709310429990913 1.6200900000000000 0 0 0
8.1338631926528908 1.1292537158619564 5.8113649136539482 1.3594900000000001 0 0 0
3.7229107746186179 2.7483612148672010 2.3629836531942963 0.7646990000000000 0 0 0
9.9884051680319050 5.4618072638230162 0.2323481178354553 0.9228360000000000 0 0 0
2.0036811868804065 1.3518145513425024 6.9852134240407180 1.0171300000000001 0 0 0
4.5082915652242503 4.6169900161473212 4.9939256012265503 0.8239760000000000 0 0 0
4.5159805603472289 9.2511964318830522 9.3274115253789240 0.8409880000000000 0 0 0
8.7558424296807775 9.2178793074503691 5.9666992708399365 0.8377720000000000 0 0 0
0.2545883169875670 1.8022164627079718 3.9019377973392775 0.8727370000000000 0 0 0
9.6761895761668715 2.3929284689856374 6.4309733596898564 1.2985300000000000 0 0 0
7.0301841768554105 2.8535908827673446 5.3037643910805565 1.6114900000000001 0 0 0
0.2366403126352042 0.9572299739484096 9.1678703744869949 0.7495420000000000 0 0 0
1.6058724081331610 4.6557922679890469 5.2533662224660729 1.5263500000000001 0 0 0
7.5433137570851541 9.8532618766354965 7.1488968396880157 0.7836740000000000 0 0 0
3.7462404184320741 4.1230256644319088 5.2259053264110165 0.9933880000000000 0 0 0
5.7059762588304697 2.6430831183586263 3.0118188608652088 0.9134830000000000 0 0 0
2.5392208161696153 4.9879944154800446 6.9383988924915103 0.9484540000000000 0 0 0
5.8517834958464992 5.7232010898042782 2.4500509715889991 1.4202900000000001 0 0 0
3.9555598178023996 1.2323570521448610 8.0816926054154585 1.0474000000000001 0 0 0
7.0675829024083674 7.7372451903556607 7.7548668181700782 1.5009300000000001 0 0 0
4.9636260943110546 2.8852652030978239 3.7257501057403970 0.9666940000000001 0 0 0
0.2721159940963461 8.5171953879259981 4.3277773779171511 1.2563299999999999 0 0 0
6.7234632756535735 8.9771864220255573 9.3641450971017886 0.8271280000000000 0 0 0
7.9394528273034028 4.7562040940547314 6.1533764341644082 0.7424300000000000 0 0 0
8.1856225654810491 9.5605701980339042 7.6270785210012635 0.7325720000000000 0 0 0
2.3314249105910618 2.6761654013950786 4.5806350593221534 1.1818299999999999 0 0 0
2.6545415555384047 9.9180539428762629 7.4689391189109173 0.7650280000000000 0 0 0
6.5349880209484992 3.5746671077296455 7.2705332252172150 0.8516750000000000 0 0 0
1.9941855452187334 4.7056784786745567 3.8896497782905013 1.1963299999999999 0 0 0
8.5179513248388421 1.2615085323704425 9.5017423813847852 0.8068140000000000 0 0 0
5.2589178822838267 9.4993170473103312 7.0660665200822548 0.8186310000000000 0 0 0
9.4525460523171958 8.9824916638055452 9.6758636254579624 0.9293590000000000 0 0 0
6.8114727585546175 1.2357618590424231 2.5845732351759927 0.7934920000000000 0 0 0
6.1412158227022688 2.2392039432794517 6.0303605614169893 0.8110880000000000 0 0 0
7.7361744970712749 9.3553787162964444 9.0323082700938695 0.7317020000000000 0 0 0
3.9850399580587692 7.7995949230563326 0.9434143961879989 0.9333010000000000 0 0 0
6.5068339239004747 7.8675974918231590 9.2204263234741006 1.3627100000000001 0 0 0
1.6977790096110223 5.7674302970985165 9.9058097705717802 1.0310800000000000 0 0 0
4.9868120327470988 2.8144453851326365 9.2381956402589811 0.7828110000000000 0 0 0
4.1632379387458318 7.5533065116564719 2.8706388768492310 0.7365000000000000 0 0 0
0.8800703355032401 7.6664318343645190 1.4123586144945066 1.0329100000000000 0 0 0
0.4185691024852506 1.0581689754152221 3.5331587677951819 0.7439450000000000 0 0 0
8.4580406430317971 2.3611610571991695 8.8761011145036814 0.7760550000000001 0 0 0
4.4367316598081397 9.5052225799311678 3.2635584805808948 0.8286950000000000 0 0 0
7.1112690689037024 5.1958931371165393 8.4142015398363874 0.7396350000000000 0 0 0
8.4153177322338948 9.4075125646971056 4.7912674460393907 1.1137900000000001 0 0 0
0.1539719528095434 0.5995964295469288 4.4265559313695215 1.2314499999999999 0 0 0
7.9030920189906482 2.8898040908400651 6.2339697756925796 0.8514300000000000 0 0 0
0.2101785774205183 5.0412256699932758 6.8038214996233259 1.0966199999999999 0 0 0
2.9126120123999373 7.3792131023319696 8.5249744944289763 1.1099300000000001 0 0 0
7.0803627879828470 1.2123306354745744 0.8093804673917238 1.1465399999999999 0 0 0
2.8038813810807728 6.4421683591212213 5.5412518047536796 1.4262999999999999 0 0 0
4.4558094760211793 0.3942779842167527 4.9483440642966539 1.0617799999999999 0 0 0
5.4694667629366567 0.4984849976630142 5.8569364937783339 0.7953820000000000 0 0 0
8.0390144587038890 7.1086996148000017 8.1582054433678337 0.8600139999999999 0 0 0
8.4361575724764908 1.5625385076989278 8.7151118871358300 0.7754820000000000 0 0 0
4.2670718617989074 8.1829476130634262 9.2183797013849809 1.0226200000000001 0 0 0
4.7110287329629665 7.1893112076783963 9.5761199332937412 0.7876710000000000 0 0 0
7.6367798946359624 5.8797506918713012 8.5092095052171324 0.9135890000000000 0 0 0
6.6759243699323481 0.4999883862820894 8.4935268775095363 1.1804500000000000 0 0 0
1.1368523839105549 4.8209384453498956 6.4080200013868458 0.8867920000000000 0 0 0
1.7603016266950400 2.2546825613584769 6.7795110012097526 0.8294010000000001 0 0 0
5.5137583447960896 3.6484124005262344 3.5827969184593704 0.8778870000000000 0 0 0
6.4738898069369224 0.4139350639909093 4.1720289358335387 1.3419099999999999 0 0 0
2.2237121319003879 2.6325964568361644 9.0120857079663583 0.7684360000000000 0 0 0
5.6454991138929440 1.6151406035057536 7.4604235606361495 0.8968320000000000 0 0 0
5.2918222168514975 9.5705387873401886 9.5652960967892202 0.8373540000000000 0 0 0
9.7692569966151712 8.8916602202177089 3.3493214507144717 0.9375420000000000 0 0 0
8.2661605735525008 9.9696579338970857 1.5822008680335105 1.1166199999999999 0 0 0
6.2721732432994299 4.1173871754956268 3.4591610503282473 0.8497100000000000 0 0 0
8.0419369784302486 2.4251149299045127 3.1036076391102840 1.2348200000000000 0 0 0
0.6630191502973666 8.5442804482405492 3.3563184445438412 0.7303480000000000 0 0 0
0.9028015447493476 5.1632230389370415 7.5173567187767372 0.8369840000000000 0 0 0
0.8833893575551242 0.3642070767873198 8.8332449025831057 0.8958630000000000 0 0 0
2.6360932934076384 7.9481163068411256 2.1954501493549343 0.9123500000000000 0 0 0
9.1843784591865099 5.5976511964397213 4.6471942236895778 0.8721970000000000 0 0 0
2.9109568469957572 0.7796095250271114 6.9814229409489768 0.9103230000000000 0 0 0
0.8375825201894813 5.6877173830716172 0.7389006938894429 0.8822610000000000 0 0 0
8.8459248648148581 7.4852451554380863 8.9189807420008300 1.2246900000000001 0 0 0
5.5858316779028101 0.2707102645933162 0.1939141392480745 1.0423700000000000 0 0 0
8.9266873038580616 7.6799466610184188 5.3766872673771386 1.0830400000000000 0 0 0
6.9483560310786334 2.4877666527319429 6.8472928023484796 1.4681900000000001 0 0 0
0.4344547656453009 4.7677774350875408 1.0387346090330496 1.1417500000000000 0 0 0
5.9296996081642952 4.8374258375224821 0.6992652840427408 0.9825390000000001 0 0 0
6.2123610677514476 3.6958077860554845 4.3304564935917060 0.8221650000000000 0 0 0
0.9220383005605206 1.8366556057109849 6.1084686886381130 1.3667400000000001 0 0 0
2.8813037577063305 1.4915103499433116 1.3136644631002350 0.8504490000000000 0 0 0
4.6628587211115908 4.0776423403723410 2.1485053966489733 0.7875060000000000 0 0 0
8.6006826922338799 2.3951137199685433 1.4777533117412953 0.7511660000000000 0 0 0
2.0000120772115797 3.7773766960664292 3.2258925153405711 1.0113000000000001 0 0 0
5.9438586015404322 5.1314468493133178 5.3223592902818986 0.8165640000000000 0 0 0
6.0041669402531088 3.0228580915825192 9.9124915504578119 0.7644490000000000 0 0 0
5.1794719971691263 3.2569785569324030 6.0738054324107109 0.9776430000000000 0 0 0
5.9410091814583730 9.8134344799821545 3.4067683961169934 0.7778220000000000 0 0 0
5.6623847530982658 2.4205832656607837 6.8512510103139812 1.0297499999999999 0 0 0
1.9134099088518295 0.8794807115188287 5.8514924211557755 1.3264800000000001 0 0 0
5.8100039975591011 8.3800004053945596 8.5139788884243082 0.7504040000000000 0 0 0
2.0462463177562360 2.3196112242362963 9.9255460058143470 1.1093400000000000 0 0 0
1.7390984870135207 6.6800023942267490 5.0431184882815572 0.7614060000000000 0 0 0
7.2168878183203793 3.7931733312685703 6.5029319351051162 1.1435299999999999 0 0 0
6.6867683029129648 3.8361010161582421 2.7617166185970135 0.7795510000000000 0 0 0
1.5045472738612091 0.8647423309367158 8.0951491170743779 1.1866500000000000 0 0 0
0.3275522643215675 6.0327562128373060 9.5492767218780266 0.8524670000000000 0 0 0
1.9507877607202231 7.2369585877478251 5.6421055772307618 0.7571900000000000 0 0 0
6.8959785047322786 8.5020410343678332 2.5700230173206808 0.8317420000000000 0 0 0
5.2357530227951594 2.6506129822160220 0.1104112110134107 0.8309560000000000 0 0 1
5.0031058402672954 8.3984699856124703 0.8134512848095825 1.0449500000000000 0 0 0
3.8117990508972905 2.6649847561540572 7.6959237957480813 0.7761620000000000 0 0 0
2.4160728666099054 9.9468099617480679 5.5732036502178248 0.7995970000000000 0 -1 0
9.5072842918579905 9.5303335650188377 4.3237982562262376 1.1884100000000000 0 0 0
2.9479170037058577 3.5965510271953653 2.5437142822557375 1.2630500000000000 0 0 0
5.5285690386917663 0.1027428004118014 4.9774277521660908 0.8930150000000000 0 0 0
3.4188784535523493 8.1200890204761595 4.6344200851551038 1.0973100000000000 0 0 0
6.4879270396745907 5.0263207844170408 5.9599563468188821 0.7308630000000000 0 0 0
2.4469556344251364 9.2371976825709048 8.1360451122359390 0.9475040000000000 0 0 0
6.6292894578918435 3.1483578984567813 1.5104740456617944 0.9128740000000000 0 0 0
7.6044464154295648 2.5291418166467556 9.3717146584486155 1.1422300000000001 0 0 0
9.0870860400701972 4.8810677588596540 6.0103826589712757 1.4836499999999999 0 0 0
2.7985927417892484 4.1612203451834784 9.8284106970555296 0.7341470000000000 0 0 0
4.6193348525055660 2.2736599648391840 2.7924081748690375 1.2948500000000001 0 0 0
6.1934004143032970 3.3758167549719293 6.2883631620739049 1.0409500000000000 0 0 0
3.1620539466384892 8.5647711146725154 7.8269505533296835 0.7788490000000000 0 0 0
3.2685288479357211 7.4558445709552101 9.8834524373544284 1.5871100000000000 0 0 0
4.2237895046797238 9.0617384896778752 8.3130407226876422 1.2285800000000000 0 0 0
7.6339883860613655 7.2600979431101651 0.9875228763527869 1.3716800000000000 0 0 0
7.2711355210705113 4.3467248887038492 8.5585057519684113 0.8572790000000000 0 0 0
1.1783282937380060 9.0654771352732215 4.5733265722858629 0.8145750000000000 0 0 0
9.3100698135604780 0.2494165323177964 5.5251930512683938 1.5246800000000000 0 0 0
9.3482659341764673 1.0688051350530245 2.0919733424529396 0.8130450000000000 0 0 0
9.1356719249346749 0.5020179306519073 4.3286014773301771 0.7334090000000000 0 0 0
2.5344712529616458 0.4687319371653693 0.9744838202774156 1.2445299999999999 0 0 0
2.4978380028414060 2.7070784018155525 6.7254788701111208 0.8322000000000001 0 0 0
3.1226781844832154 3.7974761799662944 0.5775238974029383 0.8349190000000000 0 0 0
9.7030213263016147 6.0990045458275226 4.0740630313753821 0.9068079999999999 0 0 0
1.9283067099176807 2.7136592854932737 2.5689924431683404 1.3441300000000000 0 0 0
9.6426699232848652 6.3650881150398320 0.0942721702560559 0.8440280000000000 0 0 0
8.4657192795437162 7.0900048778831151 1.8000102120473072 0.8764630000000000 0 0 0
2.3648314259825853 0.1992771953653497 8.2251868374232107 0.8710260000000000 0 0 0
2.9602534754277570 1.5079229463068160 0.4327896045708177 0.7477160000000000 0 0 0
7.3493746496246111 8.5832401228333719 8.7339280089394915 0.9472170000000000 0 0 0
0.7920547569746245 2.6423514159376107 2.8500257064521892 0.8053420000000000 0 0 0
9.5133885080069920 9.9061173317142206 1.7084952343506530 1.2297700000000000 0 0 0
3.1676002452464700 2.5037695913422668 6.1741693783165816 0.8874400000000000 0 0 0
6.8562405218370035 6.2699476380046084 2.7086113757498094 0.7596510000000000 0 0 0
2.1601639987254453 7.0948466448134369 7.8325295042913039 0.7389740000000000 0 0 0
7.8181604964299645 6.1354969837164219 2.4010537689204354 0.7778360000000000 0 0 0
5.7879842152791792 3.8075862990681504 2.7341021338309197 0.7696539999999999 0 0 0
8.0504431054288119 3.4508101022727824 4.7017180432771104 0.8090320000000000 0 0 0
5.3495009622175713 4.2089115710997147 6.2272966430481800 0.9170250000000000 0 0 0
4.8893265168826128 5.7831478118106618 1.7113480315935770 0.7650540000000000 0 0 0
8.2837701135208626 4.2196330701815974 6.9619906228209905 1.2454400000000001 0 0 0
6.3690465382331922 6.6337780313395482 7.5604170314154224 0.8317980000000000 0 0 0
3.3188932772517865 3.3355914240724758 4.5694805732521138 1.1128899999999999 0 0 0
1.5304089445904943 0.1308283892265217 4.7416204745050790 1.3664499999999999 0 0 0
4.5124500271675032 4.3637048200673085 8.7829929683740158 0.8498370000000000 0 0 0
3.0023483418396086 4.2509034953825076 6.6457802949544424 0.7408720000000000 0 0 0
4.3477253882023605 8.3306441828460525 5.5229842522096426 1.4275100000000001 0 0 0
9.0456028056354025 5.2578812222411635 3.7144462480276959 1.0384899999999999 0 0 0
7.8580324199141982 4.5389760609388361 0.4352742632294340 1.4651000000000001 0 0 0
8.0518704571863111 5.3257827029754319 3.7076433755417182 0.8253819999999999 0 0 0
6.2333181765600862 0.6852378270610751 5.3383776189997638 1.0034099999999999 0 0 0
4.9431544958824070 2.4424768804137762 8.5019929848802978 0.7765140000000000 0 0 0
8.5119296722135083 8.5979470037565680 5.3708140999360872 0.8094620000000000 0 0 0
9.2126324805941060 1.9691621818098679 8.9155907207422729 0.7368300000000000 0 0 0
4.5210297938460835 3.7456600829503182 4.7215685987320333 0.9219280000000000 0 0 0
8.7739826025670382 6.3976124018458664 9.6732569551743097 0.9525400000000001 0 0 0
9.9064328456746118 6.7436707315215703 5.5001104392922748 1.2010600000000000 0 0 0
4.8813576606612044 4.6189776113747074 6.9976588568800340 0.9524410000000000 0 0 0
8.3146601019344697 3.4451909688046460 0.9744015440895698 1.0322199999999999 0 0 0
4.3000207736291758 5.3524476642018053 1.1213896732246105 0.9935680000000000 0 0 0
7.9755974449349463 0.3682435982142364 9.4653819504677763 0.7833810000000000 0 0 0
7.9529383497686821 4.1359546642919742 8.9652853239120969 0.7350630000000000 0 0 0
4.7636114403648300 2.9305453151916896 0.9104648297365414 1.0463100000000001 0 0 0
9.4411203777545705 8.3405721213808715 9.0804511500346941 0.7315920000000000 0 0 0
9.2388971598600911 1.5208340884040754 8.2744710726341530 0.7458370000000000 0 0 0
4.6681896308851778 1.0528162908727079 5.8737007780125303 1.0815100000000000 0 0 0
2.8425222070388920 5.8543735458004358 6.7316892920304534 0.8569700000000000 0 0 0
8.8962314239047835 0.7745308921288557 1.4038049032175421 0.8797960000000000 0 0 0
3.2726651016105723 1.5297302171039875 7.3904427408460496 0.8521090000000000 0 0 0
7.2060698560622933 5.2255143967567248 2.7357122843917279 1.3688499999999999 0 0 0
3.9160687706530046 7.0351105386845854 8.7728313191110079 0.9233330000000000 0 0 0
6.9623517354345399 4.6300277284253948 3.6241176501289201 0.7555890000000000 0 0 0
8.1874997760305899 2.4918305694638234 0.5157701229253001 1.0305299999999999 0 0 0
7.9917699375703934 4.9149501352003293 5.2350391780545991 1.0303599999999999 0 0 0
5.5182716492802379 7.8848237380543660 4.6440725932284055 0.8215920000000000 0 0 0
8.1106431073648881 0.2185338126791216 2.9761276149420213 1.1889200000000000 0 0 0
0.2813841041620879 2.4579897655146836 4.5910191857348179 0.9487020000000000 0 0 0
3.5307520853601768 5.0337984200086554 0.3190800652971733 1.2461400000000000 0 0 0
5.7953920542781994 1.5741363161750661 6.5219025585487387 0.7439560000000000 0 0 0
0.1629184894571778 8.5960964959013637 8.0840044463343972 0.9297150000000000 0 0 0
4.3970184708951319 2.8493662911969837 9.9982477732662627 0.8412700000000000 0 0 -1
9.2018227401043315 0.2187726736982858 0.4923229948498612 1.2367699999999999 0 0 0
1.4553749084533458 8.9996836215043352 2.8341172296203885 1.2535300000000000 0 0 0
3.7394846734154474 9.6144273554595845 9.0824207487086337 0.8135720000000000 0 0 0
8.8728861918901778 8.2181838938790701 7.4544644806552514 0.7450810000000000 0 0 0
0.1470411637908457 7.0919454369965331 9.9105852424225240 0.7690979999999999 0 0 0
0.5644263402297351 7.6803078390698767 7.8941807216071549 1.0245400000000000 0 0 0
6.2605284183771674 6.1313546512278521 5.6161044097758817 1.2937300000000000 0 0 0
1.3851639074419801 0.5520432156646639 1.3792525602014380 1.0617500000000000 0 0 0
4.2507685539025042 3.8783085128211026 7.8091428102722311 1.2144699999999999 0 0 0
5.9162276666447919 8.3974624047926518 7.6121936301840707 1.0080899999999999 0 0 0
0.1590793758614479 1.9072495241979359 9.0907442305938879 1.0989199999999999 0 0 0
5.5501892260523888 9.3070439598191683 5.4620452750745034 0.8806710000000000 0 0 0
4.2212743383397751 5.1110130735405548 7.7275422367309439 1.1616100000000000 0 0 0
5.3237463225358308 7.8125943805071101 3.3820873145617241 1.5843799999999999 0 0 0
7.6540978346930908 1.7284837538473528 4.8965306166558804 0.9570640000000000 0 0 0
2.2704723851481665 2.0438711156303584 1.6615254772673926 0.8495870000000000 0 0 0
3.5182276842422269 6.9809941833214744 3.0105831923587574 0.8680460000000000 0 0 0
4.2869893470371272 5.1921110506595367 2.2088270959127234 1.0995999999999999 0 0 0
3.5222208167488880 4.3181263074859428 1.1014014435926087 0.7898710000000000 0 0 0
9.9707095748959560 9.9787816740261643 9.4481275952150288 1.2915399999999999 0 0 0
5.3994082564129569 3.5670867551002701 7.2216757990873379 1.3511700000000000 0 0 0
0.2516828714330799 6.7623492793178279 4.4679217762301029 0.9097490000000000 0 0 0
1.5312887043447367 5.7158613831995835 4.3536566288136092 0.9516890000000000 0 0 0
3.3834314820454896 2.2593771634321080 6.9986362853270458 0.7688160000000001 0 0 0
7.1501424959229238 4.0857468887816344 9.4729456078753298 0.9648320000000000 0 0 0
5.3157039765458816 0.2864610189025652 2.6900123397235745 1.2683599999999999 0 0 0
5.5939810411529312 6.9916009829643748 2.4260309001675084 0.7479650000000000 0 0 0
4.4723255755178402 3.8521268220755069 6.4926609218878166 0.9903160000000000 0 0 0
7.2316850576268719 9.5273451006657677 4.7870541311655117 1.1955000000000000 0 0 0
6.3208210280255530 4.1491231393105696 5.3969471253857888 1.2274400000000001 0 0 0
1.1206976038620069 0.4755245505812063 2.6849181426471178 1.5164200000000001 0 0 0
5.3467900315346837 5.9453904271714606 7.6957730782150655 1.5560600000000000 0 0 0
2.0132864486331248 3.2642506092600643 9.5473211761594552 0.8313240000000000 0 0 0
8.8307066222464332 5.4148412055118378 0.1722909794598848 1.1222799999999999 0 0 0
5.3314359770653370 6.2973801363545308 6.1176153864604625 0.7659390000000000 0 0 0
4.6595919427623196 2.9147552949265849 7.7512982104715480 0.8106010000000000 0 0 0
4.5175955077949705 5.4468412547781000 0.1693949027477119 0.8487830000000000 0 0 0
6.3811658912377993 6.7648929465745828 9.8044982053368717 1.0519700000000001 0 0 0
2.4315265818950373 9.6420848799294028 9.0942042424343938 1.0138199999999999 0 0 0
0.2691279618443108 4.5670050952454675 7.7645683799803669 0.8560500000000000 0 0 0
2.0159811594826618 1.6236574254317542 9.0056819446913767 1.0942900000000000 0 0 0
3.4570177172231369 6.2619745567218690 0.7380815270022587 1.2387600000000001 0 0 0
2.2132507591512098 4.9232978770761129 7.8314360492378157 0.8821830000000001 0 0 0
8.5054819948394016 2.0957507893791916 9.6694813632068826 0.8412560000000000 0 0 0
8.0267137457529767 8.9620998853741867 1.1829261630142918 0.9651180000000000 0 0 0
8.2765978703800123 3.0904801453807895 8.6441571908734609 0.7455480000000000 0 0 0
5.2658868227428908 6.3386811552853750 9.9317305349495122 1.1969799999999999 0 0 0
7.2125620096275016 2.2190243765032633 4.1159131726240501 0.9810060000000000 0 0 0
9.8027051287578040 8.6586852741872402 1.7676009361021368 1.0491299999999999 0 0 0
5.6710765636538172 4.9202235822624436 7.2074018063510561 0.7352500000000000 0 0 0
8.4745084361335543 3.2023987761795176 2.1193448473604195 1.2163700000000000 0 0 0
4.1438827743273103 0.9661903168703646 4.0174348177756078 0.9659470000000000 0 0 0
9.7167365530316570 9.1108895929091318 0.7382773034326087 1.1349700000000000 0 0 0
6.3861887972569376 6.1767302290074255 3.5175469207312329 1.0489100000000000 0 0 0
5.9814357539079497 8.9908235645019801 4.3065808711324367 1.5880900000000000 0 0 0
2.6931716797282435 2.7931243260003051 7.5442545214130146 0.7683100000000000 0 0 0
5.2097741724515156 5.5288207048378979 0.8762640039445430 0.8644180000000000 0 0 0
8.1056697749540074 6.3412333516597883 1.6167697880258673 0.7434269999999999 0 0 0
0.1370862445376474 1.0867914119847726 6.3199400748445509 0.7340570000000000 0 0 0
5.3427417218576867 9.1498931494711684 3.1170599728833390 0.9833229999999999 0 0 0
8.8992962752673925 3.6139107087180196 4.8528269826975716 0.8499640000000001 0 0 0
0.3884532302524297 9.3696015100833066 1.4616013532940744 0.7990110000000000 0 0 0
4.7007159067043602 9.9325402140845203 8.8228341012168539 0.8195950000000000 0 0 0
5.0663161498453579 8.6331090889574522 9.8053359851918831 0.9648080000000000 0 0 0
3.0892237825560982 5.0856324603654501 3.7445047923383985 1.0530800000000000 0 0 0
7.9261282405598248 3.7692973939997740 8.0847230393963496 1.0629200000000001 0 0 0
8.1072589755817930 7.2947860350355196 3.7773259062746725 1.1116299999999999 0 0 0
9.0789439536432628 2.7746136585769285 3.0134429753369307 0.7696210000000000 0 0 0
0.0281802628130490 0.9695010239541451 0.1120632105573611 0.9734590000000000 1 0 0
6.0826218172096080 9.2024834067641397 7.1093707030565012 0.8026200000000000 0 0 0
5.2543092885558815 2.0175324781195298 3.6524764396846359 0.7675600000000000 0 0 0
6.4900259929071060 8.7476189765887984 8.5744025232318375 0.7312240000000000 0 0 0
4.1839596530265606 8.6897586437410475 1.5847016283772430 1.0682499999999999 0 0 0
2.5029060487205910 8.8977401950801411 6.9619008155954818 1.3992000000000000 0 0 0
2.2597805407002869 8.8904155955781903 5.0371251913067585 1.4798300000000000 0 0 0
9.3376216370096650 3.5883726660090982 3.2083219617113343 0.8907890000000001 0 0 0
3.0664931563706688 2.1082180736303799 8.3984291741408637 1.4332000000000000 0 0 0
4.3610331635471598 6.9755557795873484 0.3560274114177280 0.8937340000000000 0 0 0
2.5387377055881823 5.4806461199495775 4.6618095970887623 1.1413599999999999 0 0 0
7.2852724920523348 3.1336527404840955 2.3362298209761305 1.1304399999999999 0 0 0
9.3712597272252900 7.1131220449703747 3.6855734220660037 1.1582699999999999 0 0 0
6.2969683276356045 0.5962627763434019 3.0571447574335231 0.8358320000000000 0 0 0
2.9717432771893502 1.1746187758863686 3.9320456290572552 0.7407980000000000 0 0 0
1.7861910016395877 2.9517059178134408 6.3225519463419069 0.7480599999999999 0 0 0
6.6772996503588491 3.2373664652841359 9.0039214511849579 1.1277400000000000 0 0 0
4.5818702726114724 2.6975625121589046 6.7955708671855897 1.0927300000000000 0 0 0
5.8414815890527940 6.8146662663291933 4.4153912469197421 1.3341200000000000 0 0 0
0.9285443920176797 6.4739219133744275 1.1325614742879342 0.8254200000000000 0 0 0
4.8988199964566848 3.4222622816510015 2.8221462445211087 0.9984040000000000 0 0 0
2.5195018014663577 7.5753769772878234 0.8644063015608047 0.8017530000000000 0 0 0
4.8383378011634779 1.2189277941286429 3.3490413714593390 0.9581830000000000 0 0 0
6.2203585574211688 3.3179398634979140 3.2543183543446581 0.7349950000000000 0 0 0
1.1456423324011291 3.1183091171241695 5.3136659029883422 1.5836100000000000 0 0 0
3.7196699404637648 0.0509592431940477 0.9439774173321095 0.9230950000000000 0 1 0
0.1510840307516883 0.8694847262696147 2.1118075717174696 0.7738730000000000 0 0 0
2.5201003718309893 0.6965546299756211 3.0643949279029998 1.2559199999999999 0 0 0
1.3890119216240144 6.8365278840072010 3.9144170202948523 1.3391500000000001 0 0 0
0.3126288856042033 9.0632251478065129 9.9417248818311634 0.7588220000000000 0 0 0
1.6754608755441660 8.8961488120480094 7.8200817725504388 0.7895280000000000 0 0 0
4.4214426995964073 4.9848030503749969 3.8984316332530988 0.9652740000000000 0 0 0
3.6610698968979629 7.6785922069340238 2.0470569558109428 1.1009300000000000 0 0 0
3.8752513926427676 9.7417969722840390 4.1359491560674480 1.1782100000000000 0 0 0
4.5898810783287667 6.2076411654433503 0.7933395440376783 0.7818090000000000 0 0 0
4.2482130520457924 6.8873284970402091 1.3565040593488229 1.0544800000000001 0 0 0
8.9285357583151796 8.2114453916335037 9.7576075075157007 0.8760869999999999 0 0 0
8.5994225783525060 2.2288540317677437 7.9551804772967820 1.0362700000000000 0 0 0
8.1773455768203700 5.4059285357322029 2.0783098423863011 0.8513480000000000 0 0 0
6.1902301277370739 5.0884923057290861 3.4800967422674178 1.0078000000000000 0 0 0
9.9013006567471642 0.9046885048191945 1.1883114908791939 1.0723700000000000 0 0 0
9.5925564265104999 5.7524139892835109 5.4013047133876517 0.8002950000000000 0 0 0
0.6630189215452003 6.4713914776818253 0.2763877475878758 0.9115650000000000 0 0 0
1.8267916956312098 0.5390460421433253 9.1837486875898140 1.0601700000000001 0 0 0
2.5348522115035328 9.4299414814809168 1.1428468697915419 0.7860420000000000 0 0 0
3.8615593678942668 9.6534973837401061 5.1469660187909430 0.7851910000000000 0 0 0
5.8140841343379144 2.8353892864828296 5.5920092612065337 0.7515660000000000 0 0 0
8.9513206047411611 7.9955489569388805 2.6208892412013172 1.6003900000000000 0 0 0
9.1489329324447706 0.0434592034637238 8.6562463865027794 0.7307090000000001 0 0 0
3.3217417875647870 8.5933013177039044 2.1900129688633649 0.7785460000000000 0 0 0
5.1240729918677621 3.4057179397763497 8.4637569144835076 1.0844100000000001 0 0 0
6.5928051921695463 8.4086230903592298 6.7690998886348650 0.9703990000000000 0 0 0
5.1795517653656793 1.8432120789447646 1.0640656084196893 0.8155450000000000 0 0 0
2.3977830324572893 1.0012491670744450 9.9570358014301981 0.9829320000000000 0 0 0
9.8785471964050267 1.7651999313981193 2.8108194573866987 1.3458900000000000 0 0 0
1.6176562665098650 8.2397998487673885 6.1516757595973122 1.2230900000000000 0 0 0
4.9769548776561079 7.8174438580916821 7.3209714138382749 1.0534300000000001 0 0 0
8.3615833011734306 0.0286856485630020 6.5579605195001189 1.2044100000000000 0 0 0
7.1051670119918908 0.4515564018075637 2.7704440922330478 0.7981020000000000 0 0 0
5.7214313569782824 7.3159264712153442 8.1879231278344466 1.3626100000000001 0 0 0
8.6672006763067575 9.2134873219261344 3.2542691224171927 1.0951299999999999 0 0 0
3.1641174570391852 9.6737327001332662 8.4985394352507608 0.7804770000000000 0 0 0
6.4760954209299220 1.3847482171826750 8.8874494742360124 0.7310010000000000 0 0 0
8.0011915455458329 9.8103738737258332 0.4068532489431470 1.2049900000000000 0 0 0
7.7009429822667848 7.6386733562478382 8.8980621445957944 1.0145700000000000 0 0 0
8.5070368385763793 4.1889212684055002 4.0790835548535851 1.1507600000000000 0 0 0
9.5369956555526993 6.8500935175462443 2.5665542893489182 0.8854300000000001 0 0 0
1.6183443422231489 6.5790717827201641 1.9191414334663865 1.1378699999999999 0 0 0
2.6083205334093309 2.0768453022169449 7.2425777105396509 0.7487850000000000 0 0 0
7.4870703641529683 1.2994892781607665 9.1352037278068163 1.2944400000000000 0 0 0
5.9888597776412187 5.5178158995316435 1.3298861366068673 0.7727480000000000 0 0 0
2.6655722781436415 9.9069287922155418 4.1059038552542626 1.1901600000000001 0 0 0
0.8022793825277403 5.4518352773843315 9.9253513073600086 0.7369289999999999 0 0 0
8.7238621753766576 3.8163244260876890 8.7504009176691397 0.8685110000000000 0 0 0
9.3925424078304136 1.4217598543680794 9.4563132000847663 0.7668570000000000 0 0 0
7.4856565184110124 8.2354422728880881 5.7633356679936503 0.8965300000000000 0 0 0
4.2160264990975485 7.1655271835176118 3.5479197765006916 0.7691000000000000 0 0 0
2.8862429020266882 5.9468694715927066 9.7084520901677056 0.9985250000000000 0 0 0
5.9673803462760713 2.1407336461022179 5.1870136201562183 0.8369270000000000 0 0 0
9.9208296889241598 2.7681002927901348 5.4139061759576128 0.8521180000000000 0 0 0
5.7294841301098085 4.2172075555161088 9.4716107891567152 1.5932200000000001 0 0 0
1.8825598119957752 5.6502376310609481 6.2774212726486303 1.2226600000000001 0 0 0
1.2397101175923404 8.8794102180616612 6.9733530201142466 0.7754400000000000 0 0 0
6.4897047690031977 4.9062783450820824 1.7626420810652172 0.9530560000000000 0 0 0
2.2677635417362905 5.5749186219825742 8.7445675575925144 1.2356400000000001 0 0 0
3.6792087929486716 5.1771202878897222 4.7078133298994480 1.1383799999999999 0 0 0
3.9689637098602173 8.5982158389405576 6.9585197628072137 1.4907900000000001 0 0 0
6.2025210890236968 4.5701573112168470 2.6179287041824137 0.9048550000000000 0 0 0
6.0462295683083696 2.6035266629051335 8.0377712876354614 1.3866900000000000 0 0 0
3.6275418916253925 4.1275074450931708 6.1229584997382549 0.7378580000000000 0 0 0
2.0560942331514389 1.8396888855807387 7.8047114083307925 0.8302090000000000 0 0 0
3.6371840604928938 4.2717165842964677 1.9646773460195033 0.7775050000000000 0 0 0
9.3577330413413264 6.0838674425778283 3.1426425775453772 0.9865460000000000 0 0 0
0.6415984023008287 1.5731227264528387 9.8472416194012418 0.7486840000000000 0 0 0
8.3092132160193071 1.8856292875391940 4.1064410367058910 1.0345400000000000 0 0 0
8.3583126392210474 0.3879284321087699 4.6954851938736697 0.7527509999999999 0 0 0
0.9418344345469323 6.9997939231037698 9.4047627475411169 1.0408900000000001 0 0 0
0.8764743083351484 6.0484357256912462 6.9115875025765039 1.2052600000000000 0 0 0
9.9035668494706659 2.4788362635859342 7.8773804623972641 1.5231200000000000 0 0 0
6.5372744475784916 4.2423576899384798 0.3913558952798078 0.7374750000000000 0 0 0
3.6276340979186030 4.1432408060525363 9.6642613350524460 0.7637450000000000 0 0 0
1.5195934752606477 7.9998602008458395 7.3687950361703960 1.1443300000000001 0 0 0
6.2777472984553020 5.8463746534179641 0.4390012038173655 1.1102000000000001 0 0 0
8.4240143999639816 5.5904971780824813 9.1696690596510031 0.9599200000000000 0 0 0
6.6787408011547322 8.1467567809569950 3.4633046286312905 1.0793900000000001 0 0 0
6.0357781870677121 5.2071012516114266 8.6726213461565571 0.9122240000000000 0 0 0
7.5893091426803601 5.0073660570670873 9.1672082602384588 0.9918190000000000 0 0 0
6.7701177920158484 4.9938952656820170 9.8911138351610415 1.0553200000000000 0 0 0
6.8803209681803343 3.6800719293595101 8.0954785836508005 0.8727720000000000 0 0 0
5.0890701799664164 1.6696658563929525 1.8862231113471102 0.7389230000000000 0 0 0
4.8231391546646387 7.4807873804658405 0.9062008558797736 0.7715919999999999 0 0 0
5.7843344761352649 3.6425644206128287 0.8751319935289178 1.3507300000000000 0 0 0
6.2656806783103818 4.4146427977044107 6.6579203220220915 1.0806300000000000 0 0 0
2.1602786129708464 9.7091810307109387 3.1561390264378244 0.7678880000000000 0 0 0
8.6425642330662971 1.3814507498010726 2.8204895654861568 1.1618500000000000 0 0 0
0.3026012329684792 2.4689070764172647 0.0113712358815542 0.8884300000000001 0 0 0
9.8610909602087808 7.9982188345410528 3.5030676615686751 0.7928990000000000 0 0 0
9.5031864947984754 9.3981847353466481 6.3332623406358692 0.7840700000000000 0 0 0
0.0295517295847665 7.4782098110842306 2.8974368375058082 0.7792690000000000 1 0 0
3.1468259143622612 0.4506229888301186 0.1105738685902601 0.8108710000000000 0 0 0
9.7269397939807387 7.9857570341807742 7.4393408103025109 0.9091399999999999 0 0 0
0.9960758258843536 3.6010562921716320 2.8165002963800565 1.0187700000000000 0 0 0
5.3983767401908951 4.6648978501558265 1.7090288968677116 1.2094199999999999 0 0 0
7.6349820214268664 3.7938502262097971 1.6197412409979026 0.8693570000000000 0 0 0
9.2482925576859394 8.3364337643382189 6.4555373970381655 1.3140000000000001 0 0 0
9.5320485900484577 4.9053544880670774 9.6238745943032349 0.7756030000000000 0 0 0
7.3246439397564975 5.5115952770682410 5.8723403356587598 1.0267700000000000 0 0 0
6.4876341677662772 6.9558732340982701 6.2692931194415644 0.7379340000000000 0 0 0
9.3620992622819799 3.5519197364180060 5.7262685675858132 1.0627500000000001 0 0 0
2.9734183972515709 7.8848834831349341 5.9577381027825318 1.5002200000000001 0 0 0
5.8900957400752603 7.9225492544712610 1.1473780504969915 0.8991050000000000 0 0 0
8.6845385073719061 0.9862618166184670 6.8192087753531414 0.7574030000000000 0 0 0
1.4588050421409222 1.4140740049128837 9.8469892582757410 0.8667370000000000 0 0 0
6.0552003818119777 2.5931726830204069 4.1452848794489219 1.3693200000000001 0 0 0
0.6246448678981051 5.9659247863529625 4.0735826231870709 0.9000780000000000 0 0 0
6.3891536025144768 7.7979565047629569 4.3674556572398062 0.7507360000000000 0 0 0
0.6586897360163969 0.6195398154350159 5.6087237124251654 1.1895700000000000 0 0 0
9.0158385723067198 2.7751614210602753 7.1796566701427604 0.7295480000000000 0 0 0
1.4157704024957987 9.5780299100954824 6.0662707387188579 1.4063900000000000 0 0 0
4.1732005273316952 0.4326992370420939 3.0486778664772465 1.0656099999999999 0 0 0
2.4546190242118615 6.9866051244044378 2.7930319674385085 1.2247300000000001 0 0 0
1.3754168210962496 5.3275341372047889 8.2396028968836355 0.7473760000000000 0 0 0
2.5157787660068376 0.5677997961788303 4.9761344802984944 0.7695880000000000 0 0 0
7.6330959336253486 3.4349022394566555 8.9897473040275155 0.7445300000000000 0 0 0
8.5248005282048496 0.6654645475051549 8.7983050259700519 0.9090680000000000 0 0 0
6.5836220741922347 9.4083118833959034 1.2953333795984792 0.7507480000000000 0 0 0
7.7691793719096758 0.6873781804271941 8.2109285575227666 0.9119800000000000 0 0 0
9.0416071294717071 7.4911445254741302 7.9117377660157926 0.7446890000000000 0 0 0
8.7617020403201931 7.1658215236039595 4.5389261492255217 0.8334810000000000 0 0 0
2.3950075711148338 6.6067249869664435 0.4059208011975318 0.9844660000000000 0 0 0
2.4791995333588459 8.7529293498707688 2.5586175183522748 0.8044519999999999 0 0 0
3.7945203987047265 4.4784268832240954 3.0570034677794995 1.1858700000000000 0 0 0
1.3390761110085381 4.8799678635910260 9.2387313143036529 1.1996500000000001 0 0 0
4.7612475795736016 8.9258654255227245 3.8730728223272060 0.9138770000000001 0 0 0
9.9772233763807936 9.4264232579749034 7.7708257893836539 0.8187170000000000 -1 0 0
2.3403591352624709 8.2338504096145808 8.1230805225194889 0.9480390000000000 0 0 0
7.4211405056995030 9.8492619592887412 7.9971850567643239 0.7971730000000000 0 0 0
4.6511149353290939 7.7005281664888194 6.4444285285887162 0.7682650000000000 0 0 0
0.5922968408776416 6.8391172431917742 8.4694757001568366 0.9115090000000000 0 0 0
