3.2080346857626267 3.0526428544021309 9.5759996343506213 1.5223500000000001 0 0 0
9.2607771357332265 2.8499413653076719 0.6522166618274094 1.3036399999999999 0 0 0
2.2934238815323011 8.7368775617614940 0.1544098551576989 1.5483800000000001 0 0 0
4.9718388750558837 6.6617184822525717 3.6630530389123881 0.8109130000000000 0 0 0
3.2962284633573202 7.2099733955710406 1.1803893294763563 0.8679580000000000 0 0 0
7.7033598199688464 8.4595326209989956 9.9684634928471478 1.5981399999999999 0 0 -1
4.0200045919887586 7.3233778836428849 7.0482125770480639 0.9923410000000000 0 0 0
3.6358139303716288 1.9594599422354126 0.2762571865802364 0.7635340000000000 0 0 0
1.4430809929786470 3.4672927198033108 8.1280202264902250 0.7342720000000000 0 0 0
1.1433547448631367 8.7587467548082394 5.2569473621426814 0.8103300000000000 0 0 0
4.3457613941784476 8.5773106474071632 2.7068535250125398 1.1261300000000001 0 0 0
6.7630057830387207 2.0146622695195835 1.7645960204502646 1.3158600000000000 0 0 0
3.6746063907875781 5.8144226150998586 5.3551858792939608 0.7312270000000000 0 0 0
1.6490454578625540 2.6842806637365793 7.6007878865062919 0.8757500000000000 0 0 0
9.8220186270016594 9.1598136293012296 7.0487800232958309 0.8057480000000000 0 0 0
0.0051299790671183 3.6050866445446230 5.0294492456853117 0.8154730000000000 1 0 0
1.6115187238478563 5.2573001567307278 1.5737671781294873 1.5600600000000000 0 0 0
1.1389436223133402 3.8917218651887966 4.3302290354556501 0.7315920000000000 0 0 0
7.8249439627029744 2.0510163879035557 7.4449969958682933 0.7481250000000000 0 0 0
3.9900499921541988 3.6908981670322834 2.3952093991935191 0.7743470000000000 0 0 0
2.9691886388159343 7.6629409647711926 7.3922078834892675 1.2324999999999999 0 0 0
7.6954579383328285 0.2586887236710727 4.0125452732221127 0.9478140000000000 0 0 0
6.1381465673917841 4.2525693659600226 7.5443996590078415 0.7299369999999999 0 0 0
8.7618917718813449 0.5481060270707439 2.1694272109390833 0.7448790000000000 0 0 0
3.1299644953685939 9.7281395138836739 9.7020471503537404 0.8362460000000000 0 0 0
2.6610809806856035 2.9857611095506913 3.4771464067480560 1.0232100000000000 0 0 0
3.8476579123714636 3.1807833121758780 3.3366262931903101 1.3013300000000001 0 0 0
3.4121482721530856 0.6121910634323143 1.9621061825463395 1.4341699999999999 0 0 0
5.0115983996145745 3.4414884920977125 0.0948785863585172 0.7303460000000001 0 0 0
8.2079081156699711 7.2216898582157398 9.8969096086737576 0.9766070000000000 0 0 0
8.9599956719453360 9.3237113449209854 7.0578391945972836 0.8725990000000000 0 0 0
1.0982236419470630 3.1801211696715170 1.7685729697475934 0.9207550000000000 0 0 0
6.8792258230154628 4.1960091694324122 1.1777371925056561 0.9573630000000000 0 0 0
9.8211868811424523 6.7399547608999475 9.0809087052099535 1.0613200000000000 0 0 0
2.3793667861914205 8.8448009468978217 3.4636240101491249 0.9061020000000000 0 0 0
0.3572457657039984 9.3629264193887902 2.4470432718332611 1.1386799999999999 0 0 0
9.2866457862342493 1.3273045355149318 6.2209038233540932 0.9456420000000000 0 0 0
1.0437406246746070 0.5740669552489590 3.8083283025692909 0.7893360000000000 0 0 0
0.5751996364332906 3.5961528953922293 7.9519366162184015 0.9513160000000001 0 0 0
5.9598393649718338 5.4679213518687844 9.4906453885575921 0.8126430000000000 0 0 0
0.7896717186314136 0.6997789339792556 9.6417403102470978 0.8720110000000000 0 0 0
3.4261021626086827 7.1289258331713272 3.9523022802081273 1.0375600000000000 0 0 0
5.1215354531053059 0.1138372125675212 3.9641536753416515 1.2639600000000000 0 0 0
1.3311710895198274 3.9425831015105386 0.9493249297046581 1.2748600000000001 0 0 0
5.3773090953729357 3.8312143709414639 5.1711567337497595 0.7738810000000000 0 0 0
2.6416053266748887 3.5542249386562070 5.7227052841298161 1.5308600000000001 0 0 0
6.9228353879469928 7.1453679790366582 3.8620934050757389 1.0398600000000000 0 0 0
1.6693235082696765 7.9392141834218233 0.8233459592465125 0.7876350000000000 0 0 0
0.1673656480746467 8.3702891516578930 2.7448595138578584 0.8842200000000000 0 0 0
5.5686196598350959 9.0554395656973750 1.8008760288344332 1.5201100000000001 0 0 0
9.2669322009140576 8.2871885441275985 8.2050106334486159 0.8909200000000000 0 0 0
1.5505707323517639 6.1966656878013247 0.7914087710989441 0.7952500000000000 0 0 0
8.6447515381767150 9.6595337885182087 9.4347240648646871 1.1177699999999999 0 0 0
3.0959207818194723 8.3173612698513821 1.2178501333983782 1.1294400000000000 0 0 0
3.1457984723368675 4.5017617041391862 7.7459037028803843 1.1751900000000000 0 0 0
7.8623916875819733 1.5326279839445882 0.1447359833105881 0.9572360000000000 0 0 0
7.2687659566745113 7.2778337524733105 9.8417606284080925 0.8353830000000000 0 0 0
3.3709594100744504 0.4515551146985531 7.6678076216955118 0.9798420000000000 0 0 0
2.5026255115610696 9.9792047621009434 6.4510169063707750 0.9657060000000000 0 0 0
3.2876644584884738 6.5832654664250194 2.0237795257872548 1.1149400000000000 0 0 0
6.5412203608729618 0.1657233917185161 7.2284849083851670 1.2736700000000001 0 0 0
2.2453488195839979 9.8467545600638395 2.0656586190711126 1.2454200000000000 0 0 0
1.0178689825314651 7.4749884261392410 0.3488890067003960 1.0008699999999999 0 0 0
8.5319602908985086 6.3140687444950121 5.4534278913743854 1.6125499999999999 0 0 0
4.1276240527546983 6.1086058542782879 8.3322624360466779 1.0560099999999999 0 0 0
3.3811331868378995 0.6496988420751467 5.7925184044172671 1.5049600000000001 0 0 0
1.6884514494074505 2.7200896457633772 0.9069652317799139 1.0783199999999999 0 0 0
9.4753900203253121 9.2091192053941935 8.5897398822461639 1.0687100000000000 0 0 0
0.2508992757538388 5.1897418055362250 9.3089696571829421 0.9120320000000000 0 0 0
3.1403151140856234 6.3605448300873100 8.7657879433259112 1.0012900000000000 0 0 0
5.8457063235013447 9.8132543140309068 0.9401326686157304 0.7498990000000000 0 0 0
8.1100878940883305 5.6899908175774287 6.9215755251103115 1.4770300000000001 0 0 0
5.7924321837878017 1.5744749670287217 2.6663151081338450 1.2652399999999999 0 0 0
9.0182861451701264 2.1239354216314039 3.5104538886582759 0.8405170000000000 0 0 0
4.4349836544663264 7.9043762239021911 0.1782458862266653 0.7614440000000000 0 0 0
1.1708479263628286 5.7737105471147538 3.4038176640869140 0.8696159999999999 0 0 0
6.0661963016691249 2.1936608490926384 0.5757613559949759 1.3585900000000000 0 0 0
0.8441114385753424 5.0467026252887974 3.9652974938728724 0.9940380000000000 0 0 0
9.3729986710590083 2.3210070214580232 9.6235730121080394 0.9329860000000000 0 0 0
3.1325887329743738 8.9775558530392008 4.0796150371848521 0.8995660000000000 0 0 0
6.8425312017987983 9.4753020262801666 8.6160850294909626 0.8906830000000000 0 0 0
8.5517011087899313 5.1477571768050785 4.4934357957763149 0.7654640000000000 0 0 0
9.4802883333869055 8.8097053642338121 5.2788172757562313 1.1374800000000000 0 0 0
8.0849310251879469 0.9175298216717949 0.8791185485854860 0.9344190000000000 0 0 0
7.2622728517685635 6.5503516606178920 6.1056604371676793 1.0036499999999999 0 0 0
6.1504254951801025 8.1198095765972411 5.1219667311738419 0.7339540000000000 0 0 0
1.1854522967954129 2.4100116293667435 9.2128008280482749 0.9797570000000000 0 0 0
1.0673510969596536 8.5189149369241122 8.3585767596717471 0.9654830000000000 0 0 0
9.5479740103923092 0.3447776585786580 3.0688129789183156 1.5868700000000000 0 0 0
0.2290787060066219 5.0823222130998831 2.0926931800999493 0.9528420000000000 0 0 0
3.0979203000397320 9.7876284233444117 5.0059393758750588 0.8050410000000000 0 0 0
7.7072439496887748 2.1405087269138026 6.0184303744910865 0.7376190000000000 0 0 0
5.1386366855774801 2.4582778450233267 4.7244058097230637 0.7568170000000000 0 0 0
6.5616558873326989 5.8890470096437166 8.0738682245040145 0.9547060000000001 0 0 0
4.4797403157934346 3.6035374618739082 9.3518000672316504 1.0296000000000001 0 0 0
4.3624215788453222 9.6263663603424128 2.1681077378891525 1.1420500000000000 0 0 0
2.7863156393809247 4.3607821706666847 4.6279219975717130 1.1010800000000001 0 0 0
0.3147295570158222 6.5935742360542910 3.1741930080742957 1.1655500000000001 0 0 0
1.2185350366136607 4.0645993079883755 3.5810932843187784 0.7554180000000000 0 0 0
9.8197131857137165 5.9657624573564840 2.2840818936352716 0.8198580000000000 0 0 0
0.9775854851446129 2.8327542075411696 8.2544028083288357 0.7765940000000000 0 0 0
2.5274531040153980 1.1370314260130534 7.8137941142626728 0.9788330000000000 0 0 0
5.3263165344853673 5.2615912639646174 0.0179346627351236 0.8213400000000000 0 0 0
8.9394798668267637 3.9414125901180830 2.4699958517268312 0.8310120000000000 0 0 0
9.5344609705652132 3.2173072431538192 9.6933407489019388 0.7416180000000000 0 0 0
2.1799840619378767 8.1258666283412602 2.9936039899497251 0.7906300000000001 0 0 0
3.3877812158858105 9.4319743169466985 7.6650175879505946 0.9228110000000000 0 0 0
7.7443528706265932 8.5667485533058514 4.8293252240137354 0.9330170000000000 0 0 0
7.3571854412054591 4.1174147953452351 4.8773327822981578 0.9521750000000000 0 0 0
1.8999216458740764 1.5557475136125785 0.7183435703077552 1.1286000000000000 0 0 0
0.4332066284254318 8.6694803530495932 5.9891390558372812 1.1601100000000000 0 0 0
0.4666792447838197 8.5604736857822559 7.1143402780060496 0.8922369999999999 0 0 0
7.2895697112640363 6.2099644012305681 5.1885373943455795 0.8405170000000000 0 0 0
8.3958783862022202 0.7571615612087382 9.9974807887255217 0.7566710000000000 0 0 -1
5.5795583392040760 7.0828936705411722 9.2425042374666706 0.7467930000000000 0 0 0
6.3352030370114818 6.7754742137010844 2.1726611221698517 0.7909240000000000 0 0 0
5.6024630128665214 6.5923987131290076 3.1227832638477881 0.7925460000000000 0 0 0
9.5267426242494562 3.0468833028537268 4.6602198680561369 0.7646490000000000 0 0 0
2.0935257621332526 3.7689254152035319 7.1912973761272037 1.5136700000000001 0 0 0
1.2638839495698952 4.4018572945507666 8.0432924833031301 1.0791100000000000 0 0 0
7.2807619978877876 4.5506876119528341 5.6757626430901560 0.8022840000000000 0 0 0
9.6250547420389054 4.3772252566415082 1.7368461406859550 0.9141260000000000 0 0 0
1.6335332099007005 6.4914286389896789 8.2748097898241806 0.7300640000000000 0 0 0
8.9430794673651466 9.6979464040876859 7.8852061440833392 0.8737390000000000 0 0 0
6.7461348143973963 2.1732500711077307 8.8597512096251041 0.8392100000000000 0 0 0
3.5819687030960070 0.9462318933547182 0.7968246163279133 0.9215020000000000 0 0 0
5.7603778319373671 3.0720385729063899 9.0210187227458114 0.7423600000000000 0 0 0
4.7345603247848205 3.7269555330467057 1.3231129555773591 0.7387210000000000 0 0 0
0.1732241063736046 5.4216703864736306 3.1921639866775080 1.1031899999999999 0 0 0
1.7179197121524068 5.9185512744765783 5.2604011745564172 0.8403900000000000 0 0 0
4.9290522630126796 6.8731522541435615 6.7128986639560297 1.0511299999999999 0 0 0
0.9112291503663118 8.7166018184092753 0.7044359696477303 1.3145600000000000 0 0 0
7.1793723196273218 4.8049167242047401 6.4569285892077648 0.7907260000000000 0 0 0
8.9091702705218729 2.2648369729973559 2.3110489229885056 0.8350820000000000 0 0 0
4.4782773889800138 1.8949156242689316 3.9220561574931594 0.9031709999999999 0 0 0
0.4404004671719885 4.3717771630515632 4.6613477718984591 1.0183400000000000 0 0 0
7.1193773536385763 4.5960325104975661 7.4863986154058511 1.2337800000000001 0 0 0
1.5621165614276562 3.1564346200885547 8.8528413146752012 0.7701650000000000 0 0 0
8.6252764193904063 0.0420638310773640 3.9193161684795128 0.8969310000000000 0 0 0
5.4316699357425380 8.5404526128235325 6.4228077685923877 1.3440000000000001 0 0 0
9.0212935085617563 0.5984936986048223 9.4691397868942655 0.8289140000000000 0 0 0
4.9587688761637425 8.2595352359986070 8.2166319941458479 0.9264019999999999 0 0 0
4.3309920257829599 4.8654327256644567 6.0090252866275637 1.2141100000000000 0 0 0
9.1703359781766878 1.5585008422745215 7.3413654939026305 0.9730860000000000 0 0 0
9.1752604885015572 2.9895260159465042 8.8664336027795514 1.0474200000000000 0 0 0
9.7269548787731939 7.5727400622921737 4.7374258437798851 0.9606270000000000 0 0 0
9.6392522492664057 6.4419827491494157 1.5757947285437470 0.7868400000000000 0 0 0
3.4271449624916879 7.1999642643066766 4.9360710241247387 0.7688680000000000 0 0 0
0.2403650844523958 9.8051469440080794 6.1035080990210941 0.8320480000000000 0 0 0
4.9576836603647854 5.4305245351954277 8.9854503021890189 1.3135399999999999 0 0 0
2.9910863242495540 3.9865090079751400 3.6112756100855763 1.0208900000000001 0 0 0
4.4380439006282346 1.1525622336320189 2.4230458573198832 0.9248400000000000 0 0 0
8.3471281764955485 7.2712932740045444 6.8702621667981809 1.6020799999999999 0 0 0
0.1343843195323596 7.8009665687261425 8.8875429509140940 1.1001900000000000 0 0 0
7.8069070820605013 8.7927589054144271 6.8474311753899890 1.5051500000000000 0 0 0
0.0839653078774451 5.6929754764287175 7.6970892570949285 1.0006299999999999 0 0 0
9.4026506842430546 8.9458120733630029 7.6944559174429106 0.7314260000000000 0 0 0
6.2241065594999130 0.8328807380704323 6.3295851889039474 0.9067530000000000 0 0 0
0.5853062384312666 9.6170987764426812 6.9263966438104863 0.9223740000000000 0 0 0
1.5313354121054465 6.7197850978679039 0.1310568917191811 0.7829890000000000 0 0 0
7.0244902514816054 1.9175389190200980 0.0265090970037195 0.8314160000000000 0 0 1
2.1494288736327425 1.0504421070558820 1.9294269126024399 1.0927000000000000 0 0 0
6.6641593765789686 4.7253291372432313 8.9435964443990148 0.7386200000000001 0 0 0
2.3316506217038371 3.2502314564164076 1.5484786939935715 0.9457010000000000 0 0 0
5.3033690720120177 0.5516080921707767 6.9367185034695380 1.2837700000000001 0 0 0
1.5561858847098413 9.7111596261519288 7.3093101662113495 1.0614200000000000 0 0 0
0.1935128703434761 3.2550513235928529 6.0180189752180464 0.7321560000000000 0 0 0
3.1465843653956238 5.2851570352032349 1.6081304419158349 1.3508599999999999 0 0 0
2.3752902032148979 7.5129999140388000 4.6930177947788767 1.2838799999999999 0 0 0
0.2241816779421892 3.7573957525670489 1.0836033873592372 0.8714140000000000 0 0 0
0.1133320949907213 1.8748468864279968 0.6186563513014273 0.9461260000000000 0 0 0
0.0925249039277496 3.3708219563286308 0.2306930137270859 0.7365750000000000 0 0 0
6.9809745487659507 0.3711744511989406 9.4159836606993750 0.8095710000000000 0 0 0
8.7838454188126445 4.4612622564851012 4.9928042350769974 0.7403330000000000 0 0 0
8.4423950656800049 3.4298698146622120 9.7393868741697762 1.3021700000000000 0 0 0
0.4593687450280934 6.7182223133004513 2.0193797113876317 1.0848100000000001 0 0 0
3.9783287484090915 1.9831986532387385 1.5197044080538979 1.5449700000000000 0 0 0
6.4158446165644554 1.1409260060900428 9.7821612996294895 1.1247400000000001 0 0 0
4.9678519903119946 2.1631744473996219 7.5008222450656641 0.7908020000000000 0 0 0
9.0018656361173228 1.5278691832260389 0.4566299247896034 1.3163700000000000 0 0 0
5.7780708330644499 1.5094362456703210 1.4772408026368065 0.8839730000000000 0 0 0
7.0528008188010602 9.5241970595861591 3.2828307239623715 1.3920999999999999 0 0 0
8.9051375881837647 8.0271170213718257 0.9698940647165041 1.5233399999999999 0 0 0
0.4127766986070225 7.4949123118826124 3.8114847827577689 0.8752960000000000 0 0 0
0.6949342100387152 5.3004074406152233 4.8255573793742563 0.7498600000000000 0 0 0
4.0830193830753014 6.9159603814524493 5.8095050156387762 1.3294200000000000 0 0 0
1.5301378673457511 8.2378069774488978 3.9406123655122292 1.3020900000000000 0 0 0
1.7535248312123306 0.2198217849657280 3.6427157760835471 0.7676010000000000 0 0 0
6.7635211836324007 9.3286214241405396 2.1320276366794224 0.9217660000000000 0 0 0
7.2545576466093484 9.6023995393562611 9.6666716170952487 0.8330000000000000 0 0 0
1.5513510133585673 0.5935436379453634 0.2435591432739090 1.0074500000000000 0 0 0
2.4869490524255000 5.5636146074277013 0.5896094351159014 1.0424199999999999 0 0 0
7.7375639235954417 8.9982490933217480 8.0161037555195875 0.7801360000000001 0 0 0
3.1725706873137263 8.6227643653199877 8.9349946849414046 1.3531599999999999 0 0 0
1.0894477435597034 3.1396711323364457 0.0253036447727321 1.1264200000000000 0 0 1
0.4726103179774930 7.4083586697633388 6.5989729854685191 1.5366500000000001 0 0 0
5.0872163729871014 1.5653335706855769 8.3327972256941933 0.8900720000000000 0 0 0
2.2777691102359450 1.8668976902901731 3.5188491708017340 1.2539800000000001 0 0 0
1.2038189254124627 9.5594238303745254 9.5828994557879899 1.2999099999999999 0 0 0
0.9474652051855129 1.8677445729551356 1.7271432170822194 1.6078900000000000 0 0 0
8.7809413703213455 1.2335190795282855 4.7768611329991773 0.9793080000000000 0 0 0
4.7443174014044880 9.2693783312875038 4.7434803376490375 1.0636900000000000 0 0 0
6.9212961703372144 5.1300003950997128 4.9191403519375854 1.1252400000000000 0 0 0
4.8993045476467598 1.6474643043999859 6.7292949218255140 0.9990540000000000 0 0 0
7.4987437908295860 1.2689503701417055 3.4185464214832528 1.3393299999999999 0 0 0
0.8746567444201995 4.1919299723408736 7.0763838480626680 0.9591870000000000 0 0 0
0.2278837640644087 6.6613025628735265 7.5934006332251140 0.8940470000000000 0 0 0
9.3643130858521015 2.2309138100554700 4.3229486913796622 0.8364110000000000 0 0 0
4.6442141966061454 5.4304147931116615 6.7986745432199482 0.7485039999999999 0 0 0
3.1187461055875496 6.3808680804987938 3.5013733334993216 0.7441750000000000 0 0 0
2.5367735046332505 7.1607351101254091 1.6453820535599075 0.8475810000000000 0 0 0
5.4848826215456947 5.2985855594032323 6.2557417532817716 1.1938599999999999 0 0 0
0.2296466551292221 5.9359038923779108 4.8764962501529094 0.7679260000000000 0 0 0
5.0228355296416698 8.7569925809633027 7.4574466951055598 0.8235240000000000 0 0 0
4.8576927470945543 0.6330595205151879 1.3028198176027324 1.5840399999999999 0 0 0
7.8917912330864146 1.5889936394165729 8.1051655384113648 0.8080290000000000 0 0 0
8.6096990153282853 8.8996628091577232 7.7299601661494286 0.7967370000000000 0 0 0
3.5119847202944756 6.8004293209185596 7.8294742323091215 0.8943240000000000 0 0 0
7.7913424771463484 5.6794122974840970 4.4912496330224627 1.0196099999999999 0 0 0
3.1707160783994950 3.3921987680692527 8.0515931813311745 1.0386000000000000 0 0 0
6.1087840455699167 8.6851700937292478 2.8351514399152689 0.8116520000000000 0 0 0
4.0472858964336877 6.1966936319343793 7.0378382095960443 1.1767700000000001 0 0 0
6.6161256056319351 5.7075803124827154 6.8643275095502680 1.4006300000000000 0 0 0
4.7143471952256357 7.5321188751779067 8.6456761055976479 0.7654200000000000 0 0 0
8.0505278893925265 6.7509462519046100 8.9929596402595013 0.9986610000000000 0 0 0
5.4584419123264825 0.7285694025013336 9.0419779329948522 1.3341600000000000 0 0 0
3.1029557328490220 0.7425264418944431 8.8705993453763696 1.4566900000000000 0 0 0
9.1556951998470009 0.6945287691691255 8.1683801172064250 0.8257350000000000 0 0 0
2.8175773578335530 2.3598612985703156 0.7588177591365599 1.2202000000000000 0 0 0
0.6956157022072404 4.1935015392205859 1.9215300264400983 1.0065900000000001 0 0 0
6.6214061654291214 7.7380199879605458 0.3964672769198607 0.9727460000000000 0 0 0
6.9844832376733921 8.4487238794748212 1.4020177228532920 1.3190999999999999 0 0 0
8.2174326749875490 4.9458498591647500 2.8284457525453774 0.7443400000000000 0 0 0
5.8387688481549489 6.5346074870420487 6.6703564744647217 0.8147480000000000 0 0 0
4.8818791780161490 7.7646660203496465 1.8834753123412853 1.2979600000000000 0 0 0
8.5857211452062216 6.7858243270016425 2.9364218399522835 0.9864889999999999 0 0 0
4.2152375130273185 8.0909029357009334 3.8140694725791642 0.8897960000000000 0 0 0
3.7824113986956278 2.6949602930466150 0.5630919966805463 0.7803390000000000 0 0 0
9.4776132731114053 5.7838012379224031 9.3616844712054661 0.9665330000000000 0 0 0
9.5321050525855640 1.9719705667219785 1.5343844566658633 1.1480399999999999 0 0 0
0.9941592755990135 0.6989494670729250 6.8360311714295010 1.3079499999999999 0 0 0
8.6279610374128897 4.5860601392003169 9.3952690483717713 1.0466700000000000 0 0 0
6.3311492574178274 1.5086098378519723 3.6859431337187831 0.9572720000000000 0 0 0
3.3810135942855473 0.7341473731218473 4.5136124554062169 0.9609220000000001 0 0 0
6.8958341133535246 1.5505423411011756 5.8579214389182903 1.1909200000000000 0 0 0
0.3609464258801351 4.2766522960413056 5.8654632604929775 1.2807599999999999 0 0 0
1.8340535620809670 7.6044677616763678 1.7391119949545888 0.7621240000000000 0 0 0
8.6883212615035834 4.3866260184998742 3.1225228893545975 0.7643270000000000 0 0 0
2.8394030679177922 1.6228202400401843 6.4417738571993679 0.9747310000000000 0 0 0
9.9924809865354938 5.0390421321587020 5.1204779383712404 0.7626330000000000 0 0 0
1.3624288876900574 3.9642300414203384 6.2227965389545616 0.8511480000000000 0 0 0
2.2586781015565101 3.0294074273064933 8.1728184145913492 0.8637580000000000 0 0 0
1.1531553330397721 7.6407006244066435 2.6816758050666953 1.4759700000000000 0 0 0
7.4240333533349183 7.3185311357331422 2.4944202222097891 1.6127400000000001 0 0 0
8.7911612862752460 6.5623261247905003 0.8180409195592045 1.3114600000000001 0 0 0
9.7795088745523771 0.1303095003468330 8.3246086031272561 0.8203560000000000 0 0 0
6.2049109928291406 3.1225194508572200 2.4826511943342919 0.7764670000000000 0 0 0
2.8873510850351036 2.5909110439369760 1.9068034102894693 0.8293550000000000 0 0 0
4.3483938441656163 9.8287460849981052 7.3290480781821516 1.1049000000000000 0 0 0
7.9198912573797191 2.6962340902403801 4.3860950433620394 0.7449260000000000 0 0 0
1.0349975668623204 1.8598166852200426 7.3694687198417288 1.1520600000000001 0 0 0
8.8170032922913730 6.2522823545840085 2.0421463938251612 1.0660900000000000 0 0 0
3.3257411888979518 2.2707583546055252 4.0397535970610345 1.1287900000000000 0 0 0
6.3424699074979758 7.9269938715782944 6.0101660087044033 0.7384870000000000 0 0 0
2.2377974301587975 5.8796323185840169 3.5217074437227538 1.2060400000000000 0 0 0
2.1771091763068444 2.1865497288804328 5.6797354048378130 1.2501899999999999 0 0 0
7.0188584843251851 5.4243632889275446 3.9159696872985230 0.8935850000000000 0 0 0
2.1878208738715679 6.7561906156168385 9.2973322168961641 1.2287999999999999 0 0 0
6.3228597166889413 7.0400738830865972 3.0517801642784530 0.8100940000000000 0 0 0
3.7646679108833134 4.3362877798762369 6.9542206456214739 0.7702870000000001 0 0 0
0.0742956481776732 8.1441112888181699 1.0392666276920492 0.7396410000000000 0 0 0
7.3288562630527556 3.4480879326816334 7.4499801056505062 0.7423940000000000 0 0 0
7.1280620432380859 0.1283518523114390 5.9560334221013793 1.4130199999999999 0 0 0
3.4835695145927290 3.2463638897376730 6.8875500395476834 1.2981499999999999 0 0 0
5.2109581573756500 1.3336296001339560 0.1395032868010336 1.1148600000000000 0 0 0
0.5562271221000062 4.2346971890322305 9.9389821481914300 1.2230200000000000 0 0 0
5.3104383059864313 7.9750371178131685 9.0871173106026113 0.8678380000000000 0 0 0
7.4230192225430738 7.8827657786653944 4.2851376024270875 0.8579490000000000 0 0 0
1.1086732986255867 8.2432869683349654 9.4739582087475611 1.2468800000000000 0 0 0
5.3318078178088077 1.3314543178338307 4.6438826855577409 1.4489799999999999 0 0 0
9.5984364179335770 0.3750403134530147 7.0939162397682285 1.4939400000000000 0 0 0
6.7860361095486716 2.3296170692845450 3.0450653966979693 1.2224900000000001 0 0 0
0.9849080362725023 1.2903699022959314 8.9594918505505401 0.9045230000000000 0 0 0
4.3260670290680228 4.4490482529942721 1.5000213042330643 0.8868050000000000 0 0 0
8.4015385688961786 3.5689833933435646 3.0778993300580924 0.8844500000000000 0 0 0
9.8162611984775729 7.1713084599925674 8.1879306594189725 0.8071750000000000 0 0 0
8.3874622090233864 5.8021663411788449 2.8802099743606013 0.9382520000000000 0 0 0
3.1370572099780847 5.7531605114425615 7.7758381684565769 1.2336499999999999 0 0 0
2.9650111224236593 9.6588704162276784 0.5088279372913841 0.7504550000000000 0 0 0
0.3864588741080921 5.8294466786239543 1.5301449445460091 0.8716940000000000 0 0 0
7.6031172618800360 4.7616935100755686 4.2517589119242372 0.8387770000000000 0 0 0
9.5693916254227158 4.3236642086268073 5.1045538124966017 0.8081700000000001 0 0 0
3.9302047306507570 7.9380768167687288 8.1259768253466387 1.1538400000000000 0 0 0
6.8960527860574663 7.3040491600066009 5.1585154832788840 1.3942500000000000 0 0 0
5.7950154353294341 8.8083030097194932 9.2033148461936598 0.8722760000000001 0 0 0
8.4183075114338610 8.7114989410007198 8.7299683805499342 1.1959000000000000 0 0 0
3.9176674849147024 8.9166178113634622 4.4889183932441972 0.7329940000000000 0 0 0
0.6899457326209611 0.1108195923718157 7.8197909107086536 0.9707830000000000 0 0 0
1.6204433338677531 9.6953078529390311 0.7919796462371407 1.0173500000000000 0 0 0
5.4303204994733996 4.5380542742565231 4.3029417463230928 1.3811300000000000 0 0 0
2.2307229039619991 9.9627584965678828 0.0141407780792437 0.8290860000000000 0 -1 0
8.5403609077311096 1.1535994456468324 7.8547070130798682 0.7703220000000000 0 0 0
5.0261325232271359 2.1725244896289104 5.7075755473860923 1.2253200000000000 0 0 0
2.3295291022054991 4.0870932983713830 8.7894985584603624 1.4964800000000000 0 0 0
7.2969553802361578 3.4849547885639525 3.7406236333216087 1.5529900000000001 0 0 0
0.2062936859376896 1.1140082547818251 8.1622009128222484 1.2663199999999999 0 0 0
1.2002094120422060 3.8476672962847176 9.1654452480855380 0.8392860000000000 0 0 0
2.9941180454198912 5.0348464595480094 5.8181692416956547 1.4042900000000000 0 0 0
3.5726600742487600 5.2093197721456175 6.8809995810952227 0.9485500000000000 0 0 0
9.5826072586035789 3.8940397850594981 4.1896340187859398 1.0772299999999999 0 0 0
5.5570169074510423 6.6464592677629932 1.2365826438542562 1.5075000000000001 0 0 0
7.3476872229898449 5.5450603581651148 7.8197642179351972 0.7456290000000000 0 0 0
9.0094765188918533 3.6105882064504442 1.4271249485368114 0.7648760000000000 0 0 0
1.7029653339768795 7.0619546994730431 0.9430690457029627 0.9168150000000000 0 0 0
1.1731465361813378 4.8203171311967248 2.8798923529427931 1.2211900000000000 0 0 0
9.9523087895540137 2.8609143941934776 3.5650226344183733 1.1772700000000000 0 0 0
7.7726137248079104 4.5831889705391271 3.4186907216422173 0.8323690000000000 0 0 0
6.9693333495828362 6.7667199156877178 8.6984361108360773 1.1581500000000000 0 0 0
0.4136422272567765 3.8160915661630486 3.6194140155793852 0.8664960000000000 0 0 0
9.3566944135879080 5.4356667575042517 1.3065174904081587 1.2905100000000000 0 0 0
8.5046424431210053 4.4954712233242651 1.6551748758025329 1.2418700000000000 0 0 0
0.7984551666601298 5.8106809216622910 2.4270941425059918 0.9365150000000000 0 0 0
6.8079215848718002 5.0588015493713909 0.8149089092551745 0.8475279999999999 0 0 0
1.8739854384851176 1.6812407593359417 2.5849253465237503 0.7364440000000000 0 0 0
2.6644249022284834 8.2686881165650679 4.0243327977648864 0.7355270000000000 0 0 0
4.2392662339843747 0.7696561524881267 8.7533519728575886 0.7414840000000000 0 0 0
1.3466140216037261 4.9242485396045934 0.3465230302513232 0.9397960000000000 0 0 0
2.7127355284543149 6.6654750304447452 7.5255211541790716 0.7589910000000000 0 0 0
3.2602008522677153 9.3625300357245074 1.6475193398607231 1.0629800000000000 0 0 0
7.8331452976418188 9.1649276362252863 5.6147612427768507 0.9735750000000000 0 0 0
8.3272582126082515 8.1475541024103890 6.0077596275247096 0.7644890000000000 0 0 0
1.1764249861247180 6.0990248325923444 8.9975392979219126 1.0785000000000000 0 0 0
5.2596244729103585 4.6165178331776735 5.4261636245093197 0.8017919999999999 0 0 0
1.9866396398999044 3.7204127900502297 4.3644735791775622 0.9330340000000000 0 0 0
7.4414562828645368 0.0405448266840787 8.8368919028968342 0.7493919999999999 0 0 0
2.4496402933365915 5.9603967617852298 2.3309250205997047 0.9769409999999999 0 0 0
8.7672076371157548 9.4193268484401003 0.9525954296965369 0.7412050000000000 0 0 0
8.8541025440681622 3.2643139293062067 7.9042310936133182 0.9750230000000000 0 0 0
0.9466791544020031 2.0003645962335477 8.3924861663746650 0.8426520000000000 0 0 0
5.7235936682103379 2.0459052892021017 9.2542912160802491 1.2842300000000000 0 0 0
7.8922919012113271 7.3634270923134526 5.7110233312531911 0.8012440000000000 0 0 0
8.4682491616485880 2.1269019713727437 6.6791086757137421 1.1824500000000000 0 0 0
8.8837029426133185 4.2191949445942303 7.8705548703692676 0.7727200000000000 0 0 0
9.4413046260992743 0.9806474175309197 8.8762883823520102 0.7401380000000000 0 0 0
1.5643337862384417 9.7042110346021211 8.4155730000071678 1.0678099999999999 0 0 0
9.6369187702961678 3.7865075523476874 8.3264117924651391 1.0074700000000001 0 0 0
3.9605052846400746 1.8197384518087480 6.1836731110439969 1.1165200000000000 0 0 0
2.6974108818753368 1.5573249239044809 4.7410070435597129 1.1443300000000001 0 0 0
3.8649002432971837 4.1640077490616019 4.1360686791941204 0.9699620000000000 0 0 0
3.4338650600535132 5.7029243788723321 2.8281724131088537 1.1918899999999999 0 0 0
7.3224574633158532 6.4630256774223191 7.6414080177681480 1.0544100000000001 0 0 0
3.1464049505384666 1.7919373421450371 5.5970745808039748 0.7701730000000000 0 0 0
6.8097497882447220 9.0655751875852122 7.6847197752582384 1.0544800000000001 0 0 0
5.9533759351552709 3.3415046366599168 4.9627319465820596 0.7341850000000000 0 0 0
8.0797419749899309 7.6699162712555653 4.8958692651020064 0.9128200000000000 0 0 0
4.2823008424691951 0.3717374593348328 9.8385585269432649 1.4847100000000000 0 0 0
8.6507917149292606 2.5094778919330341 5.3171427847731261 1.5611699999999999 0 0 0
8.9524606530975248 6.2543583915085108 8.1403724238466690 1.5738700000000001 0 0 0
9.4306635881740597 1.3597702274715251 4.0442401345005354 0.9191500000000000 0 0 0
7.4641776733324230 4.9111202805081948 1.5578747703554880 0.9226290000000000 0 0 0
3.5069623524331650 1.2338741759893386 9.9740406697993773 0.7617940000000000 0 0 -1
9.9978396057813885 5.3588294579447453 4.2293076585383842 0.8122220000000000 0 0 0
0.1283239256547496 7.7521338064210452 1.9695246679990461 0.9152850000000000 0 0 0
4.1432382311568361 1.9116884916534627 7.2559179634768656 0.8456750000000000 0 0 0
4.3788602604341929 5.4896892135983189 3.0936513292493530 0.7389400000000000 0 0 0
7.3995254756952091 0.3891913735366704 1.1621899573350329 0.7308600000000000 0 0 0
4.1524455681876500 3.8078312889465709 0.4347212432166793 1.1824100000000000 0 0 0
7.2209901945386354 8.7147345484339134 4.0906597353008403 0.8318130000000000 0 0 0
5.4883517874066179 3.6950356935933515 1.9644244395965054 0.7785300000000001 0 0 0
6.2051042012987017 9.8015613132107759 9.3750051188946628 1.0445700000000000 0 0 0
3.2206060286515865 6.8352234176191811 6.6376073633171169 0.9760020000000000 0 0 0
4.5419036184639463 6.5144179282955159 2.5486202850044539 1.5051200000000000 0 0 0
6.8794826218905456 1.6149264119811551 8.0147554553548179 1.1242600000000000 0 0 0
7.6973409509399850 6.6866059889717828 4.5024224078027109 0.9261360000000000 0 0 0
6.9658343827158742 6.0508651341396433 1.4842252497908794 1.4746400000000000 0 0 0
5.4990604778969470 2.5950020161351532 1.8077746304517326 1.3591100000000000 0 0 0
2.1004781343202432 4.6339110351924910 6.3741839072820285 0.7631570000000000 0 0 0
8.7852722253636450 9.0048189067236972 0.2655958158943644 0.8024960000000000 0 0 0
2.5627676999115976 6.8576145198046721 3.7452857674503752 0.7406230000000000 0 0 0
4.0375224667621321 3.0520023898894122 5.6553464611514039 1.3230200000000001 0 0 0
9.3762049322206167 7.2179055317677241 1.7535627792166517 0.8266760000000000 0 0 0
3.2735399646903440 9.4925999640092549 2.9431519676325721 1.4432100000000001 0 0 0
6.6286150956946370 1.5533705934291979 4.7055252667691478 1.0857699999999999 0 0 0
9.4237384063951470 4.8079264776844548 4.4537445173853536 0.7776550000000000 0 0 0
4.2720583654132529 2.7607250949822775 4.4645472017475836 1.0787400000000000 0 0 0
7.3461415918362718 9.4722913520006493 1.5086898178874488 0.7427500000000000 0 0 0
4.3794302944961165 2.1311125195348914 8.0678443952501624 0.7727210000000000 0 0 0
5.4596668829670021 7.3347860756394230 5.6302808860198077 1.4331700000000001 0 0 0
2.6476417045288412 4.2047026968273906 1.5336060925038497 0.9332420000000000 0 0 0
9.4311870493306706 4.9355113162423336 8.5797498196880859 1.2555200000000000 0 0 0
5.4220377231808996 8.3875312824160186 5.1800809053021402 0.7634010000000000 0 0 0
4.7410278486877422 1.3980153510684676 7.5814269926239772 0.7339230000000000 0 0 0
6.6126386029348803 6.8180323570842569 0.6646798298779792 0.7897160000000000 0 0 0
7.4382388241541531 0.7394934187911151 0.0080530503129554 0.7927830000000000 0 0 0
6.5099959788547448 7.3992580133253059 1.2572680260018796 0.8199610000000001 0 0 0
3.7928530525593933 6.4276788814630148 4.8480157508615882 0.8154880000000000 0 0 0
6.3220597885436716 9.8515810779147674 5.1974058650765693 0.7304140000000000 0 0 0
2.2909611998489861 6.4604082702097809 4.4010739868100996 0.8247540000000000 0 0 0
7.0663906696155134 4.3084385901711117 2.0359269148541514 0.7421270000000000 0 0 0
2.2536376353376699 7.8513891533832529 9.2535245079828172 0.8840350000000000 0 0 0
1.2035050971869214 6.5143632750503038 5.8443374020045917 1.0414699999999999 0 0 0
0.8085880157986960 8.5519994983709307 1.8714782220328554 0.9621459999999999 0 0 0
9.9087490852855158 7.8662020640398183 5.6074501348081673 0.8261980000000000 0 0 0
4.5293670721616159 7.0100561775109265 7.9026575664468082 1.0148200000000001 0 0 0
4.5229208373181589 7.2231158758878289 4.5246145091503704 1.3483300000000000 0 0 0
7.5762210596493293 2.7617532613217444 1.3563792230054974 0.9494490000000000 0 0 0
6.4335632461871439 4.4707827212593534 8.2464328936416713 0.7506140000000000 0 0 0
0.8032622321970752 1.1750203184396699 0.6039191299977332 0.9435380000000000 0 0 0
3.1328652195167823 2.5393008172955289 5.1721567112196345 0.8835410000000000 0 0 0
5.5274106921533770 7.6408833942419454 0.0963346150189326 1.2186300000000001 0 0 0
0.9645497349414197 6.0188686870223123 7.9967771954511973 0.8962930000000000 0 0 0
1.6446006883108526 5.7285264051016735 2.6926682852570107 0.7772680000000000 0 0 0
7.6999677058493141 1.0146478119349360 1.9545904363807265 1.2654200000000000 0 0 0
5.9363406037049673 9.6985918635445678 6.2726289197276763 1.0817600000000001 0 0 0
8.6367804900728853 6.2762354462588013 4.0408722824725869 1.0892200000000001 0 0 0
7.9709214987374777 8.1193561984081040 1.7138604068260672 0.7596060000000000 0 0 0
1.2543748744156311 1.6621060124884985 4.5705730275965983 1.5976300000000001 0 0 0
0.6853788069666884 9.5818083559045650 3.6345597376042993 1.2636099999999999 0 0 0
7.8268685595217677 8.9866198424486576 2.2858031717228369 1.2482400000000000 0 0 0
9.3653183371480822 7.2124906099654460 6.1975391037935301 0.7476340000000000 0 0 0
1.7221669790126033 4.1060337910297493 9.8974041703864817 0.8515650000000000 0 0 0
4.9993566413231889 3.1212146136530787 5.1427129116201220 0.7744630000000000 0 0 0
7.3210362856267288 0.7602995151721862 4.9084154642668931 0.9659960000000000 0 0 0
9.5134358174733169 6.1945265766438071 6.6859366613700963 1.4285900000000000 0 0 0
4.4275777399408236 4.6041980058902388 9.6774288260714556 0.9979980000000001 0 0 0
4.6014917345988229 9.6929447319347730 6.0024937003913612 1.5068699999999999 0 0 0
6.0047685041687489 1.0425564346100560 0.7279444017429000 0.8665500000000000 0 0 0
4.4294485705866684 3.1284305510420576 1.8763462244926150 0.9200210000000000 0 0 0
1.2501329529512377 2.9711760466955290 3.7686174782209561 1.3537100000000000 0 0 0
2.9983174348319364 1.7944508208530545 9.5232219106824285 0.9326630000000000 0 0 0
6.3391352917454062 3.8771603067878351 1.9888980173433712 0.8735849999999999 0 0 0
3.4387513783129853 8.8522908359830144 5.0810600816206977 0.7379620000000000 0 0 0
8.8768127509449926 8.3189704142473602 4.1665951075020571 1.4740899999999999 0 0 0
7.9588629957288921 9.2061682889319130 3.8698636913560671 0.7553910000000000 0 0 0
9.5842453153463403 4.0493573004862542 9.3363571632094118 1.0034500000000000 0 0 0
4.5968606153211597 5.9679291817379978 6.2205343736779479 0.7683900000000000 0 0 0
4.6751389204852956 3.8420536354083747 3.7350321281784931 0.8763649999999999 0 0 0
2.3703145267356356 5.0273448431651167 9.6825805868933088 0.9979680000000000 0 0 0
5.3348744707995159 4.5482453874126403 8.0866985977703223 1.2166300000000001 0 0 0
7.0312581964073138 3.2670225030216971 0.3554595827901074 1.4479000000000000 0 0 0
4.8878590359748326 4.6508591636120551 0.6085999842405176 0.9951210000000000 0 0 0
8.1725442212420152 5.5743633714359575 1.1176949416471222 0.9652710000000000 0 0 0
6.6451339020010654 8.8582944771351944 5.6588624298469181 1.2635099999999999 0 0 0
7.4479616613008028 2.7015974300353118 8.1622415070988712 1.2517700000000000 0 0 0
4.0835018442190609 2.9575619516781302 8.5121234545924107 1.0399799999999999 0 0 0
0.5687571617066968 5.5433823771278279 5.8006080145794447 1.1928399999999999 0 0 0
1.0810190730758698 1.7934577740109250 3.1560897479971213 1.1566300000000000 0 0 0
0.0321001353522191 7.1461787412938662 0.9385332924940432 1.1912100000000001 0 0 0
6.5257088570610486 4.5669002146048454 4.2378082990367680 0.7307870000000000 0 0 0
3.1085814807742671 2.4683740320052263 2.7699474844562739 0.8366690000000000 0 0 0
1.9972993094514506 7.4841494278133718 0.1292567561540228 0.9294430000000000 0 0 0
3.5434429171533357 1.4774468097924398 3.0819369741348619 1.3010500000000000 0 0 0
3.5004159691310992 5.0689697098052147 8.9375873407634074 1.4537500000000001 0 0 0
5.7145057261031909 0.8774669545573915 3.4680508474414009 0.7802950000000000 0 0 0
7.7919490791857768 8.3801629753179583 3.3415835206507101 1.0915999999999999 0 0 0
2.3685477055833211 7.6209368307827559 3.6170875221675720 0.7951750000000000 0 0 0
3.8643074691880850 8.9373294786255357 0.2650208316188317 1.5044599999999999 0 0 0
8.1308909649572989 3.0982711109479637 7.1809604956923376 1.0190999999999999 0 0 0
6.1402026550023194 9.6624892081214107 2.6317855605749925 0.7445150000000000 0 0 0
1.6242403661695128 4.9725263777078199 7.1771020683104227 0.8170450000000000 0 0 0
7.5772352626593760 6.2574786398652860 3.4901891228997508 1.2004699999999999 0 0 0
9.9732360941398639 8.0970851982890153 0.0357866851868711 1.2022800000000000 0 0 0
0.8650926590908610 3.0229646269911012 6.8319261026908116 1.3354200000000001 0 0 0
9.2310974519424036 5.0700994391993035 7.3635805853152645 1.1307799999999999 0 0 0
3.2115281458014073 9.2738087583927538 5.9556831185963084 1.1811600000000000 0 0 0
0.5099372986711594 0.0650105324483331 0.6021761571688711 1.2647699999999999 0 0 0
7.4416476681995452 9.9781315854855936 2.1364803216964994 0.8184180000000000 0 0 0
3.9899962801721780 6.0355703619950543 1.6213769983534763 0.7657800000000000 0 0 0
7.1686945367065418 2.2130897275952663 0.7855320162126600 0.7579380000000000 0 0 0
2.4629564068638801 4.8492858685211750 2.7106006706913921 1.2828500000000000 0 0 0
6.6867284463005410 0.1279581278406196 0.3916677690612941 1.2068600000000000 0 0 0
2.8606608202695538 1.7431198968523811 2.2168026035163733 0.8743550000000000 0 0 0
6.0739318690450812 5.6037150936272528 4.3706018594530827 1.0185100000000000 0 0 0
6.1057546510615310 8.8758222853521680 0.3576943711017285 1.4321200000000001 0 0 0
3.1271334946955771 6.2918200610726460 4.3308791986571418 0.8205380000000000 0 0 0
1.9218879875375539 5.9043180724709545 7.5181926745242924 1.1746300000000001 0 0 0
4.3509503312150590 9.5255930907646729 1.1714509252605994 0.7730760000000000 0 0 0
8.4565652682664680 0.3722159931417840 7.5400392845740445 0.8574340000000000 0 0 0
1.6864996784879036 2.4363653490516337 8.4360224582282193 0.7999020000000000 0 0 0
1.9116290544825072 8.7551633942509870 8.8426305035375385 0.9067140000000000 0 0 0
0.9877025715242590 6.3522450530895496 4.8736889258896490 0.8966080000000000 0 0 0
2.3431134978420030 4.4899795718825448 0.5957196228220236 1.0412399999999999 0 0 0
8.8153988180568739 9.0441087556499369 1.7355421148476362 0.9320330000000000 0 0 0
6.5980419284448235 2.4974149610318719 9.6343664195533130 0.7462340000000000 0 0 0
6.7420925592433987 9.2923769127516440 6.6370394540531636 0.7897990000000000 0 0 0
0.4620482906956968 0.3586486474057813 1.6188629624500210 0.7738480000000000 0 0 0
3.9607276727688117 0.1438209217199938 8.3223974522787216 0.8161060000000000 0 0 0
5.0107576470818458 9.4447441005435770 0.5530895933307849 0.9710440000000000 0 0 0
3.3693190133180928 0.5493313807111897 3.6045138664056866 0.7603780000000000 0 0 0
1.6280842204233739 1.0479820279787049 3.5250434308854532 0.7578980000000000 0 0 0
4.2475718104368010 1.4238402451448531 0.4125098279483911 0.8189050000000000 0 0 0
7.8627870888806974 1.8214676157116811 1.1590362821947069 0.9359210000000000 0 0 0
8.7796877808185965 9.6829932352082402 2.3486837871415167 0.7504130000000000 0 0 0
8.5893988372811254 0.9798501798582088 3.7664271555729489 0.9330680000000000 0 0 0
0.3406214313066976 3.1842602426434201 9.0454168155188874 1.2487299999999999 0 0 0
0.0475596272970000 4.6233680863169626 3.7519253622873578 0.7879850000000000 1 0 0
7.1065144714756681 7.5659655866067164 6.3738565514345753 1.0312300000000001 0 0 0
5.9368268424961412 1.5704315953724945 8.3170790331757782 0.7403650000000001 0 0 0
0.5694914382206077 5.1606429896335504 8.3460398715923727 0.7543110000000000 0 0 0
4.8091418590667177 8.2761886070925588 4.4529807903185201 0.7496760000000000 0 0 0
5.8534876055309653 1.5049908413229292 5.7875447386499799 0.8214420000000000 0 0 0
8.1303824687404731 3.8545102073484623 5.7043681999799478 1.2822100000000001 0 0 0
9.4895769638552903 7.1277863541617927 7.3961553496362535 0.8277840000000000 0 0 0
7.5910820839992343 6.0601444465734984 0.0344400535792475 1.5639500000000000 0 0 0
6.1309466695857626 7.8105790801843122 2.1145906809290120 1.1482399999999999 0 0 0
1.7471011623705703 9.3670142404244690 3.8964349294139140 0.8779310000000000 0 0 0
8.0957875792978466 0.1593510190806747 5.3471273419955692 0.7881610000000000 0 0 0
1.5313472667767969 7.5058893311068919 8.5231852942746364 1.1994199999999999 0 0 0
0.4382027765378532 9.5173372232424942 5.1208436792290550 1.1745399999999999 0 0 0
8.7716028807315798 3.0547682752089411 3.9649217548200668 1.2089000000000001 0 0 0
0.5549065843672574 9.4454321263374261 8.5735608597204855 0.9591850000000000 0 0 0
6.9068344592986968 8.3473226326580097 4.7811225889139237 0.7349070000000000 0 0 0
5.7574469031486464 0.8322281652762163 7.9310781592514772 0.8882409999999999 0 0 0
5.0172629596369012 8.7895671223962584 8.8968467016578554 0.7361340000000000 0 0 0
0.9700496345869190 7.5834245659416384 5.1103924036972739 1.4932700000000001 0 0 0
4.6698759936980343 3.9638047109760697 5.5774979317551203 0.8166700000000000 0 0 0
3.4158706911192760 9.9155163083229834 6.8278176686951291 0.9383260000000000 0 0 0
4.0337559813485298 6.2419756616483566 9.5337042483548959 1.2773600000000001 0 0 0
9.1960936775929198 5.0894798417769422 2.5577513685205915 1.2270900000000000 0 0 0
3.6061415150152372 5.9696510390635380 6.1361230053461071 0.8030600000000000 0 0 0
6.8624392159650096 6.2302989125080428 4.3797463501457035 0.9199700000000000 0 0 0
2.4104860029154085 6.6119955836268742 8.2686509396304881 0.7647520000000000 0 0 0
1.2239406933564669 9.5511163592597335 1.7072749857286065 0.9095240000000000 0 0 0
0.1927977252863074 8.7815873581084638 9.1292072129914068 0.8447100000000000 0 0 0
4.2645143442981350 1.8497323258772518 9.2537092987192437 1.5484400000000000 0 0 0
5.3402950328817935 3.4241818144900740 4.4623771092493243 0.7903420000000000 0 0 0
3.4403236949339102 3.3076779062664907 1.3361831395750123 1.2290600000000000 0 0 0
6.0212169104614803 3.7599182602181367 8.3171876285656303 0.8317250000000000 0 0 0
3.2671074183663538 8.0683268377314157 3.1589645693052653 1.3284899999999999 0 0 0
1.0378956593573374 2.1019135021427453 0.3417350001388286 0.9620649999999999 0 0 0
4.6691458867500533 2.1262333012834569 0.3489896892293953 0.7609100000000000 0 0 0
7.2064232495825644 9.2978351735380063 0.7415868305918932 0.7948350000000000 0 0 0
0.4435368653208585 4.3367493403799351 8.7737276734270093 1.0385800000000001 0 0 0
6.1933067860198383 5.0821576154728847 7.7475900798806636 0.8350570000000000 0 0 0
7.8673590718680764 2.1627594872142577 2.0481125210188842 0.8963520000000000 0 0 0
0.0287619834496549 6.1308266391760986 0.7897002740818708 0.7825730000000000 0 0 0
2.4848421815631174 6.2613073374253805 1.3680202646028905 0.9646300000000000 0 0 0
4.8949261552298635 6.6590144375930684 8.8105611821399048 0.9691930000000000 0 0 0
4.7779568058239672 0.5874148171185114 8.0230615811705341 1.0396700000000001 0 0 0
6.3892805912934252 0.4656411800089642 1.7436890561695368 1.4993300000000001 0 0 0
1.9404254830503036 8.6560548812833780 1.5863786373486186 1.2932500000000000 0 0 0
3.7119022239467334 3.8732057482239064 8.7584111878912552 0.9086900000000000 0 0 0
8.5635827366556931 1.6629621091976470 1.7471819960097306 0.8509679999999999 0 0 0
2.2747540876526888 3.4641636769706601 0.4323472110682677 0.9591100000000000 0 0 0
5.9133885628554426 6.2525343475789796 8.8617657081922303 1.1237800000000000 0 0 0
3.9738203107285415 1.6575150282405520 4.9280581292432775 1.2933300000000001 0 0 0
3.9169753928937792 8.8997829676576039 3.7005917419637600 0.7837740000000000 0 0 0
6.8298341995362684 5.6877488009379107 9.0255800089672853 0.9717570000000000 0 0 0
9.6240820197499364 3.8023704994260230 7.0195387501987474 1.5081300000000000 0 0 0
4.0856979684699599 0.9105682731593434 6.9531730046435491 1.1560500000000000 0 0 0
8.1982418110411928 9.7762113665532109 8.4644610778715244 0.9463200000000001 0 0 0
0.4410552029956196 2.8230735517250749 0.8648953326467814 1.0005100000000000 0 0 0
6.0004892884349337 7.4980273934419719 6.9101056521292907 1.1200600000000001 0 0 0
7.8147285221197516 4.1687783776369178 2.5501758229013562 1.0215399999999999 0 0 0
7.9856047835814374 1.0537217534726446 4.3926480109238106 0.7433710000000000 0 0 0
1.1711231394659249 6.8998153369299464 7.6361128733832881 0.9784990000000000 0 0 0
8.7666896963562273 3.1306141880098775 6.4199788436741647 0.8848710000000000 0 0 0
5.0705489226146536 4.5565108804792986 2.9293316720491585 1.3278500000000000 0 0 0
1.2803706845525558 6.4521285606022429 2.8538782190994092 0.8097910000000000 0 0 0
9.8654722298682582 3.1832230317654999 2.1565389925779930 1.5501100000000001 0 0 0
0.0835338331555801 1.5388081333429924 7.0271922589440035 0.8854400000000000 0 0 0
5.2145312944285900 5.6566768933372487 3.6136038410437754 1.1810400000000001 0 0 0
1.9966501233506917 6.9752744797087693 6.7201722470507548 1.3990800000000001 0 0 0
0.2187293263375580 5.8891084123219812 8.6689927847025121 0.9095060000000000 0 0 0
8.1732810068899475 4.9883391257209375 8.1736438974882031 1.2879300000000000 0 0 0
7.6025894956574795 1.0264628869102095 7.1181195148368248 1.3649199999999999 0 0 0
0.0849899028249795 4.3438298658963497 2.8303718954305119 1.0666899999999999 0 0 0
8.2459384533957252 7.9890879363712646 7.9499895701569816 0.8763950000000000 0 0 0
2.1774597432424367 0.8969625261378621 4.1356858351727812 0.8488910000000000 0 0 0
5.6457413297315027 9.5221346723577316 8.1854171518627279 1.5363199999999999 0 0 0
9.8350048384573814 1.5970959736919628 5.2136954377350619 1.3216399999999999 0 0 0
1.7705123240523675 3.9769076802733760 2.1240373004747592 1.1394200000000001 0 0 0
9.2130789869979974 7.2691583133252413 9.9687673932662477 0.9646070000000000 0 0 -1
0.3831107481283379 3.3572430571901717 4.3376112969696017 0.7748980000000000 0 0 0
9.3685426198827635 9.1844348174888086 2.4909602038233949 0.7559260000000000 0 0 0
9.2891392478319545 4.2583209204860983 0.5404911695208681 1.4159700000000000 0 0 0
6.8330168163409510 6.8228053566110862 6.8863952743670920 0.7837170000000000 0 0 0
0.8161572643274878 9.1645797766985435 7.7058225977796040 0.8663610000000000 0 0 0
2.0580606574549005 0.5263179009854818 7.3224513444796537 0.7796070000000000 0 0 0
4.0604425490706584 6.1352253108846577 3.8348560843058253 1.2351600000000000 0 0 0
6.4648262493462951 1.3356392335663747 7.0874689491227052 0.9028790000000000 0 0 0
9.4162109728332410 6.7271787368306137 4.6135849195006919 0.7431120000000000 0 0 0
4.8860665925536306 5.8093053115038522 5.0235485436342104 1.6200900000000000 0 0 0
8.1632825490478282 1.1651561638787711 5.8256098584131761 1.3594900000000001 0 0 0
3.7140332420218005 2.8533934432078447 2.3201806237787288 0.7646990000000000 0 0 0
9.9498468114389578 5.4617973720391912 0.2052775732948576 0.9228360000000000 0 0 0
1.9793688847987116 1.3865667977234575 6.9679370748545519 1.0171300000000001 0 0 0
4.5250708595929483 4.5916437137396100 5.0041429752499393 0.8239760000000000 0 0 0
4.5492750074857771 9.3088962196077834 9.3244303031056592 0.8409880000000000 0 0 0
8.7356842550752862 9.2261771635397114 5.9278214341332260 0.8377720000000000 0 0 0
0.1929367447464668 1.8680591878987201 3.8788454940817054 0.8727370000000000 0 0 0
9.6971781225709694 2.4083352918946299 6.4086084691474694 1.2985300000000000 0 0 0
7.0452976282778685 2.8923340126877375 5.3064808037493769 1.6114900000000001 0 0 0
0.1445306099460778 1.0217857908215802 9.2042520316924286 0.7495420000000000 0 0 0
1.6200192433830365 4.6926658171742739 5.2571533248837108 1.5263500000000001 0 0 0
7.5797646549652988 9.9120112192495498 7.1815166873716736 0.7836740000000000 0 0 0
3.7375856906522129 4.1668139271895024 5.3127687762340559 0.9933880000000000 0 0 0
5.6846587627293346 2.6537897257614107 3.0157316627338786 0.9134830000000000 0 0 0
2.5498768628531385 5.0715094933149869 7.0118664753612334 0.9484540000000000 0 0 0
5.8277731287669949 5.7154584522118599 2.4089272733070728 1.4202900000000001 0 0 0
3.9397649424799184 1.2753760249524304 8.0285539276231130 1.0474000000000001 0 0 0
7.0496577684926418 7.7588002379499477 7.7402203651605364 1.5009300000000001 0 0 0
4.9770763001169156 2.9328516951051982 3.6881514639272379 0.9666940000000001 0 0 0
0.2764681185758298 8.5193361419512730 4.2824800938277825 1.2563299999999999 0 0 0
6.7363837790485706 8.9868718507442527 9.3557956215041731 0.8271280000000000 0 0 0
7.9275746070241437 4.7832885615828831 6.1607846720552706 0.7424300000000000 0 0 0
8.1613361337992796 9.5976166068793720 7.6106982122318882 0.7325720000000000 0 0 0
2.2918998076769777 2.6739118118488756 4.5184985557018091 1.1818299999999999 0 0 0
2.6860085926724553 9.9552702632891954 7.3330650553184178 0.7650280000000000 0 0 0
6.5216874391925606 3.5600166480252784 7.2982853588435921 0.8516750000000000 0 0 0
1.9313925582402161 4.7222806094462904 3.8771917109866370 1.1963299999999999 0 0 0
8.5215399726154910 1.2811802532246706 9.3885975772955952 0.8068140000000000 0 0 0
5.2377940944400665 9.4652009732617479 7.0328912281690048 0.8186310000000000 0 0 0
9.4422732397832672 8.9895157049630701 9.6504875634632548 0.9293590000000000 0 0 0
6.8067185209763785 1.2540218683744746 2.5525781098829059 0.7934920000000000 0 0 0
6.1337611005703820 2.2732112595189622 6.0232620079050383 0.8110880000000000 0 0 0
7.7061680591710831 9.3432210962672606 9.0412142763356158 0.7317020000000000 0 0 0
4.0193907984915667 7.8372131079783598 0.9598014866425733 0.9333010000000000 0 0 0
6.5023439647852292 7.8846341853753268 9.1978326211783124 1.3627100000000001 0 0 0
1.6679164430933071 5.8077423942401474 9.9329432565009128 1.0310800000000000 0 0 0
4.9839872175055362 2.8226595388793130 9.1985597231465945 0.7828110000000000 0 0 0
4.2015639417025739 7.6197918920152823 2.7918754349550730 0.7365000000000000 0 0 0
0.9698521011212344 7.6474988010083909 1.3910431789322553 1.0329100000000000 0 0 0
0.4331059743110113 1.0881451924739747 3.4753549577653913 0.7439450000000000 0 0 0
8.3957416851954605 2.3475065589426718 8.8459859007997519 0.7760550000000001 0 0 0
4.4552318480847726 9.4633381578428732 3.1935204543434783 0.8286950000000000 0 0 0
6.9215265239727364 5.1289366639588305 8.3398568217806073 0.7396350000000000 0 0 0
8.4336134290645290 9.4437251449976873 4.7552048098802464 1.1137900000000001 0 0 0
0.1769319190113311 0.6061887203484663 4.4003434115779063 1.2314499999999999 0 0 0
7.9061971488180314 2.9158962847767933 6.2531112496760342 0.8514300000000000 0 0 0
0.2589814733208572 5.0389885039448039 6.8326782712607228 1.0966199999999999 0 0 0
2.9157126874140515 7.4187224248704942 8.5834197178118679 1.1099300000000001 0 0 0
7.0341186963191982 1.2303136381620434 0.7908615857160879 1.1465399999999999 0 0 0
2.7255207153368755 6.4569086477426341 5.5560973989693183 1.4262999999999999 0 0 0
4.3922198588220889 0.4759972958678323 4.9401003683559948 1.0617799999999999 0 0 0
5.5087518173966465 0.4625878473221847 5.8428330985139656 0.7953820000000000 0 0 0
8.0353984680832191 7.1245665136056378 8.1024512343180035 0.8600139999999999 0 0 0
8.5514474742954985 1.5343707725782352 8.6050005070088087 0.7754820000000000 0 0 0
4.2583806094154921 8.1067084336887056 9.2188091456523722 1.0226200000000001 0 0 0
4.7931045983192480 7.3286944806783278 9.4233842369157585 0.7876710000000000 0 0 0
7.6640162437365893 5.9537787809553464 8.5184643563992317 0.9135890000000000 0 0 0
6.6463915694707785 0.5202525715069798 8.4488862497147412 1.1804500000000000 0 0 0
1.1813041365926196 4.8263375030918994 6.4241764197991840 0.8867920000000000 0 0 0
1.7668670927581678 2.3132051316462041 6.8031085249838501 0.8294010000000001 0 0 0
5.5428010752834842 3.6846969321069745 3.5042581436090425 0.8778870000000000 0 0 0
6.4219380201328278 0.4240974141028343 4.1829634554748711 1.3419099999999999 0 0 0
2.2450632826288111 2.7169819331889840 8.9617973768101447 0.7684360000000000 0 0 0
5.6821606705917809 1.6481093934657101 7.4961310569489719 0.8968320000000000 0 0 0
5.3386545073919693 9.4545502977728990 9.6676357674489228 0.8373540000000000 0 0 0
9.7391387157446800 8.9983981250740221 3.3247690447544413 0.9375420000000000 0 0 0
8.2661871557065325 9.9796493609974739 1.5609080851966024 1.1166199999999999 0 0 0
6.3018424179068218 4.1484904369559281 3.3829697226156283 0.8497100000000000 0 0 0
8.0724135863074054 2.4425542245327043 3.0998012696113189 1.2348200000000000 0 0 0
0.7168383579866179 8.5680185267912279 3.3471944910907556 0.7303480000000000 0 0 0
0.9063333503896797 5.2194241121341607 7.5858966483272701 0.8369840000000000 0 0 0
0.8085566006061348 0.3841642828629249 8.7725435499816857 0.8958630000000000 0 0 0
2.6340177978575086 7.9267443594079996 2.1362513246828434 0.9123500000000000 0 0 0
9.2422987348686867 5.6318498828580577 4.6185419841139881 0.8721970000000000 0 0 0
2.8067156472742072 0.7735909798024386 6.9289867865811967 0.9103230000000000 0 0 0
0.7948585669782562 5.7277959697692493 0.7213127627638745 0.8822610000000000 0 0 0
8.9272021710849820 7.4989604514121613 8.8917703843775282 1.2246900000000001 0 0 0
5.5449777136196632 0.2645573840627323 0.1829638334462031 1.0423700000000000 0 0 0
8.9471254678116541 7.6519011318654808 5.4647449478626138 1.0830400000000000 0 0 0
6.9444252132033837 2.5045216519992257 6.8564826286193199 1.4681900000000001 0 0 0
0.4066628846710648 4.7913591577279409 1.0241046829857936 1.1417500000000000 0 0 0
5.8938448372597296 4.8584470276228089 0.6461447101121751 0.9825390000000001 0 0 0
6.3070632098099235 3.8072038946724049 4.4039019333609302 0.8221650000000000 0 0 0
0.9161277775624512 1.8502663775745578 6.0617021128248476 1.3667400000000001 0 0 0
2.8558114983353753 1.4456527397843311 1.3249178317474573 0.8504490000000000 0 0 0
4.7219372775250505 3.9386270521853475 2.0887626654006577 0.7875060000000000 0 0 0
8.5236645549950261 2.4105813510365373 1.3736974671791844 0.7511660000000000 0 0 0
2.0166536568092299 3.7872355997351548 3.2178403054045770 1.0113000000000001 0 0 0
5.9525762243801594 5.1493703815943110 5.2005769296646731 0.8165640000000000 0 0 0
5.9516884385422477 3.0163635151945205 9.8129994596668180 0.7644490000000000 0 0 0
5.1602870450684684 3.2631858699515628 6.0277800435436264 0.9776430000000000 0 0 0
5.9622051573946173 9.8160816743509649 3.3871930614191896 0.7778220000000000 0 0 0
5.6445367613835833 2.3995495490483907 6.8354153787050924 1.0297499999999999 0 0 0
1.9293580185000281 0.8823213178866444 5.8530269536337398 1.3264800000000001 0 0 0
5.7827122729698432 8.3784712722015691 8.4777486231987087 0.7504040000000000 0 0 0
2.0818835086429193 2.2508073683334651 9.8037611337641799 1.1093400000000000 0 0 0
1.7540931024805584 6.7166905020143606 5.0257617683081115 0.7614060000000000 0 0 0
7.1908415839744544 3.8020904122323382 6.5428424899141122 1.1435299999999999 0 0 0
6.9093375096286636 4.1322326069421180 2.7913294106601314 0.7795510000000000 0 0 0
1.4574950598582015 0.8916572019604188 8.0646264821449059 1.1866500000000000 0 0 0
0.3557734202441922 6.0616095667257008 9.5736653312890478 0.8524670000000000 0 0 0
1.9713096532299303 7.3197228888707189 5.6542958512732637 0.7571900000000000 0 0 0
6.8827986259090723 8.5094424908956388 2.5138299345636685 0.8317420000000000 0 0 0
5.2000350937318407 2.6578743847751793 0.0022917884518440 0.8309560000000000 0 0 1
4.9672631298856613 8.4254845675484749 0.7917620412841966 1.0449500000000000 0 0 0
3.8568477721604806 2.5965764259573443 7.6660767538336572 0.7761620000000000 0 0 0
2.4399493811058877 9.9553882558044275 5.5353257798408473 0.7995970000000000 0 -1 0
9.5213426390973037 9.5410935887339825 4.2660303413544201 1.1884100000000000 0 0 0
2.9283903191068981 3.6324438038109639 2.4803755493397213 1.2630500000000000 0 0 0
5.4053826329552725 0.0255381386251199 5.0807044117077282 0.8930150000000000 0 0 0
3.4585574883415631 8.0840789808000224 4.5164237042756108 1.0973100000000000 0 0 0
6.5163976708470299 5.0702094088587542 5.8636467741743203 0.7308630000000000 0 0 0
2.4763566836592470 9.2433598852178704 8.1837765731129952 0.9475040000000000 0 0 0
6.5919185361588264 3.1277988913698369 1.4922499579194719 0.9128740000000000 0 0 0
7.5688671856854359 2.5053782360987578 9.3847711615238030 1.1422300000000001 0 0 0
9.0724969320482813 4.8907839550552161 6.0263783283355634 1.4836499999999999 0 0 0
2.8289449382009386 4.2601582618015090 9.8252735464206715 0.7341470000000000 0 0 0
4.6388189442960783 2.2190687173171333 2.8179439312374037 1.2948500000000001 0 0 0
6.1767494870540114 3.3756579091381584 6.2622343685132309 1.0409500000000000 0 0 0
3.2155931439448655 8.5799958845559452 7.8288360308478380 0.7788490000000000 0 0 0
3.2951800690375168 7.4715068721238662 9.9318595206298603 1.5871100000000000 0 0 0
4.2495211782071038 9.1210217053875642 8.3088669228800658 1.2285800000000000 0 0 0
7.6015510170378029 7.2765823201236577 0.9545556519333955 1.3716800000000000 0 0 0
7.3060694585283272 4.3898578600388536 8.5378093922028988 0.8572790000000000 0 0 0
1.1504080233072975 9.1118577366003866 4.4899727316763149 0.8145750000000000 0 0 0
9.2899341907380339 0.2452476631436980 5.4651026733986781 1.5246800000000000 0 0 0
9.3274601003459967 1.1214146986700100 2.0605092852451454 0.8130450000000000 0 0 0
9.1584788511594759 0.5830296432629620 4.2974899005637814 0.7334090000000000 0 0 0
2.5098256328133606 0.5009278808195874 0.9082418525152531 1.2445299999999999 0 0 0
2.4967164406432389 2.7507698251119463 6.6550465049397793 0.8322000000000001 0 0 0
3.1054997192495892 3.8831902549663826 0.4937640174935041 0.8349190000000000 0 0 0
9.6915781809603825 6.1737782011964297 4.0193535957928495 0.9068079999999999 0 0 0
1.8924754315173844 2.7612709620730107 2.5405428069326126 1.3441300000000000 0 0 0
9.6310009433647146 6.3999509631952751 0.0646517339010493 0.8440280000000000 0 0 0
8.4800472596766667 7.1626337144338992 1.7627480220982199 0.8764630000000000 0 0 0
2.3543201401316156 0.2250077821022044 8.0699115260585241 0.8710260000000000 0 0 0
2.8899347652107070 1.3743688096391995 0.4961273737015189 0.7477160000000000 0 0 0
7.3032783992814849 8.6388993623988117 8.7169057290952541 0.9472170000000000 0 0 0
0.8027426852828283 2.6981306487609338 2.7767028643035925 0.8053420000000000 0 0 0
9.5183061380984704 9.9183577257001190 1.6683651063736018 1.2297700000000000 0 0 0
3.1565730347053313 2.4781481425328669 6.1177634716249436 0.8874400000000000 0 0 0
6.8010541014456063 6.2603566487606424 2.6144978254891389 0.7596510000000000 0 0 0
2.1569897755567844 7.1869120580727195 7.7993931383168693 0.7389740000000000 0 0 0
7.7333489474796737 6.1223999032779766 2.3653108373105183 0.7778360000000000 0 0 0
5.8110872569967178 3.7908048072787572 2.6955131767176970 0.7696539999999999 0 0 0
8.0475625949428231 3.4248310809434415 4.7097957371122883 0.8090320000000000 0 0 0
5.3157357245022459 4.2148529321344537 6.2280814388217784 0.9170250000000000 0 0 0
4.9784618017109228 5.6982739260845729 1.6415789072626104 0.7650540000000000 0 0 0
8.2621890031250462 4.2534679934787558 7.0003519599551423 1.2454400000000001 0 0 0
6.3562570190826264 6.6364460229620459 7.5535889326137085 0.8317980000000000 0 0 0
3.2880144555500124 3.3311728660372344 4.5203672671927748 1.1128899999999999 0 0 0
1.5262381668576464 0.1543276301714221 4.7280555476216364 1.3664499999999999 0 0 0
4.4997899897713252 4.3739893527634850 8.7465588242667014 0.8498370000000000 0 0 0
3.0016538302385096 4.3452694798784295 6.7167072435680009 0.7408720000000000 0 0 0
4.3275390054350797 8.2879088208526479 5.4777937241938046 1.4275100000000001 0 0 0
9.0589061046089796 5.2656016473711560 3.7135866456255249 1.0384899999999999 0 0 0
7.8258761077815695 4.5536006455391309 0.4245599112006394 1.4651000000000001 0 0 0
8.0952772167174665 5.3521508179373027 3.6375065564222919 0.8253819999999999 0 0 0
6.2370692439074125 0.7627669653504942 5.3388732425351435 1.0034099999999999 0 0 0
5.0281844131354116 2.4269316580248974 8.4457325363761946 0.7765140000000000 0 0 0
8.4971527027975604 8.5774459549307061 5.3322836581341431 0.8094620000000000 0 0 0
9.1328163847064516 2.0366445063459158 8.8337298644300297 0.7368300000000000 0 0 0
4.5422860489916914 3.7352454696748829 4.7050635269568337 0.9219280000000000 0 0 0
8.7763481010425934 6.4395508975572904 9.6310127607656337 0.9525400000000001 0 0 0
9.9394295449484353 6.7102395968572841 5.4796454671291164 1.2010600000000000 0 0 0
4.8184588655527003 4.5930760097602423 7.0212159702692771 0.9524410000000000 0 0 0
8.2347668278318427 3.4329335628866686 0.9364976867539435 1.0322199999999999 0 0 0
4.3100639785138197 5.3581290843874205 1.0960690874984957 0.9935680000000000 0 0 0
7.8983582604998075 0.3243908042407140 9.4344865206451374 0.7833810000000000 0 0 0
7.9738788348725596 4.1138389721131103 8.9409613392553897 0.7350630000000000 0 0 0
4.7232592281706767 2.9025242628929693 0.8773458320432197 1.0463100000000001 0 0 0
9.3989195792324693 8.3883657304190287 9.0324354060072078 0.7315920000000000 0 0 0
9.2610149803104562 1.5590879309507688 8.2303797085520252 0.7458370000000000 0 0 0
4.7122650035694296 1.0251267772095074 5.8544949878819779 1.0815100000000000 0 0 0
2.8857705137802907 5.9376875370765942 6.6801674339794133 0.8569700000000000 0 0 0
8.8823752612607034 0.7945669227522054 1.3667993557278191 0.8797960000000000 0 0 0
3.2758249107264557 1.4561899731388379 7.3207805111982385 0.8521090000000000 0 0 0
7.1619028942724778 5.2173640306784925 2.6884358135979856 1.3688499999999999 0 0 0
3.8975609685156871 7.0372295531266937 8.7219093611951024 0.9233330000000000 0 0 0
6.9642014762348161 4.6288630886274822 3.6011510424594135 0.7555890000000000 0 0 0
8.0683361481548133 2.5044927934307557 0.4273150618159452 1.0305299999999999 0 0 0
8.0251109464764934 4.9585759782399847 5.2401373922935397 1.0303599999999999 0 0 0
5.4981426980438100 7.8499798620803016 4.5603356735430038 0.8215920000000000 0 0 0
8.1202490662147753 0.2429681244837218 2.8829493168918638 1.1889200000000000 0 0 0
0.2311505457006822 2.5070901338672580 4.5761845871146498 0.9487020000000000 0 0 0
3.5026219341830291 4.9980946882322081 0.3385677794762238 1.2461400000000000 0 0 0
5.7865503000036664 1.5202461306499357 6.5988612420732800 0.7439560000000000 0 0 0
0.1374389469542351 8.6219516975293118 8.0462293358560171 0.9297150000000000 0 0 0
4.3560790934039453 2.8617891991575957 9.9684171014879031 0.8412700000000000 0 0 -1
9.1902345157308627 0.2147255639552421 0.4578805492260032 1.2367699999999999 0 0 0
1.5015271738535163 9.0129616625781548 2.7852418519472777 1.2535300000000000 0 0 0
3.7506954014675773 9.5687039648188819 9.1325347238534320 0.8135720000000000 0 0 0
8.8904444377129686 8.2017112587783139 7.4475204158243704 0.7450810000000000 0 0 0
0.0951555789968019 7.0852514653898728 9.9237287503190448 0.7690979999999999 0 0 0
0.5932336064632243 7.7287497974739514 7.8858074418583559 1.0245400000000000 0 0 0
6.2550165450337225 6.1372532310058467 5.5813307115638766 1.2937300000000000 0 0 0
1.3370101109269152 0.6077524357283652 1.2973581829788530 1.0617500000000000 0 0 0
4.2131538007341254 3.8679323191334789 7.7740929712763691 1.2144699999999999 0 0 0
5.9043155520443484 8.3791142553989086 7.5721395797163096 1.0080899999999999 0 0 0
0.2061308662603481 1.9717467605980845 9.0770108122666446 1.0989199999999999 0 0 0
5.5935503869344778 9.1743223477210911 5.4675251842943773 0.8806710000000000 0 0 0
4.2006615813572248 5.1024093243257358 7.7734445003045840 1.1616100000000000 0 0 0
5.3564227228272285 7.7898996234778632 3.3043234339950853 1.5843799999999999 0 0 0
7.6468497042017862 1.7646745154732939 4.9183117932356035 0.9570640000000000 0 0 0
2.2013473842431517 2.1030300251652307 1.6565951481445305 0.8495870000000000 0 0 0
3.4739386994531025 6.9590264962281294 2.9755044863041471 0.8680460000000000 0 0 0
4.3149991786213198 5.2293803914415546 2.1762392043821976 1.0995999999999999 0 0 0
3.5289943595710649 4.3389998825476512 1.1656402490126057 0.7898710000000000 0 0 0
9.9435205348654261 9.9991797143716141 9.4025653072385715 1.2915399999999999 0 0 0
5.3807361672011647 3.5517270910324945 7.2006501979794919 1.3511700000000000 0 0 0
0.2690485226123054 6.8055392649938042 4.4301681621012685 0.9097490000000000 0 0 0
1.5083938831575630 5.7244908602896523 4.3633556323244918 0.9516890000000000 0 0 0
3.3932021548225797 2.1758595297229455 6.8985065336561568 0.7688160000000001 0 0 0
7.1656104577724342 4.1266530304201279 9.4364646487938195 0.9648320000000000 0 0 0
5.3060205440033439 0.2925993587697450 2.6737442633145578 1.2683599999999999 0 0 0
5.5979726516661534 7.0108838746818414 2.3959310183163538 0.7479650000000000 0 0 0
4.4385004267110340 3.8277965299250867 6.4820321573057598 0.9903160000000000 0 0 0
7.2378337100207171 9.5466770970353600 4.7365712414646994 1.1955000000000000 0 0 0
6.3295435659931805 4.1786182807368029 5.4090678910936907 1.2274400000000001 0 0 0
1.0980636637955361 0.5154372451751805 2.6124126635847600 1.5164200000000001 0 0 0
5.3133662288996097 5.9610812373335804 7.6379610974323970 1.5560600000000000 0 0 0
1.9978441562453528 3.2293351164419821 9.5753993469076661 0.8313240000000000 0 0 0
8.8344388273550365 5.4393280276980995 0.1663181259252425 1.1222799999999999 0 0 0
5.3210516375352128 6.2914305080345478 6.0807266785786735 0.7659390000000000 0 0 0
4.6262530833284723 2.8963659833486273 7.7171209607704192 0.8106010000000000 0 0 0
4.4825454794105752 5.4389087084122156 0.1576959040856770 0.8487830000000000 0 0 0
6.4526409953308237 6.7465782840398392 9.7238138632940334 1.0519700000000001 0 0 0
2.3643456816831936 9.5967194777737159 9.1355529125811348 1.0138199999999999 0 0 0
0.2042209779675513 4.6368800287153062 7.7629036905324051 0.8560500000000000 0 0 0
1.9722052780713386 1.5990359511612606 8.8672147251920386 1.0942900000000000 0 0 0
3.4570154975292926 6.2349983873802426 0.7070379225795556 1.2387600000000001 0 0 0
2.1622153477634671 4.9004101604234735 7.8737391831206383 0.8821830000000001 0 0 0
8.4789008621278654 2.0974254222048176 9.6445244907686618 0.8412560000000000 0 0 0
8.0093033817169186 9.0004036386143493 1.1484688743077118 0.9651180000000000 0 0 0
8.2844118079749105 3.1127624941832304 8.6189577655298955 0.7455480000000000 0 0 0
5.2707925934421418 6.3594847093195881 9.8836500167694421 1.1969799999999999 0 0 0
7.2143761841783993 2.2213356787969318 4.1012471966434836 0.9810060000000000 0 0 0
9.7820098604553074 8.6901932774654256 1.7323592151058185 1.0491299999999999 0 0 0
5.6237232253393401 4.9055550452626786 7.1766354532335459 0.7352500000000000 0 0 0
8.3560076031482051 3.1455332704971419 2.0724841812061450 1.2163700000000000 0 0 0
4.2204549716505326 0.9571745115636967 4.0154981084644206 0.9659470000000000 0 0 0
9.7034063744020447 9.1172926168882658 0.6833295071788914 1.1349700000000000 0 0 0
6.4130744698637701 6.1531846010243472 3.4638764797701280 1.0489100000000000 0 0 0
6.0006567686093568 8.9606563835864428 4.2693559564963373 1.5880900000000000 0 0 0
2.6996636548799429 2.7861433361035637 7.4609818243423414 0.7683100000000000 0 0 0
5.2282140151586995 5.5236008329044424 0.8480023533256312 0.8644180000000000 0 0 0
8.0352270528280183 6.4738914833661836 1.5687517239879558 0.7434269999999999 0 0 0
0.1168923754319040 1.0780174667636830 6.3222461949758779 0.7340570000000000 0 0 0
5.3640401885392155 9.1925317760834631 3.0804522643334651 0.9833229999999999 0 0 0
8.8677251965252211 3.6510966539437275 4.8490024830560730 0.8499640000000001 0 0 0
0.3974717602876570 9.3795081604408264 1.4264669486270090 0.7990110000000000 0 0 0
4.6656151365362408 9.9839298144950828 8.7724795372093354 0.8195950000000000 0 0 0
4.9965559260499512 8.5878108366722206 9.7601816149345950 0.9648080000000000 0 0 0
3.0852977138552515 5.0531912647851893 3.7324328860595384 1.0530800000000000 0 0 0
7.9500198243789582 3.7923527741943364 8.0627626964801671 1.0629200000000001 0 0 0
8.0850792567007002 7.3182869301246596 3.7461745855506856 1.1116299999999999 0 0 0
9.0401056613039721 2.8459517862099846 2.9920289607492374 0.7696210000000000 0 0 0
9.9785839727013670 0.9607006224536909 0.0827100140590859 0.9734590000000000 0 0 0
6.0551132121201432 9.1788247142498989 7.0939021461598131 0.8026200000000000 0 0 0
5.3189756609516659 1.9222241575278654 3.6467482196917671 0.7675600000000000 0 0 0
6.4686940507249595 8.7280932126996156 8.4801894085907392 0.7312240000000000 0 0 0
4.1277136107446388 8.6800041725921258 1.5595007101332177 1.0682499999999999 0 0 0
2.4890928598926618 8.8872000178674551 7.0173347801770651 1.3992000000000000 0 0 0
2.2919043744719656 8.9159891680584593 4.9872964353597879 1.4798300000000000 0 0 0
9.3112798087390178 3.6571132755124665 3.2325989150995396 0.8907890000000001 0 0 0
3.0452973100705485 2.1480942064944779 8.3453960361949289 1.4332000000000000 0 0 0
4.4831783705540245 7.0419925379692456 0.1902064082852012 0.8937340000000000 0 0 0
2.5584228692763946 5.5033435325941369 4.6379874151881717 1.1413599999999999 0 0 0
7.1786995471413793 3.2677356167634235 2.3661667874703078 1.1304399999999999 0 0 0
9.3466944566726564 7.1302299212185183 3.6743734957517007 1.1582699999999999 0 0 0
6.3230802531876655 0.5007697212022594 3.0187811252495469 0.8358320000000000 0 0 0
2.9229754133536239 1.1371633162320336 3.8735298017024276 0.7407980000000000 0 0 0
1.7924588262170544 2.9428619627920356 6.2785794326931246 0.7480599999999999 0 0 0
6.7186409905418287 3.2331986030054032 9.0072346971657797 1.1277400000000000 0 0 0
4.5808620889923795 2.6865838065328833 6.7270093447263344 1.0927300000000000 0 0 0
5.8417516539255994 6.8037713955216566 4.3495659618980023 1.3341200000000000 0 0 0
0.9268286543622714 6.6384861494901681 1.1473873815346372 0.8254200000000000 0 0 0
5.0004718222302476 3.3538684077447010 2.7568865727992953 0.9984040000000000 0 0 0
2.4868733162016898 7.5758101306443155 0.8793261481782488 0.8017530000000000 0 0 0
4.8801648329693945 1.1782565681242760 3.2969488573908419 0.9581830000000000 0 0 0
6.2324093505307374 3.2707300438596381 3.2542292137052002 0.7349950000000000 0 0 0
1.1383464415369202 3.1504770239221220 5.2801986601839221 1.5836100000000000 0 0 0
3.6491932038667239 9.9988432146634523 0.9257420133323983 0.9230950000000000 0 0 0
0.1426629582237393 0.9861521350358415 2.0746966607055071 0.7738730000000000 0 0 0
2.4874365666845279 0.6721235311759240 3.0399467054151343 1.2559199999999999 0 0 0
1.3666168186896084 6.8532267609160522 3.8957954380228750 1.3391500000000001 0 0 0
0.2947993663357580 9.0902179817602740 9.8965235483745282 0.7588220000000000 0 0 0
1.7044531851586071 8.9210182716134270 7.8407136331304841 0.7895280000000000 0 0 0
4.3454904585884861 4.9904744579519269 3.8246152443760053 0.9652740000000000 0 0 0
3.6453722359707146 7.6832096942949164 2.0175840353844654 1.1009300000000000 0 0 0
3.8922437190921708 9.8341829773468508 4.1078843339426374 1.1782100000000000 0 0 0
4.5451641405055447 6.2181829529007446 0.6203665737435792 0.7818090000000000 0 0 0
4.2502054772945428 6.8917299692942482 1.3063697662385847 1.0544800000000001 0 0 0
8.9400576267231280 8.2008906374602226 9.7280453826667781 0.8760869999999999 0 0 0
8.5908210983435396 2.2481216034783089 7.9290213179758497 1.0362700000000000 0 0 0
8.1221465874223071 5.4358011191230196 2.0499721358850538 0.8513480000000000 0 0 0
6.1965273909213652 5.1060246961595039 3.4507936158611461 1.0078000000000000 0 0 0
9.8616308763109579 0.9377804689193537 1.1432960527810325 1.0723700000000000 0 0 0
9.6342388345041190 5.7196580198685725 5.3892781058487680 0.8002950000000000 0 0 0
0.6800838158260835 6.5425953849538327 0.2833948516747516 0.9115650000000000 0 0 0
1.8093876416441366 0.5206112479490963 9.1211171056808471 1.0601700000000001 0 0 0
2.4723156345378312 9.4655574752965865 1.1074371320247154 0.7860420000000000 0 0 0
3.8748380145291508 9.5131286793348977 5.0760994648437556 0.7851910000000000 0 0 0
5.8227258858394046 2.8724127104474912 5.5630534559471894 0.7515660000000000 0 0 0
8.9248537527106091 8.0429141312668904 2.5938156817371851 1.6003900000000000 0 0 0
9.0469482678911923 0.0394948018670510 8.6484469604308849 0.7307090000000001 0 0 0
3.2411060869759076 8.5629891092293526 2.1787697520820912 0.7785460000000000 0 0 0
5.0973421802834995 3.3962747168063494 8.4241263554456971 1.0844100000000001 0 0 0
6.5864148101217914 8.3951497319483863 6.7253629664534644 0.9703990000000000 0 0 0
5.0858427863159452 1.8298289090645559 1.0048049818423330 0.8155450000000000 0 0 0
2.3525522834346808 1.0993543738965925 9.8279911919133127 0.9829320000000000 0 0 0
9.8352384115775955 1.8140280080755928 2.7842902261983200 1.3458900000000000 0 0 0
1.5822031329282056 8.2277107731754544 6.2069450395955528 1.2230900000000000 0 0 0
4.9383187942299545 7.7992439282821868 7.2942154103310788 1.0534300000000001 0 0 0
8.3631029654067923 0.0441451573302063 6.5192528576444460 1.2044100000000000 0 0 0
7.1202287794604713 0.5038383349232474 2.7073574411657257 0.7981020000000000 0 0 0
5.6948892775578202 7.3260973524064781 8.1771758160434214 1.3626100000000001 0 0 0
8.6861191835319129 9.2623365918793787 3.2413276685151842 1.0951299999999999 0 0 0
3.2123085421570057 9.6442231752478378 8.5060668761514773 0.7804770000000000 0 0 0
6.4541201018652812 1.4070000127661026 8.8558227062283326 0.7310010000000000 0 0 0
7.9566956542570360 9.9254452431710476 0.3908796585830643 1.2049900000000000 0 0 0
7.7933696299636157 7.7493319137488434 8.8149191200802068 1.0145700000000000 0 0 0
8.4802338168918503 4.2396158915067028 4.0846488601743554 1.1507600000000000 0 0 0
9.4850527802862867 6.8793047875666131 2.5692110153738934 0.8854300000000001 0 0 0
1.6059145399669312 6.6183979783683897 1.9101204133279153 1.1378699999999999 0 0 0
2.6191275583388465 2.0107759922793846 7.2308914807281042 0.7487850000000000 0 0 0
7.4772610313430645 1.2814269560576799 9.0687337103791261 1.2944400000000000 0 0 0
5.9529596568045688 5.4997916429703722 1.2937901238745246 0.7727480000000000 0 0 0
2.6681926722029452 9.9593774436665399 4.0780525470465383 1.1901600000000001 0 0 0
0.7861541905961367 5.4497499077917686 9.9263734609861451 0.7369289999999999 0 0 0
8.7397674985257439 3.8782536115236201 8.7000354720942816 0.8685110000000000 0 0 0
9.4973708854965135 1.4557328677410619 9.4966395213733144 0.7668570000000000 0 0 0
7.5329642966774433 8.1716912941640629 5.6709869780510020 0.8965300000000000 0 0 0
4.2258866468240548 7.2092093686058494 3.4607799415808671 0.7691000000000000 0 0 0
2.8994147048202099 5.9228852389439535 9.6782759691216302 0.9985250000000000 0 0 0
5.9932260028486990 2.1575374857050234 5.1843550848740598 0.8369270000000000 0 0 0
9.8835278749709854 2.8243472418401430 5.3877768435153088 0.8521180000000000 0 0 0
5.6994971728511734 4.2024811426129363 9.4581719665290116 1.5932200000000001 0 0 0
1.8787366446505036 5.6620204346036660 6.2945734944479961 1.2226600000000001 0 0 0
1.2640350640955906 8.8676093648799093 6.9703779151306486 0.7754400000000000 0 0 0
6.4759758394811762 4.9149044889003219 1.7307978008607787 0.9530560000000000 0 0 0
2.2416910129558358 5.6265393094362315 8.6968442226486964 1.2356400000000001 0 0 0
3.6899063980170426 5.0907027977758235 4.6965376801579790 1.1383799999999999 0 0 0
3.9604689434105955 8.6052841437783147 6.9145328946533118 1.4907900000000001 0 0 0
6.1778094903778999 4.5720027439351050 2.5837040530587956 0.9048550000000000 0 0 0
6.0671198667280217 2.6352830018981384 8.0454873241688389 1.3866900000000000 0 0 0
3.5755660517141039 4.0968372565914679 6.2051197756764918 0.7378580000000000 0 0 0
1.9569736150466108 1.8865559607024704 7.8354934910138647 0.8302090000000000 0 0 0
3.6229430270008205 4.2709273954065878 1.9717743142429560 0.7775050000000000 0 0 0
9.3180459059609131 6.0901755486221125 3.1129918047233360 0.9865460000000000 0 0 0
0.6243752988762805 1.5188391782793020 9.8131426153687684 0.7486840000000000 0 0 0
8.2958309093808378 1.8935549590384571 4.1227149464927324 1.0345400000000000 0 0 0
8.3763367546057346 0.4271622223104823 4.6437013080833083 0.7527509999999999 0 0 0
0.8590323624854027 7.0848297794932051 9.3750396763496457 1.0408900000000001 0 0 0
0.8576987486907843 6.0728056983309200 6.9113628960853308 1.2052600000000000 0 0 0
9.9008481322540138 2.4980523048121603 7.8580377776509893 1.5231200000000000 0 0 0
6.5117877307337411 4.2780640299163011 0.3537515136976050 0.7374750000000000 0 0 0
3.6133402716021155 4.1727758661141374 9.6545879583485643 0.7637450000000000 0 0 0
1.5783676423433990 8.0177084938931866 7.4190807167042019 1.1443300000000001 0 0 0
6.2420158816101639 5.8522075838240495 0.3703427894063516 1.1102000000000001 0 0 0
8.4554129579854074 5.5917922000514677 9.1640878622133037 0.9599200000000000 0 0 0
6.6955072913770186 8.1236243389738210 3.4099781872546693 1.0793900000000001 0 0 0
6.0419394652687233 5.2263645427441574 8.6311882547494516 0.9122240000000000 0 0 0
7.6288985271502172 5.0072656927649932 9.2258084535220988 0.9918190000000000 0 0 0
6.7518888551689056 5.0086363225628059 9.8276450012431020 1.0553200000000000 0 0 0
6.8812141035299916 3.7249498613202165 8.1049623204835530 0.8727720000000000 0 0 0
5.0202827574869495 1.6271648736250910 1.9681030282034813 0.7389230000000000 0 0 0
4.8273142031192524 7.4930727285572427 0.8435173420873239 0.7715919999999999 0 0 0
5.7273627028498613 3.6405485933971624 0.8809152043695281 1.3507300000000000 0 0 0
6.2452690015216321 4.4637886617046032 6.6207652251363411 1.0806300000000000 0 0 0
2.1767788933407126 9.6852817005328760 3.2281189553771337 0.7678880000000000 0 0 0
8.6092360154236065 1.3735956660245805 2.7516188126171310 1.1618500000000000 0 0 0
0.2381415199411686 2.5362376452214725 9.9414362608316633 0.8884300000000001 0 0 -1
9.8028635766659029 8.0135063483994102 3.4738408492218804 0.7928990000000000 0 0 0
9.5080944589429937 9.4615281206237771 6.3467134228339157 0.7840700000000000 0 0 0
0.0039780523613916 7.5047279725742122 2.8671605280352228 0.7792690000000000 1 0 0
3.1138124731893604 0.5194649429114585 0.0275437999348737 0.8108710000000000 0 0 0
9.7302347635466990 7.9969048229028692 7.4460335483554463 0.9091399999999999 0 0 0
0.9320199630938615 3.6654188160139776 2.8005505180986847 1.0187700000000000 0 0 0
5.3820082359643386 4.6722182764076541 1.6463597517733886 1.2094199999999999 0 0 0
7.6355192694295058 3.8254966890395981 1.6172518344903433 0.8693570000000000 0 0 0
9.2701270557861140 8.4037134617181586 6.4677814840922903 1.3140000000000001 0 0 0
9.4820462036728372 4.9200120750746574 9.6337252661688950 0.7756030000000000 0 0 0
7.3661387864686221 5.5211751445254871 5.8675724683746884 1.0267700000000000 0 0 0
6.4178271411928440 6.9786255076105519 6.2095892279624296 0.7379340000000000 0 0 0
9.3260734463781993 3.6195821844335385 5.7303374107481817 1.0627500000000001 0 0 0
2.9389633041948713 7.9052369306527321 5.9669849604648570 1.5002200000000001 0 0 0
5.8160707297568628 7.9705269553363811 1.1095605749496196 0.8991050000000000 0 0 0
8.6662097640574096 1.0249245129722371 6.8017426059232262 0.7574030000000000 0 0 0
1.4564138749689504 1.4358225653255952 9.7393097170659342 0.8667370000000000 0 0 0
6.0611470735768780 2.6267994208926102 4.1403653111067387 1.3693200000000001 0 0 0
0.6095239003662503 5.9934661129682931 4.0992658390897381 0.9000780000000000 0 0 0
6.3320729931826216 7.7713308819093436 4.2292483058301222 0.7507360000000000 0 0 0
0.6385404229577183 0.6395540857380489 5.5893324579797712 1.1895700000000000 0 0 0
9.0148039107906399 2.8116144326272066 7.1555439043745466 0.7295480000000000 0 0 0
1.4123193141255934 9.5732152749906625 6.0419508526240060 1.4063900000000000 0 0 0
4.1811565623318332 0.4148859243093802 3.1106598604670062 1.0656099999999999 0 0 0
2.4128908726381622 7.0253534436155149 2.7472023081066004 1.2247300000000001 0 0 0
1.3467895870695772 5.3137610074085595 8.2925975228540949 0.7473760000000000 0 0 0
2.5714097402130829 0.5319616452512439 4.9343282900150793 0.7695880000000000 0 0 0
7.6760530308686921 3.4071409395359744 9.0020587231018450 0.7445300000000000 0 0 0
8.4679554627962990 0.6554934699376188 8.7549231732657180 0.9090680000000000 0 0 0
6.5788626133451231 9.4319505635880407 1.2280917111016858 0.7507480000000000 0 0 0
7.7048109880533771 0.5642610128425162 8.2027939527229972 0.9119800000000000 0 0 0
8.9811469122774987 7.5594037795596503 7.8714322870320723 0.7446890000000000 0 0 0
8.7213544288363831 7.1515017936824536 4.5153591278453069 0.8334810000000000 0 0 0
2.3995935935164510 6.5989371940442254 0.4168547214636282 0.9844660000000000 0 0 0
2.4983238748405361 8.7274710550256511 2.5205288600682647 0.8044519999999999 0 0 0
3.7652086945900018 4.5193564892408045 2.9536835767232010 1.1858700000000000 0 0 0
1.3186664210650891 4.9482513452676811 9.2354862906814450 1.1996500000000001 0 0 0
4.7912818501766399 8.8489181196807785 3.8055453512850956 0.9138770000000001 0 0 0
9.9980621719565104 9.4893894271963894 7.8073621894849277 0.8187170000000000 -1 0 0
2.3554436618794012 8.2454476152059986 8.1467907500826993 0.9480390000000000 0 0 0
7.4149925789103941 9.7550864661505763 7.9778568574752819 0.7971730000000000 0 0 0
4.5732793206098226 7.7033338688442869 6.4262092768539452 0.7682650000000000 0 0 0
0.6195927284136251 6.7733943182816612 8.4387680153519593 0.9115090000000000 0 0 0
