0.6070088760936306 3.3101895446427498 8.2122924991550512 0.8716990000000000
5.1959461543062933 1.0876889953606874 3.2256370463126700 1.0249800000000000
8.2789842931680209 3.0993647074795843 8.3656470557372593 0.8325650000000000
1.2756202727581616 5.6495264887091841 6.2588989695803026 1.0000000000000000
5.8653493560541872 9.2694804296224547 1.7991108070831117 1.0761799999999999
3.8940106703598536 0.2604935033355947 8.1438568137799745 1.0326299999999999
8.5611079272171597 3.1893069172572481 0.5588778600900025 0.7333850000000000
9.1732552231603997 0.6057873291975718 6.0588930070549321 0.7532870000000000
5.3806139934347046 9.9013341736698752 3.8605615935868549 1.5839300000000001
0.8867769211486428 1.5498104257485392 6.3754380541089724 0.8803510000000000
0.8246661191922017 6.2170914510744817 4.1865112363529686 1.2328399999999999
4.9624501297063901 7.2641823267775383 0.7616069093764007 0.9297310000000000
9.4392222377625998 8.1868667585716537 7.9845426238297916 1.1020600000000000
8.1607460475812488 6.8319296360016830 8.9298912356447566 1.4360100000000000
6.9294433816021836 6.0230193605459670 1.9312526134688601 0.9246000000000000
8.8801513270479777 1.3464006647888007 3.5710978555259625 1.3934599999999999
6.2030284860214344 8.0508757269147129 9.1799558032828585 1.2147900000000000
7.5322071919551128 8.0689802409855904 4.0029385768098686 0.7414600000000000
4.5940712206403127 8.7636215330466545 0.5392868105100055 0.8806400000000000
8.0068146396587032 7.9524867372137775 2.0960710629361139 0.7325990000000000
3.6550554526970407 3.3993176087199615 3.5392896887640433 1.5795999999999999
7.3323799817847757 1.2802191857522205 7.1317030983104299 1.3024000000000000
9.2779945728059836 6.9068055816265153 6.4585108249905279 0.7808060000000000
6.9706629824836606 7.7649437692517136 4.4381802295483066 0.7428280000000000
4.2295432949381695 6.6871119704822704 9.8202760710801300 0.7232210000000000
4.9842362938251048 3.0842867971379100 0.4736540914396573 1.0294500000000000
3.2271626877513317 3.9297019935169359 5.0245008386858920 1.5605100000000001
4.7198750657987789 8.3116858344351243 6.6675380791942098 0.9233570000000000
0.3187851388743832 2.2054593611787849 2.7354380646655003 0.8079190000000001
7.9916424394643615 4.2643112938338170 8.2327375586524898 1.4830900000000000
5.2972901149545679 8.0134971226691949 0.0328817863255281 1.1784300000000001
2.3034982610712866 8.1790516660394808 2.7891601724781827 1.3167000000000000
8.7700753912247791 1.5455229689753915 1.3548027209364677 1.5518200000000000
1.5637404580154219 1.6604185810657446 7.7784302899168489 0.9038720000000000
8.1888827081290128 2.0430708907439388 7.2645719891641001 0.7494750000000000
7.7878329484232784 9.2319147317938040 8.2240576989229162 0.8240830000000000
8.1879620692409922 9.3461695114124819 4.5116270081997110 1.1501600000000001
1.1816019655872310 0.4741852197661933 1.4400305581770121 1.0325000000000000
5.0122819079621328 0.4552343843860908 5.1414197501591250 1.1883699999999999
3.3076829766196107 4.5761734068592785 7.1933624929510538 1.3031100000000000
2.1928281356818435 0.7844113436391031 8.0868968451851337 1.2419000000000000
0.5387125697268953 4.6455424783010582 8.4555313437997235 0.8364150000000000
9.0840801401045859 5.2929858754142449 9.3862606914878715 0.9686080000000000
0.0704490346294431 9.3456891181017774 7.7307015174225988 1.4702700000000000
2.6706726304721822 6.8706791710989714 3.6794569031668547 0.7363520000000000
9.9732095923829327 5.7854887678696310 1.4977118258839872 0.9210240000000000
5.4817515094704863 8.0664243819547199 1.8520969818598978 1.0628000000000000
6.8971068572794740 3.6745791143904354 0.1269096584434304 0.7834010000000000
9.4433170912184625 3.4178715731744713 5.3171700092550847 0.7967270000000000
9.8756693180978168 5.9095032404640619 9.2758265013124461 0.9649090000000000
3.0604050905176292 9.3128883195364747 0.6244708224733001 0.8978220000000000
1.9065569236786841 1.4153234573506723 4.4602219264404752 1.2358800000000001
0.9174092297841830 6.7576932719052429 1.4827243234198630 0.7485540000000001
9.5593151910058687 7.6304525341507832 4.8398355932886545 1.2696600000000000
3.5134424512458571 6.3140734308589455 9.7001573379229971 0.8473619999999999
1.1768466158839217 5.6721000103575507 1.3040608325206045 1.3563400000000001
5.3307158546801388 9.8355133971004420 5.9242264677961005 0.7740260000000000
3.3637124094356818 5.1579581513529433 9.1629001292439725 1.2693300000000001
0.6509053029007515 6.6401295116804686 3.2429723180208523 0.7825130000000000
3.9443559039102261 3.4693772624238961 7.9140146980482777 1.5095499999999999
7.1481091958647767 5.2442727295413896 6.0241392186536507 0.7896450000000000
6.9791362679989266 4.3432305939567524 2.6989326691254063 0.9843780000000000
6.2385597841086620 5.8058415468709272 5.6799643863702123 0.9258729999999999
7.1008453827549882 0.9299711617071270 9.0982149309704852 0.7232970000000000
9.6162337114227672 8.4817241103389271 0.3133482018986902 0.8435110000000000
7.2368429758141186 3.0912258826632706 8.3682704432743460 1.1584600000000000
3.9009314345210031 4.9611411826394933 3.4386399937654595 0.8996970000000000
3.9789429369874147 7.3605833137960088 7.8034113544702493 0.8425270000000000
4.7137959160278022 1.4085018680889412 1.0018057176970636 0.9174840000000000
4.6118390927634492 8.6848003346903795 3.8419346070460176 1.1644600000000001
7.7243559910805510 4.8514520334405216 2.9417341561746286 0.8088959999999999
9.7648140023324626 1.6610536321643428 8.5226256586612994 0.7528510000000000
8.8804966517891284 2.9100008026700732 8.9255922754267214 0.7855410000000000
7.3925281104259319 6.4562077396318847 7.0848612870711589 1.1125000000000000
0.0593905610446546 0.7545243965660619 0.8497934666811325 1.4649399999999999
2.2581191885464658 1.3292309182703825 3.4256099011984689 0.8642580000000000
2.8680996678158728 5.7001904777116161 4.0453963573706915 1.5768700000000000
6.5249290134366769 4.4574055454262309 0.6641866276643290 0.8627400000000000
9.2307661367875511 6.1095226607592483 0.3567444555148312 1.4853400000000001
1.3071027217781248 9.8660018919108161 7.8311459270945960 1.1174599999999999
9.5946994692573782 9.0784134238707743 4.4831133271961390 1.5995900000000001
3.0868665245801914 8.8276152697029318 2.1273609539557010 0.9159700000000000
8.9495855088701965 0.4674509168640596 4.9324203490796412 1.4693099999999999
2.5087628946171736 0.4521119277360487 5.5982294353118647 0.8431120000000000
0.9173659619886264 7.0977550910669427 8.0490476059229810 0.9215560000000000
1.5965597751114835 4.4127546365663672 2.8644104701135902 0.9999960000000000
3.0470535059688166 2.7777160742249345 5.3409246000144694 0.7612930000000000
2.1582508281560182 2.3946179734359534 8.0899164050175383 0.9994410000000000
1.0624623164308027 9.8230736211361922 6.8221702342033552 0.8092210000000000
5.5347710871382487 7.6131543615271342 5.1773362997711718 1.0126700000000000
8.7383452671816215 9.2281381385243417 0.6640262666739112 1.4738500000000001
2.6047027344648686 3.5905610504231253 7.9199067210587240 1.0787000000000000
2.7111114794664797 4.7310020338889052 8.2474084589458947 1.0420100000000001
3.6269300764963561 5.0032901848219300 4.6725135121780923 0.7430530000000000
8.6315602450104567 7.1247703083650764 0.0908168882685556 0.8295570000000000
5.4094175889304879 5.5573217536387203 9.7044165838372720 1.1186499999999999
1.6253887539698135 0.9983921322762840 2.8595685170700378 0.8784620000000000
0.3133766915210325 5.3839382951809265 6.5240021781507220 0.9858310000000000
2.8704189502235935 2.3156495579138392 3.1197861588903648 1.1178699999999999
0.2823172359396411 2.4094333292173111 8.4082714624207444 1.0058400000000001
1.4549277986294511 2.2575185263301258 3.1838036394040068 1.5428599999999999
7.9513461622310402 3.3908221240785976 9.5066049008691831 1.4896300000000000
9.0836489197914965 2.3575111647097415 7.9258470621577555 1.4336300000000000
6.0674510911006792 3.6549818614754956 0.2229879737606712 0.8150690000000000
0.7347779238127851 6.2864598547336374 9.3755380555921874 0.8218720000000000
6.4836225618794812 9.1345933889698223 4.3051194091237193 0.8638140000000000
3.6874111058875862 1.6992670821053486 9.4115709838921831 1.2296400000000001
1.7314285504783751 0.1459762597601418 6.0984152451819611 1.0271200000000000
9.8045148047887754 0.5905075880910587 3.9654278790508948 1.0249500000000000
7.0965498502583308 7.8573393834238088 7.5192931834989913 0.9173420000000000
2.6868849080253239 2.2498033019603603 6.0284326682345295 1.0424700000000000
9.7737106468828241 9.6285726228058977 1.0921345759369725 0.8140840000000000
9.0773037132435821 0.1252756758256820 1.5745352979958713 1.0661300000000000
7.3875046164466349 0.6542763761677294 6.1271072749909878 0.9769600000000001
8.5066497594000356 1.9590745729423185 2.5719525356980673 0.9730700000000000
7.8890517622511922 1.1416811709774126 2.2479071317350146 0.9156090000000000
6.4310522594336090 8.5576197433109478 2.4629031399481796 0.7987020000000000
5.6273033577108080 6.8721004578610776 4.4379804348674634 0.9779220000000000
6.7705640376066132 6.1357015770427799 0.9789131528208282 0.9200390000000001
3.9382980239558840 9.2231158592673488 1.3080634754923768 1.2387200000000000
4.2807208396909440 5.6449028813788056 9.7914835325026672 1.0658500000000000
0.5334651404972668 9.9227661535565623 4.1531712184357028 0.9031470000000000
5.9055247223577823 2.0708127719181717 4.6679856440480734 1.3108100000000000
2.0607558592924495 4.9175328669649554 9.5692460118049336 1.3962399999999999
1.6740984894939108 5.3952022066451457 7.1605144737408617 0.7861230000000000
4.3818150827589939 6.6272596807946673 5.2599995804885138 0.7388749999999999
6.3232610789485557 4.1295044728808064 7.5519394546061749 0.7366580000000000
4.8461823000520710 6.3467394741585590 0.3623802517266300 0.9867700000000000
5.4641801315102576 2.6531726389235031 8.2268056607902835 0.8003870000000000
6.9943789609803426 7.2294179190162469 0.8524792863983048 1.2392500000000000
8.2080834953724686 6.9800104552172133 2.6806649856791473 0.7457120000000000
6.7501447283561058 0.6728985036354497 5.1284478222066125 1.3020200000000000
1.3280015922899671 2.6218460286065084 0.6320663636801951 0.8412800000000000
7.6342126139374313 7.8254284850027300 1.4221032033781034 0.7669780000000000
0.9193271650636408 6.2863005660682161 5.4060848299725732 1.1242399999999999
1.5919621230640675 1.7980866230833017 2.0215899743034749 0.7509610000000000
9.6415398426332501 9.6908597328365040 5.6876051880736043 1.0004700000000000
5.1575690615648284 6.7707043895343926 5.2885358431802718 0.7760560000000000
4.6718278625977758 5.1353368080469082 0.9115133028835436 1.4064300000000001
6.7834637061537899 7.4045713088028640 6.4248498978656858 1.3967400000000001
6.9068316917535455 7.1049249878761200 8.6902130792218717 0.9085420000000000
8.8350583336668098 0.4777785829859105 0.6383444530201778 0.9132050000000000
6.4511585772887914 2.8026719718822575 2.3281227575534968 0.7487770000000000
2.3972530564421319 1.1504724907521211 9.1539676490762112 0.9613540000000000
6.5959450574483869 2.9443686804527838 4.2551487632401024 0.9718430000000000
0.0644516091110130 1.8480120559287110 1.4575823368077667 0.9413440000000000
3.0514185782345842 3.8855856782284222 1.3558201731020330 1.0193800000000000
6.8192021414015374 9.0399344977348139 7.8184098073371064 1.2287600000000001
5.3692657636904704 9.9897015618537388 2.4689352704422558 1.0022100000000000
9.9019649363750144 6.8733038394140200 1.4790958020403020 1.1608900000000000
4.9354774676727899 9.3606102077225248 4.9329882827130316 0.7540790000000001
4.0072442116534672 3.1123316247898121 9.4624307622570196 1.5465199999999999
7.0107640845401429 0.5291636142913618 9.8124014642744299 0.8615140000000000
8.0386097044605656 0.2083898287173835 2.4328000691909684 0.7810080000000000
0.2399272650945076 9.9561244495402015 2.0718678067212140 1.3652200000000001
2.6636924969915565 5.6460711223257976 7.5546354213007749 1.1532100000000001
9.7867491132741282 0.7668403627170708 2.9072502225839609 1.0382100000000001
2.6615801768191365 2.6019693552616046 1.3546909145551969 0.8213780000000001
5.9840827169293069 7.0982818733624162 8.7751948401604327 0.8187489999999999
9.8033418516516768 5.4534831855439867 7.3915707186089845 0.8670660000000000
7.0740485836091631 8.7842990300095263 6.5434096918646327 1.3210400000000000
0.3023172684750814 2.8586805963528223 9.2581863774108548 0.8430839999999999
7.8152181174473183 7.0878117801479261 4.0864390378773274 1.2259100000000001
7.9216909505439652 4.5862298784383198 2.0594723802366506 0.9950790000000000
4.0924742725292589 3.8620944940619064 0.6180832385268266 1.1081799999999999
5.6201941646956941 2.6526959316857890 2.1491433654461778 0.9076530000000000
4.4570326103061735 6.1743378678096077 6.9732965491946057 0.8118840000000001
6.3000828289330100 2.6557307287739134 8.1928240095223384 0.8047850000000000
3.4232748743626691 7.8188158807511527 8.4172922993875936 0.9748280000000000
8.7418612223383718 3.5785285969427241 2.7550013180788335 0.7750570000000000
2.7976167290451976 9.3859702237970772 4.5923626084171625 1.2175199999999999
6.7506792049692130 4.1115986540564995 8.3418294479266404 0.9295210000000000
3.3108323836648323 6.1068786072334129 2.9801350150472019 0.7684740000000000
4.3106691462367976 0.7010398004832704 3.7931585906194307 0.9870989999999999
7.2593024648737225 0.4025097946565273 8.1810229629169715 1.3328300000000000
4.0779049750144267 8.3484763270525253 8.8751808935536030 0.8071710000000000
7.7067878425514840 7.9402381857602347 6.7471779835838674 0.7450190000000000
4.3281531684341958 1.0739209186469392 7.4297346981945260 0.8951910000000000
6.1297229554781500 0.7631973841981288 0.6924823174023630 0.9376880000000000
0.4378327446442838 2.3633861764769999 0.8251059625812857 0.7762930000000000
3.4287272982617369 0.5975150398260384 4.2511353016425932 0.9313500000000000
0.1553485739610936 8.0675519790085435 6.3366046442423150 0.7755210000000000
2.3623300241742946 8.3415933653340932 7.2053647047247633 1.5625199999999999
8.0407815579201358 5.4186603943508089 3.4236217752734763 0.7471600000000000
3.8931651054331593 7.2573687589922011 4.8473280380442754 0.9770030000000000
5.0984836024524300 4.2256235325219755 9.7742987626372386 1.5124899999999999
0.1560605836264982 4.3479006732289482 9.9489082598073733 0.7835110000000000
0.1249255127553657 7.1445265958331143 5.8846302419856888 1.1979100000000000
1.9232235114597576 5.1116821868269646 2.1252494841066043 1.0214000000000001
9.2527137478652328 5.8887830030212260 4.8190204169974251 0.9129620000000001
4.9851513447577691 3.4735315966308091 4.0263256069731286 0.7525470000000000
8.9874660459543634 4.9295459789818530 1.3652780687187902 1.5371800000000000
3.3055628390078682 5.3263723291060696 2.9417315461393208 0.7345699999999999
0.8000168075253117 9.5544426676417835 0.8253894736216876 1.2178500000000001
8.7217934488888993 8.3353674911681797 5.3110815738101849 0.9991360000000000
7.7976570098290940 9.5107833663030412 3.1539745967348423 1.2040800000000000
9.5710802834147444 1.6954810436464636 2.4148670228758093 1.0208100000000000
8.6861879767415200 2.8915454878579792 2.0401239536537026 1.1180000000000001
6.3561456421347184 1.6444756255957085 1.2749041189359485 1.1380500000000000
4.4410841582640623 0.4570537370102498 2.7643517518868719 1.0583000000000000
7.7837310454491675 0.3581370251477767 1.3270739264793594 1.4183699999999999
9.6561349284647608 2.3279716049518879 6.9203727667177546 0.7845880000000000
3.5723700802534428 7.9908833934514396 9.5215228407532937 0.9085140000000000
8.4234539595336990 6.4814739699564550 3.3896061632093515 0.8734600000000000
5.3871845785389674 1.7995151093726263 9.5856998988128641 0.7240070000000000
7.9334676507451656 2.2996780238230765 6.4802727127874471 0.8407680000000000
6.6932386828190982 6.2007323016942273 4.6145080555925446 1.4217900000000001
9.5261542216091772 9.1005415663314313 9.2102789060074937 1.5953900000000001
7.0234544670438517 4.0059189165126039 4.7123695442404436 1.3982699999999999
2.2485260702579377 8.6326174302241032 1.7291270471149540 0.9044280000000000
6.0936369731590467 5.9861709163409200 8.7185540488190512 1.3324300000000000
8.9211468227820276 1.2238194896540471 9.1017546538388956 1.2855200000000000
6.2937743746456540 6.9260053946465154 7.6912256989341943 1.3728100000000001
9.7634392962332370 6.1072111286235522 4.1537589655045055 0.7286960000000000
5.3008697439839141 1.0778212914191352 7.3466340686441871 0.7862530000000000
2.2144415935336044 2.1838121271814646 0.6254161322651155 0.9976050000000000
3.3952595679025008 9.8280088424018874 9.0739609915535180 0.8516590000000001
0.8457422154244447 2.7572798814430457 1.8414104783769008 1.4499200000000001
2.5221355010548212 7.2286367173886736 9.2164281897738185 1.6008500000000001
3.9317900415789291 8.1854434438586399 5.7587428360404145 1.3485900000000000
3.8292912728017794 0.1022978559140656 6.9759371038765607 1.2342800000000000
3.3138084846195843 7.3796490130818970 7.2852935370346881 0.7579200000000000
6.7351024733266636 2.6504182632807090 5.1281058209328512 0.8206770000000000
2.9094882198099943 9.3794790148911673 1.4770300689160454 0.7583750000000000
2.6488670855622529 0.1403000038933543 3.6115993384665521 1.1801500000000000
2.6476049129354906 3.9806588857215028 6.2941672019648331 1.1268000000000000
0.3215061077705008 6.2345710734914617 0.8056182242341626 0.7945320000000000
1.1955977766711088 1.6995500458918624 5.2736951488039825 0.8812810000000000
5.1319448358496338 3.4091312532511275 2.0143309407585770 0.8425910000000000
5.3198489534148470 6.7262025775187269 8.3100211520750396 0.8685960000000000
6.0802766115863465 0.4342561824617780 9.7817694187184827 0.8937659999999999
1.8988555157562075 5.3719493525068120 3.1446458611426884 1.0028300000000001
1.0013516226516406 1.9057540637005079 4.2484043668359277 0.7838100000000000
8.6921510727480218 5.1573383726302895 4.7410332781788398 0.8558789999999999
4.2071502317168550 7.8333307344024821 0.3476131871307302 1.0314399999999999
2.6256613571869267 6.8588424908493026 2.5892382339295459 1.3262100000000001
4.5024367609695775 9.7360525062218155 2.0832769907904343 0.8532680000000000
4.2301077421923940 5.5383246844590959 4.2515157417554814 0.9429560000000000
1.0277226258021273 5.8698414936297620 3.1528048836436398 0.8267760000000000
1.0762811312380089 8.6414962496699932 9.2727676177818790 0.7928720000000000
4.0716739101951553 4.9239465161109237 5.4098216058229038 0.9168760000000000
7.5213895805155344 4.3945975170267593 0.2626236654363799 1.0651200000000001
7.5682026106805171 3.3264685388454454 0.8684922117776623 1.2352900000000000
0.9326786222233271 8.9656228124120023 4.0866596343554882 1.0939500000000000
7.8063460150506563 9.6041077571720397 7.3389783160809552 1.0219800000000001
0.0857447685158437 2.9854419808486212 7.4429892046454809 1.0215500000000000
5.6890082864301501 9.5964806913563887 0.0171429550591483 0.8664740000000000
4.2234872074687795 9.5929342825082262 5.7544876327514860 1.3502200000000000
2.2571705659241328 0.9445837969540866 0.7631880314036342 1.2389800000000000
5.9735138239421621 6.7896027147474758 9.9385185648606864 1.4821400000000000
4.8020534907394445 6.0956683089012831 4.7587670820525760 0.8683530000000000
7.1090312059037810 0.5197569278878020 2.7705718973049764 1.2081200000000001
5.6365863245903141 6.1862361576261593 5.0259548665718237 0.7587880000000000
9.0469583168759975 6.1653719421596280 6.2073839883446285 0.7605950000000000
4.2840574541898651 9.4768562490227737 7.7386629637223923 0.8201520000000000
4.4177828642651322 9.5083602294457830 3.1128320072433966 0.8805440000000000
7.5663183739552027 6.6380171870057634 3.1166731118782258 0.8820260000000000
7.4566060593736063 8.4541249449100508 0.2402761459293337 1.5203599999999999
5.2213315912335752 2.8301709988025685 5.0147233952022123 0.7567580000000000
3.5683616608762292 7.1729653460178326 9.9689301739212510 0.8803000000000000
2.3157604567091958 3.8303662996033334 9.5313737334993185 0.7536640000000000
3.3913915668477626 1.1205014584193951 3.0786658755618537 1.3914000000000000
4.1048080476821092 7.4239289867920313 1.2757513674240200 0.8307740000000000
1.7240574049273605 7.6598342001811908 8.1609016829315184 0.9055270000000000
6.0426887550872399 0.5266460719927738 2.9142419396084702 0.8413850000000000
6.0045557240757601 3.0733550776448264 0.8284457157394117 0.7941690000000000
3.3626354614581073 1.0015459040557135 7.6131433676507978 0.9502950000000000
0.0450563922505105 0.5776885899665749 5.3267121336177485 0.7807940000000000
1.7691139719635776 1.6252929587645721 8.6547763574946668 0.8286559999999999
1.9548185101494497 2.1858162081473846 5.3279372451088651 0.8547490000000000
0.0353901665151470 5.8836795056799209 3.2677406553188728 1.0944600000000000
2.5982700448356013 3.2551470258250399 1.9147827270535904 0.8208630000000000
3.4007543436154668 0.3819845988095274 6.0750678591809661 0.7517730000000000
7.5428163723146451 2.9477810609083122 4.8092942909427325 0.7780220000000000
2.3354968834780627 9.1745256800608228 8.8060385502540441 0.8500910000000000
1.2729183177411179 5.8441639890779085 0.1268789778921975 0.9314200000000000
4.8662138771332755 6.1078256318382449 3.1763376023733207 0.8022440000000000
9.4799466221170547 8.5743329534797876 6.7883531261746661 1.0408599999999999
6.8905730673368364 9.7206474362376589 5.8154142906464967 0.9542400000000000
8.8115066824376136 0.7537934422294236 2.4441776016736840 1.0389900000000001
2.0616829431293633 2.9531375840497427 6.9099678803715427 1.4373300000000000
0.0518767793644583 8.9311940683170334 2.5189018502988270 0.8150860000000000
9.8794300208810775 5.1710436690412926 9.8914734643914759 0.8589660000000000
5.7395592692639781 4.9369886986545675 0.4965449674193820 0.7951850000000000
8.4263377411192675 7.6630214135136105 8.0557850097052359 0.9366520000000000
2.4815877068557448 5.9849659831180642 1.5351848813089211 1.2593300000000001
5.8637895326586094 1.3189503379903171 5.7677674367467162 1.1355800000000000
3.6102800559631341 5.6941654658292542 1.3101787873445467 1.0235700000000001
2.2445700586489297 4.7514194725285259 0.9828963905591400 1.3629899999999999
4.3076707199314592 8.8409616598421099 4.9829196037249375 0.7280900000000000
1.0954061046287056 3.2315507873166074 6.1665834759200298 0.9664270000000000
2.2602689629625536 9.4388317259537367 7.8907048398172215 0.8621430000000000
5.6099089274242058 3.0614452625137778 4.3676871370584456 0.7558630000000000
6.3294208475640970 7.8985385638057943 0.3052411317421726 0.8470230000000000
8.2507518818914711 4.4206174558718256 4.3990601147454038 0.7655670000000000
1.7988683898528304 0.6581365467852852 3.6122745292450458 0.7337040000000000
1.9348874842087433 1.0119944835294721 1.8255489713726478 0.8964390000000000
4.8073581105608065 4.0017334717045090 7.1549191743207654 0.8935040000000000
9.4025364032404237 4.1459646709770093 4.6682405240672793 0.9287730000000000
0.9131529666250423 5.1951713516360023 2.4875687219635005 1.0086500000000000
9.1790598080494750 8.2674144545023633 1.1288194303022492 0.7301900000000000
9.6532340429928709 2.7380161427018486 6.1238742801325303 0.9262000000000000
0.8265691456680992 4.9366462064299892 3.6608247693925442 1.2511600000000000
0.5812004103158197 8.1628147741818395 2.5485580499809628 0.9796530000000000
4.3810292312661767 7.5456481929589216 3.9382113039918618 1.0783799999999999
1.1754027742526771 8.9579563076428599 7.1891796714689269 1.0105100000000000
2.1428366478534122 2.5785326509317654 2.1603807528231882 0.8129720000000000
3.0044672961106715 2.6730776203499409 7.6401768425022025 0.9183240000000000
4.6239693293770943 2.0513221249223150 0.1340457597976372 1.1450600000000000
3.6063502545741053 5.5600939028371226 5.7957933882255146 0.7612240000000000
2.0276803039535887 9.0635019006453685 3.6818134265171540 1.1588000000000001
9.6200331366774137 0.8759206245404461 1.9412842425315873 0.7726690000000001
8.3245797263681052 0.5257255613985553 6.0161544725225209 0.8291860000000000
8.2114742977192101 1.3390676117807161 8.0562791168763983 1.1544300000000001
3.9623818307763377 3.6808860073911078 6.3668671153613632 1.3558900000000000
6.1153200349507930 4.0401670185685932 5.5569397748546336 0.9763240000000000
6.5394137256466518 8.3824720628203977 5.2803284114246010 1.4290200000000000
2.1700065832341573 9.1985029354575065 0.9585289475881125 0.9365320000000000
8.8202650354964742 7.7599990919796857 7.0998433930229981 1.0606300000000000
7.4397250630359855 2.2950006397198988 1.8777658360480778 1.5522800000000001
2.6473601773973230 0.5223864872372599 6.7632313583347745 1.2124800000000000
3.8998955870491114 6.8245996394873751 7.1664178569551211 0.7507640000000000
7.8418940671431221 9.7103075104120755 6.2651289297671884 1.0545899999999999
8.9432556540456769 1.2539851027853679 6.9457902010621604 1.4060100000000000
3.8786553553026595 2.3519560802113837 2.5795893386634070 1.0838399999999999
3.6882756217999950 8.2791176839022622 4.4935776182991383 1.1350499999999999
1.1469825064672130 7.2663287648630908 5.6093350165496698 0.8494370000000000
2.9285298078523794 1.0007229129252100 1.8629507998157209 1.0087400000000000
8.6138924399746237 4.0153232571226125 2.0387955361340016 0.7299850000000000
6.2310256181692534 0.5031092402648045 1.8232715204325112 1.2708200000000001
4.0689878272275584 9.0114745458594800 2.3970125615370805 0.8762000000000000
0.2156002739318624 0.4980290300319914 6.4403908351373804 1.3922099999999999
3.6481734245911044 1.4050850301192761 6.4926244100999257 1.4053800000000001
8.1128347483577361 9.2778913736124853 9.1805037426414859 1.1185300000000000
6.1527861925578273 1.7196913349884564 6.7071927144553589 0.9025180000000000
1.0565875832481662 9.1898907557083298 2.8732693645623786 1.2844000000000000
9.6920550212824210 7.9331944131839816 8.8848795321431417 0.7547300000000000
5.4266212179310047 7.8168056215085047 4.0894508150054927 0.9962180000000000
5.6826485671467983 2.8565421877771504 7.4144803357220086 0.8108800000000000
3.0303494491644476 2.4465626010853030 9.7781711042594655 0.8069220000000000
6.1155405298982517 9.9687546067987913 8.1170954727250528 0.9960639999999999
9.5351069344456807 9.9361672923963749 0.2412791429388923 0.7321210000000000
3.3417363780887830 0.2187952073857060 5.1791104741771630 1.0034700000000001
6.8945753029332160 3.6192730040179719 3.4994563094134823 1.0566700000000000
3.0772483974837672 4.2092608546090711 0.0845464853544236 1.1856599999999999
9.4531846946603402 3.1713815065836979 4.4022681610915084 1.0133500000000000
3.6052158153987373 5.7004637635779876 5.0198190016338149 0.7550410000000000
0.2975164810344418 3.2208002687663768 5.5743143922949683 0.9422710000000000
7.7039809189058337 9.8448607079960251 0.0961029182159361 1.0861799999999999
2.2482493356416677 4.1227387579887118 2.1136421492110893 0.9049509999999999
5.2936536610017164 4.7951504922618780 3.9996203109269715 0.7669170000000000
4.9730364031490195 2.1095064024907839 2.8009855300913715 1.1078399999999999
6.2679494924435133 8.2569600505660770 4.1575136711092524 0.8045470000000000
9.0992500598557093 4.7111628938970966 8.5982055666086303 0.9149790000000000
8.1308828548498226 3.1772343274293369 7.2073752977585723 1.3474500000000000
6.5483350935498761 1.7073028869603748 9.8761172705148095 1.5761900000000000
8.6988775181388043 4.1176706864083013 6.9283254538739998 0.7654710000000000
2.9360640206885820 9.5438969524295185 9.7648736930217623 0.8096650000000000
8.6109917394374840 7.2422735831614089 1.4446828647924692 1.4145700000000001
3.2211834913024542 7.6434277368236279 0.8346876333161087 1.1041300000000001
0.2848311567622732 6.7603316726268590 0.0574541338597101 0.9656500000000000
7.7773475642102845 0.0830520205592821 5.2576697413384865 0.9850380000000000
8.4615287558471497 4.9306201854145097 3.8430466444389362 0.7306700000000000
7.2707755053914394 1.8281940014874507 4.5679206377923727 1.3524499999999999
3.3188521618801161 9.0268530412210808 8.1937443199674842 1.3913599999999999
1.7655393191032100 7.9361663284464932 5.3689377419356870 0.7915660000000000
0.4417686169434542 2.0049647064466205 9.3634897821607641 0.8231240000000000
5.2159681221609278 8.6514366976818255 5.6898708214903415 1.2811800000000000
6.3687547130591176 7.3331051595546999 4.7850932563949415 0.8232790000000000
3.6082038521613740 1.9361203531702733 7.5719839174311545 0.9081480000000000
1.9618326372986592 9.6213353308773613 6.9861383035347560 0.9921270000000000
8.3723555371835641 8.6186505620153984 6.3716356758455639 1.2155100000000001
2.6774447450362464 8.4237450148098194 0.0697804465269899 1.2384800000000000
8.3513806854464185 2.6656171273542517 1.1160107169658193 0.7899330000000000
9.5078203624424038 1.1884608727095098 5.6472803839993624 0.7333610000000000
9.8862077023970922 5.0867538963692658 8.8115378295365669 0.7950360000000000
0.1497204393304693 4.9348720727492994 1.8959433370693772 0.9125030000000000
7.0609007212368313 9.3946407082207681 2.1013616718294110 1.2778400000000001
1.2686405312594047 7.7911071732637645 9.0541960605107423 0.9354350000000000
0.5428027185807544 8.7862579839427664 1.6893135080595987 1.0585500000000001
3.1269036710271094 3.0933685053013349 0.5535208759571025 1.1429600000000000
9.1137753586236379 6.1555897322347590 8.8719556768970396 0.7575490000000000
3.4329337956077670 8.0506081944609704 2.5593229469538876 0.9069710000000000
6.7402760238667305 3.2114632235157390 9.4211654793818926 0.8680950000000000
2.7237114086449852 8.1991121439312167 5.1749071945222989 1.1361800000000000
8.5687385230880615 8.1205022947046412 4.2215614360780727 1.1472400000000000
9.6734129848598354 1.8472101329075936 0.5442982028535241 0.8403340000000000
2.3214432797001643 0.0965875854207579 1.6363615955478144 1.0459300000000000
4.7567964455284875 2.4228081345008863 3.9979346210275466 1.3029100000000000
5.5756822994283430 0.2670200024384076 7.3744314146230225 0.8596360000000000
8.9234168369931393 6.7352031184978491 4.3350637938487617 1.0549599999999999
5.7493911956003529 7.8101565011696561 0.9456286098318518 0.8188420000000000
0.6479583394370692 5.1849765809080832 5.5634390144406671 0.9913550000000000
5.4752903153241430 7.2204173811153414 2.5648383682553084 0.9494510000000000
3.5068530548251569 8.1085043545277564 7.5544352253442311 0.7817690000000000
0.4158874856190454 2.7065767332019104 3.9338022741351275 1.0569299999999999
0.8290787246544835 1.5563002994989616 8.6258521305454607 0.9759100000000001
9.6320096926832708 0.5920222354383062 9.7147920927136298 0.8887880000000000
4.3291802927450505 4.6200939795042277 7.6111068060446021 0.8211150000000000
7.3619203807580043 3.2430638727204659 5.9477788374389426 1.4668200000000000
8.1611861919903177 2.1997641165452935 8.8793931745770536 1.1306200000000000
8.7173945825382670 7.3585454009349878 3.4838834853654972 0.9123960000000000
1.5474349826271516 8.7525370294482805 8.2776730533595515 1.1458699999999999
1.1471922812623925 4.1927218196880762 8.0995474430379275 0.7665890000000000
6.3587252189099974 2.8922835935942559 0.1166938288270350 0.7665430000000000
7.9813957451465081 1.0850278844459262 0.0967760652486629 1.3555900000000001
0.5971092252699525 8.9942563495637149 9.8849964991745782 0.8443390000000000
3.0213097233662141 0.1697634951070532 7.6722357384215378 0.7764880000000000
0.2940352398505900 1.3531875162907405 5.4799093755300401 0.8073810000000000
7.1074371129290368 1.1260196155914080 1.8453656161915870 0.7719570000000000
9.6989783758561394 4.7038363523108853 7.8822076318674323 0.8546870000000000
5.5200469641708168 1.1656309065629746 1.1548590852078722 0.7239390000000000
7.6175321776498608 4.4654596360234047 6.7839516361118219 1.4220400000000000
7.0934950807632964 3.3653496595393562 2.5181821540558991 0.9307780000000000
2.0583923694867927 3.2297859139926293 5.5812876403780987 1.1655100000000000
3.9244981994661572 1.6088131469103906 4.1599592956890650 0.8330570000000000
5.0070469441217593 7.8661821314281610 3.1508671544736688 0.9521130000000000
7.2219971553588636 2.5027689155025321 9.2473888200413743 0.7622170000000000
2.0498000939687229 9.8423327102042855 5.1898744650705515 0.8208360000000000
1.2496478222233807 3.5592222660849560 2.6620139089225012 0.7855760000000001
4.1526746632660183 0.9601733508033063 4.6963621561598670 0.8337900000000000
2.0588418714360484 4.3425407962678024 5.4522608500425518 0.9615710000000000
5.1794836410880105 0.9976787969728802 2.1489409381779363 1.0512200000000000
5.6371362956621729 5.8502968753956450 0.6970886509608187 0.9205620000000000
2.5013465151244021 0.4693835693460127 4.6657502750926305 0.9459870000000000
9.1274237021897946 6.7335412673752035 5.4860332109243766 1.0124400000000000
1.3231340434808878 7.2504449622169007 2.6600830935674034 1.2930699999999999
5.5241250890222373 5.8183603271182740 3.9666073030888471 1.2520100000000001
9.5477219303606518 2.1296675779668752 4.2994007618203849 0.9732960000000001
1.9925356141547081 6.2235401756207072 5.9082060438875423 0.8443510000000000
8.4230338364364439 5.8889785650600208 9.5212400598860327 0.7602230000000000
5.6786790919127874 8.8976045465143141 8.3446370943384540 1.2015499999999999
5.0743276680679115 0.6655063262272477 8.4018618998680168 1.4133000000000000
4.3583033223736338 8.1141096876305951 1.9788095178726246 1.1082500000000000
1.9948387389457258 6.4781128804948231 0.0280044709271719 0.7527630000000000
9.0484548889949803 2.6794508071912015 5.1346162564869866 0.8472810000000000
2.2569019769077734 9.4386588649567393 2.5676207793071057 1.1440900000000001
2.4687409294639302 8.1363703222074779 4.1036494880791219 0.9723380000000000
3.8999945319719993 7.0049863659577518 8.9715138324106345 1.1259600000000001
5.6083907803856787 1.0955326895672075 9.3651614067273847 0.7533390000000000
9.4049672885978239 5.5074017300986098 8.2154482089094980 0.8825620000000000
3.1536676180702115 1.4801645674175485 5.0928646966122351 1.4547800000000000
7.7127887230459216 3.3319010282297619 4.0196939005664314 0.8849690000000000
8.3448780125905024 5.1367562169936836 0.1879919046000328 1.0669500000000001
5.2580114330804024 6.1762023982382805 6.1986252596144187 1.3236699999999999
1.5873702578886535 4.0614040682920542 6.3311241764439625 0.9145200000000000
8.2195153103451482 8.2282201813622837 1.0988766668945666 0.7314060000000000
2.2553708748682646 4.5862654220043799 4.5282922081821795 0.8274760000000000
0.5670377448863866 8.4881045154962145 0.6275045130377501 0.8829050000000001
9.2250803939899644 7.2694858688413797 8.3190300578241576 0.8076730000000000
3.8956607887973798 3.0566025487835127 5.4851267131478219 0.7262900000000000
4.6652152072930946 7.3475739803240092 8.3663572072613590 0.8626220000000000
3.4402749120391007 6.6894633017115623 1.3795202018482078 0.8884069999999999
1.7648942353247372 0.0021044401284797 0.8459418529609209 0.8076330000000000
5.5307685179874806 8.8945691559052591 9.4344330217927119 0.9144870000000000
9.4630635785697308 7.0399064351018765 9.3274502780936430 1.2125900000000001
8.0230943423399310 1.4538718820362193 6.2574841268283725 0.8376510000000000
6.9757002034689100 4.7682280226906428 7.7307767343417177 0.8174900000000000
0.4885769224478123 3.0768827488168551 2.9778344028843531 0.9122670000000001
6.2417864211501408 0.9853464482587937 7.6928913844535067 1.1062900000000000
8.0725254011278924 0.7561576676386026 3.0145094428876198 0.7569090000000001
4.0388754402640172 9.6545273342796740 4.4152531621930544 1.2491800000000000
3.7691661316372138 0.0795300395130198 3.3581339167267643 0.8059320000000000
5.2517240544684780 4.8750568490108046 1.9401709833217722 0.8957650000000000
6.8265699109950768 2.5904986239814183 7.1776173468140474 1.3984500000000000
6.6224788094464584 3.7128131793040917 6.8063754247220594 0.8909520000000000
0.4142207386282018 1.9225734472117098 4.8533034077598094 0.8327570000000000
3.1146335049970792 0.6732539307280985 9.8714471243909205 1.1949200000000000
1.2667742240261750 8.1644399738523070 3.3968798263611326 0.9661090000000000
0.6936622148350273 1.2684805518962587 2.2696709704614539 1.3028299999999999
6.9008606597652404 8.6513047994171686 3.4031429559436210 1.2314400000000001
9.2012225153109384 7.7909643641194375 6.0931271159340099 0.9875690000000000
4.7022244738563117 5.1838689482949816 8.6260399678312485 1.4641400000000000
1.3151141050683086 2.5421262636232913 8.8432878008307600 1.1636100000000000
4.7431767938838316 0.3295379790418014 7.3950976455255271 0.7242280000000000
4.9027558130136004 7.3035080710203717 1.8715531912383692 0.7796360000000000
2.0008545869492127 3.4027431524802920 1.0125734965797286 1.2714799999999999
3.3021701017918872 7.3620182034906465 1.9030195312162308 0.7538970000000000
7.7091948452125711 2.1366379734182819 9.7444725109373600 0.7327850000000000
6.5402114996181693 0.0144653015415763 4.2775252831144641 0.7962880000000000
7.8763149636928080 3.9712460056754080 2.8287967725250645 0.8999740000000001
7.5034570350007366 7.2220671717700622 8.0735080922590452 0.7525800000000000
8.4188196615322592 7.3695486067531277 5.0405860812495931 1.0099100000000001
5.6289116121716924 1.8572161211013669 3.6141895545085974 0.8251930000000000
8.6457285274683553 3.6213838207230102 1.2956940248212305 0.8867570000000000
1.7316777415695648 6.7577579721237990 1.7514294489444897 0.8454970000000001
0.2939647008110992 1.5344321251287345 7.4846944411464706 1.4419100000000000
0.0685544280699214 0.5719360008758712 8.5979406968148400 1.4182600000000001
2.0530204066983191 7.4241005793002621 3.6243061949423470 0.8558630000000000
0.5196756721764682 4.2909335380515463 6.3202418461235217 1.1866200000000000
0.2538287452307339 1.5940653602316273 3.5847124394500867 1.2046300000000001
6.0282481004827639 9.3148365899062178 6.2405477521651562 0.9970550000000000
0.5432494088333891 7.1173601311548129 8.9887480001219817 0.9672980000000000
1.9337945679133972 6.5249163533880941 8.0530595269723531 1.2417499999999999
4.4049228893509405 4.1007544227867108 8.8178701223048801 0.7261930000000000
2.0929588990930852 7.2901374233909264 6.1957665722437554 1.2888800000000000
7.2614921887627695 8.7353784323446781 4.4143465393117491 0.8288410000000000
1.6360803884323070 5.5510327450036376 4.0309157572585423 0.8070450000000000
2.6504584504060427 1.6641467444263163 9.9157415190015907 0.8701380000000000
4.6793681398860087 2.0973660276060713 9.0069675353074512 0.9519740000000000
4.2898263255396882 0.9032194661057464 0.2158208862559605 1.0559000000000001
5.0344832537931286 7.6554480522534867 6.1181265836790644 0.8249850000000000
9.8303786228452825 4.0532640934703492 8.6593311541749394 0.9809510000000000
1.5251343297850879 1.6654293231189405 9.7647746463545779 1.3129900000000001
9.2473852375285617 8.0101303132307589 9.7112212407735150 0.7226290000000000
9.2375897691498388 3.0276401491717237 6.9654697765469384 0.7809020000000000
9.2768940281405055 5.4120788616828115 6.5070435255314116 0.8525130000000000
4.0626161658990405 5.9685352348005347 6.3024909785424672 0.7244370000000000
0.9288054679113134 2.6228024412555273 9.8332178503013399 0.8536940000000000
8.7597428996446727 2.3625161486402644 6.8182172786382482 0.7647119999999999
9.9128254729311820 2.6020340209029960 5.0176727537384611 0.8215720000000000
1.3626095245488838 0.5869362037325551 9.0344158259053486 1.2063699999999999
3.9752826072544707 5.8510108540094707 3.4425064514141499 0.7903150000000000
0.4926872358258118 8.3385616500782369 8.5423632198165897 1.0923400000000001
5.1405212279080557 6.3280440400826636 2.3631314054796868 0.9016590000000000
0.5719197524154285 6.2777711240278604 2.2983815284892097 1.1677100000000000
6.1316409899190774 9.3681748179573479 2.8604844719817217 1.0315200000000000
3.4362890650080340 8.1007471952688324 1.7054351989816876 0.7386170000000000
4.7480836254717547 2.8699317099201966 8.5481116593504662 0.7610360000000000
6.7590113796156697 5.6293022321734112 3.1612243353083622 1.5788700000000000
3.6388502804544069 2.4059881553629374 5.8939252100341735 0.8305760000000000
2.6244509033417369 5.7175272105814967 2.6128630789062659 0.8317610000000000
3.6736924833508633 2.9687630082688612 1.6084871459139600 1.1553599999999999
0.9948872983039545 0.9410759983273693 5.7134090885316686 0.8187120000000000
5.1063678171407805 8.8782851875062470 2.5960196084053613 1.1707700000000001
6.2690113725613354 4.3583749949976314 9.8723595036174547 0.7416820000000000
1.8075668081309311 8.8916610298171062 5.0500923157410771 1.0837300000000001
2.0052909368100198 6.8956145208291746 4.7671101772832083 1.5646300000000000
6.5791336586610116 2.1294475000823532 3.6976337012573581 0.8619010000000000
9.0271315316025600 5.7015793371356578 3.0920511814081286 0.7569770000000000
7.7343336899135871 5.5455826506276971 7.6098792917040310 1.0108500000000000
8.7388911935292573 5.0497315587469851 7.3551803379096290 1.1994700000000000
8.8833556464853292 9.9869859566248014 3.5800473327503117 1.2195800000000001
9.2272417922439889 3.7293898330231241 7.7345173604330908 1.2217400000000000
4.9693417597016403 7.1733072109781180 7.2635155294278615 1.3455600000000001
0.3814082871199979 4.4312107696263450 4.5702141819468221 0.9240170000000000
7.8450323377054083 7.3494236451428083 7.3185865345107883 0.8584580000000001
1.7938367030356130 3.3784718362895028 2.0516137247073813 0.7659430000000000
2.7023862932515335 4.5637978525605174 3.1798792339614339 1.1897000000000000
5.3322439631790992 5.0339844068391120 5.1832681000758658 1.5537300000000001
8.9485150580275548 8.6761081588689475 2.9930133358078446 1.5470100000000000
6.7951872323597575 9.7655138460965336 3.4827811860755937 0.8771600000000001
5.7213775496961494 1.7893533137236235 8.6778306546173400 1.1372800000000001
1.9605214306965393 9.8869084708642436 8.5634345000064549 0.7634870000000000
5.7077173376361490 3.6884220967095565 7.0575447946984831 0.9303430000000000
6.7450835317754612 0.0592046911010665 6.9444698475595761 1.3245000000000000
2.1547321693271613 5.7959463973493630 0.5031864602646238 0.8526510000000000
1.0513749224916407 3.9428999718913689 5.2804152608697237 1.1427000000000000
3.2060242960160261 6.6054884305109489 4.8283661652029322 0.8149490000000000
4.3423825355610397 2.6251522812676966 6.2956759922040471 0.7803870000000001
6.0951989968956646 6.8016609513918276 5.5623120296700446 1.0226900000000001
4.8624126285780322 0.6881265353829882 6.4068832877768367 1.2981400000000001
3.4976886979825590 5.4906290473204713 6.6093703792025691 0.8157010000000000
8.3460686877411554 9.3575210714255519 1.9599010220592001 1.0919300000000001
8.7083459768077436 0.1397717600884877 9.6564436525816575 1.0899500000000000
4.1106083103793125 4.2005613657324998 1.8040567598951442 1.2647299999999999
0.7743563101867161 5.2415929997977999 9.3170475723546513 1.1894800000000001
1.2222808436579042 0.5644657149984872 0.2534434571637060 1.0761799999999999
4.5049464650475057 6.4386728331849445 1.4540277347814357 1.2203299999999999
7.0101971692409988 1.7819053178754976 8.4029147423143922 1.3971400000000000
5.8520807209638219 3.9798434373180309 4.1063474415307173 1.1391500000000001
0.6459469225594867 4.8118962857835452 7.4288671230208863 1.1673800000000001
7.1798427288258519 7.2680901020822626 9.6677301811301248 1.0686400000000000
1.5713464414703961 5.2377210656572819 8.2592020170722868 1.3581399999999999
9.8961582581638474 7.0104011472510068 3.7906777345319855 1.1472000000000000
3.3416843683028707 4.5662500691089125 3.9888041000210213 0.7881450000000000
9.2183346061179261 1.1756001306612334 8.0325947496176990 0.7551890000000000
4.9846478036025044 4.1862403828204195 2.9924715590147581 1.5740000000000001
3.8708669507527875 2.2916233039444354 8.4466826757210036 0.9768880000000000
4.9986805491077115 9.4230630805994018 6.8904430362099536 1.3154300000000001
2.9057651262189799 8.1442775672005734 6.1425856599878630 0.7598040000000000
7.7365313580187260 6.0820667431234208 3.7745347151365887 0.8048480000000000
2.0843044213722992 0.5631321381125982 9.7880661757673604 0.8010330000000000
3.6571060494344145 6.0220589067655634 7.2807572696333551 0.8415319999999999
7.5608076565942834 5.2646211980589941 1.1236799692068291 1.2913200000000000
1.0295776150043447 3.8507905459658622 9.2511612924472146 1.5231100000000000
3.0891290850189197 3.4958998917624773 7.0611115794740904 0.8146560000000000
2.9963190203411472 1.6561005298905491 8.3682866173114068 1.0962700000000001
4.2069176574794502 8.2723344771866891 2.9551352061019736 0.8097670000000000
6.1155555564142308 3.8003633692456420 9.2976802656389470 0.7980130000000000
3.2863072300826666 7.5131126991435142 6.4798928550939046 0.7978350000000000
0.0042722330258010 4.8145530334697018 2.8570309694201765 0.9717610000000000
3.0637321869027105 7.4693661430071527 4.4492020101866272 0.8298010000000000
0.4121170842858605 5.5003159222093183 8.2216934069825758 0.8823560000000000
5.8602792820211933 4.8832211525526947 3.4654996588018321 0.7370250000000000
4.3486792266042933 1.3898869860704270 2.5200430968120244 0.8026440000000000
5.4196776078128543 3.8535514060813116 8.2825151908594403 1.5074099999999999
9.1596617660220119 1.2045182881155856 0.1882446404224704 0.8448820000000000
3.3558024105400808 8.9736172865407582 3.3829426338859272 1.4652499999999999
7.2972942413999649 2.6060203599977676 3.7673210259080592 0.7952710000000000
9.5431378897852248 5.5679692162739691 2.3598455639787326 0.9728190000000000
2.1346572170515326 3.2993940423951376 8.8227379540559028 0.9127930000000000
5.0491068539456396 1.2750782191413133 4.2725078847005014 1.0351600000000001
7.5575158128012365 1.6738620104618067 3.2244765193060374 1.3067000000000000
3.1906897133268490 6.6550469127635870 7.9827821877981027 1.1863600000000001
6.1122485245020499 2.5751134806290108 1.4500317219491805 0.7392740000000000
7.8121627877487514 7.8242138974560280 3.0698374610889450 1.1894899999999999
9.9201185018364182 9.2634934143217968 0.3653734970685918 0.7727260000000000
5.5249218805828360 8.7486946145443003 4.5464645557994547 1.0052000000000001
9.7468039873747667 6.1892851334782657 6.7828145590898670 0.9721430000000000
1.4221319346316041 0.8203566637667711 7.0342954552962533 1.2686800000000000
1.1143268142652849 2.7489676583759040 4.9076203973106578 1.2498199999999999
8.3981557964289824 3.5657607393479731 5.0151903132105318 1.2794099999999999
0.9836312046993759 8.0156169331326836 7.6596420615677863 0.9384580000000000
6.4723884777623759 7.2406101858700920 3.4535505957180761 1.6066000000000000
9.9170501039635255 6.4744381666730604 8.2904740719084238 1.2200000000000000
0.1511799266180392 4.5204104073410383 1.0458187324675632 0.9061690000000000
2.0135198482821282 4.4199536888673565 7.2976041939865040 1.2101800000000000
1.4287328450294896 8.4486868063120770 2.1174751986335005 0.8450420000000000
4.5073761059130133 3.2951579380611071 4.7317507712121634 0.9216040000000000
7.8576941680443442 3.5808912081441999 1.9406071742996895 0.9562840000000000
5.0412040049034461 0.2933281754171381 9.6523176442920313 1.0934100000000000
5.9693228058591732 9.6084398669131481 5.1413525463362797 1.1802400000000000
4.3564186805035856 6.4034196167764321 8.0824920613728288 1.1158200000000000
2.8342864459954189 3.2472239110809404 9.5444686084584713 0.7289310000000000
3.1960964675396140 7.6600482134272747 3.4860627027306825 1.0760600000000000
2.4285196832271252 2.7346445175775291 4.3387734181634006 1.5037799999999999
7.9721398000888426 7.4130060013274139 0.5291277634021052 0.7573870000000000
4.6318604040576332 1.8648055075330665 5.4013579614194294 1.5424800000000001
6.9195516999474318 2.5766854983828162 2.9891832911756251 0.8677380000000000
9.1119358088211140 6.1640312073697796 1.6280246704504060 0.8991780000000000
0.3787332325087199 9.1750121088494723 6.4109397635847705 1.1540200000000000
9.6818190485460001 4.6329154937643295 6.9497742661868758 0.9317250000000000
2.7717933827688310 6.1013948852160187 5.4391596945476515 0.9169659999999999
6.1190667141942923 3.3295261703313082 4.9547124603037478 0.8151790000000000
4.7372656598017215 3.0033259819746125 3.0957753435842248 0.7577040000000000
2.4298094827585692 5.2493736248742513 6.3397620805228199 1.3459399999999999
2.1023035268474390 8.3458712434615006 5.9900591967105736 0.7605520000000000
7.0050849671095872 0.7636506490732100 0.6182685200429040 0.7525390000000000
3.9744759580240188 6.0220914919073012 8.9691373106320622 0.7685740000000000
4.3843774883039472 5.8215194652716313 5.5240849014958959 0.8875620000000000
5.2539706490594238 7.3735391877448544 9.1463286452471397 0.8427550000000000
1.5178780650855501 1.9019997810579028 6.9143063236551132 0.8219970000000000
3.2051504188777358 6.2525546218492591 8.9154169202066278 0.7629460000000000
9.4369640089558118 3.4871972334341654 9.7376654663917037 1.4084800000000000
8.0701457644780543 0.4501326259702417 6.9050227938471327 0.8765370000000000
5.6961380630625555 8.6427140898824728 3.5256497892584893 0.9941870000000000
6.0881724889020816 4.7568082014046045 2.5167304073653605 0.8675450000000000
2.4981139900921310 7.0602977747154858 7.2413474456829086 0.9130840000000000
5.8425269724798552 2.9408298280655556 3.2848474591868628 1.3871000000000000
7.0235407418958955 1.8196278271871242 5.9273579101426952 1.3047500000000001
1.2660730074922610 7.0202906351136551 9.7669039652062910 1.0651500000000000
7.0996863801982446 6.3258606587618420 9.1456195153176925 0.8637700000000000
7.6888212944550203 5.7650982426105841 9.3072478994546728 0.7264250000000000
9.5657046620106492 8.6788276096224717 5.7607458740164255 0.9516940000000000
8.6405307053084268 9.3771855663977810 5.5408080518209122 1.0053900000000000
5.3769891365948981 5.8725846330117593 7.5391864993958650 1.3299500000000000
9.7411797636724984 3.7738572610969716 2.1511466941158859 1.4974900000000000
6.2777653172355627 7.5880542491893399 2.2208098966553842 0.8534690000000000
0.6859597249201802 4.1629632431463710 2.8036283073294177 0.8196530000000000
7.1523383292070459 2.7510274774157182 0.0919446121067159 0.7786100000000000
5.7277817176426060 6.3156616821005302 3.0354323542571597 0.8149870000000000
5.5564151409088582 9.8266424952703328 8.9854976306567451 0.7599650000000000
4.5427826288400963 9.3839837402068582 8.8557621053995454 1.3714000000000000
3.0585132061796085 3.1149143034039444 6.0874274014314897 0.7562690000000000
7.1653111607229114 8.1715299007470286 2.3263652234301362 0.8175020000000000
7.7901545450738867 4.8377572958571111 9.3478667223851044 0.9534850000000000
5.1764406620098402 4.7600316639691851 7.4897737156108386 0.8472060000000000
3.0004005666488154 8.5841224973899433 1.1825334870517659 0.8652280000000000
7.7036702273678408 4.2309197468273290 3.7294066044625165 0.9325490000000000
4.7873887844784733 1.8675580226280033 7.9553181574188105 1.1118200000000000
8.6842223130134979 3.7235125846804324 3.7626707262053940 1.1827000000000001
1.0254082538735960 4.7011604846155652 0.4080826448757375 1.2012300000000000
3.9361176689381714 4.7935849549000062 0.1004406619385570 0.7982920000000000
3.1345779475580331 7.2158355281537814 5.5768111953725521 1.0466400000000000
9.4810226950892353 2.8218226537020707 1.0610747086911585 1.3121600000000000
2.8749118151553366 6.5601829492735151 0.4856024802585655 1.1540200000000000
8.7480385060382488 2.2626386998191075 0.0274683503221457 1.3502500000000000
9.9569876722869743 9.6040508272008882 3.2538850379717505 1.0593300000000001
9.4798149869653336 5.0596678577409939 3.9782824007856017 1.2561100000000001
1.4744241444501625 9.3707687780879034 1.7540324016391884 1.0164800000000001
7.5875392632637109 9.0818836899239610 5.4365328075580832 1.0054399999999999
8.8186492810300443 4.6626004557811473 2.8681084012680875 1.3262700000000001
0.0246069844195026 3.8336421170074595 7.0773339768554679 0.7574910000000000
6.5761326743408191 3.6288405841170763 0.8499052607844091 0.7385790000000000
9.8893838946047072 8.8202532351062715 1.0191029780640071 0.7417500000000000
3.1369067797469383 5.4217645147760942 0.3473784399098648 1.1060700000000001
6.0828453283058161 4.7208943768276512 9.0330680911284702 1.0408200000000001
6.9804379601470972 4.1740403366259899 1.5858217951135014 1.1815500000000001
3.1609084444797344 1.8867600696550619 3.9706513621302304 0.7316700000000000
4.9653496101599233 8.8790984949979990 1.5818089547114074 0.7727780000000000
9.7177550656853260 2.5779025728029814 2.1043203990165051 0.7943789999999999
4.4859347417056474 4.0475744160474463 5.3529259255627153 0.9489660000000000
3.7847947700062869 2.1517092914346487 3.5287492384289583 0.7858550000000000
0.8438695893417697 5.2822506097657413 4.6648710281177861 0.7867260000000000
6.7311724983732359 2.5657802755998849 0.8608360384911008 0.8812620000000000
5.5284102278429126 2.8525224583692075 9.3878143650332646 1.3494100000000000
4.7249662691389958 8.0966319482478184 4.7751167645731414 0.9594570000000000
0.8124897367700743 6.1312064455581528 7.3383818968707093 1.3412800000000000
9.7530092436242732 1.3515272454694838 4.7888697159020630 0.8373660000000001
4.1082728532667874 6.9806039884151598 2.7260731570710344 1.5474699999999999
0.0059198069377721 4.1011939691790218 5.3907179858688679 0.8752259999999999
3.6474006069853502 6.3533699069442049 5.5277358336516151 0.8329010000000000
2.7795446519645139 9.3247674455744143 6.0123039850078026 1.5174799999999999
3.3102197133469686 0.2929883934110896 1.0418298771108736 1.2025100000000000
4.6008025130794694 3.3432042522676118 1.3262477497928731 0.8341090000000000
3.1626489576116490 3.8930155824238715 2.3861906573373335 0.9504650000000000
7.3016550415987753 6.3438119763694214 8.1688757137605119 0.9618340000000000
7.8362343902157807 1.2526618518032744 8.9978443803208350 0.7990460000000000
0.0622906547665800 7.5013238092431846 8.3308366231096613 0.7640590000000000
4.7276226714205363 6.9429664017927841 4.6163154908410382 0.7902540000000000
8.7466241698771245 1.2347861859137181 5.7716545673506765 0.7395600000000000
0.5289068626972175 6.2690759210153519 6.3008251444879013 0.7447650000000000
9.6995889009548062 4.9910685472528007 5.1299655927921624 1.0035799999999999
5.8371820769556244 7.8528776308133130 6.0260483128262861 0.7574300000000000
6.8774182749293358 4.5573276412604651 3.7333487517356518 0.7606490000000000
2.8621948367664558 8.4127083751320964 9.0380554710284802 0.7718000000000000
7.6596743104191507 9.1978076875068790 1.1971672524629733 0.8405580000000000
6.7520861097528213 5.4358959346991487 9.9261063355307613 1.5084599999999999
7.9891249007045841 4.2376040749999815 1.1600785631614208 0.7757450000000000
4.4767030846276281 7.6912213771867401 9.4373916242621441 0.8109870000000000
4.5487029295159926 8.3804218861543305 7.8510935222738372 1.3605600000000000
6.3740329912864446 1.0322092597220796 3.8734435658494419 1.3117900000000000
8.1201562782393140 5.7146837898908176 6.4181461331663083 1.2627400000000000
2.0404462656248552 3.7868709306589827 4.7370675392949035 0.7650080000000000
4.3746659093020153 4.4194719465808232 4.2914759914921250 1.2232900000000000
9.5317963093018676 7.4568816377294107 0.4881021776630043 1.1629900000000000
4.8860229072246675 2.7963609588572824 7.6677746528916639 0.7653890000000000
4.9419820537944279 3.0943019457051855 6.8091605984498402 0.9863459999999999
3.0483809473787140 3.9257050335294466 8.9241412350392153 1.0827599999999999
1.5228510960200654 3.3739837192865649 8.1280615449682685 0.8741060000000000
8.5738253733232757 8.7406799075037309 8.3457132432489800 0.9736410000000000
4.3929249649874258 1.5434843003447338 3.4360411527036345 0.7633710000000000
5.5444377833032918 7.7571548335155613 8.2435941118010110 1.0145800000000000
9.5930450406969463 7.9581737777781711 1.9611408272132533 1.1191300000000000
2.3092831470379074 8.0477840025911007 1.0319671204631327 0.8379430000000000
4.0700653491060272 0.7441906958814244 5.5898071417329609 0.8941560000000000
1.3210843134047261 6.5612578764798304 6.2625122217151938 0.7529470000000000
0.8249684624552109 9.7674427569551945 5.3223638315449495 1.3797200000000001
7.1490777966135362 5.5383091705033598 6.7802577592897597 0.7598180000000000
6.5865618127822909 8.3464934151846251 1.4104626892315939 1.2877300000000000
7.8124239905651383 0.3544324399339340 9.1968718312044206 0.8901820000000000
5.3535467441617284 2.9057477404043679 1.3352285326708764 0.8023290000000000
3.7739222701947792 8.8488583990218714 6.8870565873697736 1.1824399999999999
5.5369104080028881 8.7772581473351963 0.8527511192885971 0.9916880000000000
1.8539594146138494 2.4488870023540894 1.4168630684624703 0.7353020000000000
8.0150891549882957 2.8981700394937406 3.0575590783094961 1.2266699999999999
0.8288490081900480 9.5120947081469893 8.8367006043843332 1.1294299999999999
1.8769392770017106 6.6498812504340741 0.8618850451312547 0.9008530000000000
4.8549945926449292 8.1422674152196066 1.1091029156578025 0.8125650000000000
4.3584858698034470 1.8662349280981925 1.7845926503472502 0.8666770000000000
8.1244561231287822 5.8495960097656026 2.3334967721722690 1.5107699999999999
6.0170144277432129 0.3383884771667753 5.8502096371705994 0.7788380000000000
0.2290775511981286 5.3764976020094499 0.6979406649636714 0.8757170000000000
3.0675208029314995 4.9509137425378169 2.0208897419248206 1.2104500000000000
0.3535724359358769 3.4835300848951123 4.6228469059512012 0.8409040000000000
8.2113726425166629 7.7203518745097401 9.6674503690514708 0.7853840000000000
0.4222863178430534 9.9661087291272956 9.7866222035658925 1.0374099999999999
5.0054785738914456 8.2463086172959539 8.9503011571221585 0.9359120000000000
6.4228586162433272 6.5472382849178530 2.4309089412132687 0.7675850000000000
4.1528550248118714 0.8479310429467130 1.7042292909408243 1.1191599999999999
7.7773674913055366 8.2023737173145577 4.9654154566186683 0.9485410000000000
2.4048562339247623 0.5192399870139192 2.5952286430996656 0.9535180000000000
9.3524730438830339 4.5653272056306404 0.2008921586374912 0.7926569999999999
3.9954590665246768 1.2721411135889016 8.3774503901161204 0.9516120000000000
7.9060465680373255 8.7215093749947812 3.7933797381738099 0.7595650000000000
9.6020814078291163 4.5508887783596892 9.3866606797094096 0.7685050000000000
5.8410686953927398 6.7708405177371791 1.4731233359412716 1.4288200000000000
3.9272362829068150 8.2144825963857055 1.1315917427957924 0.7294410000000000
7.7054641618704629 2.2262575836437666 0.6126666753486368 0.9343350000000000
2.8208586926556842 1.1887876828251929 4.0339104703068633 0.7526300000000000
9.0137330271937390 9.7514410317196081 6.7612925221425337 1.3953400000000000
8.4306487153896494 2.4870557184512934 4.2321355763329791 1.2862100000000001
3.4641231539306374 1.7615591052041397 0.8887519932626550 1.5753699999999999
6.9576457597279342 4.4005770649551579 5.8079852931487972 0.8461170000000000
8.6722347550612380 2.9660172550046906 6.1360373014003695 0.9954640000000000
5.2033672713280374 3.9204556411998523 6.1402678907154051 1.1149000000000000
7.2874742439338318 7.0991399538314788 2.1258731617354507 1.2870500000000000
8.1492657089922140 2.2328728683243830 5.4551542255132430 1.1729900000000000
1.8584148433425070 4.6719207502503508 3.7717264087567823 0.7943970000000000
4.1355246561362442 6.9071453454767440 0.5851704834584918 0.8064060000000000
7.1295105805432319 3.7203413710286992 7.5491172622706246 0.8362550000000000
1.9330917567739598 2.9466746823487702 9.8278049506613510 1.1724500000000000
7.1142144430690992 5.0678458997581108 2.1080888244936942 0.8164020000000000
1.3710450502347045 4.5969958655795393 4.5460277110913418 0.8468800000000000
5.7887325844423954 1.0040308806415847 4.7816406012603760 0.7651790000000001
0.2661139082031017 3.3113843683045281 6.5258853848286558 0.7749340000000000
2.9540237373538867 5.1696874035832225 5.2831312703097266 0.9275080000000000
2.3964564022810602 2.1938111376922853 9.1126727901141873 1.0142700000000000
1.5858684016489974 9.9919546410152176 4.2851031312575962 1.1327100000000001
4.7761996444861783 1.2495115522912299 9.4146992058900363 0.8659370000000000
3.9631796037295430 4.3192154721212175 9.4272621283131866 0.7777190000000000
4.6824188639631465 2.4415370873303539 1.1460702648265586 0.7872990000000000
4.7254371851951191 2.6438856945040348 1.9736342676228473 0.8262720000000000
5.7434500252525096 0.1151598155466221 6.5584971004987045 0.7416270000000000
0.9631187952319211 6.2086534053299820 8.4850963743912438 0.8880960000000000
9.4898619848170558 3.9248455484164317 0.8297579676130937 0.8559870000000001
8.9195595294996259 3.7252172576818254 8.7388753983379512 0.7993890000000000
5.3201336302550137 3.7297744598271696 4.9936437249566392 0.9014030000000000
1.2038536723768534 1.1829186726389413 3.7015631583730522 0.7989560000000000
1.0747168292263762 2.5715047245664526 7.6832062380418469 1.0841000000000001
5.8953153928907396 2.7523249424850271 5.9962988951953742 1.5104400000000000
2.8771900837604605 9.4758697388041213 7.2227668221343535 0.8332650000000000
0.2580485516403890 7.2945561440593814 2.3587432586635968 0.8369280000000000
8.0802044644932902 6.1522489473837547 5.1015912397748391 1.4075599999999999
0.5975299566068349 3.4789900383960806 0.6176386867119686 1.3218500000000000
7.8611485623125787 2.3807743641658807 7.9427039173860008 0.7916080000000000
6.4407920501548483 8.0832896097640319 8.1292904067715757 0.8328470000000000
6.4260635005180404 3.3937589988016308 7.8634861268146103 0.7679859999999999
0.5394896816594288 0.9868783213391709 9.6157766796574489 0.8771090000000000
0.6257468913201859 2.4778455292337536 6.6984498828416585 0.9998120000000000
9.6230940481541705 4.7598386663109524 6.0470191595467284 0.8196059999999999
6.5682794117857366 0.9747570387295466 6.3719560209586392 0.7240510000000000
9.0137415390756761 4.3813434324319589 5.5040286342105125 0.9000270000000000
1.7124631204752570 9.9548053823568896 3.2440802798062283 0.7692300000000000
8.8538733992237901 8.8505387000977525 7.4652429709109098 0.8106110000000000
3.5989265875607841 5.6273770113748496 8.1295330789161149 0.9582090000000000
1.4354548418433264 8.4888612804633201 1.1296942793957030 1.0454500000000000
2.5789028140421757 7.4645419469469365 8.0106582987226727 0.7657460000000000
7.8137256949413105 6.3857544748825843 0.2489462750943055 1.2998300000000000
7.9102477432058933 1.1193863730524518 5.3542843691646018 1.0269100000000000
2.5527443016420981 5.7751413143444008 8.6074958656903426 0.8965290000000000
6.2964220822162860 4.9772788207607315 4.2877775377146170 0.9605160000000000
5.5748201787589995 4.0468694034805575 1.1754922426842889 1.3549199999999999
0.8081867266256574 0.3837526111975417 3.2263764427484518 1.1450300000000000
6.0591348205985964 4.9636128243349553 7.9904057793051253 1.0188900000000001
0.0102567837227220 6.5898526547980358 4.8865889130100504 0.9122700000000000
1.8282195707210787 5.4515521370581173 5.1124002181514143 1.3122100000000001
5.1108178253348377 9.6380972994431442 7.9396997262991409 0.7554660000000000
9.7622643993055558 1.5900671328154443 9.7030102426572657 0.8167960000000000
3.3842996819627826 6.1667049698374097 2.1258843737946078 0.8409010000000000
3.8133454532841577 6.1365473721076338 0.4925466201225267 0.8073870000000000
9.0166695618436368 2.0456664649608425 6.0560996735850381 0.8865400000000000
5.1789260795165744 6.9513833310834032 3.4508237578667735 0.9196270000000000
2.3165730198786076 3.3890143360187706 2.9470556062442017 1.2292799999999999
4.2004233134631654 6.9589458859873705 6.2023020407778642 1.2078500000000001
0.9814458756384838 3.6675336047889231 7.2691506188883190 1.1460600000000001
1.3051697631865420 3.6417728186701961 3.8525531439127123 1.4269600000000000
9.9166866031421961 1.7015662712517887 6.2765051952248792 1.0145200000000001
1.8530452015623424 7.7616536979814370 1.8294176156830984 0.7920380000000000
8.2830819016062165 1.4049631808979390 4.5494896213479947 0.7586210000000000
7.3370569872212554 9.4530603277420155 4.0429540816373963 0.7253120000000000
6.2119918463308954 1.6813862878222483 2.6076607088017756 1.4382200000000001
6.4810499940153434 2.5718641884204017 8.9623561178524653 0.7242729999999999
1.1309863719113724 7.2621841152952156 3.8255449528046350 0.9734880000000000
5.9559020014566366 5.9127303550027177 2.2459036817685440 0.7825140000000000
8.9584757709767242 1.7278699601182566 4.9670305529929877 0.8849060000000000
6.6954917072460036 9.4477274363624488 9.2186639909143473 1.5865899999999999
0.7290164317549743 0.9223213909277698 4.6099562620699430 1.2352399999999999
2.6634446265600040 5.9704935926049636 9.5782273078729112 0.9251810000000000
6.6804075312692719 5.7331066044728596 7.5738777552866141 1.0460400000000001
0.7699534091437414 7.4576782945072839 0.5934400945459256 0.9666530000000000
0.4577263835599994 7.9492102474828608 4.1640551851149574 0.9748170000000000
8.6931618175246665 0.0499430122043738 8.2061879695077113 1.5087600000000001
7.1318733642231944 6.2555443041328926 5.9763204416046003 1.0627500000000001
2.6822640508556193 7.8709605760021937 1.8091774268249630 0.7877430000000000
1.9635297873565378 6.2655020078789372 6.8915869808391275 1.0481199999999999
1.3098131506375206 4.8356301610123307 6.6800684252442002 0.7572680000000001
0.0189115119372514 7.3091806820316592 7.2198752384805225 1.3975500000000001
8.5815544868505551 5.7865545689771913 4.0323446309388054 0.9690460000000000
1.1758997963848801 1.6158788463904288 1.0664265695632533 1.2783400000000000
3.5571544676721101 8.9941475469064862 5.1410030004792908 0.7365670000000000
0.1152640767059853 5.7318911920904698 4.7706582329066105 0.7649740000000000
9.2952475237092145 6.7362334274034348 2.6501999991890233 1.3768600000000000
9.5868934997530602 7.9909681540723225 3.8124810195880965 0.8245290000000000
7.7028774684290191 0.5296434437635792 4.0748928831408051 1.4444900000000001
4.0888271334971087 2.8101446483103416 0.6660200250218594 0.7961740000000000
7.5572045048354388 5.1847954478298561 4.2929267330867971 1.2176199999999999
1.6078109115814025 7.5138839648849904 1.0417558566265230 0.8581850000000000
0.3872562772541874 5.8696734037737492 0.0081917672732405 0.7543160000000000
2.7189144388199438 9.9430565269353437 8.3730258270015341 0.7435250000000000
5.0796107370162957 0.0734684246118068 1.0137495560782817 1.5561199999999999
6.1090025756329744 4.8941801041907107 6.6242740631139423 1.6069599999999999
6.3260618073654475 3.2662704847201431 8.7049760790776034 0.7237940000000000
8.9088768706056278 5.4013391255792440 5.6319132455469543 0.9630760000000000
7.5238289952528161 8.0749557021603380 5.8344466587782700 0.7922120000000000
1.6820013454650218 6.0876252821189318 2.4278003522811824 0.9848380000000000
8.5261815723736092 8.4942509222649054 9.6640102535205195 0.8181000000000000
7.5815888527651349 8.5572425681385482 1.7163348909604361 0.7525579999999999
1.6948984174283037 6.0999663080041211 9.1988526046106553 1.0887300000000000
4.8473180021930702 7.1275309803602136 9.8881588509875478 0.7424140000000000
6.3438059334851982 6.2156377867857424 6.7056821802066224 0.9572380000000000
6.7466602498077073 5.1048951939173861 5.2042535500841947 0.9725570000000000
1.4882823750947309 7.2357597832718321 7.2284148230533400 1.0150300000000001
1.1035311148447220 0.8983469200343267 8.0667908494671607 0.7484790000000000
6.6082189567816556 9.6284790945111389 0.7844654290557761 1.4381800000000000
1.1169054773084335 4.2245663068040384 1.7121643297210081 1.4109600000000000
1.9693992475061033 1.3119084823585716 5.9658868991390293 1.2268699999999999
4.2903315071070045 3.2773494445074136 2.4219703718847803 0.8833980000000000
1.4007827264027979 6.9365830450285042 8.8381391178608766 0.7423300000000000
3.1351944571884087 0.6612026803589838 8.7099451447857632 0.9443920000000000
9.6808090274526108 1.9109749535608354 5.4053948730480670 0.7660540000000000
7.1934318898103502 5.3265539905590380 8.5704006068059542 1.1509199999999999
5.2988305717593907 1.8980103137849229 1.6194914712650652 0.9711109999999999
6.2670939803576440 0.7572448343711177 8.8028023666166746 1.0015300000000000
8.3698135066268495 5.9875727003737840 1.1860161287476716 0.7456690000000000
4.7259146786006605 3.1101145583683190 5.6680809878252489 0.9100890000000000
8.1820822582063837 7.0801053882593443 6.2308482718487204 1.3901500000000000
7.3253983260189024 1.4535863736216474 0.9619822700068954 0.8502110000000001
2.9768358719525709 2.2121069870542529 2.0868225824252713 0.8747050000000000
0.0201554487990294 8.0577846289120760 1.1011765611257922 0.7354470000000000
2.5590161359578940 9.9977550442804386 0.4040024285436953 0.7595720000000000
2.3780837359697955 8.2178908118634908 8.4158250550522435 0.7699240000000001
3.9719015117018306 6.3162723126341902 4.6468157668356502 0.7983930000000000
8.3936873483854093 3.8945786610113688 6.0833298100262825 0.8694380000000000
4.0585712673308789 0.5674841100300638 9.1845319487531807 1.0604700000000000
3.0660708617828920 6.4586607569228196 6.4888158915786569 1.2369100000000000
3.4857250734545593 8.9347256121232856 9.3855667658973232 0.9281320000000000
3.6947270986741731 4.6284885739592454 8.2486894069152878 0.8603820000000000
4.9260526725255511 9.2642497984388594 9.9323361484859607 0.7407780000000000
0.3828953570709513 8.3945478247018155 7.0837239851066300 0.8190660000000000
2.4832732768895096 3.9160065135100353 3.9950065369535768 0.8362120000000000
8.5610045222012623 4.0943223566258693 0.4215095751647317 1.0217600000000000
3.0183881590896964 2.8752380030019227 8.6174205021904875 0.9975530000000000
8.7008918699415734 6.4646723518480078 7.5258940897401976 1.5434500000000000
2.3614778639553977 1.7868052211263441 1.5448157271910785 0.8886500000000001
1.4818268561007324 8.1024385081788548 0.0609264786124217 1.1317200000000001
2.3533656204606666 1.5833188775826283 2.4972852371050860 0.9815950000000000
4.2904253200184526 5.4578976654442428 2.4007876732086597 1.4346200000000000
0.5080922656331850 7.6240699728545467 3.2755333021353512 0.7520019999999999
6.2021619191439834 4.2117722006095972 3.1859786167786619 0.7975920000000000
3.1656759164447084 2.9995358327534083 2.4746377164493842 0.7771610000000000
0.4780189742025406 1.6900794072340521 0.1990902738323417 0.8680760000000000
1.4065885226180459 2.2900096482069845 6.0809272860105352 0.9474760000000000
7.0458857976085350 9.6079876234734662 4.8400104263720953 0.8369240000000000
6.2417943546405494 5.2234839551238599 1.4562783960409851 1.2999499999999999
7.9444878463671484 4.7471113161895397 5.4499825219731273 1.2748800000000000
0.8108347681829854 7.6852479225916799 1.6253534043547275 1.0677600000000000
9.9435252829396354 3.8880052652278239 3.5791940568584866 1.2859499999999999
1.4831520291234965 8.0729986840577048 4.4011850032561872 1.0109699999999999
7.3075038182519858 7.2386507753922231 5.2110791849099618 1.1658100000000000
9.2257646392003902 6.2306300422414624 3.6183166521653480 0.7280110000000000
6.9861321238713225 4.2356849796536959 9.2929326591188222 0.9657130000000000
7.5045944054216642 8.1794733532613311 8.7154329136783080 1.4551000000000001
0.2280585600826376 3.9828897153887461 7.8422709860258273 0.7699980000000000
3.7898749035002544 4.3829812197654530 2.7984595324586494 0.7735230000000000
3.4958871586126445 4.7041401799923861 1.0104694688100437 0.8753510000000000
4.6370089653742319 7.4035264913468453 5.3682848332464337 0.7912709999999999
1.0394281612312570 6.5843711048026314 0.6039134775568292 0.7874070000000000
5.5953376574391731 2.2296464931779068 0.6826527681140176 1.0230200000000000
8.6273814099692512 7.6200296289821567 2.5025497688526852 0.7422990000000000
3.9783056370340679 9.7234197234629995 0.0794304667044188 1.3026400000000000
9.1744521209733438 9.8287149752551599 2.5355401304471434 0.8774500000000000
4.0090945287756927 7.7504618263168528 6.9352250162965854 0.8929140000000000
0.2017745075864175 8.5706311502803310 3.4005766614547315 0.9790950000000000
5.4676892397109285 5.4258490032611899 2.8624328431594623 0.9971400000000000
2.5134714556694209 7.1073885810654502 1.3950379519472182 0.9136919999999999
8.3824780960469951 5.5479928800192129 8.5545495908170395 1.1705500000000000
1.7446888927377513 9.4377408688152684 9.8141911656966094 1.4517000000000000
5.8600018857339631 1.9833419602627873 7.6144128021097854 0.9446960000000000
7.9194731165541237 8.5092015527070402 7.4942673275467060 1.1011500000000001
0.3214589999932148 7.9762662000335096 9.6909232109292009 1.2094400000000001
8.6818743654691772 4.3878160961073993 9.4084534989537509 0.8899540000000000
3.3611745050390978 2.6102959151475162 6.7462667359398560 0.9270929999999999
9.5482397116638271 2.2999482947653136 9.1224439607963852 0.9752400000000000
0.6741782703382164 8.3172374598872860 5.3445134882864638 1.4253899999999999
3.6166487096133459 1.5748845547031955 2.0806271756870860 0.7619880000000000
5.2898619344533486 5.7482766817685684 1.6867765048266228 0.8363890000000000
8.6596788727491614 8.3910388936881013 1.7959778288332851 0.8846270000000001
1.8138899327336013 6.4247905492041699 3.4674677485340730 1.1205300000000000
6.1558892370464013 8.7473165337674441 0.1318422822695263 0.8360720000000000
4.4160911983906903 8.5409318856673142 9.6830199423171059 0.8309540000000000
8.6930996471522093 4.7365990690879203 6.3077958371488023 0.8973310000000000
5.9632743854174972 9.4425103126435772 7.3792542467597295 0.7653550000000000
7.8245330738332086 8.6927397152290116 2.4871125896768680 0.8225390000000000
1.9348381465474438 4.1416414917321438 8.4462638493893643 0.8709730000000000
2.2613097029035067 7.3980491478195924 0.4485995957149006 0.8430350000000000
3.4084493098167981 9.9404987215768070 2.3035541198983340 1.3244000000000000
8.6120449751852295 7.9902285327908160 0.3925008563809134 0.8879620000000000
2.5293373766875646 1.6922156660927208 7.2383124241372903 1.2246200000000000
0.5618909425697323 0.4269554129465380 7.5295124404079283 0.7252210000000000
8.7859616513044454 7.9255021095818048 8.9564663624552558 0.9861550000000000
1.4781228874255377 0.1849119247573981 2.3872279020239717 0.9531840000000000
1.6286464015811986 0.6233059000139736 5.1772661222075813 0.8866130000000000
4.4376677032096978 6.4926274214723732 3.8846967326977109 0.9527050000000000
0.7421578288649545 7.2180578402501290 4.7731330484308323 0.9225040000000000
1.8275824970691172 3.9670502639264589 0.1349227741802147 0.7597739999999999
0.0517876821519631 2.5070532987340637 0.0550699441115949 0.8994259999999999
1.9903268063162853 8.4151903230020491 9.1882558170858193 0.9016290000000000
3.4139163606697740 4.6809595999112998 6.0533697152582597 0.9085210000000000
0.8904810460413634 7.1319204666657470 6.5537170942644156 0.7307790000000000
6.1212161368406042 3.7466435520211752 2.3008462351415071 1.1177900000000001
9.6525902973420550 0.4654447923798952 7.4802649595251189 0.8791610000000000
5.6572601772996052 7.1601912401234049 6.4130101233456003 0.7573220000000001
1.4188119682236686 4.8062890714871020 5.8906331204561253 0.7766760000000000
6.6299735859116362 3.1874515619322152 1.6009429641069559 0.8263140000000000
4.2304970628546954 2.5098048672597941 7.1582187280479515 0.9038890000000001
3.5277385387026361 6.8103630300806808 3.9976482759350218 0.9078310000000001
2.5176260191637727 0.1123228765265455 9.1724442921867784 0.8755030000000000
9.6627490499299533 3.1136397367336794 8.6384959198080917 0.8518460000000000
1.4855874819590649 9.0439488188925221 6.1205199999206537 1.0381300000000000
5.8768117472536208 0.8785630360267327 6.7725779592253490 0.8039809999999999
3.7273200808236004 2.5977104334146657 4.6761237643033908 1.0912100000000000
9.3647410782376888 2.6699555366627683 3.1944159680456505 1.4119299999999999
4.5421969271129194 4.9895096579882487 6.5264377027717693 1.4152400000000001
5.8562234561880908 8.3057468441029183 7.1236553025520140 1.4304600000000001
1.1660032061263637 8.0539343280887810 6.5456861787214375 1.1181500000000000
5.0718163644897523 1.9158688598501779 6.7811515789577594 1.2034400000000001
9.8517672024161715 5.9246766482713316 5.6910597871175890 1.1126400000000001
9.4159526785533281 3.7855980276250980 6.2940859886619709 1.1497299999999999
7.5944568935518246 6.3587213767307151 1.3465017532113879 0.8524590000000000
4.8667608232846495 6.4163186710388143 9.1656710595184236 1.0805899999999999
3.6932611820397478 8.6782536123049407 0.3912805444325798 0.8659380000000000
4.3122552226091750 5.5178966216611451 7.5413171490843940 0.8252720000000000
9.4108517896885520 9.0596556473233356 1.7852874671815242 1.0473200000000000
4.7239169350570895 5.2935664576517087 3.4843934278261304 0.8096640000000001
9.7545286127056574 7.6963649719185483 3.0132283644272317 0.7862060000000000
5.3268218397093055 1.1811169812405378 0.2384090198374800 1.0095900000000000
0.5078432700883484 2.2916455767430439 5.7294079571192054 0.9013000000000000
5.8185716824735261 8.0757217399831269 2.7743222807835792 0.8154490000000000
