0.6575430797367556 3.2968749370624701 8.1763273167608084 0.8716990000000000
5.1949140513775403 1.0923894653317052 3.2538341773628834 1.0249800000000000
8.2861638619980038 3.0768469974130430 8.3234437981733844 0.8325650000000000
1.2689495458980220 5.6773381171330719 6.2452652697507842 1.0000000000000000
5.8619311952635522 9.2574547801736848 1.8177400648873474 1.0761799999999999
3.8645647596780246 0.2566457057750988 8.1752107752720899 1.0326299999999999
8.5373661105096641 3.2307468620817743 0.4723628611866445 0.7333850000000000
9.1781209827298333 0.6411624029525900 6.0168421304773840 0.7532870000000000
5.3941988321431946 9.9110942632071364 3.8652802960190127 1.5839300000000001
0.9358752280051554 1.6168731745800515 6.3404994972150481 0.8803510000000000
0.8353330050420038 6.1781387757660369 4.1170436605291343 1.2328399999999999
4.9922000695162030 7.2350421287077982 0.7553512140678932 0.9297310000000000
9.4711219494554424 8.2089763526536039 7.9011666614201372 1.1020600000000000
8.1562602960894175 6.8210625279822183 8.9085742917431929 1.4360100000000000
6.8642769339630032 6.0744522702364785 1.9416753877147090 0.9246000000000000
8.8659128859323140 1.3635795840917382 3.5711460659984864 1.3934599999999999
6.2239118903133344 8.0055179578685980 9.2066421237554774 1.2147900000000000
7.5854137458791762 8.1344149257694998 3.9745679202689730 0.7414600000000000
4.7142387342043968 8.8818922717460449 0.6139568130806682 0.8806400000000000
7.9637653486686881 7.9114351622688419 2.0490322589468524 0.7325990000000000
3.6599153819035615 3.4117750472597912 3.5485446206359677 1.5795999999999999
7.3124488843567939 1.3105278529970852 7.1231226383269579 1.3024000000000000
9.2705618578789366 6.9616120033983409 6.4447001264491304 0.7808060000000000
7.0283814866989038 7.8846965594523635 4.4332488123283893 0.7428280000000000
4.2344458386808030 6.6849199999535465 9.8796390089722621 0.7232210000000000
4.9443845267689150 3.1562403765501226 0.4580546561938233 1.0294500000000000
3.2498234503009327 3.8502668779168956 5.0534243655974116 1.5605100000000001
4.7265248806124287 8.2815953328402312 6.6453110133673574 0.9233570000000000
0.2644748162942277 2.2236029738294141 2.6822868276718319 0.8079190000000001
7.9106589826193234 4.2300926741556157 8.2330104366094083 1.4830900000000000
5.3159274584582388 8.0193598357235878 0.0389837401636246 1.1784300000000001
2.2248331537168942 8.2241417053010473 2.8284301958322735 1.3167000000000000
8.7417619384851744 1.5727190933563289 1.3313613098330952 1.5518200000000000
1.4098714656095639 1.5477500534164177 7.8603367919139027 0.9038720000000000
8.1575510750937656 1.9903869861378476 7.2300106636122852 0.7494750000000000
7.7515381325411825 9.3632577477665180 8.3201163638591407 0.8240830000000000
8.1423972428804419 9.2522074273691128 4.5743924873314423 1.1501600000000001
1.1820833109692199 0.4534249505768758 1.3995439868654738 1.0325000000000000
5.0471636721396544 0.4369427117911933 5.1559417193123949 1.1883699999999999
3.3032669488400295 4.5533047257640140 7.2139514732046663 1.3031100000000000
2.1609945575645981 0.7535613619569279 8.0610129457132906 1.2419000000000000
0.5401617808676171 4.6468469564063097 8.4106005430206121 0.8364150000000000
9.1081999948209216 5.2956788355763420 9.3633583907888251 0.9686080000000000
0.0846814825526994 9.3869934160502133 7.6788066309781335 1.4702700000000000
2.7586579232635211 6.8156585617271777 3.5798819134337601 0.7363520000000000
9.9522539978646574 5.8289138850156421 1.4651771121512551 0.9210240000000000
5.5224216488543227 8.1877265287873211 1.8181672395867012 1.0628000000000000
6.8046028381307160 3.7341041757553102 0.0743340555180902 0.7834010000000000
9.4564206623298279 3.2873483907651893 5.3331885406957529 0.7967270000000000
9.8655063201575643 5.9759668162492874 9.2368712176779706 0.9649090000000000
3.0313504252295957 9.3193881536475516 0.6527714222865635 0.8978220000000000
1.8873222612514637 1.4782381918167606 4.4837011136535789 1.2358800000000001
0.8134043524705914 6.7899082839569580 1.3577819073950099 0.7485540000000001
9.5500584385401073 7.6640117014742000 4.8608779391745580 1.2696600000000000
3.4991468944535904 6.3145861500071874 9.7319813052283131 0.8473619999999999
1.1835105280386138 5.7169373220489490 1.2889681482245368 1.3563400000000001
5.3194653481518550 9.7761740474566547 5.9251107562198246 0.7740260000000000
3.3311528819143619 5.1556133760457694 9.2022888453809077 1.2693300000000001
0.6370342557863028 6.6933940358269313 3.2344546974832813 0.7825130000000000
3.9106891898336222 3.4741376552424299 7.9613323858590244 1.5095499999999999
7.1734705092440416 5.2458323170373671 6.0749288261743919 0.7896450000000000
6.9296603302055306 4.4034516437598032 2.7450941267871567 0.9843780000000000
6.2550497267420306 5.8005255582708255 5.6524425547659041 0.9258729999999999
7.0874186012456191 0.7952909408687253 9.2497404223795137 0.7232970000000000
9.6403820375151099 8.4804673979679883 0.2568615967292969 0.8435110000000000
7.2602295365344185 3.0301463543272442 8.3635235424684158 1.1584600000000000
3.8401718745853417 5.0428834014374617 3.5548373890852858 0.8996970000000000
4.0335548199575531 7.3799221047014631 7.8727224884015738 0.8425270000000000
4.7275327320188332 1.4040481208520017 1.0241966497790294 0.9174840000000000
4.6304774014697605 8.6736648151030913 3.7605917272302856 1.1644600000000001
7.6927445899095330 4.9000593619396922 2.9025896256429768 0.8088959999999999
9.7495192631625507 1.6535548162764255 8.5136441331252595 0.7528510000000000
8.8646509637279305 2.9308668945888514 8.9467636519932423 0.7855410000000000
7.3370200005896509 6.4231623152760324 7.0869590717183417 1.1125000000000000
0.0123737140860127 0.7631507782726984 0.8472466875950401 1.4649399999999999
2.3262313254357569 1.5139830318278968 3.4818113288915367 0.8642580000000000
2.8468642297856315 5.6897423287294417 4.0498146325344857 1.5768700000000000
6.5698695891838428 4.4877867018653914 0.6610122718646491 0.8627400000000000
9.2319903496462903 6.1325012307359117 0.3557641677494588 1.4853400000000001
1.3298244326053337 9.8600042938280303 7.7913530360214116 1.1174599999999999
9.5471289988418579 9.0927989236606397 4.4690147394690651 1.5995900000000001
3.0482893368017283 8.8547488245709545 2.1562113264817544 0.9159700000000000
8.9160230115884307 0.4771734120424890 4.9076223604383582 1.4693099999999999
2.5415275020479005 0.4744846186798458 5.6480925192248987 0.8431120000000000
0.9549870745272517 7.0409896219115300 8.0101666693966180 0.9215560000000000
1.6263685889849828 4.3929019591171663 2.8448736731879110 0.9999960000000000
2.9785688464744959 2.5865792016683335 5.3102500146972087 0.7612930000000000
2.1043219527103170 2.4903688385345468 8.0975989226268119 0.9994410000000000
1.0305089780241732 9.8230464225472431 6.8475866121582669 0.8092210000000000
5.5316302804795825 7.6982491431877191 5.1713942730325311 1.0126700000000000
8.7778224449932534 9.2297193689064816 0.6226229948002890 1.4738500000000001
2.5437897213006306 3.5257023833046288 7.9877354561115546 1.0787000000000000
2.7255408127824166 4.7792041308023707 8.2516417988796533 1.0420100000000001
3.5465476292535483 4.9349140938106855 4.6527139339310386 0.7430530000000000
8.6452694211779821 7.1453134548601440 9.9735497193246641 0.8295570000000000
5.3869574482752149 5.6131546378525217 9.7152981776096752 1.1186499999999999
1.6198536498738534 1.0228274170648390 2.9626723919745590 0.8784620000000000
0.2695966231027744 5.3997531402086825 6.4898544015228676 0.9858310000000000
2.8526211934947856 2.3299714125691775 3.0824532140823955 1.1178699999999999
0.2886745523077499 2.4208236822042117 8.4354016286666287 1.0058400000000001
1.3982886627917988 2.3053085496909138 3.1500404452252315 1.5428599999999999
7.9180986700407594 3.3888288624956018 9.5100274900609367 1.4896300000000000
9.1069037938060120 2.3704620815178288 7.8838480465712086 1.4336300000000000
5.9782196388766558 3.6069796241977512 0.1790983000784588 0.8150690000000000
0.7292448283347781 6.2980876439795859 9.3242547105561737 0.8218720000000000
6.3824561089300920 9.2152711293287570 4.2610082023720803 0.8638140000000000
3.6733647590974128 1.6652205477917217 9.4330408344321519 1.2296400000000001
1.7337717712932639 0.1417729996832874 6.0905679785172353 1.0271200000000000
9.8027895895539263 0.6216514233597661 3.9772501750459575 1.0249500000000000
7.0111227220404020 8.0323633524614539 7.4991337953719226 0.9173420000000000
2.7128519069942447 2.2160967684279491 6.1173496532001961 1.0424700000000000
9.7809440567036638 9.6127026053417222 1.1015760379777515 0.8140840000000000
9.0912344713721644 0.1218856755120697 1.5697732628706402 1.0661300000000000
7.4302100255192478 0.6854785447345924 6.1381275648956164 0.9769600000000001
8.4821157469469455 1.9438476631280601 2.5498055985124162 0.9730700000000000
7.8361316451665965 1.1828818277136783 2.2507914958160344 0.9156090000000000
6.3686985799891280 8.6504009231186263 2.3981342959523060 0.7987020000000000
5.6591994429323442 6.9438477815719928 4.4731527672110305 0.9779220000000000
6.7411043030026336 6.1174787573880902 0.9481071691796582 0.9200390000000001
3.9394447774907304 9.2050670890248618 1.3187290608757318 1.2387200000000000
4.2652470445333996 5.6985090888857002 9.7345065454283048 1.0658500000000000
0.4912798607463732 9.9243766369154773 4.1813624255657524 0.9031470000000000
5.8687178449483479 2.1157822485349347 4.6758880530331952 1.3108100000000000
2.0316609158341827 4.8978647282800152 9.5581869828719004 1.3962399999999999
1.6972202146509694 5.4296108229108926 7.1769443017782057 0.7861230000000000
4.4244187981700946 6.6848543622487240 5.2310045493681274 0.7388749999999999
6.3470176950201269 4.1063999911534008 7.5747752764299214 0.7366580000000000
4.8908885547879954 6.3373047371623148 0.3542850702426355 0.9867700000000000
5.4711131470734671 2.6578756361282623 8.2662296906141925 0.8003870000000000
7.0133486715177691 7.2303120942148178 0.8174325650799678 1.2392500000000000
8.2507641201543969 7.0271690075565987 2.5410306939964684 0.7457120000000000
6.7073341993626725 0.7168701403265068 5.2160416653179524 1.3020200000000000
1.3450292814056710 2.6244763312639781 0.7481216356542408 0.8412800000000000
7.6239263085389188 7.8784004128567844 1.3444582984240669 0.7669780000000000
0.8646503896373801 6.2998011500918123 5.3376393767898929 1.1242399999999999
1.5991551392271302 1.9387761058840614 2.0211282772315800 0.7509610000000000
9.6441272718475073 9.7344088203234733 5.6482341143599202 1.0004700000000000
5.2117132071373096 6.8333191803666544 5.2587222826219104 0.7760560000000000
4.7111359475574446 5.2187279532934880 0.8610683092177017 1.4064300000000001
6.7918735285556222 7.4239358886548761 6.4534737262713922 1.3967400000000001
6.8465382754546917 7.1642247990239083 8.7110982929484280 0.9085420000000000
8.7930145383808682 0.4739661449953519 0.6499292765463562 0.9132050000000000
6.4196698478985121 2.7986917507569453 2.3438947086220621 0.7487770000000000
2.3618446974244658 1.1513476425313816 9.1633439432301920 0.9613540000000000
6.5939897131623795 2.9455043943449293 4.2435890524901545 0.9718430000000000
9.9808179694736037 1.8968322341543200 1.5000551851639063 0.9413440000000000
3.1330880552309313 3.9648499419949599 1.3482642441130319 1.0193800000000000
6.8489105476709700 9.1205026503404323 7.8275698666912739 1.2287600000000001
5.3646634929994121 0.0092444895692403 2.4327315640017528 1.0022100000000000
9.8301440024731370 6.9033862329107869 1.4285163191942831 1.1608900000000000
4.9900021344083241 9.3833253522909654 4.9115351152467817 0.7540790000000001
4.0164696795766623 3.0937971830665409 9.4899783468284227 1.5465199999999999
6.9434083005836493 0.4709931158153234 9.9911489909510838 0.8615140000000000
8.0159563982965061 0.2999868228795507 2.4268085749136299 0.7810080000000000
0.2440578291898567 9.9770564871617538 2.0553578666235737 1.3652200000000001
2.6974407040254857 5.6449920306470958 7.5251662605949763 1.1532100000000001
9.7591680170293102 0.7242352997375082 2.9148208219455731 1.0382100000000001
2.6472549396261442 2.6273989009175058 1.3835525512015756 0.8213780000000001
5.9460214593846397 7.0781452583940583 8.7690035733045111 0.8187489999999999
9.8022003710781540 5.5209969138392516 7.4482389315605229 0.8670660000000000
7.1035379394826839 8.7805494861917701 6.5849077850173749 1.3210400000000000
0.2517511178367755 2.8945086179894064 9.2644680364215493 0.8430839999999999
7.8069359164559549 7.1326769591900057 4.1216792925146519 1.2259100000000001
7.9085963004206290 4.6218422114211375 2.0433769092064940 0.9950790000000000
4.0595043565595619 3.8567503482407561 0.6201554139087261 1.1081799999999999
5.5922777364848546 2.6667675701151814 2.1830035735421505 0.9076530000000000
4.4352432016846564 6.2236177017626080 6.9990998841831500 0.8118840000000001
6.3036372120791793 2.5923199497069720 8.2142068977145382 0.8047850000000000
3.4335604060955056 7.8494130289569446 8.4299789216074945 0.9748280000000000
8.7039326422659720 3.6332777698116825 2.7494741475503299 0.7750570000000000
2.8033135644562961 9.3632253281174087 4.5820582920202506 1.2175199999999999
6.6904956776493787 4.0178821230417281 8.3886613442428271 0.9295210000000000
3.3007841141591800 6.1752490013774493 3.0307982058359628 0.7684740000000000
4.3245590798879538 0.7401952554033682 3.7954411139047863 0.9870989999999999
7.2652227042859598 0.3584039969327054 8.1567109941154872 1.3328300000000000
4.1108272163424573 8.3614930091564954 8.8481385015307641 0.8071710000000000
7.7422298039663699 7.9232682811707260 6.7498767107601534 0.7450190000000000
4.2567059751015384 1.0001689477432283 7.4981497677354074 0.8951910000000000
6.0971767329088644 0.7462345644274850 0.7200755079005827 0.9376880000000000
0.4265447208794604 2.3379932117232420 0.7936881710774616 0.7762930000000000
3.4658552164579941 0.6043659087265362 4.2607758082062803 0.9313500000000000
0.0086380240129159 8.0562151706735552 6.2550642632074949 0.7755210000000000
2.3973634757950362 8.3589932232612192 7.1837441677186860 1.5625199999999999
7.9558686597892416 5.4583902715078700 3.4248291442632794 0.7471600000000000
3.9101778049718670 7.3260848884480749 4.8622002213350379 0.9770030000000000
5.0507712539398284 4.2644520876275438 9.7512818867640991 1.5124899999999999
0.1430998187674284 4.3297216745437410 0.0240423272998942 0.7835110000000000
0.1455977108672721 7.1162547770067919 5.8394047106938389 1.1979100000000000
1.9377725643814172 5.1030183529951740 2.1339029505478826 1.0214000000000001
9.1965855148235800 5.8072061189748521 4.7815618841384415 0.9129620000000001
4.8979236071891936 3.5655994476599622 4.0316953515693301 0.7525470000000000
8.9696716125091918 4.9534497136902296 1.3478232255772962 1.5371800000000000
3.3031324260262656 5.3722149427627981 2.9262606702297411 0.7345699999999999
0.7898771431961947 9.5161060996692726 0.8283914433526922 1.2178500000000001
8.7191069985854064 8.3980492495156174 5.2843638827303563 0.9991360000000000
7.7885632179579005 9.5987353975838001 3.1372043001107479 1.2040800000000000
9.4980610126654437 1.6553685899912625 2.4479503490623471 1.0208100000000000
8.6787385601606122 2.8758507593125224 2.0480069571963928 1.1180000000000001
6.3985685608224365 1.6230867896573611 1.2688658400139219 1.1380500000000000
4.4608941148333416 0.4629298213033524 2.7846768464037734 1.0583000000000000
7.7919052404209026 0.3763026233894086 1.3133506955870526 1.4183699999999999
9.6545828365058899 2.4103448660039861 6.8632201309849030 0.7845880000000000
3.5542724821071645 7.9297490719973034 9.3888996026707670 0.9085140000000000
8.4273191277043829 6.4934025293826982 3.4211241545647990 0.8734600000000000
5.3520618311526258 1.8353200465578634 9.5805744427390227 0.7240070000000000
7.8967710266475031 2.2712901471338509 6.5038941337744642 0.8407680000000000
6.7193189846267947 6.2649848284532004 4.6058895745628723 1.4217900000000001
9.5398449264211376 9.1407975291666421 9.1621296357502882 1.5953900000000001
6.9635670941649614 4.0163473109257808 4.7149921640480050 1.3982699999999999
2.1833253921315605 8.6770473123582708 1.7550606838062222 0.9044280000000000
6.0323243286982926 5.9678907133000392 8.6897915541568480 1.3324300000000000
8.9124357006949460 1.2242613991780520 9.0944550141437155 1.2855200000000000
6.2913606333426815 6.9356443035196857 7.6965539015711668 1.3728100000000001
9.7381052221145037 6.0609531354077308 4.1777839959425886 0.7286960000000000
5.2446504311643487 1.0954925509593954 7.3629520204994616 0.7862530000000000
2.1992485112274700 2.1959457312116388 0.6339228217538095 0.9976050000000000
3.3500496270563200 9.7657987980795653 9.0985939583695465 0.8516590000000001
0.8173805410863642 2.7805624178530124 1.7969194836160063 1.4499200000000001
2.4877430718162628 7.2364164070585968 9.1533552162027139 1.6008500000000001
3.9396254110872486 8.1871836014637154 5.7590931179100666 1.3485900000000000
3.8303673570727903 0.1203518606255360 6.9959024465112618 1.2342800000000000
3.3477532587853820 7.3436006051837577 7.3471491922068273 0.7579200000000000
6.6887293001337840 2.6948202026996557 5.1321727920629039 0.8206770000000000
2.9431981456903129 9.4483707348289343 1.4977389115703144 0.7583750000000000
2.6529658289946094 0.1587450197917589 3.6471140582865700 1.1801500000000000
2.6819436007777284 3.9327085897195766 6.3223244622117756 1.1268000000000000
0.3160691577224261 6.2804105297556454 0.8006503439419227 0.7945320000000000
1.1604828430306200 1.7016309150317721 5.3015640468803458 0.8812810000000000
5.1175752054062853 3.4351515882956929 2.0460819531528323 0.8425910000000000
5.3116220046522660 6.7523729852645555 8.2752746104978598 0.8685960000000000
6.0383341479514465 0.4407344402518603 9.7694289802097831 0.8937659999999999
1.8403259476738323 5.4270941742423355 3.1444214507760515 1.0028300000000001
0.9718744135641390 1.9452574088869306 4.2102821652949567 0.7838100000000000
8.7162290474577890 4.9699792326462973 4.7525930526580620 0.8558789999999999
4.2185382749365958 7.8097590646233330 0.2721704515257924 1.0314399999999999
2.6188547611005557 6.9278609206098549 2.5295220900314126 1.3262100000000001
4.4690025515912533 9.7623022482374981 2.0932247068223866 0.8532680000000000
4.2446299705121566 5.5588512236647718 4.2413110568294128 0.9429560000000000
1.0441600786219285 5.9424665844935687 3.1055494075081960 0.8267760000000000
1.1621726153857230 8.6272005117819486 9.2078409084786159 0.7928720000000000
4.0570822688917341 4.9296331813575387 5.3701635093448106 0.9168760000000000
7.4928072278737057 4.4015179338373676 0.2409937258688085 1.0651200000000001
7.5272793355068783 3.3469614424228253 0.8574595628495005 1.2352900000000000
0.8970346306812531 8.9645918960000515 4.1672598495966362 1.0939500000000000
7.8127515498739557 9.5850388325149183 7.3744149673100772 1.0219800000000001
0.0893394518666288 3.0296259778562336 7.4263302328827523 1.0215500000000000
5.6947353644600360 9.6368672657772780 0.0045083337997668 0.8664740000000000
4.2162321159262959 9.6365731104897439 5.7851008782585511 1.3502200000000000
2.2380282416580766 0.9452300345313864 0.7945582436030872 1.2389800000000000
5.9931623605035540 6.8009724492101835 9.9265957900650186 1.4821400000000000
4.8209146468453543 6.1004177063631824 4.7672861368732171 0.8683530000000000
7.0786664382833235 0.5807080425091558 2.8125234192701476 1.2081200000000001
5.6954842076816741 6.2018924932544497 5.0757907426867632 0.7587880000000000
9.0192277679386521 6.1915058065789541 6.1984316759945504 0.7605950000000000
4.3108177024260232 9.5245894204700434 7.7400920922309799 0.8201520000000000
4.3725944522205555 9.5525329173813791 3.1828987834254043 0.8805440000000000
7.5796946929749929 6.7057974217149585 3.1387505859174283 0.8820260000000000
7.4856256032538342 8.4902630393019454 0.2150721093798801 1.5203599999999999
5.2166619017192959 2.8605020617505001 5.0679065635528842 0.7567580000000000
3.5214668464329542 7.1808065120516851 9.9336503504961104 0.8803000000000000
2.3620450932368464 3.7621268859115284 9.5559353344592814 0.7536640000000000
3.3808570313578419 1.1513559171039081 3.1290379246975744 1.3914000000000000
4.1380643422383940 7.4359432656452311 1.3210142507727500 0.8307740000000000
1.8125106319510154 7.6532383460383899 8.0772626287829556 0.9055270000000000
5.9486753946594328 0.5667388615437836 2.9448249424069894 0.8413850000000000
5.9457279671052081 3.0794760885078478 0.8971587105125485 0.7941690000000000
3.2904855467386631 0.9697937899719316 7.6815398668196755 0.9502950000000000
9.9910703078405962 0.6600722519862944 5.3042829732815324 0.7807940000000000
1.8180812640632957 1.6892006720521944 8.6425668416292929 0.8286559999999999
2.1447436507532891 2.1649832256659991 5.2898010081048570 0.8547490000000000
0.0546872408289203 5.9065217351376980 3.2485116948120569 1.0944600000000000
2.6010661978876888 3.3496171853625532 1.9490332535783912 0.8208630000000000
3.3809196216553503 0.4459467052864367 6.0464647225606400 0.7517730000000000
7.5624787510999560 2.9256326435669413 4.7922600083046216 0.7780220000000000
2.5323026097977386 9.2258614787221092 8.9612154358541769 0.8500910000000000
1.2809971681191576 5.7191143013452876 0.0937276280264182 0.9314200000000000
4.8634740002792300 6.1849797399717055 3.2092425789884804 0.8022440000000000
9.4990778548807988 8.5879620728008206 6.8334074006443988 1.0408599999999999
6.8825898122792397 9.6862310023673484 5.7859247180267639 0.9542400000000000
8.8049253189339023 0.8023224000487218 2.4257311739564251 1.0389900000000001
2.0403014530646448 2.9377786216399522 6.9273839858440498 1.4373300000000000
0.0369127065682210 8.9834280456020554 2.5474484868902789 0.8150860000000000
9.8725390069440344 5.2094897789768977 9.9116454149553181 0.8589660000000000
5.7738860027444492 4.9670217671901140 0.5373325863944253 0.7951850000000000
8.4148333487658729 7.7417652018717549 8.0331097310011241 0.9366520000000000
2.4674782307746845 6.0051029830587099 1.5718433525118496 1.2593300000000001
5.7962438690662808 1.3789271261380962 5.8634485826706868 1.1355800000000000
3.5952241181607629 5.7536502745303846 1.3445643808254586 1.0235700000000001
2.2509147174607183 4.7887045550440774 0.9885986808861182 1.3629899999999999
4.3407959714886291 8.9103010795236752 5.0061905833039289 0.7280900000000000
1.0947413209022843 3.2534116630001093 6.1938217984863586 0.9664270000000000
2.2582420046702274 9.4107476658272375 7.9048613212859902 0.8621430000000000
5.4578655122696480 3.1010833754285576 4.3585936872734141 0.7558630000000000
6.3448997812177597 7.9117053763735790 0.2768646239919298 0.8470230000000000
8.1091117138613154 4.3777341045133706 4.4412121737566403 0.7655670000000000
1.9071790253596588 0.8029731470042942 3.7099502396090478 0.7337040000000000
1.8601121080875855 1.0180647463512744 1.8586484259437055 0.8964390000000000
4.7983906895424608 3.9864808671599077 7.1572977744034461 0.8935040000000000
9.2820717985447843 4.1854396794752020 4.5966046510989900 0.9287730000000000
0.8832145880915236 5.2706386255089575 2.4540441060328853 1.0086500000000000
9.1192075880385577 8.1426037373447144 1.1118092258252208 0.7301900000000000
9.6124996366243138 2.7272651300737820 6.0331890552889567 0.9262000000000000
0.8466452319833885 4.9689770628599650 3.5779679139146956 1.2511600000000000
0.5588622867210052 8.1844029823811937 2.5567387445638916 0.9796530000000000
4.2918181783441334 7.5750679570420356 3.8810271009646211 1.0783799999999999
1.2086851374109486 8.9437553570685324 7.1842787695323818 1.0105100000000000
2.2131767086097613 2.5676243993655667 2.2586218435655367 0.8129720000000000
2.9942834370103468 2.6220472134881216 7.6814905762889474 0.9183240000000000
4.5987953188030231 2.0287174639339449 0.1632742307653615 1.1450600000000000
3.4529557519304221 5.5530096348779141 5.8425115566730259 0.7612240000000000
1.9839268970104547 9.1163197271981016 3.7083126090323701 1.1588000000000001
9.6074664644547401 0.8745949979052532 1.9354045173627401 0.7726690000000001
8.3782391822643696 0.4630497159096791 5.9985624193532496 0.8291860000000000
8.2190946175768751 1.3500730242406820 8.0108107719032109 1.1544300000000001
3.9548863263279719 3.6435479322693292 6.4250524553510235 1.3558900000000000
6.1002105376270155 4.0022131533530372 5.6070941188691545 0.9763240000000000
6.5421886132170410 8.4269005942964021 5.3350427101183495 1.4290200000000000
2.1478717655563941 9.1130589078440511 0.9111934636971325 0.9365320000000000
8.8757897970698902 7.7190922300267308 7.0999289749080878 1.0606300000000000
7.4173480397219471 2.3517290687856276 1.8824703890103451 1.5522800000000001
2.6593632918070162 0.5582810184020021 6.7675441204046303 1.2124800000000000
3.9098873299401826 6.8110337027246857 7.1983690414622226 0.7507640000000000
7.8244545577140343 9.7331298648570908 6.3133328704040261 1.0545899999999999
8.9344087691169367 1.2667364180039939 6.9031143064128724 1.4060100000000000
3.9279275281657480 2.4133448422339381 2.6440279250423839 1.0838399999999999
3.6443190607301950 8.3079787258102922 4.4739351944625101 1.1350499999999999
1.1825222725474973 7.3237759707394856 5.6219937299746228 0.8494370000000000
2.8908587710943299 1.0162398075196089 1.8893034437069127 1.0087400000000000
8.6045992752447571 4.0537127456199391 2.0444152946301615 0.7299850000000000
6.2828943122017273 0.4886662908248444 1.8196525889592063 1.2708200000000001
4.0392534969198683 9.0446920718171171 2.3950407025031319 0.8762000000000000
0.2139460538051508 0.5284189467050157 6.4079590900952343 1.3922099999999999
3.6667344559478328 1.4297491319275200 6.5276829565858439 1.4053800000000001
8.1261764519750184 9.2636060411322898 9.2407752811586139 1.1185300000000000
6.2832509902200133 1.6712532650745284 6.7631610142663048 0.9025180000000000
1.0406951713480084 9.2347265972262811 2.8766136958110904 1.2844000000000000
9.6740992050277814 7.9539072464404512 8.8203984455758491 0.7547300000000000
5.3283008465696584 7.8206055919527619 4.0327247660590038 0.9962180000000000
5.6553732931069804 2.8237902759151301 7.4643776918389300 0.8108800000000000
3.0207371264751233 2.4149372084879333 9.8543974911503334 0.8069220000000000
6.0928961975428555 9.9378228935511075 8.1268742965332450 0.9960639999999999
9.5659491705756263 9.9492840727050069 0.1971363444624595 0.7321210000000000
3.3404243935615283 0.1955527229804821 5.1596719952548984 1.0034700000000001
6.9064301743696070 3.6188652692411694 3.4535096335770610 1.0566700000000000
3.0777375506283144 4.2675507805976061 0.0853216373686385 1.1856599999999999
9.3756625474170239 3.1649878993787852 4.3415702733933621 1.0133500000000000
3.6395952746156364 5.6593382608469298 5.0080045493695788 0.7550410000000000
0.3201500273843463 3.2929337351698709 5.5701820254939305 0.9422710000000000
7.7032617699262742 9.8307336389046700 0.1395267493300847 1.0861799999999999
2.2377205550711095 4.1560853375975650 2.0989899810599679 0.9049509999999999
5.2406992278648845 4.9212041828300910 3.9798311088786851 0.7669170000000000
5.0062596109551540 2.0856474964983613 2.8207209968848672 1.1078399999999999
6.3357638441022113 8.3565734976763082 4.1706194884190237 0.8045470000000000
9.0256831873747903 4.6591285658263146 8.5399743250605233 0.9149790000000000
8.1441413543103582 3.1823132208841765 7.1746438719465173 1.3474500000000000
6.5086548709880292 1.6398900932763083 9.8586472769385587 1.5761900000000000
8.6853212311343011 4.0995261353311445 6.9427529505364181 0.7654710000000000
2.8913460592763207 9.5323629723212928 9.8110185531942271 0.8096650000000000
8.5442338927376440 7.2305867863885744 1.3452144405765463 1.4145700000000001
3.2159077823787459 7.6718911092566895 0.8797556721514169 1.1041300000000001
0.2770228847084617 6.7523202436579757 0.0118151716159569 0.9656500000000000
7.6843280138160450 0.0556259264774514 5.3124789952934997 0.9850380000000000
8.4510053263413205 4.9092073823302744 3.9399797367003844 0.7306700000000000
7.2293417591104232 1.8599243727560015 4.5616874026177214 1.3524499999999999
3.3591710971800635 9.0482063721560060 8.1778841899434234 1.3913599999999999
1.7341324874729542 7.9511419164700508 5.3099589999669865 0.7915660000000000
0.4401311606533815 2.0556477741232917 9.3823108204772900 0.8231240000000000
5.2165958351275084 8.7099779062903782 5.7125774394943125 1.2811800000000000
6.4073226035229425 7.4242675403501410 4.7491542252945660 0.8232790000000000
3.5739188100382089 1.8828413846165435 7.6264833792575377 0.9081480000000000
2.0250074800346840 9.6207561063957225 6.9882134270748297 0.9921270000000000
8.4115303255844687 8.6296048685819216 6.3817955990384734 1.2155100000000001
2.7142704692080253 8.3992666604516923 0.0518743585213412 1.2384800000000000
8.3439255749672334 2.6870553660835017 1.0423526578872471 0.7899330000000000
9.4494594152941378 1.2694846399675970 5.5618874337742312 0.7333610000000000
9.8506272016408101 5.0278870319789979 8.7722149311479303 0.7950360000000000
0.1251150507970648 4.9939934856940678 1.8663246204318442 0.9125030000000000
7.0681333218029607 9.4460128735075681 2.0821179684117395 1.2778400000000001
1.2624629051146676 7.8222921322400492 8.8358688129104870 0.9354350000000000
0.4317765720957772 8.7751804033080791 1.6863451466303723 1.0585500000000001
3.1135283436965056 3.1558187879821191 0.5506784193343141 1.1429600000000000
9.0823379387346073 6.1417133373127948 8.8512826611963984 0.7575490000000000
3.3230951167695895 8.0179216267885511 2.4811440624916510 0.9069710000000000
6.6995720163204231 3.1947373653584759 9.4171721053546893 0.8680950000000000
2.6970475026320089 8.1686434048091527 5.1665314971426719 1.1361800000000000
8.5373749989272838 8.1238380397584109 4.2166330758431751 1.1472400000000000
9.6364917871116109 1.8454156567175901 0.5281424952127755 0.8403340000000000
2.3174689956262338 0.1355935915762160 1.6959210217965910 1.0459300000000000
4.7311963098320735 2.4298659919875760 3.9786747520999328 1.3029100000000000
5.5656153152279222 0.2573120754155033 7.3795997600004286 0.8596360000000000
8.9200523575937911 6.7607382341894811 4.3839288896762456 1.0549599999999999
5.7792011837413240 7.8072786733859720 0.9409772865843318 0.8188420000000000
0.6216050251302445 5.1887503236434673 5.5575972695911551 0.9913550000000000
5.5165655893548156 7.2701647956963829 2.5571193509993009 0.9494510000000000
3.5250387171901951 8.0985090794337022 7.5505455321372148 0.7817690000000000
0.3386161537176069 2.7438251022386067 3.9472342563659839 1.0569299999999999
0.8604776732587359 1.5592134820885191 8.6785692425864234 0.9759100000000001
9.6510563458986329 0.6209109733362068 9.6936918508523320 0.8887880000000000
4.3164492326759181 4.6269222452106584 7.6499342055556374 0.8211150000000000
7.3905088490781585 3.2491047343037089 5.9157302316582268 1.4668200000000000
8.1529806749559466 2.1918163656215612 8.8435670942716129 1.1306200000000000
8.8291315015178036 7.5084795653276712 3.4028753462075145 0.9123960000000000
1.5666273197290683 8.6945969756695725 8.2542386577738274 1.1458699999999999
1.1473680575934480 4.1807730305970310 8.0978011559863976 0.7665890000000000
6.2397967699265964 2.8262812003680042 0.1895181547945418 0.7665430000000000
7.9579715471042274 1.0764981900549018 0.0734213712450178 1.3555900000000001
0.6301726593757692 8.9950101462699656 9.8061236889185839 0.8443390000000000
2.9645307675155967 0.1417397893346360 7.6867534294920494 0.7764880000000000
0.3103002662093276 1.4081729184467273 5.4825137446542396 0.8073810000000000
7.0641145965455747 1.1919917940266775 1.8474884677389711 0.7719570000000000
9.7372289661292495 4.7582309542924790 7.8918496316010893 0.8546870000000000
5.5820995545409771 1.0974818748695547 1.3179672516019880 0.7239390000000000
7.6059966294239425 4.4515448837937202 6.7884240941256069 1.4220400000000000
7.0843234586973693 3.4538391564153628 2.4589658453602539 0.9307780000000000
2.0678735337596743 3.2390954875549749 5.5657970641576036 1.1655100000000000
3.9570769624217816 1.6137155498794347 4.2413155204922575 0.8330570000000000
4.9751812964014679 7.8946469878180423 3.0815652641701572 0.9521130000000000
7.1955855116832579 2.4594374744517271 9.2396910083428843 0.7622170000000000
2.0433272984005053 9.8245533280792134 5.1784665061359076 0.8208360000000000
1.2755595124690147 3.5409541564277016 2.7137671967964212 0.7855760000000001
4.1892862254026255 0.8649281991100151 4.7455979120433502 0.8337900000000000
2.1251453148644281 4.3294864062312231 5.4859835363576952 0.9615710000000000
5.1910947705095083 1.0219454441181610 2.1735564976924535 1.0512200000000000
5.7079568163123628 5.8655914824096644 0.6964225246801081 0.9205620000000000
2.4884902822108628 0.4763732274366173 4.6881128128002274 0.9459870000000000
9.1196635414760401 6.7638143263588431 5.4906578202783036 1.0124400000000000
1.3115401626585028 7.2611770447863444 2.6280606659648429 1.2930699999999999
5.5502586444682169 5.9152463590421958 3.9670240183425434 1.2520100000000001
9.5154947130020329 2.1513003038437963 4.2906307089360025 0.9732960000000001
2.1400798102209149 6.2465620713278653 5.8622874135056868 0.8443510000000000
8.4305518655032028 5.8832723292641775 9.4817284855862791 0.7602230000000000
5.7015545022030700 8.8994532695168704 8.3454347074510995 1.2015499999999999
5.0706185612856229 0.6781363769408512 8.4092530827814471 1.4133000000000000
4.4160953211739695 8.1779367724453955 2.0021887956890652 1.1082500000000000
1.9865030934016226 6.4901265636896834 9.9760359021873217 0.7527630000000000
9.1047638204413008 2.5608995007781683 5.0666664080824573 0.8472810000000000
2.2619374027575812 9.4706508691140012 2.6031290141239953 1.1440900000000001
2.4851992284145270 8.2004259138141826 4.0593297738016529 0.9723380000000000
3.8726488926193272 6.9875650143640318 8.9641528112479705 1.1259600000000001
5.5365161561079264 1.0553819371316744 9.3656486534733450 0.7533390000000000
9.3610906001227860 5.5259022146796815 8.2462130685635877 0.8825620000000000
3.1069944474094724 1.4492771046745112 5.1565493953611030 1.4547800000000000
7.6982390715184792 3.3784008321836483 4.0216608744750193 0.8849690000000000
8.3041427708919642 5.2189074033942484 0.1633701173244294 1.0669500000000001
5.2485207152087714 6.1870972135418958 6.1279389881563073 1.3236699999999999
1.6372977151501564 4.0475455684442174 6.3306720091500353 0.9145200000000000
8.2447136807138222 8.3234697802749533 1.0967812648611632 0.7314060000000000
2.3353511530768536 4.6155982522463699 4.6379898492667353 0.8274760000000000
0.5238419392931808 8.4655466912039010 0.5394747612034462 0.8829050000000001
9.2250905425199257 7.3391712543577405 8.2852846210125577 0.8076730000000000
3.9395263239569762 2.9579001921426009 5.3958280075728338 0.7262900000000000
4.6613132220697864 7.4673985042530511 8.4852940380656126 0.8626220000000000
3.3790170882650208 6.7131090777135665 1.4971830003684585 0.8884069999999999
1.7984533210397924 9.9623125700470947 0.8677024187929103 0.8076330000000000
5.5023291344772618 8.9285023454412684 9.4324064009324253 0.9144870000000000
9.4761808176497375 7.0515881809341447 9.2588545465740584 1.2125900000000001
8.0047277417703651 1.4345619116647819 6.2058261905767109 0.8376510000000000
6.8939701069562584 4.6674457822978059 7.7754596329331358 0.8174900000000000
0.4656685527410663 3.1286843366254593 2.9235572152632918 0.9122670000000001
6.2325691336963374 0.9618006605097240 7.6747798186695944 1.1062900000000000
8.0494964353654890 0.7587588001965326 3.1270982056837724 0.7569090000000001
4.0365586790941590 9.6397256617939835 4.3620034106503942 1.2491800000000000
3.7360159500839147 0.1173980052350822 3.4450520449425075 0.8059320000000000
5.2634404726374040 4.8955612347983566 1.9641515217313492 0.8957650000000000
6.8346883817250026 2.6345631856671408 7.1755507884254222 1.3984500000000000
6.6362391603139033 3.7146149870993690 6.7425131201514468 0.8909520000000000
0.4003974818923232 1.9529095519981508 4.8288978862956915 0.8327570000000000
3.0864112206872925 0.6446624365792739 9.8717941552274286 1.1949200000000000
1.1895780056503569 8.2164104325910081 3.4181938798567364 0.9661090000000000
0.7187433320849035 1.2669628839709637 2.3237001318969730 1.3028299999999999
6.9203365949661517 8.7129946406221457 3.3207193673933841 1.2314400000000001
9.2047386844605867 7.7432327538407053 5.9749087825678009 0.9875690000000000
4.7311360828078550 5.2134687795691219 8.5910189967245998 1.4641400000000000
1.3096929875173224 2.5447030592838562 8.9024548276738340 1.1636100000000000
4.7486338028110158 0.3203772926164886 7.4180071756522246 0.7242280000000000
4.9579579340434980 7.3834786190630570 1.8032367286014248 0.7796360000000000
1.9970238743794435 3.4425338142225126 1.0639762941943602 1.2714799999999999
3.4313124769198406 7.4982908982778191 1.8043710384615024 0.7538970000000000
7.6990968867909197 2.0791309708421775 9.6825392976712923 0.7327850000000000
6.5556549497829009 0.0561852898680609 4.3727987566612576 0.7962880000000000
7.8208716322995189 4.0009647873331975 2.7990868033515195 0.8999740000000001
7.4380457579127341 7.2532277136295713 8.0552106606672211 0.7525800000000000
8.4145879065083609 7.4224919534420453 5.0826399380116047 1.0099100000000001
5.6357534310521773 1.8749109534966875 3.5981990292990846 0.8251930000000000
8.6556845524086388 3.6514909666437356 1.2910243054518884 0.8867570000000000
1.6160222646146087 6.7795133603142022 1.6800514283068722 0.8454970000000001
0.2581088729379133 1.5210171448614169 7.4872371817343382 1.4419100000000000
0.0911135935586142 0.5616106886044784 8.5907441503876818 1.4182600000000001
2.1055159828413772 7.4362139426371323 3.6540793761310009 0.8558630000000000
0.5375397138429266 4.2720585261910173 6.2425913116600649 1.1866200000000000
0.2204037963521931 1.6240766363457761 3.5781524300198733 1.2046300000000001
6.0506963196701440 9.3295680202185256 6.2621006646199548 0.9970550000000000
0.5429073091535104 7.1188170347499620 8.8997698193643444 0.9672980000000000
1.9221682867477154 6.4719884505455436 8.0068274765328145 1.2417499999999999
4.3650679119278939 4.1672178685018650 8.7891072393508498 0.7261930000000000
2.1229807311634818 7.3024906230676168 6.1899211172349933 1.2888800000000000
7.1333147158667636 8.7376464637405853 4.3782127459048912 0.8288410000000000
1.6385577904035071 5.4873236903558871 4.0557337878815822 0.8070450000000000
2.6335388842188929 1.6140096723493418 0.0021065855473754 0.8701380000000000
4.7300413439729612 2.0665322374544477 8.9818987591944488 0.9519740000000000
4.2805914043967404 0.8999964263398476 0.2481397793937044 1.0559000000000001
5.0433732896300318 7.5689353515997499 6.1822904022630203 0.8249850000000000
9.8177909430872639 4.0828491394088839 8.6762869428104015 0.9809510000000000
1.4945234182695522 1.6404450571802089 9.7970585587262544 1.3129900000000001
9.3454822127222226 8.0311619687750664 9.6260930112942855 0.7226290000000000
9.2433058682298608 3.1113942895126829 6.9568136414025270 0.7809020000000000
9.2022235206426082 5.4611897658472097 6.6299583280313836 0.8525130000000000
4.0365869054737891 5.9780006306440949 6.3630595150444940 0.7244370000000000
0.8724805373253823 2.6270246378023758 9.8822059564800302 0.8536940000000000
8.8459142542921221 2.4422602216518365 6.7745957173285509 0.7647119999999999
0.0112908597811768 2.7099149514116996 4.9301836580981222 0.8215720000000000
1.3697567141884743 0.5819064730288311 9.0331494753014550 1.2063699999999999
3.9578077707678121 5.9220981926011405 3.4769352139807461 0.7903150000000000
0.4640496512180403 8.3908870569629901 8.4556097197498801 1.0923400000000001
5.1538949747742349 6.4055497667262475 2.3554205850669052 0.9016590000000000
0.5368486286971061 6.3256237879228987 2.2599288111124056 1.1677100000000000
6.1569992231901072 9.4549961194058731 2.8502015417648221 1.0315200000000000
3.5087619153624514 8.2611366922528635 1.6825669670112353 0.7386170000000000
4.7283345161985748 2.8605927549375814 8.5437858751317091 0.7610360000000000
6.7552820504874056 5.6633727500349380 3.1773615340903723 1.5788700000000000
3.6392412763484705 2.4362210076927253 5.9321355912650855 0.8305760000000000
2.6270865120027849 5.8215183415737428 2.6372103224769798 0.8317610000000000
3.6608706687637795 2.9882335456562292 1.5964202662827300 1.1553599999999999
1.0031145854772816 0.9335417307588453 5.6929743992615354 0.8187120000000000
5.0683158479388348 8.9472889669204978 2.6665346603588906 1.1707700000000001
6.2429467740588578 4.3405483434239391 9.8803014324955019 0.7416820000000000
1.8048200937311678 8.8834166154793692 5.0553485236969342 1.0837300000000001
1.9896586811269141 6.8784647298503749 4.7711345352055847 1.5646300000000000
6.5690331703073896 2.1695845245138590 3.6519467997632482 0.8619010000000000
8.9004869695404558 5.7810664460114056 3.1584998363992463 0.7569770000000000
7.6855820024641979 5.5314596753155456 7.6237614498209032 1.0108500000000000
8.7681502563550602 5.0237635067633066 7.5015244379784880 1.1994700000000000
8.8849788216916501 0.0209743921621921 3.5654320028586164 1.2195800000000001
9.1928614497703034 3.7775351167693496 7.7827515282444848 1.2217400000000000
4.9429502926073550 7.2048233841510481 7.2335539433994942 1.3455600000000001
0.4258991265292189 4.3722084961062881 4.4775623503552096 0.9240170000000000
7.8701062961160018 7.3495641001541498 7.3450003534323258 0.8584580000000001
1.7967295193038439 3.3162159654083694 2.0909650496340304 0.7659430000000000
2.7661167035895509 4.5564924136639471 3.1741805062553312 1.1897000000000000
5.3625076372134641 4.9868379559291993 5.1813866102285298 1.5537300000000001
8.9270923509050135 8.7119274545955339 3.0094059350651561 1.5470100000000000
6.7942614120141300 9.8354639459732454 3.5347884413722084 0.8771600000000001
5.7241314766741196 1.7872597326290436 8.6812754691061222 1.1372800000000001
1.8084906279315229 9.5954339931331862 8.5924683306200844 0.7634870000000000
5.7393721460857767 3.6445970484406538 7.1075714134526322 0.9303430000000000
6.7486372382509892 0.0933004908239210 6.9145140444934974 1.3245000000000000
2.1891783018099584 5.8075158981045405 0.4026374657959277 0.8526510000000000
1.1085426601214703 3.9552081407860311 5.2298491203282937 1.1427000000000000
3.2020159057757653 6.7016235358459761 4.6735804420528293 0.8149490000000000
4.3227192886385479 2.5773681577497287 6.3836513219314339 0.7803870000000001
6.1138136675367161 6.8793575654209089 5.5535010026832499 1.0226900000000001
4.8690262036013880 0.7125605491752500 6.4055830773947635 1.2981400000000001
3.4999159669707716 5.4703902281810377 6.6602379814851371 0.8157010000000000
8.2781925286316262 9.3293861714620867 1.9663887630477825 1.0919300000000001
8.7149033465419858 0.1566193850623541 9.6628913432854855 1.0899500000000000
4.1886629324956193 4.2994424717925614 1.7554670366991891 1.2647299999999999
0.7175639332488291 5.2381766655446231 9.2718365582799915 1.1894800000000001
1.2031996269074252 0.5394535186775367 0.3133267000954440 1.0761799999999999
4.5360567581783524 6.4543524650863882 1.4264507465460325 1.2203299999999999
7.0130699766766433 1.7251129200394073 8.4158479539205402 1.3971400000000000
5.7830691156460521 4.1213597392715267 4.1526901317941300 1.1391500000000001
0.6495983408445893 4.8311745513799966 7.3694809063353093 1.1673800000000001
7.2210048379053573 7.3125895964445569 9.6474584699744792 1.0686400000000000
1.5424066736585520 5.2106263950216825 8.2488792626082681 1.3581399999999999
9.8883533631174796 6.9795727078171419 3.8351089408040968 1.1472000000000000
3.3208772850188231 4.5020246553852843 4.0299073222368103 0.7881450000000000
9.2586683095128723 1.1775137985248094 8.0636841067959590 0.7551890000000000
4.9557126263853464 4.2236667135554224 3.0037854629678455 1.5740000000000001
3.8719421607693461 2.2708116027056544 8.4706582691904710 0.9768880000000000
5.0000857176185018 9.4152545734339324 6.8906962620348038 1.3154300000000001
2.9015037367333174 8.0974660888733396 6.1226194867194508 0.7598040000000000
7.7349603724886338 6.1240643058881519 3.8147732850820137 0.8048480000000000
2.0521798459757465 0.5679004744341128 9.8303852904641236 0.8010330000000000
3.6319771585130152 6.0276654139792125 7.3128628574965706 0.8415319999999999
7.5265847920950470 5.2947981945285303 1.1040584591325984 1.2913200000000000
0.9855911085658897 3.8658635756825874 9.2280042208089235 1.5231100000000000
3.0518327104871399 3.4654780823934437 7.1260366183005415 0.8146560000000000
2.9110531928686347 1.7167482611584601 8.4215233662204270 1.0962700000000001
4.1375144966177766 8.2232716824096137 2.9555061227940467 0.8097670000000000
6.0923873010089897 3.8249612519774998 9.2630822023066592 0.7980130000000000
3.1553493787821014 7.4756185456215274 6.5712338665208705 0.7978350000000000
9.9945940401823936 4.8289240811384033 2.8161062322270518 0.9717610000000000
2.9936239782681500 7.4962106128296817 4.4084084157530627 0.8298010000000000
0.4297559839338133 5.5099266471297819 8.1939758697873195 0.8823560000000000
5.8883967524996113 4.9058906369424724 3.5347858027517680 0.7370250000000000
4.3481874133067020 1.3920427615823292 2.5669179263230255 0.8026440000000000
5.3841506926970064 3.8532226287013445 8.2913262364931235 1.5074099999999999
9.1064966268673668 1.2060612489372773 0.1839487695215774 0.8448820000000000
3.3182869762849241 8.9797478762352672 3.3597868184180517 1.4652499999999999
7.3101457363190301 2.6379041686813944 3.7772719843813007 0.7952710000000000
9.4992771883966611 5.5688561583326059 2.3614901217402258 0.9728190000000000
2.1021573505009545 3.2904520418908287 8.8828903093280402 0.9127930000000000
5.0523798834202829 1.3013296182785394 4.2846729406767308 1.0351600000000001
7.5488719855485380 1.7194771580413271 3.2363401668495628 1.3067000000000000
3.1898064601942955 6.6201045560893821 8.0565536541985381 1.1863600000000001
6.0184376867637122 2.4934647588839112 1.4463012054371094 0.7392740000000000
7.8424067563686384 7.7968501612567511 3.0684412051076597 1.1894899999999999
9.9325813899371642 9.2676201127450835 0.3277267962814261 0.7727260000000000
5.4961112118837709 8.6945051453615090 4.5599217580303195 1.0052000000000001
9.7482750213097180 6.2170805981454516 6.7691236855392889 0.9721430000000000
1.4150399950149566 0.8189173492974491 7.0098090991912407 1.2686800000000000
1.1077590313923653 2.7571623908908665 4.8943479514382169 1.2498199999999999
8.4303047547439505 3.5446841503585231 5.0031209303591941 1.2794099999999999
1.0181104619645527 7.9785707781428234 7.6724854863256411 0.9384580000000000
6.4968186768093474 7.3203846818562264 3.4593344029158271 1.6066000000000000
9.9155768857965043 6.4767083319465995 8.2209307557438080 1.2200000000000000
0.1379037971920327 4.4953457494650753 1.0302420859182368 0.9061690000000000
2.0149358812244236 4.3666674448825598 7.3166054531580791 1.2101800000000000
1.3273651593642473 8.4800131080637673 2.0634658895996654 0.8450420000000000
4.4446130467702458 3.3215794578235842 4.7324544949337044 0.9216040000000000
7.8794634395962930 3.5730125730949815 1.9138125322474981 0.9562840000000000
5.0250645303833741 0.3105961630545185 9.6650833863363186 1.0934100000000000
5.9620047895113375 9.6217702671263634 5.1382227222528867 1.1802400000000000
4.3756520207830798 6.3953735972797281 8.0736911210551501 1.1158200000000000
2.8295910636962653 3.1587832707574539 9.5952009825461619 0.7289310000000000
3.1996967725319250 7.6529399749523250 3.4509304567394992 1.0760600000000000
2.3881304615235579 2.7866620415224306 4.2688279733534173 1.5037799999999999
7.9661038529316253 7.3963849474056600 0.3959619097569641 0.7573870000000000
4.5797117697738701 1.8824142368394883 5.3805901821512130 1.5424800000000001
6.9389410445439310 2.6681377521180853 2.9894327783092307 0.8677380000000000
9.0656957102319637 6.1896244397163693 1.5922151134123339 0.8991780000000000
0.3308305624955807 9.1928055047567998 6.3543804728744524 1.1540200000000000
9.6597622289754010 4.6854064119755918 6.9441195030089924 0.9317250000000000
2.8759192808625786 6.0209053727089428 5.3086894910527676 0.9169659999999999
6.0843698319761135 3.2848573949530677 4.9446282672148616 0.8151790000000000
4.6971660617142224 3.0262026728901534 3.0255308577931372 0.7577040000000000
2.3930020014349278 5.2084356468833510 6.3540544939332886 1.3459399999999999
2.0324304716679040 8.3617807846628143 6.0433780433476993 0.7605520000000000
6.9549284600532273 0.8858500518687044 0.7249198718425408 0.7525390000000000
3.9506898718522017 6.0098082763605980 8.8870416340851222 0.7685740000000000
4.3773006124192753 5.7918325864089057 5.5036616442259589 0.8875620000000000
5.2154487864829626 7.3895617143584023 9.1899483340144688 0.8427550000000000
1.4533409561824082 1.8928857996505424 7.0197969768145221 0.8219970000000000
3.1889318283289456 6.1888369085737036 8.9721134420530362 0.7629460000000000
9.3944962818596522 3.5264579148712749 9.7566084233594186 1.4084800000000000
8.0427834832952794 0.4675242066617746 6.9820608599429326 0.8765370000000000
5.7866665371820787 8.6850649561002093 3.4920622144850109 0.9941870000000000
6.0226465579205577 4.7667997365243613 2.4980092662498792 0.8675450000000000
2.5038163775787137 7.0497382954851622 7.2336080806942773 0.9130840000000000
5.8112746716832824 2.9922606511954757 3.2951065805052329 1.3871000000000000
7.0248382577263664 1.8461193445075295 5.9121114141468443 1.3047500000000001
1.2538136022723092 7.0282961634259156 9.7132115561948105 1.0651500000000000
7.0640587671256396 6.4142500946062277 9.2240378487350227 0.8637700000000000
7.6760632517964140 5.8649970624767267 9.2143962085372308 0.7264250000000000
9.5226940542797571 8.7422996072243055 5.7799134940053962 0.9516940000000000
8.6193380258787364 9.4342901814219431 5.5873189525365667 1.0053900000000000
5.3745982929330909 5.9078662347007445 7.4825803775507707 1.3299500000000000
9.7233445287700970 3.7865752335713228 2.1127380988205302 1.4974900000000000
6.2842953653064360 7.6625890328877144 2.1644462081776221 0.8534690000000000
0.7112326616161569 4.1813877862477922 2.8112114438862257 0.8196530000000000
7.0887951740889532 2.7270897587187548 0.0141692216099561 0.7786100000000000
5.7407592793600815 6.3899147308937065 3.0163701358105683 0.8149870000000000
5.5540842401236770 9.8615197634181087 9.0022823826384499 0.7599650000000000
4.5649411006603149 9.4084025395328226 8.8761105988963891 1.3714000000000000
3.1064908761121792 3.0985893922730376 5.9824335735470786 0.7562690000000000
6.9723573674088799 8.0798459020614626 2.4684971538055325 0.8175020000000000
7.7911071987846690 4.8552190106230402 9.3217304699914969 0.9534850000000000
5.1628686087973836 4.7807371426521410 7.4913956654032159 0.8472060000000000
2.9213881544966402 8.5896896201074480 1.1948752968456320 0.8652280000000000
7.6395436442657028 4.2920101630618008 3.6974288139027087 0.9325490000000000
4.7224794445568410 1.8504940873684825 7.9362020513508265 1.1118200000000000
8.6418409166734627 3.8289667419981592 3.7757086401947983 1.1827000000000001
1.0314032885819764 4.6866752027226060 0.4265914568739862 1.2012300000000000
3.9578813911493951 4.8279799076842931 0.0784394997534579 0.7982920000000000
3.1674532937811049 7.2393743154083774 5.5974074629772890 1.0466400000000000
9.4476656470697495 2.8258060784068855 1.0053343093221554 1.3121600000000000
2.8804710673817375 6.6072714119088296 0.5534254298597079 1.1540200000000000
8.7123841468237213 2.2521416455617604 9.9892396747205670 1.3502500000000000
9.9765136332534414 9.6632203152563125 3.2447199125139328 1.0593300000000001
9.4785743181194206 5.0919293913615240 3.9498474103412895 1.2561100000000001
1.4758520556099171 9.4664344635282180 1.7499571990509188 1.0164800000000001
7.6184363726435445 9.0445847462140616 5.5285910566583949 1.0054399999999999
8.7969510289006596 4.7435846087267670 2.8567754684724846 1.3262700000000001
0.0384794818919023 3.9068426115071575 7.1349655538737222 0.7574910000000000
6.5169791668141421 3.6764785652506573 0.8635849122104433 0.7385790000000000
9.7972226917331948 8.7907342583126376 1.0124708259294211 0.7417500000000000
3.1496535150776985 5.4848950853543101 0.3664468863271237 1.1060700000000001
6.0366587216623939 4.7444448230841312 9.0080442208816383 1.0408200000000001
6.9747420035312784 4.1937133960364141 1.5909361214730320 1.1815500000000001
3.0784243082291902 1.8414685087085683 4.0916053467349496 0.7316700000000000
4.9702456280186746 8.9840027183973525 1.6007163569481022 0.7727780000000000
9.7034421660304346 2.5305984081734332 2.1025953159400430 0.7943789999999999
4.4777193618495215 4.0654366464403751 5.4055425641661321 0.9489660000000000
3.6748437136749512 2.1532139667802004 3.6259113389429665 0.7858550000000000
0.8378595149000027 5.1841134498374961 4.6598586558469535 0.7867260000000000
6.6877184899766666 2.5886530780696977 0.8848208332116404 0.8812620000000000
5.4931680891257511 2.8862300452000884 9.3945871217680317 1.3494100000000000
4.6619495762916960 8.0979007779723542 4.7889573358688349 0.9594570000000000
0.8158304701886914 6.1095171050002692 7.2977007905079949 1.3412800000000000
9.7556969830946869 1.3435388723136992 4.7935596399698328 0.8373660000000001
4.0909043567113743 7.0162455568536934 2.6626376356879327 1.5474699999999999
9.8266110426882545 4.0630357539981583 5.3720668137130474 0.8752259999999999
3.6965363023826376 6.3725100047447043 5.4633608086445298 0.8329010000000000
2.7832692351526096 9.3271538772289819 5.9870804680433860 1.5174799999999999
3.2944574001773397 0.2963971098993757 1.0810972103186456 1.2025100000000000
4.6047577451108763 3.3761125622115014 1.3321154790914882 0.8341090000000000
3.2242732656220703 3.9261568724383915 2.3929165963178507 0.9504650000000000
7.2792838941345259 6.3209246392324658 8.1735861917898962 0.9618340000000000
7.8523653490816727 1.0935612291942136 8.9152754254522080 0.7990460000000000
0.0411594681175343 7.5209385132069064 8.2763176103577489 0.7640590000000000
4.7710595586763551 7.1580376673808113 4.6236737802524983 0.7902540000000000
8.6752539345361015 1.2089189500462256 5.7906475870878067 0.7395600000000000
0.5150270745158478 6.2445022347966201 6.2587195390966750 0.7447650000000000
9.6816667777390979 4.9884201341927588 5.0970570809148477 1.0035799999999999
5.8534065873871164 7.8564413680400138 6.0453215288163573 0.7574300000000000
6.7771675221085381 4.5441140167231069 3.7127945906584108 0.7606490000000000
2.9185639029502237 8.3739752887597660 8.9987342236648420 0.7718000000000000
7.6398866653737514 9.2278483194625576 1.1702710247165702 0.8405580000000000
6.7123073381228178 5.4311628484589569 9.8961752693905876 1.5084599999999999
7.9462371383577572 4.2652055786632772 1.1479905979380074 0.7757450000000000
4.4312228471124460 7.7208521264473564 9.3462468330873474 0.8109870000000000
4.5797281579474083 8.4150560363405482 7.8286301424287776 1.3605600000000000
6.3396279768008892 1.0689407603810972 3.8767184399790233 1.3117900000000000
8.1348513505586553 5.6717915402598402 6.4203015428430357 1.2627400000000000
1.9992845415916716 3.8472804674734431 4.6789435303999731 0.7650080000000000
4.3750613230580306 4.4186827514022955 4.3103284536088555 1.2232900000000000
9.5298599416633696 7.4629859931737386 0.4155979351912817 1.1629900000000000
4.8649822785075383 2.7957680012960076 7.7527428602643242 0.7653890000000000
4.9614536099852939 3.0725430392213413 6.8671395637413042 0.9863459999999999
3.0900024123115850 3.9618042059996634 8.9315907690461707 1.0827599999999999
1.5707030511119808 3.2989042438960277 8.1303568073465353 0.8741060000000000
8.5793593262267116 8.7460470148749661 8.3463327359422443 0.9736410000000000
4.3649835977561544 1.5991106636665295 3.3864219464357328 0.7633710000000000
5.5518383410345020 7.7541874574124332 8.2390693035594165 1.0145800000000000
9.6064422545937500 8.0114478608010646 1.9888523967792568 1.1191300000000000
2.2853647609831071 8.0003849856676208 1.0686099838393901 0.8379430000000000
4.0486795235801027 0.7705355217453908 5.6242278150633718 0.8941560000000000
1.3550117010318266 6.5753286469446470 6.1329392275864230 0.7529470000000000
0.8338644874044535 9.7987646892923532 5.3141615968449143 1.3797200000000001
7.1799456604053180 5.5023518302662566 6.8423708644197667 0.7598180000000000
6.6699495150983799 8.3590654910067741 1.4048691780570799 1.2877300000000000
7.7384303235987542 0.2793838579043234 9.2147579143935978 0.8901820000000000
5.3050800087456329 2.8478604633080438 1.3659861762757424 0.8023290000000000
3.7623395885954878 8.8251827658712951 6.8830339193178363 1.1824399999999999
5.6238306847403905 8.7492113271319170 0.9053751473031292 0.9916880000000000
1.8577936944159328 2.4624321897853760 1.4966878208953953 0.7353020000000000
7.9906725502721550 2.9483940288433392 3.0493212774174818 1.2266699999999999
0.8504141536263166 9.5026558558974727 8.8065685870312720 1.1294299999999999
1.8604023128466187 6.6390344301237061 0.8262815217960229 0.9008530000000000
4.8672312284153829 8.0912841913653839 1.0922510406482062 0.8125650000000000
4.3883537353742943 1.8815975825588627 1.8245878713941146 0.8666770000000000
8.0749769817406065 5.8889681178327553 2.2975321616833906 1.5107699999999999
5.9165715098356246 0.3768502791045704 5.8522087919456522 0.7788380000000000
0.2336907945714293 5.3540650193174901 0.7142817015977527 0.8757170000000000
3.0843112918242883 4.9707246739372781 2.0212656505015363 1.2104500000000000
0.2523649196823482 3.4888069030522137 4.6168932317768112 0.8409040000000000
8.1570573725767499 7.7406936799207520 9.5885253169497080 0.7853840000000000
0.4464001680351554 0.0086935206789499 9.7161220835925413 1.0374099999999999
5.0218838230252132 8.2673069686806695 8.9437333158178483 0.9359120000000000
6.4109556548520716 6.6101802133677907 2.4634117228239423 0.7675850000000000
4.1722932875840133 0.8220358211954651 1.7495858866832579 1.1191599999999999
7.7110805570885619 8.2272100203810510 4.9212827395916507 0.9485410000000000
2.4058585725393966 0.5522277477206555 2.6457909264941870 0.9535180000000000
9.3719749187500465 4.5945607257342020 0.2199205686958811 0.7926569999999999
3.9533781116029596 1.2511231678981312 8.3887041464681875 0.9516120000000000
7.9217586260684305 8.7852015964865107 3.7302993468783301 0.7595650000000000
9.6323894831891579 4.5719337426749949 9.4101291040070620 0.7685050000000000
5.8768001921728485 6.7912653702753722 1.4817393251103852 1.4288200000000000
4.0642737014556989 8.2186115754538882 1.0682819654261786 0.7294410000000000
7.6417734222796208 2.2673676459555749 0.5325774419332563 0.9343350000000000
2.7891380103629055 1.1313458906684390 4.1029131812732107 0.7526300000000000
9.0127394835044043 9.8025585083229778 6.7358272286549630 1.3953400000000000
8.3874501260582903 2.4979793818633178 4.2007822778589246 1.2862100000000001
3.4654895983744618 1.7562770667585792 0.9429808549973854 1.5753699999999999
6.9462939524633853 4.3489986727031127 5.8214629008067780 0.8461170000000000
8.6420791479471877 3.0261710072400265 6.0572786186058263 0.9954640000000000
5.2035667833925556 3.9095123574045894 6.1978076485589941 1.1149000000000000
7.3015505680036368 7.1134653518662896 2.1060922775180306 1.2870500000000000
8.1557768547774145 2.2392804041078884 5.4285241706293474 1.1729900000000000
1.8522481332539555 4.6322439692430333 3.7109384951553430 0.7943970000000000
4.0097863171201880 6.9341030849633558 0.6386415516098964 0.8064060000000000
7.0741031790103523 3.7140771446929044 7.5178301212033567 0.8362550000000000
1.8613968162743586 2.9734937258974701 9.9035913216827254 1.1724500000000000
7.1023334526284927 5.1017985082398276 2.1345780294745547 0.8164020000000000
1.4760965943046609 4.6270545407147923 4.4709790643464729 0.8468800000000000
5.7722199640106835 1.0575099884584749 4.8333741963530246 0.7651790000000001
0.2620288923071339 3.3093096896916601 6.5568738222534124 0.7749340000000000
2.8840768285111831 5.0571778793988704 5.2779626969841305 0.9275080000000000
2.3578997465826204 2.2275198440467974 9.2067952811545730 1.0142700000000000
1.5816058445213181 0.0838314420564496 4.2592055224287533 1.1327100000000001
4.7231480151785066 1.2442917870069505 9.4332337770810408 0.8659370000000000
3.9208619186709495 4.3009200973699482 9.4143086934087332 0.7777190000000000
4.6534907553004539 2.3754707324202506 1.1457643645993505 0.7872990000000000
4.7083629062897705 2.6823821738778841 1.9429829967970782 0.8262720000000000
5.7337916100660022 0.1092311162582580 6.5757186314358140 0.7416270000000000
0.9569851067020478 6.2105633508804132 8.4552627280866126 0.8880960000000000
9.4384072665138099 3.9317523576026994 0.8469870379650170 0.8559870000000001
8.8441085614534849 3.7614064453437814 8.7800063700630346 0.7993890000000000
5.3064791421898763 3.7100216271523268 5.0651736010279214 0.9014030000000000
1.2070897850263229 1.2553862218079124 3.7195540049726534 0.7989560000000000
1.0913275548089372 2.5081249601006279 7.6989349330807553 1.0841000000000001
5.8840528150265383 2.7582901575879357 6.0190753381340008 1.5104400000000000
2.9509626031976390 9.4821564615780680 7.1806860852317467 0.8332650000000000
0.2554189256302912 7.3167864401567888 2.3379303037054506 0.8369280000000000
8.0796698060618972 6.1445756400131177 5.1119927622108321 1.4075599999999999
0.5596277400266924 3.4708199971387921 0.5728993153848534 1.3218500000000000
7.8656955876856181 2.3687351559502030 7.8861940032696198 0.7916080000000000
6.4257515825628575 8.1548028961753101 8.1829703466272576 0.8328470000000000
6.3652053526927563 3.3663955248215918 7.8747348459355218 0.7679859999999999
0.5171508004898334 1.0393741532936889 9.5939794837587975 0.8771090000000000
0.6425322794302103 2.4673125889684950 6.7073540906896367 0.9998120000000000
9.6249319062825016 4.8427641688542433 6.0380347784980275 0.8196059999999999
6.5922480580027178 0.9309501007196712 6.2360337281965048 0.7240510000000000
8.9648149332029785 4.3973726889005995 5.4959614538451724 0.9000270000000000
1.6868939831273797 0.0153718702465916 3.2797850516763103 0.7692300000000000
8.9594666085641883 9.0007059333930233 7.5447043486008276 0.8106110000000000
3.6091582094473598 5.6022846025281332 8.1679803432775575 0.9582090000000000
1.3662850151824957 8.4733976743570079 1.0887739566779326 1.0454500000000000
2.6940592363437434 7.4871033393197175 7.9622734150382373 0.7657460000000000
7.8022059792380274 6.3701825050465732 0.1991848230380223 1.2998300000000000
7.8525212145697534 1.0928672855463868 5.2882013266564423 1.0269100000000000
2.5385755336912710 5.7160872697851843 8.6076666819813852 0.8965290000000000
6.3196714197468111 5.0883851639746611 4.3003487908096902 0.9605160000000000
5.4987568079004205 4.0578404915875437 1.1610489904132679 1.3549199999999999
0.7959396321203955 0.4527931438832840 3.2855643042251943 1.1450300000000000
5.9753809038321162 4.9747590310798806 7.9751398371165347 1.0188900000000001
9.9725358643711992 6.6145623477131812 4.8823335618164139 0.9122700000000000
1.7945310749477850 5.4556485600831914 5.1439658829122097 1.3122100000000001
5.1853588560892536 9.6496302679414647 7.9134532488250846 0.7554660000000000
9.7667180652922045 1.5742572048754517 9.6960570797635022 0.8167960000000000
3.3351064188705504 6.1375258644464434 2.2053682117355655 0.8409010000000000
4.0219783768508481 6.1029357243669331 0.5776998799090938 0.8073870000000000
9.0290349652750574 2.0005472788243579 5.9802728849880173 0.8865400000000000
5.2033786122237240 6.9996704181230758 3.4429099626754764 0.9196270000000000
2.3037286578817748 3.4080154832946934 2.9785813505210390 1.2292799999999999
4.1859929730066190 6.9544255080055519 6.1887244400893922 1.2078500000000001
0.9907995492063625 3.6975694064071321 7.2274169785135731 1.1460600000000001
1.2395847144985110 3.6687549905980008 3.8447891485186236 1.4269600000000000
9.9264109621614995 1.7288391521374864 6.2753138278401837 1.0145200000000001
1.8554441384844162 7.8409876274235550 1.8780006863341268 0.7920380000000000
8.2261724046021829 1.4342875861495208 4.4956478129068378 0.7586210000000000
7.3685683135755360 9.4108227682494121 4.0171760810577348 0.7253120000000000
6.2312600080899267 1.6538891011236438 2.5935417540440757 1.4382200000000001
6.4285561463351275 2.4654330156888209 8.9913207406202726 0.7242729999999999
1.1789023267922718 7.2724361580092589 3.7889014304316047 0.9734880000000000
5.9353702204692596 5.9560950251470546 2.3126903689193345 0.7825140000000000
8.9329704400836185 1.6972367643927690 4.9065695072431961 0.8849060000000000
6.6790957229931101 9.4724756422102026 9.2341454196935437 1.5865899999999999
0.7285030386371232 0.9459983177627879 4.6120809957570801 1.2352399999999999
2.6282393482858981 5.9917187303890449 9.6069716281608279 0.9251810000000000
6.6360631355904109 5.7292914616153157 7.5981084186762544 1.0460400000000001
0.7653430470762962 7.4818266023054285 0.5175520612842022 0.9666530000000000
0.4389483284280705 7.9720173444733362 4.1912521574521957 0.9748170000000000
8.7159307045734558 0.0840977170813961 8.1714116144212916 1.5087600000000001
7.1538916479025936 6.2690339662585446 5.9877484579467204 1.0627500000000001
2.6807513812219028 7.9059766875849320 1.8848744845075585 0.7877430000000000
1.9411294195474611 6.2898153806753188 6.8135008624036457 1.0481199999999999
1.3337922612826225 4.8556353164075237 6.6531095127420166 0.7572680000000001
0.0838316478277049 7.3306656847425131 7.1801673650636193 1.3975500000000001
8.5616808150571302 5.7781742715119044 4.0346344449495666 0.9690460000000000
1.1375230668708673 1.5987684286267365 1.0796237249917171 1.2783400000000000
3.6053142783121692 9.0115945824836317 5.1324565851171728 0.7365670000000000
0.1999889706968243 5.6893734352183465 4.8039203692203802 0.7649740000000000
9.3083979613976933 6.7459982016491242 2.6233447442892235 1.3768600000000000
9.5398821414993069 7.9979607404398623 3.8230143953178715 0.8245290000000000
7.6166565717404913 0.5140408652791441 4.1505659735526761 1.4444900000000001
4.0831876315898867 2.8274188430958365 0.7005592211168767 0.7961740000000000
7.5270786424877141 5.2070572277622134 4.3117176810036693 1.2176199999999999
1.5791425947323061 7.4662292163657984 1.0887482196060123 0.8581850000000000
0.3907661976502352 5.8744230051547897 0.0011302271894792 0.7543160000000000
2.6931128691446595 9.9171127252486091 8.3922069280971865 0.7435250000000000
5.0753238144179313 0.0324766842899406 1.0178809351746814 1.5561199999999999
6.1203288241207394 4.8889578422187121 6.6281082185149982 1.6069599999999999
6.3119276774777608 3.2668441414776885 8.6947363536690094 0.7237940000000000
8.8843841115655078 5.3493054390152066 5.6167771931133617 0.9630760000000000
7.6638275886139420 8.0972812873921836 5.8928125587313120 0.7922120000000000
1.6241324453743955 6.1039312914327910 2.3747881240120514 0.9848380000000000
8.5821935721324216 8.4762765125561170 9.6541585634587914 0.8181000000000000
7.6279704517644147 8.5607286386273440 1.7892837886979172 0.7525579999999999
1.7047513918857733 6.0937595524246149 9.1442871732837379 1.0887300000000000
4.8702260270710740 7.1291008374860256 9.9043497803313407 0.7424140000000000
6.3014305614561987 6.3000256251401803 6.6365296186450919 0.9572380000000000
6.7921761592254724 5.1276086445806017 5.1937786980110783 0.9725570000000000
1.5140235526886654 7.2008045559446794 7.2020837152054042 1.0150300000000001
1.0665511069697426 0.7700328850045993 8.0873480442218337 0.7484790000000000
6.5898765322902175 9.6134908278650784 0.7802380813912647 1.4381800000000000
1.0924778531861881 4.2597879818094846 1.7158401519784201 1.4109600000000000
1.9550492079763722 1.3425684169537129 5.9505322721271270 1.2268699999999999
4.2854005938944768 3.3676394216441836 2.3566957658030203 0.8833980000000000
1.3905671093844696 6.9044193824901772 8.7776749915890466 0.7423300000000000
3.1322948478623429 0.6937001800172176 8.7312976444573600 0.9443920000000000
9.7287062696357562 1.9789503464494527 5.3196828745652720 0.7660540000000000
7.1155869849163187 5.3043222072439056 8.5645718731422260 1.1509199999999999
5.3221229019031684 1.9214812204792258 1.6234170836512083 0.9711109999999999
6.2600752708039069 0.7938774407996900 8.8410786958567318 1.0015300000000000
8.3743603139122200 6.0049798914258083 1.1419982791269496 0.7456690000000000
4.7133770943737483 3.1113563522324936 5.7168324149645660 0.9100890000000000
8.1724527134123619 7.0394484871551697 6.2341337355822528 1.3901500000000000
7.4555659036420066 1.4788912294544867 1.0100504607197627 0.8502110000000001
3.0577105860673148 2.1723964686990294 2.0642813447555910 0.8747050000000000
0.0409796454375398 7.9880742572531496 1.0638919970576142 0.7354470000000000
2.5157596023830573 9.9723841994101026 0.4407583446935048 0.7595720000000000
2.4443700112814080 8.2102425893425579 8.3756594434443112 0.7699240000000001
3.9562019993781474 6.3047181180508192 4.6604027722769947 0.7983930000000000
8.3636751719682501 3.9472533514224182 6.0303470139844038 0.8694380000000000
4.0395818962421606 0.5338357157527839 9.2035160753094800 1.0604700000000000
3.0779640469918004 6.4265234055991760 6.4798523322040928 1.2369100000000000
3.5636690532979349 8.9059542309001323 9.3590243737392527 0.9281320000000000
3.6924546280329316 4.6252794452354138 8.3006240854090940 0.8603820000000000
4.9003051393635539 9.3069978433708851 9.9062518930140975 0.7407780000000000
0.4132309879527298 8.4266365342722231 7.0668346987897843 0.8190660000000000
2.4126849117470481 3.9796092214879772 3.9675452027770279 0.8362120000000000
8.5206420557466931 4.1389701843842790 0.4112948395632215 1.0217600000000000
3.0278040440711753 2.8569264582906015 8.6679083422006862 0.9975530000000000
8.6784169087852217 6.4320996731661522 7.5214728668020783 1.5434500000000000
2.3290416642539755 1.7695076177277922 1.5196346818924134 0.8886500000000001
1.4962317620356309 8.1032192789561233 9.9986767849699980 1.1317200000000001
2.2952359675517240 1.5949767044970327 2.5119789550648712 0.9815950000000000
4.3157448227630848 5.5225643523046397 2.4011599098623693 1.4346200000000000
0.5343235223522688 7.6055406569436173 3.2464353175090443 0.7520019999999999
6.1582847264172855 4.2261671832326115 3.2195645644077544 0.7975920000000000
3.2135805422824948 3.0287218312036281 2.4836547716010373 0.7771610000000000
0.4506171302836191 1.6997279041636018 0.2120930288384401 0.8680760000000000
1.4490385856330898 2.3403043085364814 5.9425864579964705 0.9474760000000000
7.0690176685380166 9.5204669489760967 4.7875605468709725 0.8369240000000000
6.2342559499024208 5.2283479242736748 1.4894064626752894 1.2999499999999999
7.8989633451674539 4.7741310784848494 5.4595560637274057 1.2748800000000000
0.7661029800727033 7.7167674080005852 1.6024829383103882 1.0677600000000000
9.8889215209760586 3.8885629982807357 3.5413851357684800 1.2859499999999999
1.4774105391792294 8.0589698855495957 4.4116549995650995 1.0109699999999999
7.3185168922466204 7.2651057264455625 5.2511530626504701 1.1658100000000000
9.2066522033379350 6.3069468179583739 3.6290018863649269 0.7280110000000000
6.9728136205400171 4.2341302741059579 9.3086038397197921 0.9657130000000000
7.4852054050094470 8.2131895678673406 8.7060037590601436 1.4551000000000001
0.2841932595833381 4.0377506381218584 7.8985885705044030 0.7699980000000000
3.7909636510234619 4.5262932058074501 2.7992735732392005 0.7735230000000000
3.5573330698072922 4.7501495503719831 0.9540206198268084 0.8753510000000000
4.6585615977807517 7.4224168659989926 5.3953433935123334 0.7912709999999999
1.0410128268843419 6.5543508313266319 0.5314314940222475 0.7874070000000000
5.6012603681086075 2.2014730011869763 0.6665046096962762 1.0230200000000000
8.6775360883947510 7.6974547962626270 2.4442467076640839 0.7422990000000000
3.9519187223500150 9.7104573256029614 0.1138849066075908 1.3026400000000000
9.2075753094103501 9.8521304062128952 2.5491584039558854 0.8774500000000000
3.9609681443180476 7.7678046797965630 6.8685152039795492 0.8929140000000000
0.1713321270957843 8.6193970359872303 3.3960219415625441 0.9790950000000000
5.4731141739538236 5.4383934901192470 2.9110423291810870 0.9971400000000000
2.4340898374573219 7.1378347576913095 1.4124630342238678 0.9136919999999999
8.3382110260331910 5.5106334835060764 8.5364253009393547 1.1705500000000000
1.7274751380726063 9.4544912534980092 9.8044579461531658 1.4517000000000000
5.8365864062444830 1.9351642777576610 7.5788047924879152 0.9446960000000000
7.9481118864173474 8.5013021813230942 7.4834180055338058 1.1011500000000001
0.3471494794746480 7.9988376646519379 9.5844562955041059 1.2094400000000001
8.6640388929582173 4.4244084857495807 9.4497624314470983 0.8899540000000000
3.3852803557067821 2.6231063341694378 6.7834407241578516 0.9270929999999999
9.5542424052500330 2.2832872473702861 9.1314811318948532 0.9752400000000000
0.6462221168070330 8.3594490174907801 5.3666385501805092 1.4253899999999999
3.6640538953743271 1.5694883112271754 2.1379100279951904 0.7619880000000000
5.3047127938413032 5.7684316705353806 1.7464038307400320 0.8363890000000000
8.6430528196256411 8.3821972100827935 1.8324301746186051 0.8846270000000001
1.8334228881350778 6.4761317874325659 3.4487723838772131 1.1205300000000000
6.1222244039081977 8.7415830292762777 0.0901913157697617 0.8360720000000000
4.4110713197066440 8.5876227262850620 9.6507714816063306 0.8309540000000000
8.7437813688416721 4.7406833307794551 6.3475117271512440 0.8973310000000000
5.9735376756244722 9.4502248226791377 7.3327434690759192 0.7653550000000000
7.7709118676331466 8.7134154028580042 2.5751566237870742 0.8225390000000000
1.9630790839031516 4.1536921214836928 8.5181234688504635 0.8709730000000000
2.1851977778719980 7.3730981801972177 0.3723624334759362 0.8430350000000000
3.4007945538957025 9.9929664874707225 2.3447019094844457 1.3244000000000000
8.6005613351737580 7.9673207349743986 0.3721005284985288 0.8879620000000000
2.5208279628585788 1.6918352796041094 7.2856363319591289 1.2246200000000000
0.5848956581162182 0.4195107941764527 7.4605758508535107 0.7252210000000000
8.7835333071321635 7.9200285529859622 8.9339618961929990 0.9861550000000000
1.4268444293675635 0.2982770266111905 2.3935436439763524 0.9531840000000000
1.6416770206988958 0.6392603551213984 5.1677509015827665 0.8866130000000000
4.5285852256910335 6.5530519310290227 3.9671596455130276 0.9527050000000000
0.6986910795020076 7.2331430491527771 4.8470005832703178 0.9225040000000000
1.8207625559877074 3.9433793344492969 0.1625212565225329 0.7597739999999999
9.9893309552218348 2.5196991300795979 0.0413388221157919 0.8994259999999999
2.0449214200748917 8.4582382605921520 9.1685605622780066 0.9016290000000000
3.4093169191479187 4.6801920288118799 6.0430051946353824 0.9085210000000000
0.9200468397256595 7.0871887323712572 6.5140662177985433 0.7307790000000000
6.0903925097857288 3.7655288588595797 2.3044886992400380 1.1177900000000001
9.6310714748955064 0.4910324523742489 7.4567093993624942 0.8791610000000000
5.7192666212584724 7.1181582924929163 6.4039436114779100 0.7573220000000001
1.3795860866088858 4.7271532813778840 5.8529808672768793 0.7766760000000000
6.5293090709878792 3.2024208633850937 1.5345809096356575 0.8263140000000000
4.1890832697669058 2.4716041867565264 7.2484804235084974 0.9038890000000001
3.5959378433316873 6.7381546753712076 3.8425191742283293 0.9078310000000001
2.4477024752721297 0.1603407293804245 9.1529593265105404 0.8755030000000000
9.6323297036531432 3.1267036455144255 8.6270151262645012 0.8518460000000000
1.4361706197289070 9.0750012265771414 6.1422826751438393 1.0381300000000000
5.8940117428017178 0.8785924414590466 6.7287018820619036 0.8039809999999999
3.6496338756896174 2.5139815401690200 4.6043725344549475 1.0912100000000000
9.3331284322575812 2.6709902174416973 3.1679145418964292 1.4119299999999999
4.5592592082691326 5.0126145719563935 6.5120158466246689 1.4152400000000001
5.8575547206681096 8.3031652104082081 7.1396662124883594 1.4304600000000001
1.1918807352879512 8.0472646683399329 6.5320013489839415 1.1181500000000000
5.0367692828777368 1.9420510861422562 6.7686300184215504 1.2034400000000001
9.8175448960187222 5.9401916925903455 5.6669448477988507 1.1126400000000001
9.4044214052687192 3.8546556769501144 6.3044026902822994 1.1497299999999999
7.5944417475781139 6.3908869867438867 1.2970377581691277 0.8524590000000000
4.8481704658256630 6.4205475875718765 9.1022046886671060 1.0805899999999999
3.7102721184642902 8.6553443432550115 0.3957981423170331 0.8659380000000000
4.2694779655802648 5.4822862709615405 7.5282451790114209 0.8252720000000000
9.3877724814874011 9.0935354700598996 1.8172733467920801 1.0473200000000000
4.7378879194135415 5.3648884940775359 3.5022499460296834 0.8096640000000001
9.7464173643022711 7.8009682761281036 2.9856577676184588 0.7862060000000000
5.3158372663990363 1.1872638676972889 0.2534604788320065 1.0095900000000000
0.4976418407976121 2.3167924236441588 5.7178460475159154 0.9013000000000000
5.8275033374483902 8.1040536478313019 2.7500132589073938 0.8154490000000000
