0.6118277041783836 3.3102812432268336 8.2140910897124133 0.8716990000000000
5.2796445142924906 1.0567585973911449 3.2231932555904503 1.0249800000000000
8.3125846217127162 3.0987894632219488 8.3841745509770504 0.8325650000000000
1.2803862985733245 5.6602316156617132 6.3059598478178875 1.0000000000000000
5.8893602657999180 9.2418249319033663 1.8107423408519283 1.0761799999999999
3.9091713313852665 0.2733231569168167 8.1442289981891669 1.0326299999999999
8.5892900276707032 3.2023446720238713 0.5333349645761931 0.7333850000000000
9.2069306895079261 0.6270505907410289 6.0212990277464344 0.7532870000000000
5.3845493717079878 9.8736537325547626 3.8812927359159621 1.5839300000000001
0.9007968254214215 1.5069378685180903 6.3191672447342286 0.8803510000000000
0.8886718642166435 6.1945297498809504 4.1554383858374369 1.2328399999999999
4.9314763953876231 7.2386256946087588 0.7922172958846205 0.9297310000000000
9.4450296493323371 8.1998098373439632 7.9375151169382203 1.1020600000000000
8.1576938127003356 6.7995688399486438 8.9062158384826891 1.4360100000000000
6.9272454200890978 5.9860209766182511 1.9004978655222808 0.9246000000000000
8.8986429242992156 1.3663042555781977 3.5888516710094991 1.3934599999999999
6.2514698136194946 8.0263245740358276 9.2571927268946190 1.2147900000000000
7.5067868634468127 8.1172568980915702 4.0228880588816489 0.7414600000000000
4.5940588698151714 8.7258366468358162 0.5213751196505250 0.8806400000000000
7.9694571423273031 7.9564905803568440 2.0690462707615636 0.7325990000000000
3.6485866703425276 3.3838091824926875 3.5484035029777106 1.5795999999999999
7.3045074802471266 1.2801335040178754 7.1313865215882659 1.3024000000000000
9.2532516867828214 6.9204158718044386 6.5119379923466196 0.7808060000000000
6.9750906181846615 7.7501533829717744 4.4425646737662507 0.7428280000000000
4.2160728415551070 6.6593683463257340 9.8036568445806633 0.7232210000000000
5.0126905333794856 3.1067174381704112 0.4739679132712502 1.0294500000000000
3.2281536190192304 3.8968370783576365 5.0477214583967962 1.5605100000000001
4.7147690548696621 8.3119297985566067 6.6523230488495795 0.9233570000000000
0.2828996854550649 2.2354235094818504 2.7195840566572529 0.8079190000000001
7.9487586825642591 4.2321295330121007 8.2267775495468278 1.4830900000000000
5.2760030779278662 8.0329718822854890 0.0215780731051149 1.1784300000000001
2.3008905068614109 8.1841137959811263 2.7972107610183756 1.3167000000000000
8.7534812145960395 1.5523025402248856 1.3486801331245755 1.5518200000000000
1.5479322199748717 1.6551176180419835 7.8047763520668116 0.9038720000000000
8.1780421714916613 2.0331468947072486 7.2754974700383785 0.7494750000000000
7.7109968665556474 9.3158087209051175 8.3637197983476046 0.8240830000000000
8.1445154955713708 9.2567857488192455 4.4940132474247614 1.1501600000000001
1.1739053191137108 0.4537314741037868 1.4053474831844295 1.0325000000000000
4.9986893001279773 0.4540278460781161 5.1473721744379288 1.1883699999999999
3.3097134944667559 4.5744274837905365 7.2088967645066262 1.3031100000000000
2.2096845357192634 0.7740833338039961 8.0822227836034060 1.2419000000000000
0.5412812516905973 4.6421793346011944 8.4500585510583015 0.8364150000000000
9.1099284163421714 5.3173073586662101 9.3352044650716639 0.9686080000000000
0.0709744712085265 9.3587244301570216 7.7081734726606808 1.4702700000000000
2.7090906117250988 6.8879035625092548 3.7268783840560498 0.7363520000000000
9.9850532390452109 5.8294265958982994 1.4953341420657373 0.9210240000000000
5.4583682554002237 8.1472559519473542 1.8120510823392977 1.0628000000000000
6.8708324813998143 3.7259514665140081 0.1012790422753548 0.7834010000000000
9.3953233466786994 3.4432659452949315 5.3118817067737654 0.7967270000000000
9.8963673638499454 5.9398979487034973 9.2487174085158106 0.9649090000000000
3.0588028837776040 9.3113227066627751 0.6154186049048809 0.8978220000000000
1.8796737015100076 1.4580751085712813 4.4704447434999235 1.2358800000000001
0.8803781304021965 6.7581614820736347 1.3866030407871581 0.7485540000000001
9.5457524301508005 7.6526924853676315 4.8334811808710256 1.2696600000000000
3.5182815878398714 6.2380273604875098 9.7317831641625396 0.8473619999999999
1.1777737786139655 5.7089870595478871 1.2810855242701571 1.3563400000000001
5.3035436346306684 9.7692537723878079 5.8905061903769438 0.7740260000000000
3.3607059839032103 5.1761131572673138 9.1800954047272612 1.2693300000000001
0.6544862264771771 6.6470169982896321 3.2411505175146456 0.7825130000000000
3.9332309883072911 3.4773193467833319 7.9422315523610765 1.5095499999999999
7.2005325560931901 5.2618494971372183 6.0669006764080962 0.7896450000000000
6.9852983611672252 4.3591667635876572 2.7404460386369762 0.9843780000000000
6.2430879803751491 5.8031188026447635 5.6737831515890198 0.9258729999999999
7.1086176852771983 0.8663137423343383 9.1075723872174592 0.7232970000000000
9.6244820937933042 8.4745683664490912 0.2700056122057890 0.8435110000000000
7.2492176803729711 3.0654958322698520 8.3808719577382771 1.1584600000000000
3.9120218693269191 4.9273554393576937 3.4593070670839481 0.8996970000000000
4.0104442980236747 7.3555512751299537 7.8597464363648717 0.8425270000000000
4.7226484314450854 1.3820231291530078 1.0313200644591656 0.9174840000000000
4.6000837676883801 8.6862499829690503 3.7785438351750216 1.1644600000000001
7.7385542605789785 4.8559298510558460 2.9807199625007850 0.8088959999999999
9.7629448028912726 1.6426012229849636 8.4846949818699500 0.7528510000000000
8.8974480309557489 2.8780085401157036 8.9424862731378809 0.7855410000000000
7.3775092028306091 6.4411096022972645 7.0631970318596373 1.1125000000000000
0.0215049339949816 0.7558338258814477 0.8522146972670517 1.4649399999999999
2.3256598577580099 1.4713146106623605 3.4791769732285740 0.8642580000000000
2.8962730232180007 5.7151704072723257 4.0615876989456599 1.5768700000000000
6.5910727954726447 4.4487742362104576 0.6284543683707196 0.8627400000000000
9.2380491658109829 6.1241035298106317 0.3229130950475662 1.4853400000000001
1.3077827602738810 9.8741256591162792 7.8164580940122441 1.1174599999999999
9.5873836598793076 9.0953938704559416 4.4698922209570684 1.5995900000000001
3.1720075558638192 8.8375510122872996 2.1578726996009117 0.9159700000000000
8.9259273275995703 0.4885372429674763 4.9060297427803157 1.4693099999999999
2.5101991710053877 0.4574228770016878 5.6003980442327732 0.8431120000000000
0.9820394107303435 7.1743631924860400 8.1038013208020576 0.9215560000000000
1.6606596778109559 4.3912135132899621 2.8532834217969167 0.9999960000000000
2.9918576303574631 2.6545015620548060 5.3385241473806451 0.7612930000000000
2.1321696794743246 2.4092299653580658 8.1091873165100150 0.9994410000000000
1.0543513942238270 9.8018695879401019 6.8275669294199561 0.8092210000000000
5.5388803737942540 7.6375361422274732 5.1429014039574064 1.0126700000000000
8.7609916579883791 9.2169088750316224 0.6606810661579631 1.4738500000000001
2.5846389887934849 3.5856438938905715 7.9598926298818684 1.0787000000000000
2.7211580201706980 4.7573983017839527 8.2549405465775791 1.0420100000000001
3.6295011050483241 4.9717611326945859 4.6611914689858462 0.7430530000000000
8.6333432610889496 7.1061245718838029 9.9721669387184537 0.8295570000000000
5.4336181827051488 5.5421978147096675 9.6973740756451878 1.1186499999999999
1.6239278544177496 1.0266928950752578 2.9162991425422127 0.8784620000000000
0.2885004805297116 5.3698100536130440 6.5220176532602636 0.9858310000000000
2.8493953555478395 2.3194065424569068 3.1136617125355444 1.1178699999999999
0.2607778744295505 2.4132835549576281 8.3925503204054959 1.0058400000000001
1.4271060621205571 2.2768428219586081 3.1586925400293704 1.5428599999999999
7.9567091342028320 3.3935713662688323 9.5182116734071993 1.4896300000000000
9.0928041455356912 2.3541356873400598 7.9083037363640960 1.4336300000000000
6.0074784408923128 3.6099880046893142 0.1907731552868460 0.8150690000000000
0.7487446662903798 6.2738997262170937 9.3891625339980802 0.8218720000000000
6.3787676427461184 9.1431519299711663 4.1959721988544958 0.8638140000000000
3.6866896537813796 1.6690100903968565 9.4085627007709736 1.2296400000000001
1.7462086617005335 0.1556122179164114 6.1170905861541485 1.0271200000000000
9.8121926591209760 0.5636076983413961 3.9694767506279178 1.0249500000000000
7.0926149278502582 7.8213992125582399 7.5570180317039215 0.9173420000000000
2.6763410767128666 2.1991705904962107 6.0910690379998904 1.0424700000000000
9.7915933394504204 9.6208900505458192 1.0968893422647872 0.8140840000000000
9.0903007693516482 0.1394936226752222 1.5944285153935125 1.0661300000000000
7.3789263795287372 0.6500265863358373 6.1300338836302446 0.9769600000000001
8.5089969979047577 1.9556670886302809 2.5881333052554378 0.9730700000000000
7.8937389052540841 1.1649588424052080 2.2669226580718833 0.9156090000000000
6.4074524601445413 8.5630082587683010 2.4333260115587469 0.7987020000000000
5.6367746798418272 6.8553426877760044 4.4444459527295894 0.9779220000000000
6.7619026813518994 6.1303053128637846 0.9636702510873980 0.9200390000000001
3.9248173199609595 9.2246931109543553 1.3248678465061878 1.2387200000000000
4.3093339960006460 5.6337021056885304 9.7901385985921170 1.0658500000000000
0.5510034366140094 9.9181368683594346 4.1580727130686537 0.9031470000000000
5.8728192475995158 2.1148823093789129 4.6742975964658298 1.3108100000000000
2.0571901467163967 4.9154884690207084 9.5566348604022391 1.3962399999999999
1.6319673616460610 5.3850771577117547 7.1488086344901607 0.7861230000000000
4.4278234111905395 6.6362650429705035 5.2705304653698271 0.7388749999999999
6.4245746939695865 4.1264336588453432 7.5185730017404859 0.7366580000000000
4.8621114618083254 6.3599871802125474 0.3348885269748355 0.9867700000000000
5.4849692802594383 2.6568621301636832 8.2142974745688253 0.8003870000000000
7.0164885945771367 7.2176039446094844 0.8358507565378166 1.2392500000000000
8.2340382379270149 7.0559231940795355 2.5347212278312092 0.7457120000000000
6.7148549610076778 0.7022052986414189 5.1572327523050481 1.3020200000000000
1.3035442536232522 2.6329954365981365 0.6721966451656590 0.8412800000000000
7.6039978329929472 7.8853645140214201 1.3752434220335519 0.7669780000000000
0.8733110872935516 6.2987027405571689 5.3703156062907684 1.1242399999999999
1.5835256632596122 1.9103311494260959 2.0336324818538900 0.7509610000000000
9.6463842994326399 9.7212679299396125 5.6597944164629075 1.0004700000000000
5.1981438906166577 6.7838875687397042 5.2607003746002565 0.7760560000000000
4.6734601650437817 5.1295442317905904 0.9203753141960924 1.4064300000000001
6.7917646471925988 7.4170169374981025 6.4274776212824243 1.3967400000000001
6.8455957683348148 7.1411319185725111 8.7014991297064554 0.9085420000000000
8.8182064048750135 0.4566648564227631 0.6583841312896919 0.9132050000000000
6.4421457935254143 2.8316144145686484 2.3177419407206643 0.7487770000000000
2.3953808769805387 1.1430182957341897 9.1471125146649914 0.9613540000000000
6.5982160504845710 2.9606595440633705 4.2445494016676735 0.9718430000000000
9.9908151196217769 1.8872865427601064 1.5464923764750280 0.9413440000000000
3.0530241936317002 3.8905978617170898 1.3607533482671685 1.0193800000000000
6.8258251270306234 9.0551608646957789 7.8197647512087123 1.2287600000000001
5.3569020251583996 9.9683656389161186 2.4650904631788912 1.0022100000000000
9.8929860075245202 6.9312688298923240 1.4755768294203682 1.1608900000000000
5.0001350790051315 9.4252067920826157 4.9809784014398026 0.7540790000000001
3.9983528228567318 3.0705340177279399 9.4766519553382160 1.5465199999999999
7.0033530111474667 0.5055329327060063 9.8405557290416130 0.8615140000000000
8.0941313915923256 0.1605925181105786 2.4072523020133159 0.7810080000000000
0.2422527655925498 9.9763021271671501 2.0725192496270588 1.3652200000000001
2.6573754430912495 5.6551937505493290 7.5486765603940125 1.1532100000000001
9.7864745252394751 0.7687099599590528 2.9204662353360882 1.0382100000000001
2.6513841044690136 2.5910133423117925 1.3688686683988425 0.8213780000000001
5.9428222849444614 7.1250742075237641 8.8059195698457096 0.8187489999999999
9.7967383393693481 5.4551903700147699 7.4160997533691813 0.8670660000000000
7.1146745882566940 8.7817715962922893 6.5576729116972592 1.3210400000000000
0.2930563303861623 2.8649634267584996 9.2386610211561830 0.8430839999999999
7.7916300375637499 7.1307364274816729 4.0790332772618783 1.2259100000000001
7.9188641163399618 4.6443465894212954 2.0364338468096146 0.9950790000000000
4.0641055871140512 3.8302225791462399 0.6192336690035193 1.1081799999999999
5.6157071038920572 2.6596790974735209 2.1637295302652779 0.9076530000000000
4.3707326461259646 6.1488570754724536 6.9299771462521633 0.8118840000000001
6.3238179062979771 2.6549489458660540 8.2107609937013422 0.8047850000000000
3.4226390422497075 7.8256697879781401 8.4262424435593601 0.9748280000000000
8.7131954764762458 3.6240104464484273 2.7183697598336010 0.7750570000000000
2.7947397264960867 9.3642423210325525 4.5919172817936076 1.2175199999999999
6.6574512353476880 4.0791073693506421 8.4270487340997047 0.9295210000000000
3.2758851740211652 6.1496742778671543 2.9931887155059886 0.7684740000000000
4.3250474377469654 0.7004567050115795 3.8103552541552239 0.9870989999999999
7.2587876702645273 0.3828163581673537 8.1705799241668498 1.3328300000000000
4.0838742798587733 8.3564742586878236 8.8414507840329506 0.8071710000000000
7.7328714285576519 7.9259434166843148 6.7380862895946443 0.7450190000000000
4.3119213032200774 1.0679672597353820 7.4667653570944408 0.8951910000000000
6.1318697138120735 0.7430539276695450 0.6963558327544366 0.9376880000000000
0.4628719672593722 2.4214698908456871 0.7866413460727988 0.7762930000000000
3.4462234704414838 0.5503757958707596 4.2472682189045745 0.9313500000000000
0.1288600873997300 8.0451792671292122 6.3407587574772055 0.7755210000000000
2.3862640362217733 8.3429948135774517 7.2071234722318813 1.5625199999999999
7.9878019801794258 5.4951743793507921 3.4040328587410995 0.7471600000000000
3.9261651596028950 7.3188851870877638 4.8746085788696565 0.9770030000000000
5.0461080317782292 4.2206392095167118 9.7672984106975989 1.5124899999999999
0.1645044545275038 4.3754714094491494 9.9689967582936827 0.7835110000000000
0.1145049949382980 7.1405015332830457 5.8650365854294604 1.1979100000000000
1.9402323806059050 5.1083531316745479 2.1324813514706946 1.0214000000000001
9.2155035644611782 5.8843349257514319 4.7770170132547625 0.9129620000000001
4.9114451416788620 3.5258700034198993 4.0205606561880174 0.7525470000000000
8.9927059422898115 4.9637174493930827 1.3489463406711732 1.5371800000000000
3.3329396763064878 5.3639949942184977 2.9544907308197272 0.7345699999999999
0.7987054436977988 9.5265443562415939 0.8023379984024352 1.2178500000000001
8.7174766081105659 8.3477868399587329 5.3096618229838635 0.9991360000000000
7.7823854505535364 9.5352077453022996 3.1636192100117397 1.2040800000000000
9.5285214984883329 1.6925331768449252 2.4540911786796746 1.0208100000000000
8.7066709230936006 2.8849532300338856 2.0580842676692175 1.1180000000000001
6.3842596914473910 1.6200157851738366 1.2737236015878959 1.1380500000000000
4.4338083715598398 0.4854653172660348 2.7739511522241278 1.0583000000000000
7.7586856978878735 0.3791205850387348 1.3388778780935042 1.4183699999999999
9.6507036604185625 2.3548059904855054 6.9004965033652859 0.7845880000000000
3.5598412734050946 7.9811715966466990 9.4900801733448219 0.9085140000000000
8.4175075629892522 6.5631400716863428 3.3897865485726810 0.8734600000000000
5.3652483011851073 1.7897454237741859 9.5848510141656966 0.7240070000000000
7.8976710052523424 2.2705916489236389 6.5073705180096004 0.8407680000000000
6.6965884174541310 6.2011034631300497 4.6082655794088376 1.4217900000000001
9.5276264467686147 9.1358842234349780 9.1921196583201752 1.5953900000000001
7.0039843003325908 4.0197047495658316 4.7156580914838919 1.3982699999999999
2.2796251243348440 8.7345868369502355 1.7814394968072753 0.9044280000000000
6.1063079929838491 6.0251873991883080 8.7270936896460558 1.3324300000000000
8.9327992972928545 1.2492629430639133 9.0703826641968313 1.2855200000000000
6.2821456932735646 6.9414044703268738 7.6793529648601826 1.3728100000000001
9.8619573019089959 6.0270714425931304 4.1590860629668072 0.7286960000000000
5.2878585596743797 1.0878342363764890 7.3501356288980837 0.7862530000000000
2.2038404070170095 2.1494477940278021 0.6508626203717102 0.9976050000000000
3.3622917232121017 9.8028401994940015 9.0648401517475357 0.8516590000000001
0.8192097592848543 2.7753815428850785 1.8236232850132232 1.4499200000000001
2.5201368007324176 7.2244219215075747 9.2011822696920973 1.6008500000000001
3.9502231995464352 8.1645262121635582 5.7370955237988079 1.3485900000000000
3.8328263169304164 0.0535256235618195 6.9713251723263969 1.2342800000000000
3.3515709274490382 7.3589035614630092 7.3384225604526261 0.7579200000000000
6.7093460244411345 2.6794546110788167 5.1313878634769123 0.8206770000000000
2.9070055514960602 9.3857795324598658 1.4773898086074728 0.7583750000000000
2.6374520611973975 0.1473190549525906 3.6271558356234657 1.1801500000000000
2.6590435769551699 3.9702987685218774 6.3152653297524992 1.1268000000000000
0.3095024612169945 6.2916150427852893 0.7964683750180007 0.7945320000000000
1.1539572152776101 1.6991131535773754 5.2931555624978248 0.8812810000000000
5.1215982969463454 3.4144653441012460 2.0333126613014727 0.8425910000000000
5.3158365774922052 6.7498430030332415 8.2956143313123292 0.8685960000000000
6.0687104803691332 0.4601246031287484 9.7346855564951529 0.8937659999999999
1.9384903517012773 5.3894918765551187 3.1520050756725455 1.0028300000000001
1.0016427677151485 1.9896474468286336 4.2477647187914593 0.7838100000000000
8.6343442316080257 5.1714729403147066 4.7062224667937036 0.8558789999999999
4.1924884323467060 7.8188001878376792 0.3421131244664677 1.0314399999999999
2.6344278659068454 6.8860779947241797 2.5233643967134460 1.3262100000000001
4.4922654415484056 9.7807628805257902 2.0776165996364004 0.8532680000000000
4.2170733688561279 5.4954450739382850 4.2664460594074818 0.9429560000000000
1.0744000473016218 5.9381803514207139 3.0953471736880425 0.8267760000000000
1.0555551976933635 8.6257844062263711 9.2297093945224447 0.7928720000000000
4.0540510245914341 4.9375186953030656 5.4092868031990644 0.9168760000000000
7.5386879254198069 4.3870154225795028 0.2839444000518476 1.0651200000000001
7.5173219751634139 3.3293342805805421 0.8636116993805357 1.2352900000000000
0.9406425766293598 8.9592607822783243 4.1133633226874791 1.0939500000000000
7.7876062741619130 9.5563166089016818 7.3418733973870705 1.0219800000000001
0.0800150892136102 2.9983621211132698 7.4303233452433348 1.0215500000000000
5.7069509819997943 9.5916741267909220 0.0040451853328574 0.8664740000000000
4.2185151012855888 9.5887948547380244 5.7594834731396709 1.3502200000000000
2.2363738771319519 0.9444267360243405 0.8072433802781542 1.2389800000000000
5.9967189938411956 6.8067422214280811 9.9522731450018576 1.4821400000000000
4.8371589686808267 6.1233255270648757 4.7515339197162749 0.8683530000000000
7.1061698715610939 0.5546874793961741 2.8086028827249128 1.2081200000000001
5.6551385732881512 6.1588105741537973 5.0778401668236777 0.7587880000000000
9.0232651612863783 6.2069214111163218 6.2169560807271802 0.7605950000000000
4.3257318300876664 9.5019522385899133 7.7521987153826393 0.8201520000000000
4.4043149828636219 9.5328877602989373 3.1128402900464160 0.8805440000000000
7.5527847862437030 6.6637995382403270 3.1167983919433428 0.8820260000000000
7.4724291854017935 8.4548856569716584 0.2366072736053865 1.5203599999999999
5.1417388974674472 2.8376757086468025 4.9882576355784627 0.7567580000000000
3.5643712330884090 7.1526959747300838 9.9462290432953697 0.8803000000000000
2.2802236327089624 3.7956061544352115 9.4787131630747581 0.7536640000000000
3.3958862818534983 1.1403538921576226 3.1326691800647382 1.3914000000000000
4.0561412075983920 7.3936103988846167 1.4213042472896842 0.8307740000000000
1.7943667336113556 7.6652916705860523 8.1318147049907132 0.9055270000000000
6.0442682548437254 0.4732809315567403 2.9234705431648922 0.8413850000000000
6.0240002541676825 3.0505996593968225 0.8341260708115464 0.7941690000000000
3.3396092974741505 0.9851287443916423 7.6732260762601490 0.9502950000000000
0.0183642792262665 0.5589365617066394 5.3213519168395580 0.7807940000000000
1.7358213275126499 1.6143181653715142 8.6861513226171621 0.8286559999999999
1.9592875670800705 2.1734833453876066 5.3162474367189176 0.8547490000000000
0.0855324089168234 5.8584561907940218 3.2334048709381049 1.0944600000000000
2.6223472472894773 3.2400882134766493 1.9204275846469703 0.8208630000000000
3.4050519935075383 0.3897733310824271 6.0668950531612129 0.7517730000000000
7.4152775288355022 2.9581636267411096 4.7903656710542606 0.7780220000000000
2.4394871297811744 9.1146590646236714 8.8846658672615764 0.8500910000000000
1.2974593065625564 5.7980897978475152 0.0979582554209842 0.9314200000000000
4.8867853193851589 6.0952741322087585 3.1473859642470186 0.8022440000000000
9.4825658847728960 8.5805117056438274 6.8371214520542392 1.0408599999999999
6.9191715732489696 9.7295571781635921 5.7941139801323711 0.9542400000000000
8.8121191079387806 0.7829095061005390 2.4538116531344825 1.0389900000000001
2.0538922448367836 2.9513312340669136 6.9270099465316006 1.4373300000000000
0.0547272944146496 8.9646272109165572 2.5479610272109978 0.8150860000000000
9.8761415527648815 5.1826290853634527 9.8959480041618200 0.8589660000000000
5.7224863803332484 4.9610514541780004 0.4811537508748630 0.7951850000000000
8.3896215938096361 7.6324960231248609 8.0111307749031564 0.9366520000000000
2.4832185750327058 5.9786274814844012 1.5475108735671992 1.2593300000000001
5.8303164364216462 1.3460945533322859 5.7928534660164619 1.1355800000000000
3.6185680850052453 5.6904135278372170 1.3247424184883549 1.0235700000000001
2.2379950994149880 4.7472433467482613 0.9855798833936408 1.3629899999999999
4.4594899039298115 8.8585839781819846 5.0009249258529644 0.7280900000000000
1.0862458224924987 3.2341107360706807 6.1902759056718688 0.9664270000000000
2.2647589069159531 9.3974911927063456 7.8799911620927157 0.8621430000000000
5.5333201500742284 3.1041772811885866 4.3529253043670471 0.7558630000000000
6.3420586041377769 7.9162937502496007 0.3145623886088167 0.8470230000000000
8.3024752932797323 4.4750197811649697 4.3751160377842355 0.7655670000000000
1.8689012868484167 0.7782722201251978 3.6739678637545312 0.7337040000000000
1.8621794037832351 1.0015293224869390 1.8780995031662595 0.8964390000000000
4.8138033967096874 4.0046558376479853 7.1854201462346534 0.8935040000000000
9.3705462366679946 4.1711050412955286 4.5997244678815319 0.9287730000000000
0.9233563428072380 5.2507033730214578 2.4414970421591313 1.0086500000000000
9.2098372386390928 8.1699481205542472 1.1045795802624623 0.7301900000000000
9.6143942095083759 2.7769287176980590 6.1087554141770628 0.9262000000000000
0.8314215182215015 4.9867821742721974 3.6363696470939257 1.2511600000000000
0.6045944222275094 8.1795313672554055 2.5454899087990155 0.9796530000000000
4.2820278139685479 7.5710209129069899 3.9018673550802201 1.0783799999999999
1.1925975180728934 8.9445702044436484 7.2212096431236761 1.0105100000000000
2.2598302563431498 2.5630731124050858 2.3067424257151754 0.8129720000000000
3.0124143116591062 2.6740769136030931 7.6280545496217078 0.9183240000000000
4.6098260721989028 2.0178624750834291 0.1526475731250824 1.1450600000000000
3.4492239657794461 5.6473947223026384 5.8041310011475691 0.7612240000000000
2.0210542254446304 9.0730960178120501 3.6812723578592506 1.1588000000000001
9.6282143128280850 0.8978616883580628 1.9488496034477678 0.7726690000000001
8.3102445158181926 0.5733036857442890 6.0110149313289041 0.8291860000000000
8.2067839873564541 1.3448688199765646 8.0259580185694759 1.1544300000000001
3.9244926993992335 3.6514632533670395 6.3787717340398995 1.3558900000000000
6.1057057003791018 4.0034286990787056 5.5616125456371046 0.9763240000000000
6.5565829142486640 8.3675077980399895 5.3146793067537850 1.4290200000000000
2.1648056379646774 9.1309446961821035 0.9163885384769676 0.9365320000000000
8.8542561215471753 7.7267808665093520 7.0930872851075728 1.0606300000000000
7.4411870150245623 2.3114753765523077 1.8899088453496966 1.5522800000000001
2.6592246438304414 0.5089966547814150 6.7898121690399851 1.2124800000000000
3.9225353654169126 6.7676856483844148 7.2088078070616950 0.7507640000000000
7.8524027165871333 9.7205573731918911 6.2582256282599928 1.0545899999999999
8.9295439041319504 1.2489919823898523 6.9195124049523455 1.4060100000000000
3.8939060115411395 2.3432177860792032 2.6398574730583548 1.0838399999999999
3.6280879978749652 8.3079020825005969 4.4926199858623992 1.1350499999999999
1.1397258036122409 7.2672936063972795 5.6123477220987290 0.8494370000000000
2.9051643736497819 0.9968083541093613 1.8787652137954254 1.0087400000000000
8.6073389202274040 4.0611037740035894 2.0027625479328788 0.7299850000000000
6.2450008176008742 0.4710206550131756 1.8348276459069635 1.2708200000000001
4.0726809534285620 9.0596455131239146 2.4021286983907184 0.8762000000000000
0.2384676269785106 0.4931939674593570 6.4318201049110355 1.3922099999999999
3.6473862255157794 1.3958663977412633 6.5101070036253175 1.4053800000000001
8.1183610677808176 9.2170786819302126 9.2818303557880029 1.1185300000000000
6.1559297833149653 1.7268743686191015 6.7343622491379707 0.9025180000000000
1.0621174157445463 9.2166728543449636 2.8690220389035175 1.2844000000000000
9.6633913103557809 7.9643404435534340 8.8478121135779979 0.7547300000000000
5.3820784026764139 7.7880301337880198 4.0836937952998040 0.9962180000000000
5.6773794424307997 2.8136199753189084 7.3305314062973324 0.8108800000000000
2.9795674413068354 2.4134780982303567 9.8021055230783460 0.8069220000000000
6.1200171949554294 9.9643622477438587 8.1270768151754460 0.9960639999999999
9.5287759423761802 9.9406272117695789 0.2201820897713322 0.7321210000000000
3.3308991225177791 0.1959185599449150 5.1768832210840250 1.0034700000000001
6.9200783165154816 3.5821260278663583 3.4558878756291334 1.0566700000000000
3.0530086274253443 4.1999964261884264 0.0936143085082209 1.1856599999999999
9.3765737262409381 3.1821515152892323 4.3958337892791643 1.0133500000000000
3.6303269426721378 5.6726717929936399 5.0279636998588755 0.7550410000000000
0.2849001297355401 3.2853133161142214 5.6152602780499725 0.9422710000000000
7.7206441807732240 9.8566679774149826 0.1432117600103333 1.0861799999999999
2.2835831244424569 4.1304434632619724 2.1174497712844609 0.9049509999999999
5.2635416007443130 4.8141683106701256 4.0009355291030246 0.7669170000000000
4.9912997089223534 2.0729994585284639 2.8417728689842985 1.1078399999999999
6.3222672217025480 8.2706474205380989 4.1730715162533389 0.8045470000000000
9.0570303839943680 4.6588966455029039 8.5968809444345329 0.9149790000000000
8.1418326727493255 3.1843045512300714 7.2176115757479851 1.3474500000000000
6.5330319865068143 1.6897309367059434 9.8755594671611657 1.5761900000000000
8.6834739348585988 4.1034211570639423 6.9571480483884001 0.7654710000000000
2.9233212352683537 9.5459204671895144 9.7744980710342073 0.8096650000000000
8.5031538443844052 7.2037501221547737 1.4416611597764903 1.4145700000000001
3.2426431151186410 7.6343080941270047 0.8780537102486556 1.1041300000000001
0.2819712166710703 6.7888989592051550 0.0244453046091132 0.9656500000000000
7.7758727511705565 0.0303432977607285 5.2178969938368196 0.9850380000000000
8.4350319207873792 4.9843046214516695 3.7909461227897063 0.7306700000000000
7.2329678850594163 1.8554052542190189 4.5662414127843176 1.3524499999999999
3.3590218445934275 9.0516892157589854 8.1757960651634161 1.3913599999999999
1.7471679072072932 7.9484411863645725 5.3890170782281270 0.7915660000000000
0.5123585773650343 2.0378062064033218 9.3939881746168403 0.8231240000000000
5.2358984315649035 8.6655648876576770 5.6959366832067095 1.2811800000000000
6.3707819371014303 7.3263564772047758 4.7946332584045717 0.8232790000000000
3.5949855547192713 1.9163776528616692 7.5885559171101518 0.9081480000000000
1.9613946248218930 9.6042043707872544 6.9794501551096602 0.9921270000000000
8.4044355735811909 8.6088571106566629 6.3883511098005723 1.2155100000000001
2.6908078733049909 8.4150656585960792 0.0675291833004447 1.2384800000000000
8.3466446069458158 2.6729905740959916 1.0895562961384646 0.7899330000000000
9.4345972006636618 1.2634429351723326 5.6308288183038773 0.7333610000000000
9.8605618617419317 5.0435673332273856 8.8374157952377317 0.7950360000000000
0.1574892633291974 4.9717030738213301 1.8629396228297233 0.9125030000000000
7.0625191516497763 9.4156411763519863 2.1055649086477031 1.2778400000000001
1.2363922111211012 7.7845373430012073 8.9326278607587035 0.9354350000000000
0.4589305519246303 8.7915212846335429 1.6808287649522351 1.0585500000000001
3.1079374285533734 3.0761710396808954 0.5559978053626564 1.1429600000000000
9.0782374426343910 6.1139443897013095 8.8961169498195645 0.7575490000000000
3.4084735310453680 7.9943331868285750 2.5139809795542289 0.9069710000000000
6.7305307363976699 3.2140813135439092 9.4243991794189395 0.8680950000000000
2.7037985070023121 8.1921388080000277 5.2116636472794200 1.1361800000000000
8.5646954610780721 8.1351638849394075 4.2233889230063308 1.1472400000000000
9.6621910684787657 1.8561503245866942 0.5611641866100494 0.8403340000000000
2.3220750615024910 0.1167050416473475 1.6492334450249515 1.0459300000000000
4.7315749678226080 2.4575821363993584 4.0110634665570712 1.3029100000000000
5.5778267563878954 0.2727203912470057 7.3541257983379431 0.8596360000000000
8.9156241192373766 6.7790726739624336 4.2910713560916864 1.0549599999999999
5.7140916663738901 7.8124511719395260 0.9324547187055250 0.8188420000000000
0.6648215246476946 5.2426843462689510 5.5762635526031525 0.9913550000000000
5.4356387261654193 7.2664423854614935 2.5151199654822682 0.9494510000000000
3.5203333338926388 8.1076301701593358 7.5679106626757662 0.7817690000000000
0.3695922274165400 2.7575493926020291 3.9995750619779646 1.0569299999999999
0.7934665918363705 1.5680905096144342 8.6310422661661956 0.9759100000000001
9.6127103946430363 0.6175578658695018 9.7114988124527493 0.8887880000000000
4.3251963871944596 4.6248118774790230 7.6413843294561286 0.8211150000000000
7.3750900075523678 3.2324350006990366 5.9542409431246055 1.4668200000000000
8.1608334927976891 2.2138864725141274 8.8742094876692352 1.1306200000000000
8.7393548791400981 7.4368168758941264 3.4370416601700593 0.9123960000000000
1.5510976925904472 8.7428210853398181 8.2645935120675862 1.1458699999999999
1.2096763252874929 4.2067443188489806 8.0707778040289782 0.7665890000000000
6.3800674427648003 2.8821368067917761 0.1194150045467037 0.7665430000000000
7.9585851691523199 1.1032176100617579 0.0666684150717730 1.3555900000000001
0.6167651175759222 9.0425608077719382 9.8301356156502298 0.8443390000000000
3.0549040263374572 0.1352527081108088 7.7193149338285432 0.7764880000000000
0.2758998164929933 1.3280610111804052 5.4850760914858734 0.8073810000000000
7.0795559439300568 1.1442052517686130 1.8306682429678920 0.7719570000000000
9.6850327090712565 4.6890111852124523 7.8886263717826521 0.8546870000000000
5.5748969768834886 1.0896662206488366 1.2872782458815875 0.7239390000000000
7.6055425415562388 4.4635409912479176 6.7811867873673544 1.4220400000000000
7.0833133941024906 3.4201646122278375 2.4364719704846309 0.9307780000000000
2.0985188067318776 3.1988177066347516 5.5987504928307361 1.1655100000000000
3.9340084889665632 1.6637411306154459 4.2864226579563720 0.8330570000000000
4.9673789218239168 7.8684239389073767 3.1499208965765177 0.9521130000000000
7.2259625555664924 2.5164921336382360 9.2218317484071566 0.7622170000000000
2.0535562610965399 9.8440889339966038 5.1834822310812081 0.8208360000000000
1.2550599138200018 3.4455807810475307 2.6923935182690077 0.7855760000000001
4.1561876738404555 0.9114633827905330 4.7185249895662276 0.8337900000000000
2.0574630516104175 4.3346798616488780 5.4411517025793295 0.9615710000000000
5.1972582140477455 0.9724405233922624 2.1544036555487520 1.0512200000000000
5.6305974375606169 5.8464703932612911 0.6894704741573029 0.9205620000000000
2.4886030920104449 0.4713069532935707 4.6749834444002527 0.9459870000000000
9.1187564598779236 6.7396178142340348 5.4602602747502669 1.0124400000000000
1.3356514254421621 7.2501352183920558 2.6597813654990041 1.2930699999999999
5.5425269702416449 5.8215243634094822 3.9390149975133504 1.2520100000000001
9.5306450133638982 2.1499898360116232 4.3024950232205024 0.9732960000000001
2.0703488156896190 6.2438116480645878 5.9029994856734325 0.8443510000000000
8.4172566260650985 5.8575983574442150 9.5030919410278809 0.7602230000000000
5.6832412476207486 8.9288758464864131 8.3290416176432611 1.2015499999999999
5.0817679307361026 0.6837672475621620 8.4002776387717919 1.4133000000000000
4.3521789847040582 8.1314132947349371 2.0336292583431557 1.1082500000000000
1.9697226301131920 6.4950558442110191 0.0070573689749217 0.7527630000000000
9.0593194838516471 2.6264434013310414 5.2286597755619306 0.8472810000000000
2.2677394762265406 9.4514143822868810 2.5742000490091694 1.1440900000000001
2.5483166873504373 8.1711098778891795 4.1141749309791606 0.9723380000000000
3.8979372882415855 7.0055326059836496 8.9687567944739079 1.1259600000000001
5.5817793730717078 1.0893457519184453 9.3596507013606605 0.7533390000000000
9.3905381671093018 5.5017956723552528 8.2408054872231240 0.8825620000000000
3.1147667214443939 1.4489150465792286 5.1268274327792476 1.4547800000000000
7.7097645144571647 3.3482928972730992 4.0317297299719455 0.8849690000000000
8.3573754417260524 5.1402697826426484 0.1661280056917386 1.0669500000000001
5.2583698547815931 6.1783061170408349 6.1677789538427366 1.3236699999999999
1.5951934234462803 4.0503663672483681 6.3496567531336137 0.9145200000000000
8.1664974062360063 8.3866043729337694 1.1736704909353619 0.7314060000000000
2.3696054590869884 4.6348604983325208 4.5376293744170155 0.8274760000000000
0.5422095714665053 8.4895063530889967 0.5642707903000365 0.8829050000000001
9.2211640182098566 7.2986484082004779 8.3002910246738857 0.8076730000000000
3.9128353975712145 3.0170525469359193 5.4574633567850741 0.7262900000000000
4.6925903332040377 7.3808867907500124 8.4233889678175302 0.8626220000000000
3.4260476234155295 6.6993080219681280 1.4443818671350941 0.8884069999999999
1.7883154571749302 9.9540931596013138 0.8617925297157377 0.8076330000000000
5.5269770310169779 8.9068625954036289 9.4124955037330018 0.9144870000000000
9.4567939617252410 7.0558444805068401 9.3043236251400661 1.2125900000000001
8.0022649858168169 1.3885158921259888 6.2257557899445706 0.8376510000000000
6.9249514833454775 4.7892835185246261 7.6930891103635046 0.8174900000000000
0.4684927057579807 3.1399192839155767 2.9460219452599956 0.9122670000000001
6.2326060766671718 0.9731362524942146 7.7276676608756070 1.1062900000000000
8.0891730358100773 0.7688117393026196 3.0428393772130979 0.7569090000000001
4.0466644261608860 9.6060574216293126 4.4213007027172564 1.2491800000000000
3.7755553841037952 0.0934846151482245 3.3623969287723452 0.8059320000000000
5.2784682318018437 4.8361408887372876 1.9527275759749101 0.8957650000000000
6.8356327451669348 2.6006764668325788 7.1825613665640340 1.3984500000000000
6.6249710934403989 3.7204032132956613 6.7874254130230547 0.8909520000000000
0.3929690537610105 1.9209076176785906 4.8618654956825802 0.8327570000000000
3.0942596680312193 0.6316884324003458 9.8578599382165510 1.1949200000000000
1.1612280728708633 8.1786127112270890 3.3963916318432044 0.9661090000000000
0.6946310098066528 1.3064482289109631 2.3132547738106930 1.3028299999999999
6.9085221229071569 8.6462854365700998 3.3706824384036858 1.2314400000000001
9.1822403055360997 7.7637039463247577 6.0825351075341505 0.9875690000000000
4.7276819972464379 5.2071749815103088 8.6122433389915134 1.4641400000000000
1.2794299820470374 2.5349487581595609 8.8700564369814465 1.1636100000000000
4.7407939977252207 0.3346035032525072 7.4044050910865193 0.7242280000000000
4.8663592316101729 7.3615331139638940 1.7119772337692032 0.7796360000000000
1.9980934226444311 3.4058467508897055 1.0406039097494044 1.2714799999999999
3.3200359716979544 7.4234475365215831 1.8765698885911277 0.7538970000000000
7.6822337184373497 2.1226478285399124 9.7456072638084166 0.7327850000000000
6.5440855356526546 0.0368621797002272 4.3035841089407398 0.7962880000000000
7.8915922209545757 3.9991868653320313 2.7841060854002513 0.8999740000000001
7.4268911008888834 7.2026668382634353 8.0637359564016524 0.7525800000000000
8.4100774453841236 7.3772132872353060 5.0290151110770980 1.0099100000000001
5.6371308075995410 1.8605060842948149 3.6098015325307742 0.8251930000000000
8.6461349190498762 3.5972245239505343 1.2743596820615142 0.8867570000000000
1.6734343211175637 6.7517339057032828 1.7243981684619401 0.8454970000000001
0.2735838468749175 1.5259505343271220 7.4755238819028333 1.4419100000000000
0.0652458593890888 0.5604515542907887 8.6029599836952038 1.4182600000000001
2.0487461996627294 7.4658338798162891 3.6451592377119058 0.8558630000000000
0.5205008832019399 4.2903395880353212 6.2944879914040994 1.1866200000000000
0.2358273191924406 1.6236020716848469 3.5872740826363110 1.2046300000000001
6.0642622563858746 9.2875505093955582 6.2687214660523356 0.9970550000000000
0.5349116447655025 7.0913711670699833 8.9732666712165639 0.9672980000000000
1.9249481283283956 6.5436341565495928 8.0359696824936222 1.2417499999999999
4.4022160231982195 4.1342244379715005 8.7783307474982131 0.7261930000000000
2.1088233197447139 7.3108219250771285 6.1900969279314486 1.2888800000000000
7.1702700194865345 8.7749594531055237 4.4080265559871954 0.8288410000000000
1.6834646917600717 5.4911477252679903 4.0503564996673314 0.8070450000000000
2.6432917532257161 1.6201169536636888 9.9357764206383479 0.8701380000000000
4.7273149032761994 2.0914052587215606 8.9994502882999790 0.9519740000000000
4.2842938732291591 0.8880569089666829 0.2459601355814105 1.0559000000000001
5.0020774157986878 7.5809354900743768 6.1602251884036301 0.8249850000000000
9.8341912066425312 4.0499526904686842 8.6984006356551813 0.9809510000000000
1.5225459720834604 1.6348017343836225 9.7824665456163462 1.3129900000000001
9.2640594737626625 7.9713739148690390 9.6609140969571534 0.7226290000000000
9.2057695507656288 3.0351881071895268 6.9137062611360127 0.7809020000000000
9.2655640113324100 5.4235293398496252 6.4966133867923839 0.8525130000000000
4.0141042421371047 5.9548749645908643 6.2382059637154912 0.7244370000000000
0.9038061920947563 2.6900996065847287 9.8491565288993712 0.8536940000000000
8.7489643592950266 2.3722192212387396 6.7956849222895936 0.7647119999999999
9.9913494297814545 2.6857000833907403 4.9758274094458699 0.8215720000000000
1.3716955791574765 0.5793720722932597 9.0232832495730104 1.2063699999999999
3.9703317891494594 5.9234333885740904 3.3858883361929175 0.7903150000000000
0.4629555325441499 8.3617324797010539 8.4905314478805298 1.0923400000000001
5.1535802221895111 6.3216840413228041 2.3310682450671902 0.9016590000000000
0.5698863368556363 6.3108871642199960 2.2686050118746022 1.1677100000000000
6.1240740268646103 9.3610811897177548 2.8694312096170362 1.0315200000000000
3.4342158333802204 8.1613645133121313 1.6752935403123794 0.7386170000000000
4.7753244304082880 2.8706730437649499 8.5547035329522103 0.7610360000000000
6.7720040070304481 5.6460640870758718 3.1597190776147639 1.5788700000000000
3.6092329049203329 2.3947586082305485 5.8771164783452017 0.8305760000000000
2.6615507542800545 5.7272319259537872 2.6120494143840043 0.8317610000000000
3.6783601048519374 2.9655872940760504 1.5989223975362756 1.1553599999999999
0.9834905547897489 0.9065741035835003 5.6684166609637225 0.8187120000000000
5.0950348834143107 8.8802678922928759 2.6321102608024596 1.1707700000000001
6.2061290759024388 4.3778398386746415 9.8553547227113221 0.7416820000000000
1.8046700448744715 8.8927108234504537 5.0654218020411008 1.0837300000000001
2.0087888523832600 6.8942277349181342 4.7740183944131225 1.5646300000000000
6.5686741547111227 2.1161059149240247 3.6518914768031867 0.8619010000000000
8.9772920900905131 5.7665077527865547 3.1094185683314355 0.7569770000000000
7.7082213695737671 5.4957422911711831 7.6117370968740827 1.0108500000000000
8.7577114370082896 5.0277206713437836 7.3904945567090810 1.1994700000000000
8.8565401097460548 0.0148833236395084 3.5990300389381664 1.2195800000000001
9.2262436269964816 3.7184391583858876 7.7892422275338431 1.2217400000000000
4.9715647046150169 7.1889550452048177 7.2260615597259807 1.3455600000000001
0.3040305711435750 4.4482399211833599 4.5183735068449149 0.9240170000000000
7.8398967552559560 7.3330861401940099 7.3158832726518916 0.8584580000000001
1.7783685367203286 3.3493214564898919 2.0788996323055038 0.7659430000000000
2.7488852449430849 4.5647015274254743 3.1745499011017220 1.1897000000000000
5.3366163800387962 5.0088608397707430 5.1893605327978900 1.5537300000000001
8.9497512530483796 8.7097796512131662 3.0047846214730201 1.5470100000000000
6.7659127915187911 9.7859692478301472 3.4885852489508848 0.8771600000000001
5.7291540083964287 1.8049089411942811 8.6851495102346430 1.1372800000000001
1.8438147500710784 9.7082787139555116 8.6204342531352278 0.7634870000000000
5.7267517175700595 3.6822843834791241 7.0701849166234529 0.9303430000000000
6.7447054419345092 0.0446744582477331 6.9412534980939737 1.3245000000000000
2.1486729015334061 5.7985782579399974 0.5077753997262803 0.8526510000000000
1.0259125728897593 4.0330606338132382 5.2173607008214420 1.1427000000000000
3.2326431928551362 6.6580523234143714 4.7939946598710019 0.8149490000000000
4.3072343129741686 2.5537789549566199 6.3319382516987792 0.7803870000000001
6.1136406612085050 6.8031616963405348 5.5687466483146064 1.0226900000000001
4.8700385996686268 0.6845796207011178 6.4071790148676770 1.2981400000000001
3.4934821008683778 5.4671331022406546 6.5986918522257296 0.8157010000000000
8.3356571356607052 9.3625511544252085 1.9130909617892080 1.0919300000000001
8.6975393966931307 0.1635987150206399 9.6309859296941394 1.0899500000000000
4.1394315676295204 4.1923135020639704 1.7915181298757443 1.2647299999999999
0.7615516554986325 5.2369829427387025 9.2949838747282065 1.1894800000000001
1.2083569326659833 0.5555386608461292 0.3173270108133375 1.0761799999999999
4.5170494933843059 6.4220685190067588 1.4279981600221952 1.2203299999999999
7.0140336601731255 1.7632465788296325 8.4122090812742982 1.3971400000000000
5.8356723910858506 4.0155652279864382 4.1111102012094651 1.1391500000000001
0.6428698300585346 4.8075096703229132 7.4278323962795971 1.1673800000000001
7.2038763551856695 7.2738503534222296 9.6548931280463375 1.0686400000000000
1.5677072303576529 5.2396157805750327 8.2501210034456314 1.3581399999999999
9.9369870129696363 7.0023466514339709 3.8381937641345609 1.1472000000000000
3.3308271198087049 4.5490600731571806 4.0252579076190314 0.7881450000000000
9.3106538307784277 1.1778987123398432 8.0008730636239349 0.7551890000000000
4.9677933129152896 4.1798900715175966 3.0106603128660319 1.5740000000000001
3.8807438141421953 2.2665772301307827 8.4536269030015898 0.9768880000000000
5.0036524412887351 9.4161971455850253 6.8806369729646022 1.3154300000000001
2.9365542661154560 8.0867252454783074 6.1640726053973944 0.7598040000000000
7.6975466926042069 6.1143023465621305 3.8266914303954409 0.8048480000000000
2.0482834870080975 0.5860248874758277 9.8161602678741371 0.8010330000000000
3.6027383443757883 5.9831652415176100 7.2777547729488496 0.8415319999999999
7.5714348675440286 5.3189792281800941 1.0981695452697842 1.2913200000000000
1.0276997141989597 3.8481100373921291 9.2635760426169131 1.5231100000000000
3.0687673639952995 3.4991228956332088 7.1036131573436094 0.8146560000000000
2.9872096373646291 1.6725792270313729 8.3982556166973943 1.0962700000000001
4.0837294224486769 8.1114964866857022 3.0997418187346035 0.8097670000000000
6.1255855720828425 3.8553590941254829 9.2434035392391962 0.7980130000000000
3.2733870336785715 7.4487420753042111 6.5284838416373274 0.7978350000000000
0.0306739353976336 4.8389791635402792 2.8208740236986971 0.9717610000000000
3.0867689080782621 7.4438667445467290 4.4285749974933566 0.8298010000000000
0.4297761751210926 5.5101420193754223 8.2790997780300106 0.8823560000000000
5.8974005096795583 4.9031289963212759 3.5228265928978595 0.7370250000000000
4.3218320837911417 1.4116093077983645 2.5317696435544277 0.8026440000000000
5.4101928325468833 3.8638235723984020 8.2812696794240654 1.5074099999999999
9.1133694102682057 1.1927005782225302 0.2050323364050939 0.8448820000000000
3.3407293681374131 9.0013227401547944 3.3671560787908961 1.4652499999999999
7.3022052454494890 2.6198914308948593 3.7629322007193275 0.7952710000000000
9.5474867268334727 5.5874848687417193 2.3491972727977615 0.9728190000000000
2.1210590298959069 3.2357826015469882 8.8279585744831479 0.9127930000000000
5.0717406625956780 1.3080314485270617 4.2420361927908949 1.0351600000000001
7.5550081135234048 1.7003081339076782 3.2374657984244055 1.3067000000000000
3.1981089951905224 6.6320430620619941 8.0284770234789118 1.1863600000000001
6.0772143010545028 2.5325285502814361 1.4583279326275858 0.7392740000000000
7.8049389171253347 7.8336471705893800 3.0437496009556373 1.1894899999999999
9.8972066990040002 9.2655912598119645 0.3547434553450007 0.7727260000000000
5.5705180383981281 8.7133369351177734 4.5596193151197904 1.0052000000000001
9.7499084007354391 6.1885507357305736 6.7862850621110571 0.9721430000000000
1.4261026493760109 0.8335209905022994 7.0450584486592929 1.2686800000000000
1.1076035640005837 2.8033528785162645 4.9457119520742738 1.2498199999999999
8.3743094897266115 3.5972312548385985 4.9755359259913075 1.2794099999999999
1.0120189068744208 8.0244224472929400 7.6503125583468536 0.9384580000000000
6.4523525638688666 7.2511843160929565 3.4604427528869302 1.6066000000000000
9.9157018440754783 6.4711412509218862 8.2499843764992669 1.2200000000000000
0.1467029697484764 4.5185566619575441 1.0382411312504247 0.9061690000000000
2.0140355162277346 4.4010716036310829 7.3177604999592454 1.2101800000000000
1.4230112944395394 8.4561068688073693 2.1413843246711437 0.8450420000000000
4.3816504065374664 3.3252662816370329 4.7358897518480996 0.9216040000000000
7.8890958757836076 3.5749393941377883 1.9073786284143661 0.9562840000000000
5.0494992212870482 0.2938844797153108 9.6633963810078498 1.0934100000000000
6.0033311066731851 9.5932766725901342 5.1522176778082995 1.1802400000000000
4.3667672358547032 6.3934847793727689 8.1015464002170763 1.1158200000000000
2.7918353490229610 3.1400944371209825 9.4133471719711608 0.7289310000000000
3.2343059280539581 7.6654542463020396 3.4760459866470623 1.0760600000000000
2.3876743762516250 2.7716443129851340 4.3116262730401482 1.5037799999999999
7.9909429409987460 7.4065671441352574 0.4379478980301676 0.7573870000000000
4.5988337510897974 1.8542610729558493 5.3820677244127859 1.5424800000000001
6.9279890623881757 2.6553846371313012 2.9798741422682427 0.8677380000000000
9.1242337883495885 6.1968666413983708 1.6248512428353470 0.8991780000000000
0.3534321878897101 9.1721585008387034 6.3816613716722026 1.1540200000000000
9.6934996519507521 4.6692769482675498 6.9169673516135788 0.9317250000000000
2.8083567496085915 6.0816768473100478 5.3699866386362824 0.9169659999999999
6.0736311797924509 3.2899013299969528 4.9535699170839562 0.8151790000000000
4.7373329015215688 2.9817805324260291 3.0653851349528698 0.7577040000000000
2.4147663620317896 5.2275099413429658 6.3518257525538582 1.3459399999999999
2.0724263706329813 8.3636596771176173 6.0450751969093632 0.7605520000000000
7.0028679855215481 0.8162931622890145 0.6162006044254785 0.7525390000000000
3.9839086171187139 6.0289624645689415 8.9731150735565226 0.7685740000000000
4.3922753943117643 5.8238661213259784 5.4982915948267044 0.8875620000000000
5.2177763189926605 7.4053340102599154 9.1790111661059424 0.8427550000000000
1.5093514554554543 1.9101854841332448 6.8813760275154223 0.8219970000000000
3.1979891416394630 6.2236402594991542 8.9588089998174478 0.7629460000000000
9.4392486958497113 3.4790838381681777 9.7473776751636549 1.4084800000000000
8.0781617916433603 0.4269203045423404 6.9703397256595450 0.8765370000000000
5.7236328269565151 8.6069386659859912 3.5404784801491282 0.9941870000000000
6.1073205160160340 4.7391354080867467 2.4908829155783274 0.8675450000000000
2.5119029565260624 7.0639034090894111 7.2419581510968403 0.9130840000000000
5.8298879904124785 2.9456390027331123 3.2962104324883241 1.3871000000000000
7.0021650471340653 1.8039815177054601 5.9234629701996742 1.3047500000000001
1.2592919020405178 7.0820384949228528 9.7540849847820308 1.0651500000000000
7.0745533131700356 6.3921377129671004 9.2006484180760815 0.8637700000000000
7.6814761303737980 5.7861936973350030 9.2247941650076921 0.7264250000000000
9.5341343626960295 8.7242362066274719 5.7885303208170340 0.9516940000000000
8.6213765609725392 9.3640525655211153 5.5223443932978071 1.0053900000000000
5.3691603715330878 5.8933799081440581 7.5075528560098128 1.3299500000000000
9.7208493987133764 3.7925077813788466 2.1317628579342269 1.4974900000000000
6.2559938003973228 7.6224225853239362 2.1896214474039803 0.8534690000000000
0.7346688654566423 4.2066764618369872 2.8615684506300485 0.8196530000000000
7.1791830126445708 2.7125931938538361 0.0877507068291982 0.7786100000000000
5.7340646498008718 6.3254151792843443 3.0085169409716106 0.8149870000000000
5.5777101660997950 9.8282511653770577 8.9735174363934984 0.7599650000000000
4.5622441109381180 9.4000879018836407 8.8716224299721844 1.3714000000000000
2.9863046535954543 3.0768821751579583 6.0829836277791332 0.7562690000000000
7.1571712265072218 8.2028576359296910 2.3204177125028869 0.8175020000000000
7.7607171756286615 4.8169450294238736 9.3370605633200334 0.9534850000000000
5.1666577140753445 4.7852943802325543 7.4840722024681527 0.8472060000000000
2.9418465989100895 8.5923643408901853 1.1645540213459378 0.8652280000000000
7.6762884265153506 4.2429221602057146 3.6964937117909660 0.9325490000000000
4.7659424424172343 1.8854643105426494 7.9355089208309186 1.1118200000000000
8.6581381079686430 3.7598461533399914 3.7305876371452018 1.1827000000000001
1.0358875699535137 4.7206122849268555 0.4120750368093440 1.2012300000000000
3.9464657767121292 4.7533138378477098 0.0726236591015468 0.7982920000000000
3.1457689934957540 7.2136020622780306 5.5768341087578586 1.0466400000000000
9.4663499415346628 2.8347793007361592 1.0553469821528532 1.3121600000000000
2.9065378873647312 6.5635448031608048 0.5217209558183299 1.1540200000000000
8.7495740475723238 2.2600835518157294 0.0240545427138637 1.3502500000000000
9.9213196816536602 9.6404817679346362 3.2475580154828423 1.0593300000000001
9.4491644150928664 5.0997930110856791 3.9455054515592454 1.2561100000000001
1.4731587489743247 9.3898058511394336 1.7379472607860935 1.0164800000000001
7.6330999604252883 9.0235327966956529 5.4652879627834112 1.0054399999999999
8.8318630800739673 4.7272065134858181 2.8207601846725114 1.3262700000000001
9.9994181916634126 3.8644475457536580 7.1038394333208368 0.7574910000000000
6.5328040346286738 3.6624295367865782 0.8937114423223979 0.7385790000000000
9.8065872689736544 8.8214572307664341 1.0023369439437588 0.7417500000000000
3.1489357047073203 5.4005046013540667 0.3699974626030541 1.1060700000000001
6.0027400135620326 4.7752768494341860 9.0315647852977605 1.0408200000000001
6.9845738152747989 4.1606647636574134 1.6334971596609018 1.1815500000000001
3.1878505643939072 1.8018503810901376 4.0020706415382863 0.7316700000000000
4.8974655857481721 8.9179091086212559 1.5769064205642038 0.7727780000000000
9.6919665022226802 2.5976612724921710 2.0984572658057377 0.7943789999999999
4.4763521272942670 4.0480008082768837 5.3966171025420504 0.9489660000000000
3.7873819650217722 2.1430507488008224 3.5855723455120478 0.7858550000000000
0.8493695682635392 5.2339398538541353 4.6710580443451626 0.7867260000000000
6.7312128997907275 2.5333065396139185 0.8534590693599539 0.8812620000000000
5.5567512651401927 2.8803665891568908 9.3835528753241668 1.3494100000000000
4.6629407829727647 8.0374432430986467 4.7737954093444621 0.9594570000000000
0.8101079999273820 6.1007723722452099 7.3433887150586639 1.3412800000000000
9.7416781456884358 1.3487365243641780 4.7561273497737702 0.8373660000000001
4.1174096503621280 6.9519113662172716 2.6999035165323040 1.5474699999999999
9.9516493774447348 4.1403054244569413 5.3955059756827985 0.8752259999999999
3.6753644227349320 6.3693699675213082 5.4644452199982991 0.8329010000000000
2.7804597940092668 9.3186060514310292 6.0066505332241649 1.5174799999999999
3.3180242345535951 0.3060470201563645 1.0402206490585810 1.2025100000000000
4.6160634646958947 3.3177831295912785 1.3324222442326576 0.8341090000000000
3.1852636294223826 3.8698834980663674 2.3764145673293795 0.9504650000000000
7.2235633643285038 6.3398459475501134 8.2189336473630732 0.9618340000000000
7.8545035092898940 1.1232649422012229 8.9470861162194826 0.7990460000000000
0.0861238674066184 7.4907992725862522 8.3061333522166265 0.7640590000000000
4.7511501344288396 7.0513349909409007 4.5804709438698445 0.7902540000000000
8.6596482815761657 1.3112569410378785 5.7233650442097597 0.7395600000000000
0.5675599437455662 6.2746433581930576 6.2919358354182080 0.7447650000000000
9.7208287480729396 5.0338963430684185 5.0903779210356666 1.0035799999999999
5.8250610308323134 7.8407810300405787 6.0077236552357514 0.7574300000000000
6.7888581358211049 4.5096934054911824 3.6894878919934904 0.7606490000000000
2.9146011629753179 8.3734159021610619 9.0217570891783829 0.7718000000000000
7.6611808594378372 9.2246634340523777 1.1679863790724709 0.8405580000000000
6.7757511273134261 5.4196763252951916 9.8905409504693207 1.5084599999999999
7.9520727195122518 4.2495938665847026 1.1486766374234281 0.7757450000000000
4.4470854686548345 7.7260194193627845 9.4255414789141678 0.8109870000000000
4.5740361989537899 8.3906552585057046 7.8314022172273745 1.3605600000000000
6.3230544236951225 1.0413730214927952 3.9030743553144402 1.3117900000000000
8.1208706583546668 5.6976806370802713 6.3954953724666712 1.2627400000000000
2.0424585202004337 3.8522317656957599 4.6815596354589104 0.7650080000000000
4.3820014287866043 4.3750637351522057 4.3215942487581493 1.2232900000000000
9.5095933434178086 7.4619099888386566 0.4672053054432269 1.1629900000000000
4.8806054032816890 2.8205588738103122 7.6977602759693848 0.7653890000000000
4.9080911476583244 3.0857354503316761 6.8153485839339920 0.9863459999999999
3.0840042808902317 3.9414569861488928 8.9083061150230147 1.0827599999999999
1.5803797757132605 3.3560065173398272 8.0781556913257475 0.8741060000000000
8.5485764469223788 8.7911360865468549 8.3557914353463918 0.9736410000000000
4.3687677595369152 1.5928159745266341 3.4861504205822533 0.7633710000000000
5.5634692527523022 7.7814381219242312 8.2310564071329697 1.0145800000000000
9.6575506832751170 7.9973683392529660 1.9598047303824757 1.1191300000000000
2.2485183944312799 8.0499849194438475 1.0438941742879460 0.8379430000000000
4.0483116918684114 0.7319249041189079 5.5899130973783127 0.8941560000000000
1.3297586452632266 6.5816239065324869 6.1991866224520393 0.7529470000000000
0.8289140560318130 9.7820287089601301 5.3172786698477559 1.3797200000000001
7.1815021842569262 5.5116103577799409 6.8341511389424703 0.7598180000000000
6.5892268707368826 8.3315903782910308 1.3892836480833424 1.2877300000000000
7.7525522756354235 0.2876869011233697 9.2145412776680296 0.8901820000000000
5.3147090483904256 2.8388751760421327 1.3470627171516110 0.8023290000000000
3.7614323710027477 8.8053083889647450 6.8651291912819943 1.1824399999999999
5.5369948423838631 8.7376608201590091 0.8801820935096732 0.9916880000000000
1.8415169634969084 2.4516513047708393 1.4560773385480841 0.7353020000000000
8.0074844689021099 2.9325666691929566 3.0563848212558806 1.2266699999999999
0.8349952963196504 9.5107058423077522 8.8153248673819391 1.1294299999999999
1.8586081905925418 6.5973670095963737 0.8491118647183549 0.9008530000000000
4.7765922511110297 8.0751533683719536 1.1037855877929299 0.8125650000000000
4.3749450308503413 1.8570638040691023 1.7709975349266176 0.8666770000000000
8.1194115583110555 5.9091480243119534 2.3061107071993012 1.5107699999999999
5.9355668979217704 0.3601422828539381 5.8230186840693383 0.7788380000000000
0.2322158740527929 5.3926873745469051 0.6969185214111149 0.8757170000000000
3.0856550080144789 4.9237841762844266 2.0068689036416401 1.2104500000000000
0.2479158550364146 3.5242552559506266 4.6951554281415948 0.8409040000000000
8.1966773924570386 7.7170359608850818 9.6005961748967383 0.7853840000000000
0.4438626404589662 0.0068629875020393 9.7427937493397394 1.0374099999999999
4.9843758089430974 8.2707319313044732 8.9407030829916341 0.9359120000000000
6.4013260762359048 6.5575811154104588 2.4373553994831130 0.7675850000000000
4.1690280815103540 0.8135587896750659 1.7277231274131153 1.1191599999999999
7.7077837994629785 8.1949330729924554 4.8866120498318510 0.9485410000000000
2.3870429988131918 0.5406248470116396 2.6231046604338673 0.9535180000000000
9.4041091542362700 4.5398248676235946 0.2245318384796115 0.7926569999999999
4.0014798267237648 1.2660822983667230 8.3919824729775137 0.9516120000000000
7.9438223986729692 8.6484235336878825 3.6471703974906156 0.7595650000000000
9.5739367316615667 4.5510919001802757 9.4217274103184891 0.7685050000000000
5.8500996004655246 6.7813891293108055 1.4544420929107742 1.4288200000000000
3.9901250127058616 8.2196270094850323 1.1490312588362419 0.7294410000000000
7.7083853028725731 2.2228952910041766 0.6035802243170504 0.9343350000000000
2.7906346934106341 1.1070112519028763 4.0714281464761441 0.7526300000000000
9.0270297438427693 9.7659142501060430 6.7327678340177153 1.3953400000000000
8.4155237369200186 2.4941488844894373 4.2362328438121732 1.2862100000000001
3.4495919514322457 1.7432324306181053 0.9086326720444817 1.5753699999999999
6.9365434813878055 4.3709700750861096 5.8205829942135008 0.8461170000000000
8.6397288486344248 3.0005049350939990 6.0960249642503612 0.9954640000000000
5.1986067761165806 3.9128606690596164 6.1716878387533525 1.1149000000000000
7.2639641103273975 7.1210322861661215 2.1166901691063829 1.2870500000000000
8.1255163944980797 2.2054909132610887 5.4545196883445826 1.1729900000000000
1.8924550127593074 4.6304666761500188 3.7410230638509301 0.7943970000000000
3.9708033669547573 6.9607696325096420 0.6966157323579353 0.8064060000000000
7.1274354564233757 3.6873453719501250 7.5329420258621766 0.8362550000000000
1.9231946478897843 2.9420121213718167 9.8607252166974728 1.1724500000000000
7.1033702885492342 5.1056667687349577 2.0909979264121166 0.8164020000000000
1.4438779282097860 4.6319552447234980 4.4868983913449272 0.8468800000000000
5.7530242499906299 1.0531514835034972 4.8376059587220048 0.7651790000000001
0.2477112710874296 3.3283809067119470 6.5426225102681714 0.7749340000000000
2.9548129096035503 5.1347979921322713 5.2915541783011175 0.9275080000000000
2.3583480259215506 2.2015701308232329 9.1204030467659010 1.0142700000000000
1.5956679880643541 0.0052267340296317 4.2805046233138544 1.1327100000000001
4.7367649833117911 1.2489134376650022 9.4232042751922354 0.8659370000000000
3.8796426917604339 4.2682726252773673 9.4079703718749066 0.7777190000000000
4.7157416525659066 2.3145878391810433 1.1062604212522282 0.7872990000000000
4.7254907036146525 2.6467249072364161 1.9265624332192941 0.8262720000000000
5.7476701773019467 0.1066875364366752 6.5447603227537936 0.7416270000000000
0.9632423015816164 6.2368132613842358 8.4837038413198123 0.8880960000000000
9.4565475237779157 3.9374978048566960 0.8273509087751808 0.8559870000000001
8.8582652966692876 3.7358022438176492 8.7969200512902752 0.7993890000000000
5.2649044679449277 3.6879655387255768 4.9670451424906670 0.9014030000000000
1.2027750786961622 1.2082117517045270 3.6933104153227831 0.7989560000000000
1.0561594341093634 2.5569407968582447 7.6707348684598200 1.0841000000000001
5.8896896102582197 2.7480423217068659 6.0142059455350489 1.5104400000000000
2.8693966189072375 9.4890362633835021 7.2273580638360704 0.8332650000000000
0.2682062368378658 7.3110726331252174 2.3905311126188979 0.8369280000000000
8.0799818153332410 6.1480446611667725 5.0833994048986018 1.4075599999999999
0.5646418480703258 3.5214586452413661 0.6240815335740448 1.3218500000000000
7.8554038211996540 2.3805618521911449 7.9290528597405965 0.7916080000000000
6.4624468175518688 8.1112473970397740 8.1690396994304546 0.8328470000000000
6.4278493554090659 3.4127986086387754 7.8866253585523252 0.7679859999999999
0.5660973546321215 0.9999023257066787 9.6143157943206088 0.8771090000000000
0.6154874379693891 2.4578216888963844 6.6721338078826999 0.9998120000000000
9.6097632767484882 4.7714491879966783 6.0158514540061407 0.8196059999999999
6.5556801764836425 0.9046273057427479 6.3161453419916134 0.7240510000000000
9.0013084916774169 4.3889306645213519 5.4914103268810495 0.9000270000000000
1.7024694040749282 9.9710528912355443 3.2712751936797733 0.7692300000000000
8.8983049769116231 8.9430560967116417 7.5138163722864428 0.8106110000000000
3.5918680560045351 5.5869291964990664 8.1253221100951301 0.9582090000000000
1.3745336210451577 8.4854332324014941 1.1492165763259963 1.0454500000000000
2.6315526657357746 7.4686017357446053 8.0033894910124541 0.7657460000000000
7.8203867082722764 6.3776135551408588 0.2198601704957459 1.2998300000000000
7.8604359147269927 1.0951427205213005 5.3149207617234779 1.0269100000000000
2.5583594476786464 5.7546958399312285 8.6176705332923671 0.8965290000000000
6.3280894733016853 5.0277095460355339 4.3298881651700700 0.9605160000000000
5.5407034561681270 4.0100334755423210 1.1551493205267036 1.3549199999999999
0.8061076948389589 0.3985190172036218 3.2413575002077066 1.1450300000000000
6.0178445109417957 4.9833489152021508 7.9856721785289677 1.0188900000000001
9.8986888927634666 6.5602354732009323 4.8384405907976102 0.9122700000000000
1.8001939296735454 5.4647400449112338 5.1421818660178671 1.3122100000000001
5.1238988847842011 9.6670281006936172 7.9176900698914690 0.7554660000000000
9.7737015439759585 1.5483884498655454 9.7004530426624083 0.8167960000000000
3.3736370573791148 6.1243417225362897 2.1536577013177278 0.8409010000000000
3.8761381227115472 6.1337999792744204 0.5242034467417965 0.8073870000000000
9.0114268702150504 2.0412011072316805 6.0287126314825663 0.8865400000000000
5.1780697444898012 6.9558534495992177 3.4337750746483531 0.9196270000000000
2.3168469955297875 3.4081779181890446 2.9669400737749694 1.2292799999999999
4.1628881842931191 6.9447773904882677 6.2056004698831497 1.2078500000000001
0.9687289702321318 3.6651908078379551 7.2427713295158034 1.1460600000000001
1.2663756543675078 3.6679408724669527 3.8188264733377086 1.4269600000000000
9.9043758262021679 1.7014358122560520 6.2722096688265720 1.0145200000000001
1.8400649567071006 7.6877087235235440 1.7852392088184050 0.7920380000000000
8.2797170508884790 1.3965158872729080 4.5384283738434341 0.7586210000000000
7.3018585572506067 9.4878493802645494 4.0491805917217842 0.7253120000000000
6.2302409988625937 1.6526779497756454 2.5981819565773763 1.4382200000000001
6.4947520022727776 2.5494616946145490 8.9787542131638727 0.7242729999999999
1.1282737309245512 7.2695048610217139 3.8286941555662715 0.9734880000000000
5.9867824242727377 5.9140426562402109 2.1971677499530595 0.7825140000000000
8.9414109951257714 1.7173511734440496 4.9730551540231236 0.8849060000000000
6.7034395321731015 9.4407129858561749 9.2189669744000966 1.5865899999999999
0.7194350812738468 0.9325730032575866 4.6106965025112423 1.2352399999999999
2.6426822042760469 5.9624790163257204 9.6275950787773681 0.9251810000000000
6.6526021807682651 5.7417431029849686 7.5756596660276445 1.0460400000000001
0.6439698955039247 7.5361674428592602 0.6009817950348352 0.9666530000000000
0.4753735041351819 7.9941569483592794 4.1703494513097166 0.9748170000000000
8.6975417303808715 0.0609305505084477 8.1703607273367069 1.5087600000000001
7.1348755001756263 6.2926407772687121 5.9352733741263304 1.0627500000000001
2.6519808312436330 7.9059157546144760 1.7889026175810041 0.7877430000000000
1.9445708208649899 6.2592456485274068 6.8768005561433263 1.0481199999999999
1.3057055604187797 4.8108252418863131 6.6810008865678157 0.7572680000000001
0.0703309647461872 7.3094287084105742 7.1963809826656391 1.3975500000000001
8.5609475249908993 5.8358201194740964 3.9910095923653479 0.9690460000000000
1.1490938533359860 1.6145053468115635 1.0897762299180218 1.2783400000000000
3.5319701704217947 8.9926982870387171 5.1757966317711643 0.7365670000000000
0.2384189076747502 5.7511432424725388 4.8314130638917581 0.7649740000000000
9.3088947132668860 6.7414244615284904 2.6586384984064320 1.3768600000000000
9.5133852579947451 7.9322185575913782 3.7860109620260389 0.8245290000000000
7.6635231672280577 0.5504668414629809 4.0773602734975087 1.4444900000000001
4.1359793921224934 2.7533860286985137 0.6982735168672446 0.7961740000000000
7.5593674880596202 5.1808048390132564 4.2834638418169382 1.2176199999999999
1.5405637325311714 7.5084790354528490 0.9163472181715275 0.8581850000000000
0.3527162593636122 5.8804850275075848 0.0110782585026846 0.7543160000000000
2.7060441129663517 9.9199303421121048 8.3914216093056719 0.7435250000000000
5.1027179061430266 0.0211649701046096 1.0155945334960355 1.5561199999999999
6.1065450728342059 4.8946396457810710 6.6296048526308891 1.6069599999999999
6.3182661290075988 3.2849965731991766 8.7137937739318367 0.7237940000000000
8.9115472975503547 5.3555986019760198 5.6188789849095730 0.9630760000000000
7.5929561694148413 8.0746515175979567 5.7889047813439651 0.7922120000000000
1.7115772059835241 6.0837735532690091 2.4164009659838892 0.9848380000000000
8.6115802792282015 8.4605891773370594 9.7410263003400726 0.8181000000000000
7.6277795792288812 8.6003460944078736 1.7088056614742340 0.7525579999999999
1.7055079155813166 6.0959371023890512 9.1830197947360386 1.0887300000000000
4.7836336659031522 7.1640537514696279 9.9394326467234357 0.7424140000000000
6.3734952082083032 6.1968753513067014 6.6542696032036526 0.9572380000000000
6.8182005826465319 5.1252233765283055 5.2139437689439916 0.9725570000000000
1.4612834457183856 7.2292426333787585 7.2035643148325077 1.0150300000000001
1.0860504812496465 0.9579674865016840 8.0334160151952894 0.7484790000000000
6.6066321680172369 9.6099574647989101 0.7886225981682938 1.4381800000000000
1.1192561495562785 4.2346267411436243 1.7372238026219926 1.4109600000000000
1.9408666236837329 1.2947670063975081 5.9510306223288216 1.2268699999999999
4.2586262166635622 3.2783757880017550 2.4284166828626006 0.8833980000000000
1.4003897282653230 6.9253291416860918 8.8333845722163495 0.7423300000000000
3.1385584437313372 0.6551926645901699 8.7194005010914992 0.9443920000000000
9.6424391154370426 1.9824466019137281 5.3990528709422536 0.7660540000000000
7.1405914838519662 5.2786422428515172 8.5682140429393687 1.1509199999999999
5.3803005477165771 1.8811371932315852 1.6268604979914520 0.9711109999999999
6.2682582113261027 0.7744170116415627 8.8199164832452936 1.0015300000000000
8.4007062100798571 6.0611149514712235 1.1224633237204305 0.7456690000000000
4.7180463304033964 3.0819514730559869 5.7222002621489665 0.9100890000000000
8.1799309156942286 7.0610860111936882 6.2097800093304025 1.3901500000000000
7.3942749451519552 1.4443211909256644 0.9980539029629728 0.8502110000000001
3.0404611227027787 2.1570053982685562 2.0926593050233118 0.8747050000000000
0.0526906774357229 8.0050294921110865 1.0841243124586382 0.7354470000000000
2.5269579876757557 9.9944786415877758 0.4839228074752785 0.7595720000000000
2.4164374770689165 8.2071577026824585 8.4139125743448133 0.7699240000000001
3.9982402086819206 6.3236792168460649 4.6692957780420672 0.7983930000000000
8.3637975137737275 3.9268869902236880 6.0421042038136124 0.8694380000000000
4.0555937710335774 0.5537542776517290 9.1976499226973587 1.0604700000000000
3.0375578581465694 6.4232291110550079 6.4560335639207187 1.2369100000000000
3.5135222511650834 8.9259105768599287 9.3861108366120423 0.9281320000000000
3.7043350149477123 4.6575474248532363 8.2638366808505381 0.8603820000000000
4.9413562711919594 9.2716130457405779 9.9504189894072788 0.7407780000000000
0.4020527536062302 8.4066896293167872 7.0842704328538195 0.8190660000000000
2.5277810949501465 3.9440927558415604 4.0164033150977723 0.8362120000000000
8.5733085782047525 4.1045986761027526 0.4216182237112657 1.0217600000000000
3.0316691623184240 2.8241036400599100 8.6118530332397611 0.9975530000000000
8.6927924646641568 6.4411553843743450 7.5051807060813331 1.5434500000000000
2.3308013500290503 1.7743701309185529 1.5502814890346228 0.8886500000000001
1.4489180332476561 8.1599628112119511 0.0702341652770350 1.1317200000000001
2.3351234937537573 1.5646188892689132 2.5213486988499061 0.9815950000000000
4.3095590143832059 5.4475465247582786 2.3814197031276958 1.4346200000000000
0.4704964748507260 7.6248121465881660 3.2443392224666003 0.7520019999999999
6.1946829722802228 4.1943769897836924 3.1907721718584932 0.7975920000000000
3.1911930034368563 2.9808010462961514 2.4728744592146645 0.7771610000000000
0.4758160274996042 1.6781572876903590 0.2089535089081500 0.8680760000000000
1.3930940642766725 2.2940694301592539 6.0492760179361040 0.9474760000000000
7.0378856889598440 9.5164840325918423 4.8859728680549850 0.8369240000000000
6.2538318755946767 5.1938034353616214 1.4008507352487964 1.2999499999999999
7.9249696722849361 4.7612561150853443 5.4476110304624061 1.2748800000000000
0.8212738874949321 7.6696738923221366 1.6303138920414451 1.0677600000000000
9.9129502651569492 3.9308673980508542 3.5532743953636592 1.2859499999999999
1.5324430374782199 8.0839549700005691 4.3777905520272391 1.0109699999999999
7.3088193862911153 7.2272292856890248 5.2198947717580735 1.1658100000000000
9.3351123650199650 6.2561157893325152 3.6524307611758835 0.7280110000000000
6.9413736044114440 4.2477344248379252 9.3633730700920648 0.9657130000000000
7.5209558140958457 8.1651570168977692 8.7224724736751256 1.4551000000000001
0.2413366078767128 3.9951839799269009 7.8585524837289107 0.7699980000000000
3.7842415520566113 4.4434989857457161 2.7522884270047787 0.7735230000000000
3.5177592050813598 4.6794494549575694 1.0030093108902038 0.8753510000000000
4.6716706795858309 7.3875614850384874 5.4081662867523130 0.7912709999999999
1.0166195156110078 6.6758672505302368 0.5896746886889259 0.7874070000000000
5.5877043035412104 2.2274591411418387 0.6671570946272445 1.0230200000000000
8.7419500650407791 7.6697141689900494 2.4428995012267203 0.7422990000000000
3.9888496708671615 9.7122168010298751 0.0924609686605222 1.3026400000000000
9.1911528312784512 9.8612465802971681 2.5595519852259798 0.8774500000000000
4.0066672031888420 7.7591024112962996 6.9301058494706682 0.8929140000000000
0.2073328298384803 8.5970249280648332 3.3960412230979746 0.9790950000000000
5.4962031774639044 5.4076638059212492 2.8499390437408900 0.9971400000000000
2.4511692968411740 7.1400916881672609 1.3598026424676308 0.9136919999999999
8.3483716379210673 5.5044606334159454 8.5534483351020967 1.1705500000000000
1.7409016508028941 9.4369739430626876 9.7966226297646184 1.4517000000000000
5.8052227021547678 1.9385449021893473 7.6103954911002880 0.9446960000000000
7.9499717057818913 8.4573827601118694 7.5021565482343879 1.1011500000000001
0.3271036100674369 7.9966009303409713 9.6179347623470370 1.2094400000000001
8.6636240046338227 4.4233089447928524 9.4105494874828448 0.8899540000000000
3.3828098355220457 2.6571590587128950 6.7396128399427377 0.9270929999999999
9.5523910342404665 2.2622591714374209 9.1221230920933944 0.9752400000000000
0.6619063740994076 8.3405051298063846 5.3589455192307218 1.4253899999999999
3.6359586816895368 1.5407105687001104 2.1132474829339927 0.7619880000000000
5.3146307282902265 5.6967622902205912 1.7040881617651087 0.8363890000000000
8.6936280415593092 8.3613740810917605 1.8223724246751976 0.8846270000000001
1.8674509813090834 6.4450902580797766 3.4636412954911280 1.1205300000000000
6.1018891754856401 8.7591550448727080 0.1031312764570426 0.8360720000000000
4.3540426747517111 8.5571320697343563 9.6748188292893911 0.8309540000000000
8.6983359341062112 4.7322914148911259 6.3424890406644021 0.8973310000000000
5.9536775804896962 9.4267571755645871 7.4025884355240441 0.7653550000000000
7.8234296227798739 8.7266007482363062 2.4924531647559762 0.8225390000000000
1.9531394031631890 4.1746457940116830 8.5012501761681953 0.8709730000000000
2.2872129690209415 7.4088607266292952 0.4543047513042144 0.8430350000000000
3.4045435227038685 9.9811033116809291 2.3084978873210424 1.3244000000000000
8.5993900109449903 8.0107719192763280 0.5405143919701357 0.8879620000000000
2.5589127475836393 1.7112449686119540 7.2629971194913105 1.2246200000000000
0.5683453182779301 0.4200824570687788 7.5349317759019234 0.7252210000000000
8.7554942132310103 7.9550812744460373 8.9076033930674328 0.9861550000000000
1.4590270874565650 0.2463377851436098 2.3750021228476781 0.9531840000000000
1.6340484917501403 0.6238234666109834 5.1413679900638050 0.8866130000000000
4.5011471829371787 6.4263077241948627 3.9137675528737894 0.9527050000000000
0.6923733465781734 7.1760859991194348 4.8058480096497700 0.9225040000000000
1.7751871662196035 3.9688542308538004 0.1722603065874839 0.7597739999999999
0.0271070205646133 2.4714559830255012 0.0078398506162631 0.8994259999999999
1.9657162675831024 8.3995670244295582 9.1850487788199509 0.9016290000000000
3.4163164405515722 4.6921106492267333 6.0714213356548461 0.9085210000000000
0.8990817542526203 7.1587413062291079 6.4827856275173978 0.7307790000000000
6.0764669975492556 3.7309647181600920 2.2917685347254846 1.1177900000000001
9.6572413751118127 0.4819289703293807 7.4670014945313792 0.8791610000000000
5.6884101323376131 7.1521822665867951 6.3722510895035143 0.7573220000000001
1.4050759514239579 4.7730596185591114 5.8808464261972464 0.7766760000000000
6.5975661025875159 3.1561741897933979 1.5276102848682835 0.8263140000000000
4.2237288196227869 2.4983891057823486 7.2038279679317903 0.9038890000000001
3.5966552697414556 6.7920861290498937 3.9017596509197325 0.9078310000000001
2.4300607972041997 0.1900971770290168 9.1356359932683873 0.8755030000000000
9.6498577583680429 3.1197426393524408 8.6273652751213152 0.8518460000000000
1.4722712242929632 9.1229970372260532 6.1662465249615428 1.0381300000000000
5.9010809965878455 0.8770876900384541 6.7824652646657233 0.8039809999999999
3.6692935024083013 2.5518865044153554 4.6592102642426889 1.0912100000000000
9.3461613946141870 2.7049366891407933 3.1983961996944226 1.4119299999999999
4.5454929079997726 4.9992551321631717 6.5103305814112185 1.4152400000000001
5.8735105860105081 8.3169655333270978 7.1270311296047515 1.4304600000000001
1.1868472741463627 8.0738477644542446 6.5433875696708368 1.1181500000000000
5.0433898996450122 1.9154583480517264 6.7679922855595462 1.2034400000000001
9.8216070607369943 5.9354380008853784 5.7207251630148352 1.1126400000000001
9.3773301403629485 3.8106750640261073 6.3034978886077342 1.1497299999999999
7.5857217220710416 6.4084293806214658 1.3114954574062092 0.8524590000000000
4.9240479642577233 6.4303905645352382 9.1785156136258728 1.0805899999999999
3.6936938248913291 8.6762916386266529 0.4126136080848839 0.8659380000000000
4.3073819360801648 5.5009718229446767 7.5370280330650896 0.8252720000000000
9.4118581040229277 9.0792723681974756 1.7999096483935246 1.0473200000000000
4.6933071818592520 5.3583260970958486 3.4896204884283031 0.8096640000000001
9.7276173932798127 7.7842536318925983 2.9889937587048934 0.7862060000000000
5.3318240305290443 1.1717972385309987 0.2481944065509916 1.0095900000000000
0.4538594699132165 2.3272107986358104 5.7107178551643480 0.9013000000000000
5.7789530587720854 8.0844703803590203 2.7608870631972664 0.8154490000000000
