0.5973716207017130 3.3209128233081886 8.2143983835787839 0.8716990000000000
5.2247024713273342 1.0806894587545040 3.2159619999589282 1.0249800000000000
8.2511955940216932 3.1006132772571862 8.3727560108046575 0.8325650000000000
1.2775756227032193 5.6528306722163055 6.2480854023983499 1.0000000000000000
5.8579534823754633 9.2531953181797100 1.7933817495516597 1.0761799999999999
3.8957748207157930 0.2912984026531120 8.1340323085482691 1.0326299999999999
8.5835433545110842 3.2021099637086285 0.5701813125255764 0.7333850000000000
9.1764190240594754 0.6071198400441264 6.0739339408985922 0.7532870000000000
5.3836470008022319 9.8983482971337473 3.8629854549375056 1.5839300000000001
0.8822447190152870 1.5503864908979430 6.3695592402913608 0.8803510000000000
0.8078119474015839 6.2242401795667037 4.1841364931465099 1.2328399999999999
4.9507061135187138 7.2654067604268695 0.7557220946590056 0.9297310000000000
9.4521094341870651 8.1925526894848559 7.9858631284208048 1.1020600000000000
8.1769029809419322 6.8251288293269550 8.9243838201192069 1.4360100000000000
6.9366034845665139 6.0087952020464401 1.9259988545651530 0.9246000000000000
8.8928023767700317 1.3365930006119662 3.5766956473865541 1.3934599999999999
6.1919058662118518 8.0777778124994324 9.1626684560650222 1.2147900000000000
7.5003713307377895 8.0531404358210175 3.9768152170894289 0.7414600000000000
4.5863701556581251 8.7578914379912156 0.5743830831765793 0.8806400000000000
8.0289934280009643 7.9334440100027139 2.0851576067727531 0.7325990000000000
3.6519537093939114 3.4020619561121506 3.5317976555780830 1.5795999999999999
7.3439093373112891 1.2692197404829821 7.1254511400503766 1.3024000000000000
9.2738021943542037 6.9157215927025879 6.4364801001906127 0.7808060000000000
6.9535420455017505 7.7768657274742834 4.4472672996259410 0.7428280000000000
4.2408494452484575 6.6683615090062149 9.8097674023855923 0.7232210000000000
4.9515838200055802 3.1225634417515469 0.4702309404070398 1.0294500000000000
3.2294767146198651 3.9449585338609943 5.0349327626194658 1.5605100000000001
4.7111639635208826 8.3100619858631593 6.6662026013117472 0.9233570000000000
0.3159841932226451 2.2013546647731332 2.7423083265162949 0.8079190000000001
7.9948780751487147 4.2692308911657149 8.2309258849689950 1.4830900000000000
5.2907770327334029 8.0036720492374602 0.0188530972511349 1.1784300000000001
2.3105534714675482 8.1756286072129178 2.7939258268515208 1.3167000000000000
8.7813489374949416 1.5304182844196443 1.3537005415504682 1.5518200000000000
1.5812312697932558 1.6809973793605004 7.7799478999509573 0.9038720000000000
8.1256331263124277 2.0024218443544224 7.2307350917502164 0.7494750000000000
7.7970556628383720 9.2148687106999727 8.2317458086455453 0.8240830000000000
8.1875604828218851 9.3469561550558460 4.5532798106176608 1.1501600000000001
1.1897921273499676 0.4827038683301617 1.4505563325781421 1.0325000000000000
5.0077890711667425 0.4737224139807779 5.1313635628745962 1.1883699999999999
3.3093727694051824 4.5862719192250969 7.1998174566238395 1.3031100000000000
2.1982073792382755 0.7947856370340323 8.1000247560438332 1.2419000000000000
0.5311755521551372 4.6496328449438051 8.4591252298221455 0.8364150000000000
9.0878707560021912 5.2818146724670765 9.3943292916740706 0.9686080000000000
0.0831233925779302 9.3464713981602650 7.7388193828213581 1.4702700000000000
2.6915034494049324 6.8473684969849637 3.6754344336070628 0.7363520000000000
9.9895936709048829 5.7890081935439870 1.5184182390424961 0.9210240000000000
5.4767176688073365 8.0785091909086670 1.8509633911500003 1.0628000000000000
6.8997299927940396 3.6340057087823103 0.1588601561325991 0.7834010000000000
9.4366910611161305 3.4363335326105791 5.3259569876839512 0.7967270000000000
9.8797661769988228 5.9131356372660546 9.2923790226623737 0.9649090000000000
3.0323725678977507 9.3210012919699796 0.6207047440567385 0.8978220000000000
1.8998336408784815 1.4339002905823885 4.4788295156962281 1.2358800000000001
0.9466568576139195 6.7670309733698071 1.3667483904174140 0.7485540000000001
9.5597829892744723 7.6330008932729605 4.8399223860575553 1.2696600000000000
3.5177012092490152 6.2991493531129841 9.6966326076614653 0.8473619999999999
1.1942124051453171 5.6897334823600270 1.2798893747754758 1.3563400000000001
5.3045981304256156 9.8133685715272367 5.9332198857276399 0.7740260000000000
3.3660314108768388 5.1649128753323277 9.1614365187510582 1.2693300000000001
0.6544615686624436 6.6419601053158770 3.2344032079379152 0.7825130000000000
3.9524575276751870 3.4640057055581752 7.9099378217089376 1.5095499999999999
7.1630844876460289 5.2188445781628792 6.0151381246343982 0.7896450000000000
6.9837792882438521 4.3262819204769594 2.6922596796478233 0.9843780000000000
6.2468338325904877 5.8116026684100044 5.6837382191141348 0.9258729999999999
7.1144981761567037 0.9451887362173733 9.0966814638329776 0.7232970000000000
9.6265326976873915 8.4839792893987411 0.3205344724537786 0.8435110000000000
7.2147704760565956 3.0925453484767442 8.3771998189089150 1.1584600000000000
3.8838711035391618 4.9865332721806332 3.4602902521111263 0.8996970000000000
3.9766388437139573 7.3427877139467821 7.8036652439167424 0.8425270000000000
4.7051839909545281 1.4064271457603279 1.0168040206318254 0.9174840000000000
4.6235464996300095 8.6878550747689758 3.8201483552825470 1.1644600000000001
7.7199175072680140 4.8364124199617837 2.9550619596002390 0.8088959999999999
9.7639044224394667 1.6623384476756695 8.5013240294965620 0.7528510000000000
8.8576465790232781 2.8919401589209808 8.9394266815828427 0.7855410000000000
7.3885464502778948 6.4866388467809584 7.0919248665768038 1.1125000000000000
0.0719764041017712 0.7492934321845661 0.8434736419470472 1.4649399999999999
2.2445639586803052 1.3253286279246326 3.4303750265274191 0.8642580000000000
2.8866616454892307 5.7145708997839817 4.0480468110346814 1.5768700000000000
6.5347867123212975 4.4382486889553370 0.6563751383052647 0.8627400000000000
9.2329444165478272 6.1162295356913550 0.3717687731973343 1.4853400000000001
1.3122306569867499 9.8869869718377608 7.8438577114935910 1.1174599999999999
9.5915766773700657 9.0826385673682370 4.4847564290173549 1.5995900000000001
3.0702882432039473 8.8550778760488686 2.1703841132823696 0.9159700000000000
8.9489785640527835 0.4691263893540584 4.9484674478708541 1.4693099999999999
2.4963088020271145 0.4604517200632728 5.6005528796339101 0.8431120000000000
0.8819153989866564 7.0699601602903828 8.0562550629951417 0.9215560000000000
1.5962080763815762 4.3843589319698033 2.8772169096458606 0.9999960000000000
3.0578114349937233 2.7907990820053272 5.3480062229789525 0.7612930000000000
2.1187774217251567 2.4594350700245364 8.0812551071354051 0.9994410000000000
1.1002391763237560 9.8369537677836725 6.7677698631338101 0.8092210000000000
5.5287586677695222 7.6186310360835483 5.1665209546049304 1.0126700000000000
8.7382684083206321 9.2159625906063098 0.6793943218397217 1.4738500000000001
2.6114087777539785 3.6093607806673296 7.9224755246636844 1.0787000000000000
2.7127815615218664 4.7181472181501478 8.2555994328911062 1.0420100000000001
3.6471338917838061 5.0037826383376212 4.6590515675275190 0.7430530000000000
8.6699079249391904 7.1295213674348892 0.0409248596138275 0.8295570000000000
5.4011300227223744 5.5692787897858418 9.7044717711001809 1.1186499999999999
1.6232632878983080 1.0062194753675304 2.8520273087420613 0.8784620000000000
0.3008109209117235 5.3668926654009805 6.5160319345583311 0.9858310000000000
2.8542561683959935 2.3226779644437157 3.1216069682788348 1.1178699999999999
0.2663571433907612 2.4230123289452457 8.4138908246491049 1.0058400000000001
1.4502527756593757 2.2654901771419151 3.1988857287356054 1.5428599999999999
7.9470041417286703 3.3942248074072445 9.5049272368828213 1.4896300000000000
9.0622425416574863 2.3593398096719889 7.9355676516805280 1.4336300000000000
6.0651308953778464 3.6449720089972306 0.2228596537235004 0.8150690000000000
0.7325357687845380 6.2888241668430744 9.3978728638712692 0.8218720000000000
6.4038262590932185 9.0983686699053798 4.3366009965879453 0.8638140000000000
3.6466793469633525 1.7217111304445685 9.4217746156529376 1.2296400000000001
1.7340437287531094 0.1458394350632425 6.1200582331029070 1.0271200000000000
9.8071536358716962 0.5697773559239921 3.9804729024575392 1.0249500000000000
7.0908605511440470 7.8862852937230068 7.4921527257586682 0.9173420000000000
2.6716415896626309 2.2703057394584190 6.0282043781650128 1.0424700000000000
9.7785765586457902 9.6258973425209078 1.0873741485471748 0.8140840000000000
9.1009251466214902 0.1480467318532270 1.5636489569758663 1.0661300000000000
7.3535415757971121 0.6469374239592485 6.1161775303945873 0.9769600000000001
8.5215788791770350 1.9502419908148791 2.5716834210287884 0.9730700000000000
7.9193433892960510 1.1436874482701000 2.2543269359757905 0.9156090000000000
6.4363679408907482 8.5406486240707178 2.4668830456870339 0.7987020000000000
5.6265882352660999 6.8760465560872941 4.4425956939437636 0.9779220000000000
6.7598414250610217 6.1379469325378730 0.9912106760959506 0.9200390000000001
3.9321412285949062 9.2297798002044527 1.3272105964209702 1.2387200000000000
4.2723974421797273 5.6476556456067044 9.8109692058474742 1.0658500000000000
0.5493099625747343 9.9219453855980095 4.1685226056768494 0.9031470000000000
5.9101705590681899 2.0694168246032936 4.6540496315673909 1.3108100000000000
2.0613452463278770 4.9211350893729584 9.5641935351003866 1.3962399999999999
1.6543861016378500 5.4032651139873336 7.1370329706602762 0.7861230000000000
4.3802645618314315 6.6248508242652369 5.2616135352698032 0.7388749999999999
6.3311761717489432 4.1448451878959292 7.5656674551346299 0.7366580000000000
4.8563026403653122 6.3479013123854608 0.3670317652733754 0.9867700000000000
5.4681189624079085 2.6580654631077101 8.2178494510081084 0.8003870000000000
6.9952449240668937 7.2261813578248209 0.8427400413832451 1.2392500000000000
8.2229378673628339 6.9805169804294955 2.6479986984658064 0.7457120000000000
6.7325319687896963 0.6321145630385866 5.1065411723508154 1.3020200000000000
1.3287324969846266 2.6217565384060899 0.6272241809861741 0.8412800000000000
7.6369321083056247 7.8129112107981076 1.4199787599904734 0.7669780000000000
0.9156164998182468 6.2841357164679827 5.4043507754320634 1.1242399999999999
1.6010370585720817 1.8421973887776482 2.0298607524646952 0.7509610000000000
9.6568790751580380 9.6938766061986943 5.6895419276432122 1.0004700000000000
5.1534535780856201 6.7765130663173743 5.2930052339379214 0.7760560000000000
4.6871594695533467 5.1299143668183129 0.9133114338789167 1.4064300000000001
6.7783960084994224 7.4230738149905626 6.4178189384088205 1.3967400000000001
6.9206944704919309 7.0348480984120076 8.6936729751786253 0.9085420000000000
8.8725360518400862 0.4486928769348476 0.6034204476124606 0.9132050000000000
6.4523542105306246 2.7780049506792164 2.3248057797958950 0.7487770000000000
2.4147086073207662 1.1746390831553866 9.1605805739020827 0.9613540000000000
6.5980114892381669 2.9469926622715836 4.2458003264131037 0.9718430000000000
0.0738190587752613 1.8555083031699426 1.4375381853179396 0.9413440000000000
3.0563033214750539 3.9008118471100244 1.3190742881777664 1.0193800000000000
6.8265293144031745 9.0091405385832743 7.8366618048503858 1.2287600000000001
5.3565136423844173 9.9856225012600408 2.4822643091223191 1.0022100000000000
9.9155475989755573 6.8698372643633459 1.4868908744940408 1.1608900000000000
4.9471202025197965 9.3815752481865182 4.9138350377526931 0.7540790000000001
4.0140469405617027 3.1180003319946086 9.4614216042119779 1.5465199999999999
7.0325221327849503 0.5342127962657978 9.8066489313702032 0.8615140000000000
8.0696388605952478 0.1834706660678954 2.4444373638461521 0.7810080000000000
0.2454258030754197 9.9521469288986708 2.0689200773914886 1.3652200000000001
2.6672145928590969 5.6295232913740465 7.5671896399119714 1.1532100000000001
9.8041177961683061 0.7515870684618970 2.9227644922371812 1.0382100000000001
2.6683702360750310 2.6142613125194756 1.3650280240089532 0.8213780000000001
6.0117861401875192 7.1082881606305026 8.7795954572342350 0.8187489999999999
9.7977402075350835 5.4583700011476779 7.3638808727893332 0.8670660000000000
7.0853370810877463 8.7969059238166594 6.5525868209457050 1.3210400000000000
0.2901243235451231 2.8655878065677722 9.2682122799720954 0.8430839999999999
7.8149392459419884 7.0845800641734451 4.0827964438884274 1.2259100000000001
7.9218962250876723 4.5931595980064674 2.0713716225061112 0.9950790000000000
4.1006051954418945 3.8775285955134393 0.6122294636315131 1.1081799999999999
5.6199346457036254 2.6540699263698433 2.1387217106289476 0.9076530000000000
4.4625387948341428 6.1793909120601738 6.9751353313027131 0.8118840000000001
6.3036238895957855 2.6719640364371040 8.1878079078095318 0.8047850000000000
3.4255328698381691 7.8153732727575607 8.4130270092890918 0.9748280000000000
8.7303189041706286 3.5805871363942314 2.7436739269786021 0.7750570000000000
2.7952852693013464 9.3982630716705646 4.5985402862007945 1.2175199999999999
6.7189941320403301 4.0604415662957400 8.3512822090076213 0.9295210000000000
3.3474182029401098 6.1229603712075820 2.9908605852393135 0.7684740000000000
4.3103968082361090 0.6944306719081955 3.8082107301449555 0.9870989999999999
7.2572681442346658 0.4000794278882549 8.1819494284951784 1.3328300000000000
4.0367317340711741 8.3680519033211169 8.8632094564144346 0.8071710000000000
7.7048160193631237 7.9422991079408725 6.7550748919114048 0.7450190000000000
4.3105708169868713 1.0592812573867627 7.4575350727950127 0.8951910000000000
6.1320111562506794 0.7498732888373013 0.6900531407185222 0.9376880000000000
0.4911831481210782 2.4008962585329043 0.8090552634683758 0.7762930000000000
3.4205756570598718 0.6180996289821272 4.2538933603555558 0.9313500000000000
0.1757535117604447 8.0694511481417361 6.3571311213338095 0.7755210000000000
2.3632568411684032 8.3501800179136438 7.2110017378000997 1.5625199999999999
8.0463028862628008 5.4124594987444858 3.4211671114886015 0.7471600000000000
3.8882843194863819 7.2558948581533285 4.8572454266819678 0.9770030000000000
5.1089927577402365 4.2325651117054024 9.7632787866441930 1.5124899999999999
0.1301118501453465 4.3698415807682451 0.0088990123348012 0.7835110000000000
0.1254401839793678 7.1520880513697316 5.8888602906311256 1.1979100000000000
1.9069497723404982 5.1278456547937941 2.1205678208032710 1.0214000000000001
9.2420830893136383 5.9037460729862774 4.8287571721885065 0.9129620000000001
4.9706485347339591 3.5147196852620990 3.9932128956578734 0.7525470000000000
8.9867436991962162 4.9282831915148995 1.3720793787069616 1.5371800000000000
3.2897504938038398 5.3437165457099400 2.9567302124049406 0.7345699999999999
0.8081949142187844 9.5575881264257383 0.8431787399116886 1.2178500000000001
8.7164148241564501 8.3361803916526789 5.3088082490602888 0.9991360000000000
7.8011421237817729 9.4895398946597389 3.1610107602338418 1.2040800000000000
9.5555958961787670 1.6731518705265378 2.4357717574751279 1.0208100000000000
8.6901104484692304 2.8869836026298978 2.0439007931568378 1.1180000000000001
6.3634021292883300 1.6342306404117810 1.2649476327942391 1.1380500000000000
4.4427912616436496 0.4712410392398912 2.7758764594436607 1.0583000000000000
7.7884362426756901 0.3466146452898031 1.3475086989139540 1.4183699999999999
9.6345149236267922 2.3230516492480731 6.9335931238763537 0.7845880000000000
3.5603107120664057 7.9806638833005676 9.5156745918857393 0.9085140000000000
8.4181026597408977 6.4931866245332150 3.3896078839267729 0.8734600000000000
5.3935602652990378 1.7868231570277782 9.5975895672725215 0.7240070000000000
7.9026563148732691 2.3312963764208861 6.4959847991541411 0.8407680000000000
6.6918939427625777 6.2057554517723927 4.6148353108546667 1.4217900000000001
9.5285259246806575 9.0951761025955022 9.2127950739395530 1.5953900000000001
7.0191755678635337 4.0096410090683294 4.7076450673912831 1.3982699999999999
2.2705103431432927 8.6125023221961712 1.7247459293248579 0.9044280000000000
6.1020524266501566 5.9942289991008746 8.7265438273588529 1.3324300000000000
8.9268687519619530 1.2388829323368102 9.1083459571933467 1.2855200000000000
6.2978925899947260 6.9415014158174744 7.6878387662179613 1.3728100000000001
9.7821491299229066 6.0845608777757221 4.1529626015289063 0.7286960000000000
5.2982711950903303 1.0690642567941882 7.3509096637621774 0.7862530000000000
2.2088261418718376 2.1700834665608340 0.6409056653434150 0.9976050000000000
3.3896825473164642 9.7973412314647472 9.0830985610892547 0.8516590000000001
0.8475845365918926 2.7601808017298621 1.8509902444798656 1.4499200000000001
2.5255059782795604 7.2321128399977006 9.2163942856775467 1.6008500000000001
3.9201936063311877 8.1944260278930923 5.7778398119892556 1.3485900000000000
3.8395115128839965 0.1223769997062234 6.9675886247016470 1.2342800000000000
3.3126494551312007 7.3872315064699094 7.3032334424935552 0.7579200000000000
6.7361097730297006 2.6461080057219810 5.1176999418869382 0.8206770000000000
2.8969407328631718 9.3474910332978993 1.4723385305226568 0.7583750000000000
2.6560972903034030 0.1495260271988198 3.6112166403313934 1.1801500000000000
2.6446795815891511 3.9916275034484401 6.3040603804703279 1.1268000000000000
0.3274957961770135 6.2259945738868465 0.8149552764619276 0.7945320000000000
1.1592748337034298 1.6927306129658892 5.2809886897539053 0.8812810000000000
5.1272435108594419 3.4097049379027067 2.0127387012295603 0.8425910000000000
5.3243415269922680 6.7370200744750743 8.3035452788227673 0.8685960000000000
6.0936333591718084 0.4545121555576543 9.7733264286865076 0.8937659999999999
1.8448624980057053 5.3620845124567982 3.1453039220976433 1.0028300000000001
0.9900480163321682 1.9132389261061515 4.2614709536399653 0.7838100000000000
8.6927795646556820 5.1707581835097951 4.7370800989170831 0.8558789999999999
4.2027112895522398 7.8292164052943729 0.3480260815038349 1.0314399999999999
2.6432924694587556 6.8561839343428321 2.5979066997964937 1.3262100000000001
4.5048244033908889 9.7501062493308819 2.0928113073165808 0.8532680000000000
4.2415600962673263 5.5342423608138418 4.2574584894423735 0.9429560000000000
1.0433248614455668 5.8816875388749636 3.1425523354901443 0.8267760000000000
1.1069714898944747 8.6280129437156940 9.2508207896326091 0.7928720000000000
4.0773905181098096 4.9241976604999076 5.4036225201144186 0.9168760000000000
7.4989758718484270 4.3776108573624342 0.2785449673096758 1.0651200000000001
7.5981479809061190 3.3167763688059866 0.8765608251365702 1.2352900000000000
0.9344438190246791 8.9592805904930124 4.1042868206664105 1.0939500000000000
7.7713827531580524 9.5735025897692836 7.3406481217519826 1.0219800000000001
0.0743129162259005 2.9731773724241828 7.4554328851688760 1.0215500000000000
5.6875841016959159 9.5940757738930458 0.0336248139636135 0.8664740000000000
4.2194440045754238 9.6156020173301364 5.7530204982709829 1.3502200000000000
2.2530614532784483 0.9511686868889375 0.7418106969475815 1.2389800000000000
5.9800313384948218 6.8049385342101312 9.9419490466110449 1.4821400000000000
4.8107924983260713 6.1037604608023024 4.7636808979790493 0.8683530000000000
7.1346300983176132 0.5292395629602792 2.7454600758853061 1.2081200000000001
5.6376166095256046 6.1938640500070408 5.0346884485928483 0.7587880000000000
9.0410565983511546 6.1516965323927701 6.1980490576428302 0.7605950000000000
4.2724837466822319 9.4863101467567859 7.7599234837220550 0.8201520000000000
4.4147295251580534 9.5208709214711504 3.1127755776869903 0.8805440000000000
7.5594988485072543 6.6391817392806098 3.1139178829551462 0.8820260000000000
7.4564390253366737 8.4474790484522444 0.2405122185392823 1.5203599999999999
5.2142383019956160 2.8507507420182954 5.0060510060055696 0.7567580000000000
3.5803332363530611 7.1591949872247671 9.9568994943995293 0.8803000000000000
2.3102319701101570 3.8304254214585756 9.5766500279788325 0.7536640000000000
3.3998098401097692 1.1370488598067088 3.0971671601775985 1.3914000000000000
4.1534494468066319 7.4307785823774992 1.2595225704342046 0.8307740000000000
1.7540361782938725 7.6202486867036869 8.1390934003453967 0.9055270000000000
6.0291524210031309 0.5207409712012354 2.9081098422466654 0.8413850000000000
5.9943428101006955 3.0442184876799221 0.8447224656385224 0.7941690000000000
3.3639807035480804 1.0057163634530146 7.6128932206749793 0.9502950000000000
0.0495907101023241 0.5653781104173130 5.3355535738770907 0.7807940000000000
1.7486392072419712 1.5977878744103673 8.6642605175765350 0.8286559999999999
1.9661649469646107 2.1995708809475683 5.3394622505239200 0.8547490000000000
0.0502459627312542 5.8752234463064541 3.2643369780556073 1.0944600000000000
2.6097987772215596 3.2824209313379717 1.8986986015644232 0.8208630000000000
3.3965852162046635 0.4069508109155974 6.0777571797459329 0.7517730000000000
7.5172300174946507 2.8791761911202363 4.8139505230061461 0.7780220000000000
2.3274154118701356 9.1767669068533415 8.8080200907901087 0.8500910000000000
1.2717376093412669 5.8505626015199379 0.0942847413931045 0.9314200000000000
4.8722669645023835 6.1254952739627893 3.1737842988696081 0.8022440000000000
9.4900277184237147 8.5606361316042285 6.7841103167857000 1.0408599999999999
6.8538768103075212 9.7052870248878182 5.8259882534929730 0.9542400000000000
8.8349545578380564 0.7417425809448113 2.4451281422801832 1.0389900000000001
2.0517284420899924 2.9672824812752276 6.9194681139726599 1.4373300000000000
0.0671493896858952 8.9269074374223507 2.5200388078446503 0.8150860000000000
9.8947800634557623 5.1845508276503907 9.9006302928361531 0.8589660000000000
5.7371365814685564 4.9657829504465756 0.4855806102569947 0.7951850000000000
8.4500021404786203 7.6697007814154956 8.0641558151902810 0.9366520000000000
2.4952125373314216 5.9959628673947591 1.5361030966621625 1.2593300000000001
5.8690989239419906 1.3201511593644761 5.7347870969736272 1.1355800000000000
3.6137494013193128 5.6646734270968997 1.3128795088737450 1.0235700000000001
2.2289542604235146 4.7594490026176866 0.9808901046492259 1.3629899999999999
4.3029289192297409 8.8617886548775768 4.9824658541139684 0.7280900000000000
1.0791584027983157 3.2342923939904047 6.1799258578374454 0.9664270000000000
2.2592230361483367 9.4346263430407031 7.9175751417037246 0.8621430000000000
5.6073794241753685 3.0583943620407505 4.3563556780517576 0.7558630000000000
6.3446060503261847 7.9175096609413664 0.2912251916538200 0.8470230000000000
8.2874338845155755 4.4824752203071432 4.4649500198482599 0.7655670000000000
1.7879101618071775 0.6493148818804545 3.5937676788212838 0.7337040000000000
1.9688706517207508 0.9996806092818864 1.8146870026575286 0.8964390000000000
4.8298632743009824 3.9937342286679907 7.1649219671379951 0.8935040000000000
9.3795392817379213 4.1329495466577804 4.6308189022609891 0.9287730000000000
0.9051624506055892 5.1916102139545988 2.4968384134937498 1.0086500000000000
9.2571953988716942 8.2571360304426360 1.0413312801684462 0.7301900000000000
9.6377603435256809 2.7343408617433687 6.1443877204011619 0.9262000000000000
0.8344050694100900 4.9500713468309003 3.6507990920950695 1.2511600000000000
0.5954178494227202 8.1581903664010902 2.5607890254587069 0.9796530000000000
4.3677619333406863 7.5569643259813786 3.9500260239689879 1.0783799999999999
1.1843032685137949 8.9827177658350212 7.1728940224982756 1.0105100000000000
2.1442278274798232 2.6017071726003018 2.2216842444331761 0.8129720000000000
2.9980142631467337 2.6765078519241525 7.6427661544782470 0.9183240000000000
4.6142577427827742 2.0384219285502927 0.1223585248391784 1.1450600000000000
3.5786846997331190 5.5545602291074543 5.7964315065545264 0.7612240000000000
2.0278182606195219 9.0526882401652653 3.6933188631141647 1.1588000000000001
9.6196888814497754 0.8705042352906942 1.9332522687519715 0.7726690000000001
8.3250843751758286 0.5852259964744285 6.0677725843632446 0.8291860000000000
8.2043829700524658 1.3302214177690959 8.0688824519664220 1.1544300000000001
3.9647912408437014 3.6839101461313817 6.3816388091300214 1.3558900000000000
6.1253036337054771 4.0328461088320156 5.5621518020064746 0.9763240000000000
6.5313908425908123 8.3888161466158451 5.2984557806461687 1.4290200000000000
2.1565547742318225 9.2058421482960870 0.9816002838224341 0.9365320000000000
8.8243091843995991 7.7523039065237143 7.0980683365056629 1.0606300000000000
7.4485350291785215 2.2791086002355532 1.8783590402459494 1.5522800000000001
2.6518614611595908 0.5384175348956377 6.7722266689183268 1.2124800000000000
3.9047243360690529 6.8162617285952640 7.1635113792228795 0.7507640000000000
7.8497910055482336 9.7274521708614525 6.2744069993508944 1.0545899999999999
8.9378003939579695 1.2567554953256832 6.9594680883211142 1.4060100000000000
3.8753174520732552 2.3831959205708939 2.6060001053698065 1.0838399999999999
3.6788769863114608 8.2897872552494860 4.5103597227271015 1.1350499999999999
1.1489268668335730 7.2631146561541806 5.6146863702706362 0.8494370000000000
2.9572816629201975 1.0039608899411792 1.8863808442410641 1.0087400000000000
8.6118971652674716 4.0203420498987699 2.0253398565666578 0.7299850000000000
6.2386285168025308 0.5026253826365604 1.8182291896889042 1.2708200000000001
4.0654059933596596 9.0260567097325133 2.4002204023788476 0.8762000000000000
0.2213096063540601 0.5002369729182153 6.4513651846551676 1.3922099999999999
3.6573411091386965 1.4184873439470231 6.4968475433304098 1.4053800000000001
8.0971279793483166 9.2518432264663986 9.1975268902986347 1.1185300000000000
6.1547708325353545 1.6908439295635571 6.6893726376797229 0.9025180000000000
1.0661388083507317 9.1918624112639140 2.8740798522527551 1.2844000000000000
9.6922550697842293 7.9286470351040617 8.8849476072781162 0.7547300000000000
5.4109206565535466 7.8136472998879540 4.0829492809004035 0.9962180000000000
5.6551856006543728 2.8251900694578342 7.3698142676603009 0.8108800000000000
2.9913846988895934 2.4970602401915714 9.7253402658378878 0.8069220000000000
6.0835280995035941 9.9441982718670925 8.1378158864590979 0.9960639999999999
9.5285368189011503 9.9203018982122320 0.2365760844089173 0.7321210000000000
3.3326232139205851 0.2381071884531304 5.1821209770968029 1.0034700000000001
6.9021463853744800 3.6319530027380367 3.4930210460176565 1.0566700000000000
3.0789334374345181 4.2229699100446840 0.1003095903754561 1.1856599999999999
9.4491415808880568 3.1528140573912631 4.3961650499952141 1.0133500000000000
3.6155184559432736 5.6955516686768490 5.0203901472135959 0.7550410000000000
0.2771747524887136 3.2171447588699240 5.5942445459190093 0.9422710000000000
7.7127408579443522 9.8417097771844961 0.1036157352595095 1.0861799999999999
2.2693017191792246 4.1706647081939856 2.1198488231986716 0.9049509999999999
5.2981574591086842 4.7979960907147596 3.9974144727340688 0.7669170000000000
4.9700371017902913 2.1248155130615189 2.7923093561245049 1.1078399999999999
6.2379877135596118 8.2464422522236411 4.1832415179470770 0.8045470000000000
9.1070430102462758 4.6988160054147494 8.6053483644945601 0.9149790000000000
8.1040025970664313 3.1814915369156105 7.2293246103194377 1.3474500000000000
6.5576030282829496 1.7084771727706745 9.8679758896946268 1.5761900000000000
8.6922746114716993 4.0921114960868739 6.9343994447432671 0.7654710000000000
2.9238948815639527 9.5516072934647500 9.7691935326880532 0.8096650000000000
8.6097165929815489 7.2289469635148071 1.4411441468769104 1.4145700000000001
3.2322329547755650 7.6177474639499927 0.8471527773528745 1.1041300000000001
0.2932420386772562 6.7580046689202788 0.0704597901653913 0.9656500000000000
7.7762454867329049 0.0844500864451708 5.2779704800832477 0.9850380000000000
8.4628322614506786 4.9313588906356918 3.8524664061283360 0.7306700000000000
7.2690076950155582 1.8132965574175965 4.5692494966368109 1.3524499999999999
3.3186059958150800 9.0247676118693736 8.2095676648127647 1.3913599999999999
1.7660265004393270 7.9444901283971578 5.4006074713291854 0.7915660000000000
0.4390256164269044 2.0177216498908428 9.3763965183541895 0.8231240000000000
5.2038609405119880 8.6651947183020770 5.6891712872947782 1.2811800000000000
6.3636162556345681 7.3353309327266496 4.7960575714430851 0.8232790000000000
3.6013272710194761 1.9431044172866463 7.5784463984346768 0.9081480000000000
1.9831947042501079 9.6380309192489708 7.0114979200842731 0.9921270000000000
8.3858477447442930 8.6047171614545928 6.3820735068336472 1.2155100000000001
2.6736077999604113 8.4064022550448065 0.1005201045974680 1.2384800000000000
8.3927424822617027 2.6613318747446226 1.1187968722144579 0.7899330000000000
9.5229171152378882 1.1694482350414972 5.6518287495108792 0.7333610000000000
9.8772411555000570 5.0941265910431568 8.8345977424574169 0.7950360000000000
0.1506266182536672 4.9280781064469581 1.8961344032849636 0.9125030000000000
7.0588360907989109 9.3728258989198956 2.1110780159554903 1.2778400000000001
1.2749454238775888 7.7949836475120486 8.9519095429780560 0.9354350000000000
0.5651271928090810 8.7728168270632096 1.6961346704084872 1.0585500000000001
3.1188117077202446 3.0920488554619325 0.5370929150871595 1.1429600000000000
9.1170698642059875 6.1773705617977566 8.8966180925660847 0.7575490000000000
3.4380183126659971 8.0679408102593442 2.5590959938117797 0.9069710000000000
6.7390079396575731 3.1906965677679433 9.4406567797334553 0.8680950000000000
2.7072675166776223 8.2158748880434516 5.1806789925416634 1.1361800000000000
8.5580687339954196 8.1314498656338827 4.2214484173045195 1.1472400000000000
9.6722722347730858 1.8385892456532975 0.5391998852659354 0.8403340000000000
2.3109210383707630 0.0656974989178382 1.6346062727616171 1.0459300000000000
4.7585948614043687 2.4482733334581148 3.9910557386531846 1.3029100000000000
5.5720815805857811 0.2568628641219061 7.3721153965329504 0.8596360000000000
8.9254786231236292 6.7416380789816959 4.3244408397564627 1.0549599999999999
5.7371116917036131 7.8280116264599506 0.9409827774612348 0.8188420000000000
0.6234010926648202 5.1665403146873672 5.5579102888142726 0.9913550000000000
5.4669500273813121 7.2431341959468245 2.5573784327608240 0.9494510000000000
3.5116827092753602 8.1223209786030921 7.5521257596254792 0.7817690000000000
0.4105260003180543 2.7116631575628154 3.9400214137692755 1.0569299999999999
0.8107515763578841 1.5682555663176141 8.6402886188392305 0.9759100000000001
9.6167489418088294 0.5828825738239969 9.7190995966359157 0.8887880000000000
4.3375276046328981 4.6065667246837592 7.6306407051393874 0.8211150000000000
7.3495902661342098 3.2443870461308362 5.9432904420100314 1.4668200000000000
8.1408821572312924 2.1946953880678306 8.8862844544364634 1.1306200000000000
8.7248347696935316 7.3706317934988483 3.4856083123050654 0.9123960000000000
1.5345156172744530 8.7696599070664387 8.2707741260042624 1.1458699999999999
1.1384966966249979 4.1946941031154550 8.1087271841141995 0.7665890000000000
6.3756588833738759 2.8813554660175700 0.1457040727336439 0.7665430000000000
7.9987749944228836 1.0795788677248055 0.1219267443019898 1.3555900000000001
0.6261832007058409 9.0029722187584440 9.8540209917147426 0.8443390000000000
3.0633261107615541 0.1611593932617049 7.6865539826980118 0.7764880000000000
0.2919916852139843 1.3421535010290053 5.4980791682710972 0.8073810000000000
7.1210421729712809 1.1104760519826309 1.8900671836166580 0.7719570000000000
9.6920325824175677 4.6821716429915154 7.8867511796702070 0.8546870000000000
5.5217857677018705 1.1695005927214341 1.1385236245134609 0.7239390000000000
7.6223263362060063 4.4628829821767431 6.7792975964523539 1.4220400000000000
7.0856657446452989 3.3489379498872789 2.5153599583652029 0.9307780000000000
2.0508303712358749 3.2359890980389903 5.5919505786645249 1.1655100000000000
4.0039948372815974 1.6510169323296024 4.1914897638511723 0.8330570000000000
4.9967293635231638 7.8729677413652066 3.1590514818795250 0.9521130000000000
7.2355390714945163 2.4981631717482773 9.2235931400659545 0.7622170000000000
2.0397288179036264 9.8450322412301983 5.1968639312732510 0.8208360000000000
1.2801762044626259 3.4155734406388691 2.7093931232061124 0.7855760000000001
4.1569244911114840 0.9629793167864198 4.7044108792894095 0.8337900000000000
2.0507508057925885 4.3350080778239670 5.4606314269885372 0.9615710000000000
5.1782380025801880 0.9830067701609919 2.1410080099915669 1.0512200000000000
5.6560248650216218 5.8592406613806247 0.6927067939554921 0.9205620000000000
2.4960979015294198 0.4820618872826113 4.6611139171455402 0.9459870000000000
9.1275766899900415 6.7405887807575713 5.4925916345968604 1.0124400000000000
1.3366118614897360 7.2412643916734467 2.6481819627469467 1.2930699999999999
5.5221324496256177 5.8235470127705913 3.9664187169940699 1.2520100000000001
9.5442614440713598 2.1268939445800847 4.3039991271864695 0.9732960000000001
1.9877858222086613 6.2277746640086011 5.9048882806931129 0.8443510000000000
8.4396745614297313 5.8906706840939185 9.5278008913961418 0.7602230000000000
5.6790442242887504 8.8964480735578739 8.3549587135427643 1.2015499999999999
5.0825095858305591 0.6635222813619168 8.4030445694024536 1.4133000000000000
4.3544772218896863 8.1354504533848502 1.9649523948266649 1.1082500000000000
1.9984565219697314 6.4595282267790655 0.0067779035691471 0.7527630000000000
9.0422029248023357 2.6948934288560298 5.1509515892528288 0.8472810000000000
2.2712759686365160 9.4377868554031483 2.5845781400406951 1.1440900000000001
2.4783253266381791 8.1297055022283260 4.1110350534521665 0.9723380000000000
3.9051233504950726 7.0081904547514986 8.9745089641238600 1.1259600000000001
5.6046808215733535 1.0718781217067546 9.3739750819875578 0.7533390000000000
9.4294834509865062 5.4908136523787636 8.1970563309973397 0.8825620000000000
3.1538124105329608 1.5015553976181459 5.0983177108672191 1.4547800000000000
7.7047072885736627 3.3229746933785154 4.0227622199129023 0.8849690000000000
8.3371558337291667 5.1523107474435923 0.1936165690659973 1.0669500000000001
5.2670870436348185 6.1840518915577425 6.2038772910881921 1.3236699999999999
1.5852919850057581 4.0601856524532352 6.3262216971767176 0.9145200000000000
8.2191369641952470 8.2214224887192859 1.1002568384179690 0.7314060000000000
2.2913629174351460 4.5817344662212118 4.5229164955012298 0.8274760000000000
0.6043636469187177 8.5059860404877874 0.6030974882806300 0.8829050000000001
9.2270657250665113 7.2914497579028543 8.3449714241116251 0.8076730000000000
3.8879331339387222 3.0671222988665341 5.4944999249074158 0.7262900000000000
4.6661327952176412 7.3506267105435645 8.3631782895434998 0.8626220000000000
3.4441190891708469 6.7213248755897252 1.3543624415198801 0.8884069999999999
1.7608310809514662 0.0117521535956054 0.8437027829155475 0.8076330000000000
5.5077887916745478 8.9026824717778315 9.4435763182962127 0.9144870000000000
9.4726524955394886 7.0392570995890171 9.3409412889078745 1.2125900000000001
8.0407282590371949 1.5036906777848078 6.2535776305318098 0.8376510000000000
6.9887353253492304 4.7869726719787149 7.7027420471251755 0.8174900000000000
0.4778786255836620 3.0749384429873681 2.9816370645608541 0.9122670000000001
6.2102810891481344 0.9672631834748814 7.7410190847914029 1.1062900000000000
8.0952798697202670 0.7492086727872290 3.0183868979180049 0.7569090000000001
4.0349836973734448 9.6762419228391785 4.4142368214806496 1.2491800000000000
3.7672061896443316 0.0858679432723277 3.3554583697397602 0.8059320000000000
5.2547875676296378 4.8967072205275866 1.9436952869268163 0.8957650000000000
6.8137019170706470 2.5720309896471658 7.1627156138741626 1.3984500000000000
6.6376009782022329 3.7228054336939715 6.8198970241120582 0.8909520000000000
0.4041876817143530 1.9208047261772561 4.8648310797382965 0.8327570000000000
3.1212954984372892 0.6640000900397812 9.8663103579665368 1.1949200000000000
1.2775052271629643 8.1579063357213979 3.3827576659341361 0.9661090000000000
0.6874437044270657 1.2797246407589979 2.2715320995334913 1.3028299999999999
6.8751389459951291 8.6724992018519149 3.4487504899416304 1.2314400000000001
9.1893578990781766 7.7842542319846038 6.0584981036762233 0.9875690000000000
4.6946653479157918 5.1960826738109658 8.6239178916228614 1.4641400000000000
1.3001778122155476 2.5486666089952452 8.8504836833060541 1.1636100000000000
4.7472216258016227 0.3414004624967897 7.3873129511042945 0.7242280000000000
4.8896319713945235 7.3210424817677016 1.8391810538631344 0.7796360000000000
1.9968266008597557 3.4082274358274449 1.0059029957289629 1.2714799999999999
3.3313903413687433 7.3675102414562001 1.9045587503517474 0.7538970000000000
7.7015036592356347 2.0695649464537400 9.7431765228009386 0.7327850000000000
6.5548614791363899 9.9616073232307905 4.2617311318142503 0.7962880000000000
7.8883843604601189 3.9713286027976529 2.8358257332913746 0.8999740000000001
7.5053657824640352 7.1953335955593509 8.0779868785081614 0.7525800000000000
8.4199564431937937 7.3700429862813230 5.0340983824862517 1.0099100000000001
5.6186684640117264 1.8710141769718787 3.6000524008203683 0.8251930000000000
8.7191275421426813 3.6302819198821807 1.2849692278711122 0.8867570000000000
1.7159121315440036 6.7407363286117228 1.7293150359999134 0.8454970000000001
0.2910127959523516 1.5406735686573041 7.4953884798137933 1.4419100000000000
0.0595957595880313 0.5750942125007766 8.6034602760426271 1.4182600000000001
2.0884257458012523 7.4192790830897160 3.6117981962333645 0.8558630000000000
0.5131434460806396 4.2730668333970829 6.3268028020392091 1.1866200000000000
0.2552935668522619 1.5909364192768067 3.6018360677039118 1.2046300000000001
6.0228674085072624 9.2950057866218625 6.2705746014291455 0.9970550000000000
0.5490735199049357 7.1143938052351174 8.9874437884350638 0.9672980000000000
1.9435922329415223 6.5187410990048198 8.0554537581968066 1.2417499999999999
4.3941668436967127 4.0950544053934266 8.7824984705515377 0.7261930000000000
2.0884902812556976 7.2896426345836982 6.2108284212639582 1.2888800000000000
7.2463136611550212 8.7730005233684771 4.4495481016833995 0.8288410000000000
1.6301661874493534 5.5694795020052776 4.0387857107195888 0.8070450000000000
2.6598463677691866 1.7086103616821202 9.9110391214078799 0.8701380000000000
4.6948136874705346 2.1010764337556012 9.0178410581989183 0.9519740000000000
4.2841399271053948 0.8911033130604671 0.2272872151956130 1.0559000000000001
5.0111437868419415 7.6582455451308631 6.0960385995394377 0.8249850000000000
9.8420748776503100 4.0408397035369941 8.6801031674312110 0.9809510000000000
1.5331796604008439 1.6768500392605039 9.7698339915128702 1.3129900000000001
9.2197562762622045 8.0454925503304828 9.7535294049608421 0.7226290000000000
9.1993427470078029 3.0220735147297195 6.9537878677976943 0.7809020000000000
9.2846354190754568 5.4051865349333532 6.4969412318742492 0.8525130000000000
4.0707442968966703 5.9749534182308706 6.2992055696602893 0.7244370000000000
0.9207828683936455 2.6259241009538377 9.8388957374816659 0.8536940000000000
8.7218312256497139 2.3589013935337002 6.8427770689975693 0.7647119999999999
9.8996984737809424 2.5983274029517953 5.0291057263266010 0.8215720000000000
1.3545211553777095 0.6060991111027549 9.0351663232240931 1.2063699999999999
3.9592532483680531 5.8639963521503935 3.4593329729840820 0.7903150000000000
0.4808804067190273 8.3386634028495923 8.5196247983924351 1.0923400000000001
5.1465230418276384 6.3361079406428740 2.3574974041166925 0.9016590000000000
0.5879413322684141 6.2649683589365353 2.2927231404541875 1.1677100000000000
6.1153393784460244 9.3488476633043547 2.8561736964649764 1.0315200000000000
3.4298250492921420 8.1238180893223753 1.7034004383675385 0.7386170000000000
4.7482111599930157 2.8582610912076478 8.5429033156731844 0.7610360000000000
6.7546795620639282 5.6386604718556956 3.1619687374976455 1.5788700000000000
3.6248626840851497 2.3998302286287272 5.8706258427723901 0.8305760000000000
2.5594786149384681 5.7105559114429258 2.6173175045376711 0.8317610000000000
3.6504478344194475 2.9796749799524251 1.6026562994217577 1.1553599999999999
1.0036424356376417 0.9469636807038294 5.7339026228841758 0.8187120000000000
5.1004801133916065 8.8801550058462588 2.6031595165462411 1.1707700000000001
6.2785904434944504 4.3466572451770462 9.8671357546971041 0.7416820000000000
1.7900342031903016 8.9022569787670758 5.0194706831961442 1.0837300000000001
2.0139918838503443 6.8907403377414234 4.7826430111081422 1.5646300000000000
6.5656438813219298 2.1319322588025891 3.7143309256724635 0.8619010000000000
9.0221909765325616 5.7058222396903266 3.0933679303779131 0.7569770000000000
7.7279400631099602 5.5537003065591168 7.6178237979929424 1.0108500000000000
8.7229445413026401 5.0507913495426404 7.3328449744745274 1.1994700000000000
8.8953202824810464 9.9770956930158849 3.5542679272784290 1.2195800000000001
9.2103986919677130 3.7214221953535684 7.7540909874154211 1.2217400000000000
4.9675031527548086 7.1757282119991741 7.2684402040297558 1.3455600000000001
0.3108656914723017 4.4679915581942486 4.5396492767056875 0.9240170000000000
7.8618774569679548 7.3672630531191103 7.3388456935766762 0.8584580000000001
1.8026911727779298 3.3749010067115663 2.0474106192327559 0.7659430000000000
2.6780365926654843 4.5831141944181146 3.1795855438986491 1.1897000000000000
5.3394702736761657 5.0340842337342826 5.1820943892027564 1.5537300000000001
8.9632059390908800 8.6556960293592962 2.9862589405672892 1.5470100000000000
6.7932229827101898 9.7729811090169623 3.4454943379642144 0.8771600000000001
5.7119023594990042 1.7975029384432415 8.6826454977034313 1.1372800000000001
1.9409645368344353 9.8908887135270120 8.5936914656655841 0.7634870000000000
5.7194054776184391 3.6717015813992724 7.0509112074078839 0.9303430000000000
6.7230094234582669 0.0638385939956079 6.9508541965842134 1.3245000000000000
2.1490816200986109 5.8088278566362881 0.5096672253650365 0.8526510000000000
1.0507466891861328 3.9200796909871585 5.2996657155151263 1.1427000000000000
3.2178762222276913 6.6076119549154431 4.8485845242326810 0.8149490000000000
4.3179030778970606 2.6348156525161386 6.2799119694305530 0.7803870000000001
6.0913580063126993 6.8113517733014302 5.5581223554635688 1.0226900000000001
4.8702422653276098 0.7116079103291060 6.3953751897243007 1.2981400000000001
3.5072963608705328 5.4976996498000252 6.6125295732168956 0.8157010000000000
8.3729657019079191 9.3480577935001854 1.9566676991542020 1.0919300000000001
8.6927807070545082 0.1384089482019839 9.6204382621180127 1.0899500000000000
4.0966026785985230 4.2195498752056766 1.8011323978326437 1.2647299999999999
0.7809803718525238 5.2471941808198137 9.3106544322548341 1.1894800000000001
1.2286805142800166 0.5619695412941436 0.2308777941456416 1.0761799999999999
4.5001161754366761 6.4348505100506550 1.4562591179511306 1.2203299999999999
6.9971044670557019 1.7810779043303802 8.3866115418404341 1.3971400000000000
5.8483986726971233 3.9779916994927529 4.0939977701156911 1.1391500000000001
0.6375116589572574 4.8083148515609677 7.4277753221159513 1.1673800000000001
7.1933911870484915 7.2614296997087875 9.6592149728036691 1.0686400000000000
1.5734752827646865 5.2286885220779613 8.2484166088237458 1.3581399999999999
9.9151437720022475 7.0047962896192848 3.8102084004138965 1.1472000000000000
3.3212628562408724 4.5640312952615298 3.9855029057106801 0.7881450000000000
9.2865598010609762 1.2140631188515751 8.0287720581762070 0.7551890000000000
4.9869314486700773 4.1931838987275087 2.9863093422884246 1.5740000000000001
3.8829682722829508 2.2898281015679696 8.4513559817106536 0.9768880000000000
4.9735832164221678 9.4205401334845025 6.9000838768120545 1.3154300000000001
2.8885051990956092 8.1235765596092584 6.1462842625472920 0.7598040000000000
7.7461082494169879 6.0792727653514245 3.7632303898619912 0.8048480000000000
2.0931306164792955 0.5437046352020035 9.7723373711968655 0.8010330000000000
3.6708094320050093 6.0228772961700612 7.2777924057061973 0.8415319999999999
7.5581287911453652 5.2514433430611884 1.1361611182245825 1.2913200000000000
1.0216873093828407 3.8567779118723271 9.2576800291640797 1.5231100000000000
3.0861123467336542 3.4974220998802719 7.0664050560803213 0.8146560000000000
3.0172149826450920 1.6464322363836299 8.3895291582819258 1.0962700000000001
4.2156092621588241 8.2997131296879019 2.9395910042653925 0.8097670000000000
6.1299756073432725 3.7931708799068011 9.3004730334753685 0.7980130000000000
3.2730799515376012 7.5059414263987323 6.5027970134447166 0.7978350000000000
0.0027718309996942 4.8144216522555343 2.8586295223755349 0.9717610000000000
3.0658777063348590 7.4713492232736147 4.4517015321209552 0.8298010000000000
0.4200150075789496 5.5016916718436688 8.2118424722851877 0.8823560000000000
5.8593039400104923 4.8885699666572888 3.4595680882481963 0.7370250000000000
4.3478211657022312 1.3998606967428355 2.5183358307656061 0.8026440000000000
5.4284877009890211 3.8573121225599483 8.2714618757727472 1.5074099999999999
9.1588834203008336 1.2146274250474549 0.1916919053945047 0.8448820000000000
3.3568380559259610 8.9781116741442126 3.3906459426030127 1.4652499999999999
7.2970452907150039 2.5905131939710264 3.7669248379805955 0.7952710000000000
9.5402422176215929 5.5686082033805908 2.3673736476951150 0.9728190000000000
2.1519634323008945 3.3239349601762984 8.8356739057549589 0.9127930000000000
5.0502589659703183 1.2963446370044653 4.2518405494001765 1.0351600000000001
7.5710980781843258 1.6643877003945009 3.2272912615927369 1.3067000000000000
3.1989266805292829 6.6453669365339669 7.9877112616727635 1.1863600000000001
6.1445159490625594 2.5654484165380338 1.4654103600500838 0.7392740000000000
7.8199239512948431 7.8088821557218449 3.0559941491633635 1.1894899999999999
9.9392014873371810 9.2633372682635216 0.3627766641790781 0.7727260000000000
5.5142752223549945 8.7429098026600265 4.5435720273967721 1.0052000000000001
9.7516108097891614 6.1918211171564517 6.7511795236790828 0.9721430000000000
1.4253858366050474 0.8326351110718584 7.0476052989371754 1.2686800000000000
1.1151599815902646 2.7390908034427990 4.9113104915937527 1.2498199999999999
8.3718541963259838 3.5654894760859719 4.9980831426329360 1.2794099999999999
1.0180606632300571 8.0281991582516348 7.6632165080967738 0.9384580000000000
6.4711242455175242 7.2525926104807361 3.4539057317846003 1.6066000000000000
9.9123534291305919 6.4681491059331613 8.3004914519481456 1.2200000000000000
0.1621528379258602 4.5030394507150326 1.0498236720682825 0.9061690000000000
2.0145863194558151 4.4184771062059767 7.2814734013117191 1.2101800000000000
1.4092725436935287 8.4178144299297628 2.1350241491975819 0.8450420000000000
4.5197173904544607 3.3158758576156231 4.7209164298580424 0.9216040000000000
7.8609195896237090 3.5722528364985107 1.9561709599930248 0.9562840000000000
5.0551912509005463 0.3008698134273144 9.6593265927492222 1.0934100000000000
5.9381242153550886 9.6017286620438931 5.1587795672510719 1.1802400000000000
4.3646260767277960 6.3931104654771627 8.0965252918603170 1.1158200000000000
2.8502199629098346 3.2761676107306483 9.6171825564810671 0.7289310000000000
3.2104562911142649 7.6678704516231297 3.4896149107884034 1.0760600000000000
2.4312778635119074 2.7496478927522938 4.3457366682036875 1.5037799999999999
7.9606796110329512 7.4032082810313780 0.5029328075020126 0.7573870000000000
4.6381960346914859 1.8766616974279577 5.3945488674363444 1.5424800000000001
6.9197795367772876 2.5582068135373111 2.9885137753960072 0.8677380000000000
9.1264977438534185 6.1599155271514201 1.6387694568672504 0.8991780000000000
0.3751621044119182 9.1816222853222627 6.4149315599215049 1.1540200000000000
9.6731894958860529 4.6262619819201358 6.9482285966417336 0.9317250000000000
2.7855277188870824 6.1123623789245789 5.4667192231550006 0.9169659999999999
6.1135023877349397 3.3324636375443042 4.9405293056607524 0.8151790000000000
4.7131676778353357 3.0150355872362828 3.0821107455074994 0.7577040000000000
2.4385841758151532 5.2608511530816839 6.3414840443104943 1.3459399999999999
2.0831132976912325 8.3524713544932148 6.0289480811114373 0.7605520000000000
7.0084860480950653 0.7257823385012833 0.6237688527658770 0.7525390000000000
3.9663405091466557 6.0245294581311901 8.9890836120646576 0.7685740000000000
4.3922402012539541 5.8153111951094312 5.5396277959409712 0.8875620000000000
5.2653022874031228 7.3785912115400754 9.1382817514502399 0.8427550000000000
1.4017850473596534 1.9793209483054512 6.9516028903188749 0.8219970000000000
3.2021940955682218 6.2421490102981760 8.9226337642570090 0.7629460000000000
9.4312503349691994 3.4982495933859457 9.7518581198865366 1.4084800000000000
8.0851194470261429 0.4285892812230648 6.9556063224131517 0.8765370000000000
5.7055025198190172 8.6403873110527911 3.5221863367861799 0.9941870000000000
6.0799511389693279 4.7785047859024665 2.4975018230485291 0.8675450000000000
2.5047358148542629 7.0686792132954821 7.2549268348588907 0.9130840000000000
5.8501175626435220 2.9497273627536140 3.2727427101645397 1.3871000000000000
7.0218625867231363 1.8221318417075858 5.9292596898730636 1.3047500000000001
1.2660260440464490 7.0302261724722008 9.7605399776621447 1.0651500000000000
7.1472689897212867 6.2459670306151969 9.1139861466272674 0.8637700000000000
7.7141343708239001 5.6798301993674247 9.3547237449882719 0.7264250000000000
9.5603824710062906 8.6846796226768426 5.7560690762910109 0.9516940000000000
8.6629794329832155 9.3777224173601930 5.5693572400540461 1.0053900000000000
5.3891887295766221 5.8782979880805533 7.5445481188379926 1.3299500000000000
9.7368181329135339 3.7727571297851639 2.1535637306096076 1.4974900000000000
6.2838890293203473 7.6117634079618650 2.2039028906285618 0.8534690000000000
0.6976973771607300 4.0900664142874170 2.8085116815170474 0.8196530000000000
7.1690135445358347 2.7429129107172758 0.1098247523394958 0.7786100000000000
5.7244695799463452 6.3271847046243535 3.0382207390760088 0.8149870000000000
5.5558099325467598 9.8192550305754427 8.9871942879302775 0.7599650000000000
4.5434621670098059 9.3825358489481676 8.8705741673155121 1.3714000000000000
3.0620743134210029 3.1289755806142980 6.0724655587691618 0.7562690000000000
7.1756985376159426 8.1690832255783903 2.3176111166559856 0.8175020000000000
7.7903634426066839 4.8020296906017954 9.3627399052946405 0.9534850000000000
5.1814249175915421 4.7640350242696794 7.4857427862562229 0.8472060000000000
2.9927881049781728 8.5717940813215225 1.1505951175183380 0.8652280000000000
7.7121017549148636 4.2306748341108076 3.7360001553465532 0.9325490000000000
4.7741147170188762 1.8656953408941512 7.9725068594972477 1.1118200000000000
8.6768526114428131 3.7018791948483476 3.7581387409412628 1.1827000000000001
1.0243834997087991 4.7040217453140984 0.4027294471426389 1.2012300000000000
3.9540817614654600 4.7755087558256131 0.1048276003579928 0.7982920000000000
3.1285215709318654 7.2320196171339521 5.5856382552271571 1.0466400000000000
9.4951801067615289 2.8075087665146095 1.0722727976077591 1.3121600000000000
2.8713733382410851 6.5632557555821478 0.4703390291639378 1.1540200000000000
8.7441865450050464 2.2706238215330568 0.0385306453056206 1.3502500000000000
9.9802707152981522 9.6009969583555890 3.2564322853399630 1.0593300000000001
9.4805924305921483 5.0622659440263718 3.9783227585123795 1.2561100000000001
1.4953040252594558 9.3391251923421663 1.7628506404688227 1.0164800000000001
7.5783097867694593 9.0842834540314108 5.4614303823118862 1.0054399999999999
8.8168452789432852 4.6623483080071546 2.8790226879596879 1.3262700000000001
9.9988276038018036 3.8235704049898964 7.0978379726194447 0.7574910000000000
6.5541252636012128 3.6118615950571953 0.8746182064619888 0.7385790000000000
9.9230896268599018 8.8167635407434588 1.0146007371416537 0.7417500000000000
3.1293666718350912 5.4209355444016127 0.3468920917378712 1.1060700000000001
6.1070996617175215 4.7099970835993750 9.0278070503392787 1.0408200000000001
6.9955984120160615 4.1699363363841400 1.5765531054315849 1.1815500000000001
3.1970093519093115 1.9193125979722896 4.0279144977661785 0.7316700000000000
4.9500646070186525 8.8729811648035870 1.5974646161360282 0.7727780000000000
9.7246175821525007 2.5483184939172654 2.1127728988599652 0.7943789999999999
4.4886680028054595 4.0448345004048036 5.3654288818804137 0.9489660000000000
3.7838814091780941 2.1467895934168126 3.5457007268969196 0.7858550000000000
0.8093664258058215 5.2851040482709717 4.6569061907672653 0.7867260000000000
6.7591189139887264 2.5984589293883094 0.8583263070670303 0.8812620000000000
5.5401656370449563 2.8496351296626732 9.4160239377984265 1.3494100000000000
4.7229734307855837 8.1192160591437261 4.7756880101672685 0.9594570000000000
0.8126147127151918 6.1212100192237981 7.3171214944353746 1.3412800000000000
9.7530165562947815 1.3488460915298186 4.7985320316532061 0.8373660000000001
4.1253830109135627 7.0042899196559629 2.7244461554978598 1.5474699999999999
0.0136213502724329 4.1020606217152400 5.3838744535746459 0.8752259999999999
3.6652026196897380 6.3389676110417810 5.5364397561831966 0.8329010000000000
2.7782232385922914 9.3382761422422362 6.0200205826372564 1.5174799999999999
3.2958337639239903 0.2928183030323004 1.0451345557359797 1.2025100000000000
4.5796514494964695 3.3570618401688246 1.3350474655160087 0.8341090000000000
3.1674759362447982 3.9021286491191316 2.4132830494817252 0.9504650000000000
7.3222917140191797 6.3221033807061850 8.1668267317422121 0.9618340000000000
7.8446926590364408 1.2424883849945358 9.0155809488364564 0.7990460000000000
0.0552840654233262 7.4899411607435527 8.3338644953720884 0.7640590000000000
4.7256887420196074 6.9513333298021553 4.6219997622791649 0.7902540000000000
8.7428656445786928 1.2532449451513594 5.7749196637406657 0.7395600000000000
0.5095254634621129 6.3040368819470487 6.2904142369653906 0.7447650000000000
9.6931051297653248 4.9903301376050626 5.1322474019350661 1.0035799999999999
5.8240804834838009 7.8625556720140199 6.0210905526508274 0.7574300000000000
6.8949653397004198 4.5615358727925663 3.7290549170414771 0.7606490000000000
2.8453804308469999 8.4200962405742512 9.0341434191140486 0.7718000000000000
7.6525447095187928 9.1888493941894378 1.1999296346916450 0.8405580000000000
6.7395709690881356 5.4295507530042562 9.9447967018972872 1.5084599999999999
8.0025431326851901 4.2538491126307623 1.1731458031386353 0.7757450000000000
4.4917837321373888 7.6789123516530120 9.4457137499759973 0.8109870000000000
4.5520794778219331 8.3889030899973207 7.8528736624296238 1.3605600000000000
6.3876102756430848 1.0211858927144593 3.8502929336103962 1.3117900000000000
8.1049178798625920 5.7210799597123643 6.4126191418707181 1.2627400000000000
2.0296497768269846 3.8047366671896166 4.7345322027515913 0.7650080000000000
4.3896439302960326 4.4002875578276397 4.2974002559445745 1.2232900000000000
9.5383025933326699 7.4596889451656967 0.5012858830553041 1.1629900000000000
4.8885324616472818 2.7834498284308058 7.6592000833749028 0.7653890000000000
4.9398452846417937 3.0832775997583810 6.7997170960261002 0.9863459999999999
3.0299708519995372 3.9226458580046732 8.9552086279138923 1.0827599999999999
1.6065750626873858 3.3622052302009497 8.0822760537745619 0.8741060000000000
8.5783916213964400 8.7148999784167938 8.3523724034459050 0.9736410000000000
4.4371726690808213 1.5789348280704583 3.4287831740068975 0.7633710000000000
5.5476579179805414 7.7554029220554179 8.2509241760922247 1.0145800000000000
9.6193170974696987 7.9359707042792280 1.9149794796599788 1.1191300000000000
2.3173297791070802 7.9939963056508327 1.0609200634867602 0.8379430000000000
4.0665921422330475 0.7611685605912943 5.5849620288451600 0.8941560000000000
1.3091530017188702 6.5653530901801265 6.2547055523404422 0.7529470000000000
0.8400365352937642 9.7664501794149050 5.3289808146377036 1.3797200000000001
7.1028473410185775 5.6301907622566452 6.7232378987953645 0.7598180000000000
6.5866804212540719 8.3395678024903432 1.4097143150276614 1.2877300000000000
7.7648433689612579 0.3718286652844355 9.2215368384672249 0.8901820000000000
5.3140104180232886 2.9179734656353222 1.3275613930546359 0.8023290000000000
3.7684735673052243 8.8677702523214847 6.9005586809749468 1.1824399999999999
5.5298057951189330 8.7672396193818098 0.8684600677548844 0.9916880000000000
1.8564507212983121 2.4595072929894948 1.4194421184254780 0.7353020000000000
8.0125477067112065 2.8949104617294528 3.0586902630335961 1.2266699999999999
0.8307756070146881 9.5245952116862611 8.8516068074053322 1.1294299999999999
1.8693152546096594 6.6201916064120505 0.8420485938060838 0.9008530000000000
4.8593165919470040 8.1016463680232818 1.0952249051894880 0.8125650000000000
4.3760161185632107 1.8527951006040604 1.7769790172670827 0.8666770000000000
8.1296923278877724 5.8527309470922022 2.3345705482460080 1.5107699999999999
6.0091853207127848 0.3410174774026629 5.8573765436692913 0.7788380000000000
0.2302684045034253 5.3663838496628058 0.7186846720180425 0.8757170000000000
3.0552702087921912 4.9597072061079892 2.0488706177792451 1.2104500000000000
0.3652125093546291 3.4783501169763169 4.6256025311597346 0.8409040000000000
8.2090036927131802 7.7181236783632503 9.6570680975775023 0.7853840000000000
0.4009997830084889 9.9641202770078507 9.8184807898387358 1.0374099999999999
5.0010063325313814 8.2478472000722753 8.9528820439765617 0.9359120000000000
6.3975821661908894 6.5540897591105942 2.4367323664504195 0.7675850000000000
4.1387340096932856 0.8408887841249721 1.7154498259975224 1.1191599999999999
7.7693775403722549 8.2150103147909803 4.9693905970029695 0.9485410000000000
2.4023322127861513 0.5210896399349291 2.5940050287965879 0.9535180000000000
9.3544658157863942 4.5729601390048407 0.2511263783589754 0.7926569999999999
4.0122696522054344 1.2700344094686673 8.4438050321359519 0.9516120000000000
7.8637939116522952 8.7317952400449830 3.8431963044639201 0.7595650000000000
9.6269274666099278 4.5565715047299093 9.3988154015019756 0.7685050000000000
5.8370151496424176 6.7868186788240727 1.4685323061005986 1.4288200000000000
3.9140061972735940 8.2269981017350329 1.1214325838805315 0.7294410000000000
7.6947228960828955 2.1709831972053739 0.6097156310209205 0.9343350000000000
2.8103869929369121 1.2099204416335925 4.0419828550400583 0.7526300000000000
9.0264192719726122 9.7400558557363333 6.7637556408350665 1.3953400000000000
8.4247846669502326 2.4769561493642951 4.2273879994743542 1.2862100000000001
3.4633062864344488 1.7607181321447678 0.8973551173133453 1.5753699999999999
6.9614453051721661 4.4095307692508490 5.8033481440240804 0.8461170000000000
8.6602248854297521 2.9574923478359851 6.1517025521846467 0.9954640000000000
5.2119565146005709 3.9184700636894383 6.1487661959319198 1.1149000000000000
7.2697160706892090 7.0930788927087063 2.1213445549718322 1.2870500000000000
8.1448392813709702 2.2375886063765229 5.4524143139095331 1.1729900000000000
1.8525066035220328 4.6660022044122558 3.8019475978538448 0.7943970000000000
4.1388964888951794 6.9046442943412520 0.5843374593416453 0.8064060000000000
7.1395203394198656 3.7358324969066690 7.5655667775021840 0.8362550000000000
1.9274119501919134 2.9384462099394479 9.8262308598110550 1.1724500000000000
7.1022998013497762 5.0562382743651169 2.1167942474841706 0.8164020000000000
1.3156008521940670 4.6045308002742420 4.5697242452254896 0.8468800000000000
5.7877997731622566 1.0006833756395832 4.7486031531353134 0.7651790000000001
0.2538979664665608 3.3071457379254769 6.5465118829863842 0.7749340000000000
2.9482851272602248 5.1857797057457322 5.2725855948617184 0.9275080000000000
2.3653466867242749 2.2094059995926920 9.0702543827323669 1.0142700000000000
1.6017960211408115 9.9971314719292668 4.2884536259781578 1.1327100000000001
4.7488679476631503 1.2427401971806253 9.4130292569328162 0.8659370000000000
3.9737252642080017 4.3252887875225063 9.4100818887444824 0.7777190000000000
4.7159142078432010 2.3671850197553042 1.1157129134629633 0.7872990000000000
4.7311653086405698 2.6381981206137612 1.9607274832416404 0.8262720000000000
5.7234432110894069 0.1013307942284526 6.5548292594317363 0.7416270000000000
0.9635740225901618 6.2025700626340834 8.4643295965773149 0.8880960000000000
9.4878717875810352 3.9137603388259170 0.8530583195697801 0.8559870000000001
8.8928262979617134 3.6966819878318007 8.7565472325871596 0.7993890000000000
5.3251356386318252 3.7517325376508976 4.9899104244564549 0.9014030000000000
1.2101326573329321 1.1872685446518851 3.7132441701676546 0.7989560000000000
1.0741439377556945 2.5796978322415978 7.7033028851972078 1.0841000000000001
5.8826318108594933 2.7417830409353199 5.9739556053528124 1.5104400000000000
2.9021960940920097 9.4780677602719976 7.2286801059695263 0.8332650000000000
0.2654314302145229 7.2931815550315813 2.3691758879010822 0.8369280000000000
8.0834654104640951 6.1591961167197287 5.0947037142290830 1.4075599999999999
0.6018205824530781 3.4814062767109517 0.6265047880848351 1.3218500000000000
7.8771976242649355 2.3417856155925709 7.9276715187562443 0.7916080000000000
6.4570363852718762 8.0432724249779035 8.1269083304384253 0.8328470000000000
6.4230135198373617 3.3958846238486946 7.8252382727136371 0.7679859999999999
0.5163219086290225 0.9991347593914763 9.6249167286545099 0.8771090000000000
0.6265416895676316 2.4774942295514144 6.7053521265433167 0.9998120000000000
9.6243706829933888 4.7431826939904056 6.0454330631615107 0.8196059999999999
6.5574305829355843 0.9546085761691905 6.3523464577033444 0.7240510000000000
9.0160587181452794 4.3604254861001328 5.4892285116901238 0.9000270000000000
1.7137929707100032 9.9252680166212901 3.3061128866090996 0.7692300000000000
8.8857191066701198 8.8500689697695005 7.4832178106098457 0.8106110000000000
3.6140915665660933 5.6182164551612397 8.1243506299058978 0.9582090000000000
1.4545671724559450 8.4552667167833757 1.1408895394351355 1.0454500000000000
2.6253425445700960 7.4832568953150540 8.0153460766085729 0.7657460000000000
7.8123019025220097 6.3738222789657861 0.2503440735653039 1.2998300000000000
7.9083085050472608 1.1207698173174123 5.3716603900685111 1.0269100000000000
2.5433865804491242 5.7512160394865335 8.6515879936013000 0.8965290000000000
6.2822906293743124 4.9685635387218747 4.2603552556982383 0.9605160000000000
5.5776262339586928 4.0311765084402413 1.1649416362727119 1.3549199999999999
0.8298683471042231 0.3788096021801134 3.2390842091869247 1.1450300000000000
6.0736057286103504 4.9687729361706463 7.9886898269849906 1.0188900000000001
0.0134819229391173 6.5906677576495669 4.8954687267381267 0.9122700000000000
1.8209981265417807 5.4446480652923626 5.1177903047246636 1.3122100000000001
5.1027900042542242 9.6309644848532301 7.9486014122946003 0.7554660000000000
9.7602545997932406 1.6100314882058222 9.7122875504553079 0.8167960000000000
3.4131647393175437 6.2064782139447274 2.0918891031767566 0.8409010000000000
3.7995596488885246 6.1404084377794099 0.5076524828194557 0.8073870000000000
9.0061792315145102 2.0372308833061652 6.0591081175002612 0.8865400000000000
5.1905872547252052 6.9515273656565011 3.4487128680637262 0.9196270000000000
2.3058696499812759 3.4011100915492678 2.9548641780046752 1.2292799999999999
4.2073135123053031 6.9662365983183694 6.1994802617423712 1.2078500000000001
0.9567378968729673 3.6563544196349373 7.2865744565403299 1.1460600000000001
1.2993566708735236 3.6526411451987939 3.8676485456499479 1.4269600000000000
9.9100775308136591 1.7035751202382003 6.2866856647468587 1.0145200000000001
1.8727761757547510 7.7608669894109905 1.8340353443859716 0.7920380000000000
8.2868145878276245 1.4020785894836392 4.5271662333889013 0.7586210000000000
7.2978254402467702 9.4674488419394098 4.0379186547700483 0.7253120000000000
6.2022660283612305 1.6813923910793371 2.5946007273974261 1.4382200000000001
6.4771246876034967 2.5667346904678636 8.9610854531502007 0.7242729999999999
1.1701043473258947 7.2518845697817653 3.8173088475692247 0.9734880000000000
5.9276337568727726 5.9225959985544616 2.2229125865515078 0.7825140000000000
8.9531820593616835 1.7196815467841320 4.9599903290491802 0.8849060000000000
6.6965973441196489 9.4510546414457526 9.2269509554247247 1.5865899999999999
0.7283189067425908 0.9233805876957766 4.6197814710620637 1.2352399999999999
2.6642606603213439 5.9700446074999647 9.5708061879622672 0.9251810000000000
6.6771392962409655 5.7476595272305211 7.5605281428011883 1.0460400000000001
0.7843565267289864 7.4633808537316817 0.5961158860873086 0.9666530000000000
0.4824206299114229 7.9302630756895480 4.1502031736909917 0.9748170000000000
8.6907735039935190 0.0395298873347312 8.2059462125032354 1.5087600000000001
7.1276490926516036 6.2768233509397948 5.9657465874979803 1.0627500000000001
2.6921736963446223 7.8452385413745782 1.8218887680916467 0.7877430000000000
1.9683807279394929 6.2816525067744999 6.8884034967092980 1.0481199999999999
1.3030063749248968 4.8408757653550838 6.6786697836526310 0.7572680000000001
0.0143107190504919 7.2986426438389715 7.2263691142962365 1.3975500000000001
8.5832222852546458 5.7919577416064918 4.0252133012695053 0.9690460000000000
1.1776748181912848 1.6228214811887638 1.0690932817081096 1.2783400000000000
3.5459253227503154 9.0041620372694595 5.1604820864285887 0.7365670000000000
0.1061108624963234 5.7299392670808622 4.7710954460406745 0.7649740000000000
9.3013483349666153 6.7345508103801679 2.6603430162378405 1.3768600000000000
9.5942060522532078 7.9806457083391953 3.8040223258671024 0.8245290000000000
7.7125704941612572 0.5188230856441747 4.0732481202494153 1.4444900000000001
4.0806032963298460 2.8168822184247437 0.6932511809059607 0.7961740000000000
7.5558800739607443 5.1889519611387911 4.2912798162631907 1.2176199999999999
1.6071827452862359 7.4662609819077428 1.0723001751105019 0.8581850000000000
0.3966621508652398 5.8567613573334469 0.0241473134922567 0.7543160000000000
2.7307769944577913 9.9525771321020642 8.3734342884838497 0.7435250000000000
5.0754978702184026 0.0758972551032212 1.0254433042352638 1.5561199999999999
6.1159341242460172 4.8985564164982014 6.6249280762439602 1.6069599999999999
6.3173367792143571 3.2663047251134083 8.7317018925144509 0.7237940000000000
8.8987321498879748 5.4022763458769161 5.6313389643205465 0.9630760000000000
7.6042184017975964 8.0522508749884931 5.9251881589348905 0.7922120000000000
1.6959559252717822 6.1010151712199292 2.4360876548491768 0.9848380000000000
8.5364314015660998 8.4849464960336274 9.6821483689235226 0.8181000000000000
7.5828999853236674 8.5439905344229761 1.7160978521713814 0.7525579999999999
1.7051531232668109 6.0992500756777428 9.1691028567752912 1.0887300000000000
4.8623112707927261 7.1064246362111927 9.8809352030538022 0.7424140000000000
6.3549677825503679 6.2536780517221713 6.6819229886406308 0.9572380000000000
6.7415973692254312 5.1069239323282423 5.1998390884024541 0.9725570000000000
1.4739486134518658 7.2219992979156551 7.2377760591689793 1.0150300000000001
1.1713833809955247 0.9547609828185067 8.0855328252668919 0.7484790000000000
6.6170084057810614 9.6150141739388086 0.7909854661928034 1.4381800000000000
1.1181355542593121 4.2188378768177150 1.7271197709956891 1.4109600000000000
1.9702749700534188 1.3219470699739244 5.9757260789405287 1.2268699999999999
4.2974719190725565 3.2891938252825459 2.3865828164061695 0.8833980000000000
1.4067574682570942 6.9387491141441648 8.8310688366205952 0.7423300000000000
3.1349580249233098 0.6468631052133842 8.7280744549873681 0.9443920000000000
9.6628156771874210 1.9034318223125055 5.4159213650672431 0.7660540000000000
7.1976743355928887 5.3205639693340938 8.6019379720246487 1.1509199999999999
5.3197141420502616 1.8849444089477838 1.6158547761406850 0.9711109999999999
6.2838676093278831 0.7393183382526748 8.8265175693848157 1.0015300000000000
8.3568816474430836 6.0103538645411936 1.1663284748144853 0.7456690000000000
4.7200582233656885 3.1205890737669009 5.6657298703122940 0.9100890000000000
8.1752798865345095 7.0864736980635881 6.2254321948697706 1.3901500000000000
7.3363758081013746 1.3888221373312593 1.0084484227685140 0.8502110000000001
3.0060915720735641 2.1975295888119115 2.0906963933195852 0.8747050000000000
0.1112330136346720 8.0223066814602575 1.0855859011748072 0.7354470000000000
2.5468355641412641 0.0034578574744002 0.4149411575975210 0.7595720000000000
2.3806455878609896 8.1833757121234019 8.4186465800644452 0.7699240000000001
3.9775776004182117 6.3137979424183373 4.6447158770673678 0.7983930000000000
8.3855250137294597 3.8850011638898185 6.0691614717925759 0.8694380000000000
4.0667743059712089 0.5311189462223737 9.1842045707751225 1.0604700000000000
3.0736703659509583 6.4658584145386664 6.4917692169221954 1.2369100000000000
3.4725651445795052 8.9253186585980782 9.4028393737484901 0.9281320000000000
3.6974765236139877 4.6198792263662130 8.2556406849543293 0.8603820000000000
4.9224033285959132 9.2475665212063838 9.9738345911184627 0.7407780000000000
0.3855348844682313 8.3841510135312340 7.1056733254315656 0.8190660000000000
2.4553541901325766 3.9291439475599881 3.9763308211729691 0.8362120000000000
8.5473756648835906 4.1059939129720258 0.4218144951978779 1.0217600000000000
3.0197581191505241 2.8899751758573275 8.6182530803444699 0.9975530000000000
8.7096047789549171 6.4660418150893575 7.5132165085493030 1.5434500000000000
2.3655096202191968 1.8002492868527544 1.5605090630076612 0.8886500000000001
1.4753060275135350 8.1157539552534637 0.0590734288593068 1.1317200000000001
2.3359601944874617 1.5815795803498585 2.5089159599895519 0.9815950000000000
4.2795721976662797 5.4685833096839573 2.4179476454999516 1.4346200000000000
0.4887313753425909 7.6269192869967002 3.2957660263436148 0.7520019999999999
6.2046259011459952 4.2221537300737619 3.1835445342089188 0.7975920000000000
3.1440413743628097 3.0057024021928114 2.4724582112944637 0.7771610000000000
0.4829169993451350 1.7074588343505248 0.1988458806686272 0.8680760000000000
1.4113680029800193 2.3001624346251970 6.0885289976959909 0.9474760000000000
6.9603165313415252 9.5445042180226185 4.8827224753227032 0.8369240000000000
6.2414806866530350 5.2105477364578840 1.4481502763226912 1.2999499999999999
7.9514377948830299 4.7457672471778487 5.4438227271929787 1.2748800000000000
0.8030450529743811 7.6803424232877227 1.6317876850007360 1.0677600000000000
9.9368131473645480 3.8854887630211286 3.5837212666199587 1.2859499999999999
1.4870218501336097 8.0577989462280737 4.3885776057761774 1.0109699999999999
7.3085700297404275 7.2452220375540763 5.2078254293182731 1.1658100000000000
9.2441474312237517 6.2206966330546534 3.6257099513348710 0.7280110000000000
6.9802762532527609 4.2028040678019298 9.2948419193584702 0.9657130000000000
7.5034086338949075 8.1546941407210358 8.7117857305668664 1.4551000000000001
0.2052937381714429 3.9972285412973694 7.8460156482410186 0.7699980000000000
3.7906215929484133 4.4134571900684438 2.8087582462184280 0.7735230000000000
3.5635939016624731 4.6963559924680620 0.9436736059314066 0.8753510000000000
4.6298782578268476 7.4367929140642355 5.3739748442674147 0.7912709999999999
1.0314901481582883 6.5827102202690080 0.5815943731611632 0.7874070000000000
5.5876650416409399 2.2099107747473568 0.6654725752237095 1.0230200000000000
8.6421158423730393 7.6168749544962893 2.4962390217248780 0.7422990000000000
3.9733308413072845 9.7105118257416336 0.0963569249224046 1.3026400000000000
9.1763178355901189 9.8075926304087719 2.5127370920569803 0.8774500000000000
4.0002290411801757 7.7487793210585325 6.9350570496719453 0.8929140000000000
0.2071845755660867 8.5733487469555989 3.4068646908680109 0.9790950000000000
5.4643058996925760 5.4372944869267368 2.8619401189975178 0.9971400000000000
2.4746411564282158 7.1145810655912145 1.3719306175467725 0.9136919999999999
8.4188564524694627 5.5452524508586860 8.5447820103235212 1.1705500000000000
1.7460014165417417 9.4186498073351679 9.8284849493416502 1.4517000000000000
5.8581227888149741 1.9687489151732329 7.6208789179133625 0.9446960000000000
7.9491109411898311 8.4925537947676890 7.5034303882774225 1.1011500000000001
0.3224724669308668 7.9695691037811498 9.6941497535419909 1.2094400000000001
8.6920139247597152 4.3824829942007133 9.4012565215736679 0.8899540000000000
3.3545434264136942 2.6443929454088124 6.7469658651931121 0.9270929999999999
9.5183181596475261 2.2788939199107552 9.1088212416946899 0.9752400000000000
0.6716107710643759 8.3159224269242937 5.3529635462310523 1.4253899999999999
3.6309129516987357 1.5968590152757285 2.0973747024563010 0.7619880000000000
5.3026106433697073 5.7581119369150775 1.6800723697728426 0.8363890000000000
8.6810978907610430 8.3737068829495644 1.7858607785519280 0.8846270000000001
1.8247345062983191 6.4336581153169634 3.4764685302221339 1.1205300000000000
6.1236795565618127 8.7640157168567878 0.1185239603782082 0.8360720000000000
4.4162256848625674 8.5264149946498957 9.6321649690949176 0.8309540000000000
8.7028301332894493 4.7175527474898047 6.2945311342385883 0.8973310000000000
5.9432367278934528 9.4243727312352199 7.3816491130119628 0.7653550000000000
7.8390547206612649 8.6841744618770260 2.4816423689859417 0.8225390000000000
1.9247895658168588 4.1405049781396874 8.4484505452165077 0.8709730000000000
2.2240476144292631 7.3777867457938173 0.4438298791312822 0.8430350000000000
3.4115944390918438 9.9622330102765009 2.3125929218352335 1.3244000000000000
8.6019592723169520 7.9599723772767073 0.3959579965838282 0.8879620000000000
2.5521499514714883 1.7163386263909475 7.2468871139762197 1.2246200000000000
0.4999127801977348 0.4036629132427120 7.5689741460122608 0.7252210000000000
8.7903068575875611 7.9258496724934870 8.9713719251688193 0.9861550000000000
1.4911039596442990 0.1758563983975652 2.3914685329259062 0.9531840000000000
1.6288904077198754 0.6324946320239102 5.1886617356853959 0.8866130000000000
4.4423723810474334 6.5041693554138433 3.8848407103125604 0.9527050000000000
0.7429354986816136 7.1974494690288280 4.7884056630916207 0.9225040000000000
1.7728717473604854 4.0123684035686020 0.1660142083543113 0.7597739999999999
0.0447149929058601 2.5159678949361375 0.0684125926456887 0.8994259999999999
1.9795143430058297 8.4130691708969874 9.1706682219825382 0.9016290000000000
3.4297217570551757 4.6953382924381870 6.0603003835056199 0.9085210000000000
0.8798227263573092 7.1402901135646690 6.5510644681182253 0.7307790000000000
6.1297353986949279 3.7663320380103809 2.2965342991984632 1.1177900000000001
9.6478975165471272 0.4606444211949135 7.4862160709554368 0.8791610000000000
5.6272698017800513 7.1890849115741400 6.3947320434616755 0.7573220000000001
1.4007113863161271 4.8007350749390367 5.8873307308416116 0.7766760000000000
6.6417683966717487 3.1889760088544890 1.6379467925619131 0.8263140000000000
4.2189455791783832 2.5066064723174537 7.1413600907658461 0.9038890000000001
3.5383191195524306 6.8329686646619274 4.0016569097124055 0.9078310000000001
2.5328023946092100 0.0744079585188946 9.1830493630550585 0.8755030000000000
9.6325383214283082 3.1102658300494976 8.6597894351592615 0.8518460000000000
1.4840694325393313 9.0632759430053849 6.1515420628347792 1.0381300000000000
5.8867230770292975 0.8500178862550017 6.8086818574023775 0.8039809999999999
3.7329899925860213 2.6159887523907188 4.6777959875723338 1.0912100000000000
9.3592240613538440 2.6664386946442011 3.1961607648129458 1.4119299999999999
4.5500389478943264 4.9940539870172751 6.5195838929151355 1.4152400000000001
5.8464798703546546 8.3129729291444736 7.1272712766887905 1.4304600000000001
1.1660342859982236 8.0638215000914126 6.5542532138371064 1.1181500000000000
5.0879943467979922 1.9259217113239986 6.8091531683882316 1.2034400000000001
9.8460063383608887 5.9247915858512537 5.6949751103176371 1.1126400000000001
9.4033269446964649 3.7770778820378172 6.3053722621893966 1.1497299999999999
7.5840609197186506 6.3509870102297583 1.3520220624522832 0.8524590000000000
4.8819824235533851 6.4358581445763701 9.1648873097110446 1.0805899999999999
3.6878425717791892 8.6681756481389378 0.4197262608000241 0.8659380000000000
4.3260264915704321 5.5167761945842901 7.5375954360515065 0.8252720000000000
9.4338479716913746 9.0394217728715578 1.7782456985540529 1.0473200000000000
4.7167376528196341 5.2964882171219960 3.4894570733787447 0.8096640000000001
9.7628222609836417 7.7267801088857029 2.9648076362037754 0.7862060000000000
5.3212972656199957 1.1780562721335548 0.2594078322758510 1.0095900000000000
0.5032796646171985 2.2950890174585048 5.7380912258385228 0.9013000000000000
5.8057950524035773 8.0767012104308566 2.7709091271733377 0.8154490000000000
