0.6100170644194949 3.3314809708279309 8.1989017197096583 0.8716990000000000
5.2536892008687541 1.0797154898574044 3.2112744839094343 1.0249800000000000
8.2897774375546458 3.1072091464843896 8.3717506894505345 0.8325650000000000
1.2534234515300835 5.6359590429875697 6.2717201124698532 1.0000000000000000
5.8755564898188384 9.2229867656231743 1.8176415261348244 1.0761799999999999
3.8542597798646048 0.2519323830259124 8.1326795544472468 1.0326299999999999
8.5878215814774546 3.1956016966748759 0.5535002640130873 0.7333850000000000
9.2047675008730216 0.6087443708485830 5.9981643389120549 0.7532870000000000
5.3896968490023074 9.9091712848252982 3.8768776637751223 1.5839300000000001
0.8827966611262585 1.5275129723866099 6.3188395653824099 0.8803510000000000
0.8762053326727364 6.1957751100184710 4.1413030175274752 1.2328399999999999
4.9817961089296965 7.2707584889463552 0.7376396299978264 0.9297310000000000
9.4277917466974888 8.1805559027227339 7.9265396418393035 1.1020600000000000
8.1694615583641088 6.8287806936189064 8.9124325145265679 1.4360100000000000
6.9211366259233822 6.0546036652975559 1.8949984153676407 0.9246000000000000
8.9059577815433482 1.3773834549543500 3.5685397940787666 1.3934599999999999
6.2818582472150650 8.0281434746018761 9.2790956023063895 1.2147900000000000
7.5663051696808523 8.1290141489169230 3.9730354788823239 0.7414600000000000
4.6127575726106764 8.8339618084187297 0.5189022118798585 0.8806400000000000
7.9772226102585639 7.9957677840184145 2.0832497742085225 0.7325990000000000
3.6484135555493755 3.4337084791956398 3.5349428246613277 1.5795999999999999
7.3064567738072927 1.2818922366052501 7.1233295786422461 1.3024000000000000
9.3012370101483217 6.9435825666292237 6.3753679095991052 0.7808060000000000
7.0395433290546476 7.7780760422600501 4.4260357381912971 0.7428280000000000
4.2122448076147334 6.6725186560679504 9.8071374665698290 0.7232210000000000
4.9558237605316471 3.1069555764836125 0.4487803365550434 1.0294500000000000
3.2585093173856055 3.9051150165560107 5.0404162405122284 1.5605100000000001
4.7788662488132490 8.2343484584820690 6.6515019635687320 0.9233570000000000
0.2734364892925790 2.2413972524086652 2.6849052073529229 0.8079190000000001
7.9487518576675562 4.2482725068046774 8.2202735541896246 1.4830900000000000
5.2745093249144412 8.0603519169412419 0.0465303053531080 1.1784300000000001
2.2827402811590192 8.2222123499476893 2.8028452405309756 1.3167000000000000
8.7466127092312167 1.5465473162717933 1.3326157063304713 1.5518200000000000
1.5698843979266777 1.6713900644485900 7.7906549896199291 0.9038720000000000
8.0800496474297514 2.0090673479742733 7.2440912749973654 0.7494750000000000
7.7805754037371067 9.2453208671206539 8.2337475118544798 0.8240830000000000
8.1607819218900506 9.3773493520058473 4.5066444049013823 1.1501600000000001
1.1672293414153028 0.4595234441941601 1.4034311650557036 1.0325000000000000
5.0074518455131951 0.4799234359056723 5.1368895544516784 1.1883699999999999
3.2879293095675197 4.5738299918555994 7.2140598833163505 1.3031100000000000
2.2238706289496575 0.7628273349383670 8.0574508920018619 1.2419000000000000
0.5401876242879941 4.6646826347652359 8.4320233367940389 0.8364150000000000
9.1228108784906290 5.3349983151910374 9.3096889097131985 0.9686080000000000
0.0619154467176480 9.3547395034447387 7.7072928955564901 1.4702700000000000
2.7352495045492233 6.8665179950808923 3.6248793309443039 0.7363520000000000
9.9572024922647202 5.8433302146335908 1.5009889297608794 0.9210240000000000
5.5057555847942687 8.1397129554971279 1.8597784495475087 1.0628000000000000
6.8523607065736263 3.7013270867754744 0.1060173081448395 0.7834010000000000
9.4542977186634065 3.4031585597195724 5.3115633992897351 0.7967270000000000
9.8978551928825862 5.9619610811268036 9.2330813817689901 0.9649090000000000
3.0369828183913903 9.3541756471749462 0.6244228976075081 0.8978220000000000
1.8790351930015359 1.4873514863062223 4.4909654159209227 1.2358800000000001
0.9400021612465772 6.7916014042316428 1.3204830514077082 0.7485540000000001
9.5526005306404436 7.6485625064793661 4.8148456978165841 1.2696600000000000
3.4982556735565224 6.2860986776118706 9.7140847424157286 0.8473619999999999
1.1913041130712989 5.6537106025771120 1.3159183524758142 1.3563400000000001
5.2971884221308700 9.7947716003770875 5.9025856947504733 0.7740260000000000
3.3675673582875412 5.1474993693459847 9.1690248145900242 1.2693300000000001
0.6450968787781129 6.6825990323306019 3.2159731354118528 0.7825130000000000
3.9390939417978323 3.4703368845862679 7.9345898443965233 1.5095499999999999
7.1937061326920988 5.2489112152086133 6.0694840664741037 0.7896450000000000
6.9529732020766088 4.4085961006568910 2.7152497207942319 0.9843780000000000
6.2621073782056040 5.7982409790713634 5.6840085059135967 0.9258729999999999
7.0997987969322525 0.9102928208676685 9.1194943282092620 0.7232970000000000
9.6079016914682001 8.4785923440150306 0.2857263435871963 0.8435110000000000
7.2398167711647536 3.0493542865873127 8.3761946628870980 1.1584600000000000
3.8894730487067672 4.9934896931357224 3.4840306220844455 0.8996970000000000
3.9962996396114323 7.3908585626232890 7.8116661367416516 0.8425270000000000
4.7207601991943200 1.3758838674049103 1.0241649743742132 0.9174840000000000
4.6542842852752315 8.6925870368071205 3.8241189487940876 1.1644600000000001
7.7285926074682640 4.8901601982564751 2.8929254049043625 0.8088959999999999
9.7632489660781392 1.6487563082087029 8.4859001200123085 0.7528510000000000
8.8713169350550221 2.8835002832438210 8.9483491362381091 0.7855410000000000
7.3824903728682063 6.4316956903050579 7.0754472684033596 1.1125000000000000
0.0182349373224954 0.7502104625094714 0.8414225000184625 1.4649399999999999
2.3076634113428973 1.4831689691642809 3.4630561466419207 0.8642580000000000
2.8829420835960082 5.7232981676299106 4.0509525810576310 1.5768700000000000
6.5855078170999963 4.4426515745508333 0.6654298946644146 0.8627400000000000
9.2490903330626839 6.1270516076204977 0.3172578701501393 1.4853400000000001
1.3053258509487282 9.8629372322032491 7.7980131218119224 1.1174599999999999
9.5594738244574380 9.0948539443344512 4.4822645725222037 1.5995900000000001
3.0277090139898277 8.8800944926362426 2.1800807671249012 0.9159700000000000
8.9218675070620126 0.4987512898274460 4.8901653895108801 1.4693099999999999
2.5802508082354079 0.5292082142244863 5.6844988512280610 0.8431120000000000
0.8972974244801935 7.1596324134462348 8.0210745463596762 0.9215560000000000
1.6824046128054988 4.4082163416030493 2.8527436301444151 0.9999960000000000
2.9687164309930707 2.7184187087161664 5.3488367018529175 0.7612930000000000
2.1362848959827048 2.4840665666523023 8.0897945722635711 0.9994410000000000
1.1036536977600750 9.8485283345980754 6.7261421343903942 0.8092210000000000
5.5610352164684063 7.6610483386032184 5.1334614620245009 1.0126700000000000
8.7416865758768445 9.2063589024008543 0.6762907067978778 1.4738500000000001
2.6023346494785917 3.5907413387805187 7.9511345954954429 1.0787000000000000
2.6877090980683120 4.7243390071662414 8.2757953837343106 1.0420100000000001
3.6070939799126616 4.9780746433455105 4.6515892656777043 0.7430530000000000
8.6429717663164247 7.1311963263824465 9.9693818433293426 0.8295570000000000
5.4011947509438034 5.5342633062240401 9.7172252889528679 1.1186499999999999
1.6306173380743039 1.0739783864568240 2.9576336680516793 0.8784620000000000
0.2866116586950755 5.3674533393004662 6.5126132257571765 0.9858310000000000
2.8401147337027277 2.3293099778092943 3.1090133593330909 1.1178699999999999
0.2539061037989145 2.4314859269926536 8.3791271372764520 1.0058400000000001
1.4197110738287444 2.3017231737245401 3.1649591002719255 1.5428599999999999
7.9398865549500846 3.4016172374727440 9.5011112314032591 1.4896300000000000
9.0796667452666622 2.3433080358028033 7.9099664288767171 1.4336300000000000
6.0163134843934989 3.6151412879778371 0.1528662269377886 0.8150690000000000
0.7396448172666800 6.3281541256132288 9.3529058324385179 0.8218720000000000
6.4016988561673980 9.1154259244975595 4.2921535020546173 0.8638140000000000
3.6480265063869846 1.6779122006155034 9.3658582947096551 1.2296400000000001
1.7511967202645355 0.1556964469175465 6.0602775995570619 1.0271200000000000
9.8107894527486046 0.5965674536495541 3.9521492205882249 1.0249500000000000
7.0541450756218893 7.9455076376958580 7.5479960167510143 0.9173420000000000
2.6812396277877681 2.2085666626529683 6.0915475536936841 1.0424700000000000
9.7900323360033852 9.6134713060083712 1.0762097277744784 0.8140840000000000
9.0964319804733442 0.1482517627016192 1.5578987289815218 1.0661300000000000
7.3927275529126568 0.6729695228788773 6.1172155198128673 0.9769600000000001
8.5195180105349042 1.9563620348894932 2.5583875532769991 0.9730700000000000
7.8798774723021898 1.1714314810985591 2.2243332625626251 0.9156090000000000
6.3898802216715760 8.6115642938627968 2.4249756012634780 0.7987020000000000
5.6475778414830424 6.8956337720650112 4.4440912631133251 0.9779220000000000
6.7672377723306232 6.1357046002737130 0.9516070688261011 0.9200390000000001
3.9033001194989829 9.2408054162511633 1.3173891423331661 1.2387200000000000
4.2813896809749643 5.6734958497774537 9.7595039580888656 1.0658500000000000
0.5103410602882505 9.9193259865876993 4.1645882204543669 0.9031470000000000
5.8763190910006537 2.1219538207304880 4.6632102581912491 1.3108100000000000
2.0559010860023230 4.9334533537412160 9.5553999528229294 1.3962399999999999
1.6663131014926418 5.3952595504548517 7.1559047167913352 0.7861230000000000
4.4519263805941565 6.6407786386492935 5.2796609274052306 0.7388749999999999
6.3760117514215349 4.1184155516624372 7.5412633836655125 0.7366580000000000
4.8545473883775561 6.3699425748967489 0.3417473956598331 0.9867700000000000
5.4686766708333678 2.6453927658176508 8.2415011910008857 0.8003870000000000
7.0354137022503780 7.2137302428818648 0.8306664405740308 1.2392500000000000
8.2036712359469526 7.0140699753546576 2.6222387592451311 0.7457120000000000
6.7268524369753315 0.7127158176709574 5.1466631015785484 1.3020200000000000
1.3317426400294345 2.6243876939391861 0.6893941495928652 0.8412800000000000
7.5827704955198341 7.8710877317173473 1.4240024849029265 0.7669780000000000
0.9149993648075491 6.2954572701910116 5.3683528077816351 1.1242399999999999
1.6033767126529019 1.8827083453549638 2.0153749546592392 0.7509610000000000
9.6218030487969131 9.7489429036745268 5.6569327872942639 1.0004700000000000
5.2162225533219431 6.8094503109681312 5.2792198383198867 0.7760560000000000
4.6614556643078311 5.1752779378820861 0.8791255755468010 1.4064300000000001
6.8214708354363696 7.4207729598559622 6.4368202546151014 1.3967400000000001
6.8991248147435682 7.1289414636915556 8.6833467392775585 0.9085420000000000
8.8076768298732055 0.4525370713357362 0.6225596981452862 0.9132050000000000
6.4521249748412988 2.8512256468187505 2.3269308872867143 0.7487770000000000
2.3998865895274912 1.1922206385920908 9.1522014465964077 0.9613540000000000
6.5925390490059570 2.9535144072625004 4.2196798340338759 0.9718430000000000
0.0289434415627517 1.8935531981837785 1.5313907666468927 0.9413440000000000
3.0637065795269427 3.9275718493715539 1.3237834229250753 1.0193800000000000
6.8240666028624108 9.0811145367193191 7.8031315142562327 1.2287600000000001
5.3590930461789732 9.9644658119344651 2.3996792898859822 1.0022100000000000
9.9204159523254170 6.9365189147614350 1.4788391410656867 1.1608900000000000
4.9327572463963598 9.4668974930907979 4.9182961955968061 0.7540790000000001
3.9999158941697965 3.0635897535834795 9.4803334583667489 1.5465199999999999
6.9876423434455930 0.4913122303329556 9.8841154350147615 0.8615140000000000
7.9946881287131113 0.2643163388253613 2.4100516275192732 0.7810080000000000
0.2366715740241978 9.9585364996224115 2.0506827945737585 1.3652200000000001
2.6840398982177538 5.6443988172107211 7.5504892451807759 1.1532100000000001
9.7669497938623131 0.7475396793949791 2.8898414299099184 1.0382100000000001
2.7080788752879021 2.6192410591543767 1.3546180489794819 0.8213780000000001
6.0085293843058327 7.1380510035538460 8.7920749974420307 0.8187489999999999
9.7610366029939826 5.4739180663052682 7.3734545102786742 0.8670660000000000
7.1226953954417507 8.7908826891883756 6.5469153934809459 1.3210400000000000
0.3221799266530102 2.8647040851416952 9.2341936925330099 0.8430839999999999
7.8009374972305503 7.1423038438150641 4.0867268950001217 1.2259100000000001
7.9319922780827694 4.6246865783595510 2.0146832360394713 0.9950790000000000
4.0549916435776536 3.8317518743879373 0.6162293662103459 1.1081799999999999
5.6317544916130862 2.6825065008875804 2.1254486620622486 0.9076530000000000
4.4571998474683312 6.1636293238147131 6.9418735093817672 0.8118840000000001
6.3049258368696792 2.6297644545216730 8.1998550246530488 0.8047850000000000
3.4425445392090555 7.8372936434618410 8.4388998350717781 0.9748280000000000
8.7569734158250263 3.6234870375565427 2.7301722981231356 0.7750570000000000
2.8014533753125455 9.3819812892393788 4.5826458963006038 1.2175199999999999
6.6904539605264652 4.2436416563175898 8.3745018237228912 0.9295210000000000
3.2902345960415116 6.1702839722890879 2.9915407818304072 0.7684740000000000
4.3269264146164419 0.7229742192844272 3.8067600555706056 0.9870989999999999
7.2572492231693975 0.3668028131973570 8.1360280895251389 1.3328300000000000
4.0448628813262628 8.4030023559529017 8.8615673419521617 0.8071710000000000
7.7683852942641813 7.9370259347985685 6.7165278038013509 0.7450190000000000
4.2769912072375078 1.0394744922262984 7.4835083874062072 0.8951910000000000
6.1269400866789541 0.7416056175703892 0.6766597578713889 0.9376880000000000
0.4772545245978201 2.4052159974717622 0.7371124362281132 0.7762930000000000
3.4108626997483120 0.5765643933380119 4.2195969020090720 0.9313500000000000
0.1174415860490388 8.1089644489011192 6.2924761679100056 0.7755210000000000
2.3571337460390049 8.3552731893762058 7.1945335684620284 1.5625199999999999
7.9422506428788413 5.4732829265748064 3.4088909364285502 0.7471600000000000
3.9391940100303802 7.3046649364645049 4.8575005966662257 0.9770030000000000
5.0404707705513108 4.2234207290657997 9.7607502475322772 1.5124899999999999
0.1729702493421839 4.3772691669090253 9.9764918165185836 0.7835110000000000
0.1453369359815369 7.1169505580385106 5.8198464592661141 1.1979100000000000
1.9485479798603107 5.1319563856701196 2.1318659476179653 1.0214000000000001
9.2505447387741491 5.8943313998101292 4.8127823238629901 0.9129620000000001
4.9055296654584915 3.5210960430142015 3.9908578030345296 0.7525470000000000
8.9973508133501312 4.9508327861835939 1.3253135694353959 1.5371800000000000
3.3288181945336843 5.3798283428824902 2.9304254892202146 0.7345699999999999
0.8082602144573774 9.4997660614335810 0.8372509021827270 1.2178500000000001
8.7204543190397175 8.3980802913410191 5.2678871099151809 0.9991360000000000
7.7776752809139200 9.5765204658211083 3.1453813438049973 1.2040800000000000
9.5224052627800049 1.7248811172291671 2.4094888630236762 1.0208100000000000
8.7282302659966930 2.8997310610735956 2.0589488306402521 1.1180000000000001
6.4011496954486367 1.5929200093878928 1.2704320414551422 1.1380500000000000
4.4349639045521778 0.4952358370804801 2.7727982873330590 1.0583000000000000
7.7781719019995554 0.3572481944967164 1.2970124027943581 1.4183699999999999
9.6860443585441285 2.3988939500956472 6.8313597356246172 0.7845880000000000
3.5575309741465642 7.9926035517174752 9.4860569046646592 0.9085140000000000
8.4317599973306550 6.5789109842373374 3.4046997560673642 0.8734600000000000
5.4081040408447034 1.8045452963176765 9.6338261856890632 0.7240070000000000
7.9562544642187403 2.3236641233879416 6.4873155610763096 0.8407680000000000
6.6874119013560245 6.2270490662125759 4.5995249955956075 1.4217900000000001
9.5344124818370357 9.1198339828663837 9.1871377047293237 1.5953900000000001
6.9896331081400103 4.0092206836140480 4.6979039747483968 1.3982699999999999
2.1821845026390414 8.7061965986379288 1.7588361854373515 0.9044280000000000
6.0479417293581808 6.0046016815857550 8.7178735007623214 1.3324300000000000
8.9335374519669912 1.2439213503349247 9.0696163976433279 1.2855200000000000
6.2982241187174175 6.9360216475771903 7.6804602662535792 1.3728100000000001
9.7853636454137742 6.0715904548447055 4.1709248074081415 0.7286960000000000
5.2700905381764072 1.0816253223081314 7.3249443475665110 0.7862530000000000
2.2016696606485215 2.1751331721982199 0.6401545799298550 0.9976050000000000
3.3394065695846340 9.8789352287095689 9.0500899819371234 0.8516590000000001
0.8395399493860783 2.7817724999077109 1.8131017184103220 1.4499200000000001
2.5157842917267677 7.2396672357134451 9.1847354991226542 1.6008500000000001
3.9477585338693078 8.1886485225569583 5.7301411222799370 1.3485900000000000
3.8033112515440775 0.0805154312359551 6.9741463806615469 1.2342800000000000
3.2974563395764878 7.3630141852951159 7.2830058428510132 0.7579200000000000
6.7034127486814095 2.7011332544836542 5.1074345448723193 0.8206770000000000
2.8949131731954556 9.4484488314914774 1.4784385955999051 0.7583750000000000
2.6176957617121999 0.1351464771467112 3.6063568455117774 1.1801500000000000
2.6652248513781354 3.9750364315031268 6.2957309966025985 1.1268000000000000
0.3225636342179766 6.2543248468165586 0.8058763323281719 0.7945320000000000
1.1468578737555923 1.7555479360520820 5.2640751620468054 0.8812810000000000
5.1137775409336150 3.4364184326242206 2.0303740433317126 0.8425910000000000
5.3142493483658653 6.7623599462158586 8.2692292609337308 0.8685960000000000
6.0819837622099007 0.4375496862534200 9.7572726919377928 0.8937659999999999
1.9200245805258653 5.4011184376779386 3.1465319712822568 1.0028300000000001
0.9700824435042988 1.9816819732691555 4.2510632558388251 0.7838100000000000
8.6067503218773034 5.1598721015854840 4.6509325592832687 0.8558789999999999
4.2043611655259570 7.8003868735294128 0.3592302983666458 1.0314399999999999
2.6530564149440217 6.9260106111503719 2.5311909365025436 1.3262100000000001
4.4749491767666205 9.8023507159711318 2.0539911923844469 0.8532680000000000
4.1955474093318408 5.5597994666421870 4.2672424159339579 0.9429560000000000
1.0499595138285269 5.9384617105501158 3.1237574600210061 0.8267760000000000
1.1157876956723527 8.6482898422068573 9.2461922781448767 0.7928720000000000
4.1022153462497020 4.9166133943398220 5.3872468294526596 0.9168760000000000
7.4991922276288321 4.3881504447108037 0.2633981846979059 1.0651200000000001
7.5589988620383979 3.3403666184952896 0.8550229121566399 1.2352900000000000
0.9180767167484184 8.9659460027311955 4.1936233072682949 1.0939500000000000
7.8269050639620383 9.5573269013800175 7.3126117208979142 1.0219800000000001
0.0679847102853397 3.0005904921901991 7.4549910825639021 1.0215500000000000
5.7208632118601823 9.6228769465446238 9.9795128899196612 0.8664740000000000
4.2272151310102011 9.5955125783712045 5.7442389244327314 1.3502200000000000
2.2510427317271673 0.9662433200258003 0.8058581547100395 1.2389800000000000
5.9936918707252600 6.8030017026901559 9.9412782463010529 1.4821400000000000
4.8388982241827616 6.0939040598867349 4.7713911938125957 0.8683530000000000
7.0834785821278468 0.5981328879259433 2.7989171336002179 1.2081200000000001
5.6462181607217268 6.1847554082047811 5.0475155360801782 0.7587880000000000
9.0180855808988376 6.2007347231501582 6.1934902731299175 0.7605950000000000
4.3105859330920930 9.5118757547705179 7.7299995476806425 0.8201520000000000
4.4120324517344036 9.5532656625973615 3.1379772551434932 0.8805440000000000
7.5677788604352809 6.6326254106034090 3.1329945464087725 0.8820260000000000
7.4530717485350397 8.4576138965269347 0.2224925326962966 1.5203599999999999
5.0636089626583471 2.8905776944505610 4.9679794664894947 0.7567580000000000
3.5641655702564812 7.1799287760025203 9.9281620962693502 0.8803000000000000
2.3375531183024361 3.8458557940643430 9.5011111945784830 0.7536640000000000
3.3758147039159740 1.1479738872658516 3.1336280482055807 1.3914000000000000
4.0764600875915571 7.4274473099896658 1.4032763327837179 0.8307740000000000
1.7860677535040950 7.6325955932802207 8.0888575654400832 0.9055270000000000
6.0120073812024026 0.5330118941693288 2.8845665292107947 0.8413850000000000
6.0009507911495561 3.0666867681093422 0.9041009670880339 0.7941690000000000
3.3133241476010826 1.0106733102168672 7.6343113491304049 0.9502950000000000
0.0109866110732885 0.5583971995989958 5.3107738199169496 0.7807940000000000
1.7374584488933305 1.6348498458186997 8.6698795604030625 0.8286559999999999
2.0719292768440321 2.2016340182253331 5.3233311173304498 0.8547490000000000
0.0538210603635286 5.9028470082878979 3.2309531823908966 1.0944600000000000
2.5794667577957293 3.2433171929047320 1.9402509759163939 0.8208630000000000
3.3980996823283847 0.3675074935681880 6.0647759907569743 0.7517730000000000
7.4944505826658521 2.9676988454137416 4.7932192295011706 0.7780220000000000
2.4319294707551831 9.1505609610852261 8.8527410532511954 0.8500910000000000
1.3053132000673970 5.7601363181626315 0.1443650742395725 0.9314200000000000
4.8934696859798432 6.1241583357298515 3.1346441409897419 0.8022440000000000
9.4929712369723731 8.5957195334782064 6.7963602271879573 1.0408599999999999
6.8860383439757582 9.7085311104685434 5.7915271794320082 0.9542400000000000
8.7971417486867587 0.7620824058699386 2.4251889866012952 1.0389900000000001
2.0599309386504521 2.9716988818442545 6.9151879347895759 1.4373300000000000
0.0436061155907206 8.9498879547179673 2.5347295308926725 0.8150860000000000
9.8919754114480103 5.1804441070028577 9.9053202190274448 0.8589660000000000
5.7578281488859657 5.0001520493325797 0.4701831216169128 0.7951850000000000
8.3861297750416313 7.6285311936885210 8.0025925347509457 0.9366520000000000
2.4885575679064043 6.0155169040283054 1.5337536927591908 1.2593300000000001
5.8343116312667727 1.3816743421014173 5.7827311910571604 1.1355800000000000
3.6085358602906328 5.7086206170268499 1.3089778967936325 1.0235700000000001
2.2432977811694448 4.7832888866105234 0.9778844896218947 1.3629899999999999
4.3443764554754463 8.8569968524491163 4.9681243909681498 0.7280900000000000
1.0821216080250096 3.2527563049745423 6.1969644606264893 0.9664270000000000
2.2859690982118437 9.4724564950271350 7.8867010976780660 0.8621430000000000
5.4881877052066113 3.1118094427291214 4.3478882282466049 0.7558630000000000
6.3549973667522597 7.8984842778452027 0.3458455764073409 0.8470230000000000
8.2207306831925067 4.4439773149195831 4.3994468072072888 0.7655670000000000
1.8810573820104812 0.8046045260649223 3.7156926791150564 0.7337040000000000
1.8518333346920204 1.0340737394425625 1.8613125360800931 0.8964390000000000
4.8241089242295505 4.0159078634315692 7.1364375817528485 0.8935040000000000
9.3779657046970382 4.1815559839719549 4.5867412378976562 0.9287730000000000
0.9618087992439466 5.2558979790230520 2.4643604110444532 1.0086500000000000
9.1635058897530204 8.1435925349266505 1.0994654964197534 0.7301900000000000
9.6568472285417464 2.7493812048213395 5.9902961714253067 0.9262000000000000
0.8187268357868268 4.9666792861689899 3.6353806107493276 1.2511600000000000
0.5867515102055424 8.1824603278143577 2.5649291309893809 0.9796530000000000
4.3663269327743173 7.5515939476245775 3.9128955614502803 1.0783799999999999
1.1786185407047387 8.9699300314246706 7.1588762848184126 1.0105100000000000
2.1495352502348379 2.5106830605093058 2.2065548266347319 0.8129720000000000
3.0041373836187195 2.6677396382717276 7.6408146043212035 0.9183240000000000
4.6508838903980667 2.0488540966757109 0.1805891316495860 1.1450600000000000
3.4716722240860318 5.6727188274683726 5.8045082891236657 0.7612240000000000
1.9918323337036341 9.0728965660002636 3.7126293386579308 1.1588000000000001
9.6210314930441694 0.8836497732539178 1.9718068051199971 0.7726690000000001
8.3458627954054325 0.5677056679306948 6.0940126651504345 0.8291860000000000
8.2059036518588826 1.3324969941940845 8.0283755843411484 1.1544300000000001
3.9552990605612370 3.6977205052956026 6.3808998281105014 1.3558900000000000
6.1225030863966987 4.0364536389826480 5.5660510545525899 0.9763240000000000
6.5753840299444661 8.3998242361466922 5.2858869502901946 1.4290200000000000
2.1570568717575340 9.1367002654430571 0.9109293507271883 0.9365320000000000
8.8075855173143545 7.7609610970659295 7.0683407837099059 1.0606300000000000
7.4303168624766753 2.3271582664827233 1.8914633642521841 1.5522800000000001
2.6392225654623584 0.5398586750261691 6.7878821556185356 1.2124800000000000
3.8997513739634537 6.8106996417657504 7.1654909445271908 0.7507640000000000
7.8548905124419584 9.7375926755791209 6.2510072623345145 1.0545899999999999
8.9330771710921741 1.2506742236147561 6.8942812011055681 1.4060100000000000
3.8931310898727323 2.3649384330147094 2.5826968146025693 1.0838399999999999
3.6421410087023878 8.2829784132936446 4.4723418553009422 1.1350499999999999
1.1668492999579272 7.3059696424271392 5.6102620021855367 0.8494370000000000
2.8987150288092862 1.0037207955882432 1.8596173839494048 1.0087400000000000
8.6169249723109544 4.0548477427580893 1.9977800348146268 0.7299850000000000
6.2479222506633461 0.4811746027640846 1.8138408720429480 1.2708200000000001
4.0811575359664785 9.0759927460044292 2.4003998034217071 0.8762000000000000
0.2347915034547391 0.5152368208291890 6.4150290814312294 1.3922099999999999
3.6612849001088694 1.4133137530908595 6.5064496099653208 1.4053800000000001
8.1053953971491417 9.2802923640302026 9.1849376873934556 1.1185300000000000
6.2283443855073992 1.6425547742591946 6.7887316364987598 0.9025180000000000
1.0332829001124637 9.2433754337290495 2.9034926500641030 1.2844000000000000
9.6930184897062581 7.9628890261109158 8.8413852873479630 0.7547300000000000
5.3974933599756199 7.8220054674786779 4.0495468124441683 0.9962180000000000
5.7048362285984284 2.8284687948424447 7.2390631481889871 0.8108800000000000
2.9961778846436951 2.4114994101435325 9.8101060387157144 0.8069220000000000
6.0884230008435036 9.9957579624435020 8.1288935365475261 0.9960639999999999
9.5080737517024545 9.9175109852818863 0.1785043911036123 0.7321210000000000
3.3274500880597180 0.2220612937000916 5.1632587131118033 1.0034700000000001
6.9144165260743593 3.6181456620312256 3.4714680345859295 1.0566700000000000
3.0589354093747563 4.2211421889224425 0.0947885007994159 1.1856599999999999
9.4045005097492691 3.1901765089761480 4.3524550634958965 1.0133500000000000
3.6947242697762217 5.6473298630345337 5.0317080347897720 0.7550410000000000
0.3278726170440225 3.2969909990973241 5.5634507525603158 0.9422710000000000
7.7247064075352272 9.8395673650820363 0.1114948867703588 1.0861799999999999
2.2926644680943951 4.1597171266103414 2.0162862289853294 0.9049509999999999
5.2855204421331248 4.8364036241722230 4.0049622415612056 0.7669170000000000
4.9808847977882307 2.1156108716457580 2.8094032206165185 1.1078399999999999
6.3062404840626831 8.2578042917420547 4.1698427967709124 0.8045470000000000
9.0745467137961029 4.6923719273533679 8.5791559772286359 0.9149790000000000
8.1406946069729464 3.1942277047068757 7.2168186121768567 1.3474500000000000
6.5761646883885287 1.6821137721548325 9.8820316252052418 1.5761900000000000
8.6904841777893473 4.0846302189789352 6.8782237738328460 0.7654710000000000
2.9320221605284504 9.5206218068347255 9.7243120159530196 0.8096650000000000
8.5540626919265552 7.2699390817224900 1.4454907603805278 1.4145700000000001
3.2373311067638690 7.6836416653059185 0.8957876323327146 1.1041300000000001
0.2885409984690583 6.7863234719210039 0.0169173941305218 0.9656500000000000
7.7465737620162454 0.0987158534157278 5.2633344592634081 0.9850380000000000
8.4125473864777156 4.9454446396603204 3.7820469966034462 0.7306700000000000
7.2357839331766991 1.8690121699105247 4.5603379724995490 1.3524499999999999
3.3432446244320388 9.0264853768747422 8.1479112105919071 1.3913599999999999
1.7489286516363485 7.9552198974464980 5.3556009768207415 0.7915660000000000
0.4888752033973321 2.0258751880595467 9.3601156110078865 0.8231240000000000
5.2257043683972499 8.6687633182943493 5.6778572269408514 1.2811800000000000
6.3939006260014484 7.3690921488502514 4.7429685597082161 0.8232790000000000
3.6056429880847283 1.9258711695065482 7.5844992830066253 0.9081480000000000
1.9769474871577679 9.6307477203168510 6.9653467797094439 0.9921270000000000
8.4134071249594466 8.6395304499116889 6.3574220853452692 1.2155100000000001
2.6812586639076419 8.4147048201323891 0.1022252845544923 1.2384800000000000
8.3290732129758389 2.6831130866336146 1.1491858194565248 0.7899330000000000
9.4666861895160519 1.2406847719633705 5.5879013972096550 0.7333610000000000
9.8267333274526845 5.1163185650587861 8.7740003281033143 0.7950360000000000
0.1878377221065244 4.9902625715192190 1.8417248821656091 0.9125030000000000
7.0518971383961722 9.4404662838023299 2.0886594128919751 1.2778400000000001
1.3085519756196686 7.8076949786914263 8.9234216468905672 0.9354350000000000
0.4811136086252756 8.7545369277265142 1.6866144612976273 1.0585500000000001
3.0971022779575677 3.0982148026825156 0.5432674277728441 1.1429600000000000
9.0761833273969525 6.1526672747756095 8.7278598760273152 0.7575490000000000
3.4665277135591661 8.1016656003175846 2.5189248175722994 0.9069710000000000
6.7366188271535314 3.2133528663914399 9.4080958863898800 0.8680950000000000
2.7131846548671463 8.1942191724447024 5.1890588350063380 1.1361800000000000
8.5444249034560240 8.1412824191695083 4.2037175659788213 1.1472400000000000
9.6423339091611187 1.8403241537195811 0.5327827196920452 0.8403340000000000
2.2982540560199345 0.1473429865789479 1.6585997465657891 1.0459300000000000
4.7196797323446287 2.4698518041080799 3.9886505631581053 1.3029100000000000
5.5631568351854126 0.2568693211639724 7.3600411609946859 0.8596360000000000
8.8977905532200836 6.7540638318934478 4.3323497920320433 1.0549599999999999
5.7453536525526347 7.8415079344407941 0.9509152579846823 0.8188420000000000
0.6331110031320177 5.2035690194785591 5.5579801691325130 0.9913550000000000
5.4148186635688704 7.2792865022466984 2.4842346940302282 0.9494510000000000
3.5026899176084578 8.0884673598438699 7.5500732619311925 0.7817690000000000
0.3966157031988005 2.7204073497023269 3.9334195954423370 1.0569299999999999
0.8065222875385354 1.5748450347149017 8.6097437439392035 0.9759100000000001
9.6309305277387338 0.6106821679902594 9.6842917012757201 0.8887880000000000
4.3286817052629472 4.5805290216402375 7.6528691785151404 0.8211150000000000
7.3743034361540438 3.2497949956313517 5.9157523619090648 1.4668200000000000
8.1492072581587660 2.2131749350338392 8.8510877103941876 1.1306200000000000
8.7797194075621849 7.4675782271724414 3.4144822987239829 0.9123960000000000
1.5668199226341890 8.7669706104583067 8.2765590204916393 1.1458699999999999
1.1155819895377439 4.1685710640255769 8.0878266126546947 0.7665890000000000
6.3875777402609737 2.8821911674084384 0.1327989295293167 0.7665430000000000
7.9723033245161723 1.0843757378615644 0.0739540048694898 1.3555900000000001
0.6316040889538665 9.0079547682279149 9.8735827337836000 0.8443390000000000
3.0093935629770949 0.1622298855486564 7.6971771113522607 0.7764880000000000
0.2462190784217342 1.3577361428819683 5.4323656136235794 0.8073810000000000
7.1052748916817965 1.1261167702731745 1.8140689558855192 0.7719570000000000
9.7217627270144558 4.7297312835089667 7.8716715125555252 0.8546870000000000
5.5305244663035005 1.1111849581302042 1.2128063052231679 0.7239390000000000
7.6197716719893887 4.4502374997502940 6.7676739713133012 1.4220400000000000
7.0700983077689337 3.4573439795378027 2.4651857285898067 0.9307780000000000
2.0516450543658218 3.2676768110548120 5.5698607013615264 1.1655100000000000
3.9467573752737786 1.6822785647807832 4.2579200823703154 0.8330570000000000
4.9809044237827029 7.9003973388375943 3.1310726845650150 0.9521130000000000
7.2378291132452173 2.5043431078893055 9.2294793841720910 0.7622170000000000
2.0718365354586119 9.8695061115804066 5.1730696118326769 0.8208360000000000
1.2680588160409003 3.4118163047321892 2.6999048196562825 0.7855760000000001
4.1528174283837780 0.9185370439572484 4.7161701260510629 0.8337900000000000
2.1006491391085556 4.3654397587292708 5.4313339289592326 0.9615710000000000
5.1908544110831389 0.9782973362821559 2.1317453940488553 1.0512200000000000
5.6365282937985208 5.8564072200343551 0.7013326371430016 0.9205620000000000
2.4757217310552675 0.5413659134437970 4.6301280821584241 0.9459870000000000
9.1212596678493458 6.7377184622098856 5.4403594366224102 1.0124400000000000
1.3311174953515996 7.2761942143161917 2.6420369804273394 1.2930699999999999
5.5263756483955433 5.8579052668238862 3.9482782851422891 1.2520100000000001
9.5481055233954226 2.1731755194569589 4.2951126418126169 0.9732960000000001
2.0753674449942592 6.2312126974151365 5.9071669280842265 0.8443510000000000
8.4375152070397110 5.8826960770862575 9.4794901521416310 0.7602230000000000
5.6846585360285271 8.9267002487600458 8.3397933839856915 1.2015499999999999
5.0781215049778679 0.6856751195709273 8.3842051825500548 1.4133000000000000
4.3959382750566895 8.1621709472166053 2.0258897289152098 1.1082500000000000
1.9622136407919881 6.4988922215452423 9.9780223142348490 0.7527630000000000
9.0906366014281037 2.6029410880461739 5.1811942031997065 0.8472810000000000
2.2298687105826014 9.4769343694772612 2.5866308816620216 1.1440900000000001
2.5698177050151396 8.2186802283473916 4.1032114201007541 0.9723380000000000
3.8917347480183486 6.9839046744730267 8.9596110003559506 1.1259600000000001
5.5944154532859720 1.0622531151487349 9.3752332268110852 0.7533390000000000
9.3382857511008499 5.5463428206858856 8.1790647722816470 0.8825620000000000
3.1240338922800679 1.4757570556170598 5.1269341371793962 1.4547800000000000
7.7275077047849159 3.3752678940487990 4.0168364342987886 0.8849690000000000
8.3618798575604849 5.1652271144706052 0.1303172127657378 1.0669500000000001
5.2674732307403822 6.1837696591485214 6.1731634487725904 1.3236699999999999
1.6144762966671820 4.0596568558413537 6.3163691356783431 0.9145200000000000
8.1722673540092412 8.2908369972736260 1.1228733347849582 0.7314060000000000
2.3945150428383459 4.6523409852001461 4.5313952067106591 0.8274760000000000
0.5349134729981291 8.4405074727475835 0.6359703206976802 0.8829050000000001
9.1883776574353959 7.2616227357905947 8.2976349495652499 0.8076730000000000
3.9394412534751244 3.0233633513169607 5.4540593329426601 0.7262900000000000
4.6525938716874400 7.4174903276191380 8.4051146221971447 0.8626220000000000
3.4018124334694035 6.6836274447182014 1.3731335481194589 0.8884069999999999
1.8013122070089918 9.9974126501131817 0.8381396137332119 0.8076330000000000
5.5574727679704683 8.9054503904778901 9.4251891823807785 0.9144870000000000
9.4634044586833035 7.0756157434421949 9.3032650148881189 1.2125900000000001
7.9842571484663925 1.3894603049570271 6.2433068335405544 0.8376510000000000
6.9092365651249263 4.7799287968939455 7.6510847988405368 0.8174900000000000
0.4594639467217645 3.1224727926540226 2.9402121325047839 0.9122670000000001
6.2155573563174347 0.9835338581938075 7.6837086464907713 1.1062900000000000
8.0588212697589245 0.7927698493364528 3.0200276163233828 0.7569090000000001
4.0480242135298949 9.6638522190043012 4.4112756545671816 1.2491800000000000
3.7733425235728113 0.1108388059421897 3.3846387602595027 0.8059320000000000
5.3294447739732185 4.8949924559748199 1.9672537050103647 0.8957650000000000
6.8397737023812990 2.5968006595696518 7.1877941350315151 1.3984500000000000
6.6315006559139356 3.7139184172721524 6.7886158383009469 0.8909520000000000
0.3886603056421428 1.9781293115074696 4.8633165200703257 0.8327570000000000
3.0959236624698043 0.6303336507976239 9.8299724054543844 1.1949200000000000
1.2201976540426751 8.1958854343037810 3.3722433817885564 0.9661090000000000
0.7012855403227373 1.2749797798057940 2.3229028406071306 1.3028299999999999
6.9031284268857869 8.6804661694241823 3.3620472744282162 1.2314400000000001
9.2572823554761925 7.8001301555493061 6.0452599850141668 0.9875690000000000
4.7272326473309505 5.2091432836070402 8.6116707557766006 1.4641400000000000
1.2881253891057260 2.5665404061354353 8.8608996496583128 1.1636100000000000
4.6818713863450530 0.1834496899360550 7.4692524121221480 0.7242280000000000
4.8919029154740299 7.3728816425372727 1.7209239639888192 0.7796360000000000
1.9972765851447294 3.4157916943093669 1.0392581660986147 1.2714799999999999
3.4069077331219537 7.4485793847787676 1.8857206201409589 0.7538970000000000
7.6952076370210456 2.0888731923383230 9.7051756278548211 0.7327850000000000
6.5369366686367139 9.9822150359299258 4.3485140748059292 0.7962880000000000
7.9073672011891674 4.0078271763812676 2.7785987618431824 0.8999740000000001
7.4822981632911025 7.1810301057638375 8.0319771182719109 0.7525800000000000
8.4197651049052418 7.4165218240332997 5.0451561906258542 1.0099100000000001
5.6005976901027337 1.8975688256999852 3.6116269658894571 0.8251930000000000
8.6807565040534147 3.6010972006835864 1.2848650674609947 0.8867570000000000
1.7128533411013573 6.7740165619778843 1.7340103427696421 0.8454970000000001
0.2600236535647666 1.5438344776337947 7.4623881142688138 1.4419100000000000
0.0829435732462039 0.5726311585216957 8.5765809998581730 1.4182600000000001
2.0762597482085989 7.5327669107898627 3.6764586146591922 0.8558630000000000
0.5314047695673281 4.2924924329541998 6.2757832725571872 1.1866200000000000
0.2341379533254106 1.6104293050599945 3.5716554720212654 1.2046300000000001
6.0553784145808596 9.2716247761098725 6.2728391984345739 0.9970550000000000
0.5295978121125409 7.1366691558580859 8.9412321244807504 0.9672980000000000
1.9240691941456085 6.5239714623047877 8.0334972439050478 1.2417499999999999
4.3982002508994196 4.1314279416844979 8.7742143917787576 0.7261930000000000
2.1170181512983999 7.3128874836820872 6.1809455140012055 1.2888800000000000
7.2750738545895475 8.7617890689345561 4.4198662385884750 0.8288410000000000
1.6615221060615393 5.4915334471814772 4.0431284742281575 0.8070450000000000
2.6494777738791924 1.6219287525761679 9.9587506845782148 0.8701380000000000
4.7368941244582281 2.0937761375519819 9.0068960233964113 0.9519740000000000
4.2724210217596301 0.8963267998858629 0.2088250676640783 1.0559000000000001
5.0755671623352718 7.4975131886820376 6.1238741633097424 0.8249850000000000
9.8402868098518610 4.0825697020599394 8.6698622247190027 0.9809510000000000
1.5102848399951605 1.6720275204708164 9.7906125282896443 1.3129900000000001
9.2478844842744099 7.9860586040783170 9.6794701175497764 0.7226290000000000
9.2286518994152384 3.0561828778280367 6.9540155446518996 0.7809020000000000
9.2334225081769468 5.4314891327081858 6.4988797029433911 0.8525130000000000
4.0379979289780348 5.9633469938697861 6.2701305434218195 0.7244370000000000
0.8973168322062229 2.6621246579215039 9.8928667734543296 0.8536940000000000
8.7297208421561692 2.3638827339930337 6.8171775664091268 0.7647119999999999
9.9324476861704980 2.7058970114058458 4.9897479274960554 0.8215720000000000
1.3724302179418881 0.6059887746720792 9.0055998605710084 1.2063699999999999
3.9738772137854106 5.8969477663662833 3.4041086788568902 0.7903150000000000
0.5130656851233379 8.3602882877915086 8.5235325047420218 1.0923400000000001
5.1611836325246818 6.3392276522766915 2.3217585090934336 0.9016590000000000
0.5840618315464132 6.3079775889693348 2.2693514010919862 1.1677100000000000
6.1407072883207405 9.4176419705292851 2.8665765662834728 1.0315200000000000
3.4881634301559896 8.3315297616071593 1.7004669967174506 0.7386170000000000
4.7544151129249492 2.9027327200859587 8.5680128195684997 0.7610360000000000
6.7430053675295021 5.6531155162428259 3.1608933617731907 1.5788700000000000
3.6081595193602833 2.4145322890605811 5.8721622071218533 0.8305760000000000
2.6192331759166727 5.8091063557301919 2.6163192042585877 0.8317610000000000
3.6498606308130199 2.9904029073128209 1.5974827332086807 1.1553599999999999
0.9673726709694309 0.9740946413402244 5.6372470095852920 0.8187120000000000
5.1002654108638792 8.8924505342814122 2.6557921043901667 1.1707700000000001
6.2173870374799236 4.3722973614456757 9.9154449500546793 0.7416820000000000
1.8005400581919058 8.9225326521729205 5.0712805117537965 1.0837300000000001
2.0155144280915827 6.9055000484860685 4.7670282615521460 1.5646300000000000
6.5901031914227337 2.1734478872442584 3.6580059806425260 0.8619010000000000
8.9993708720850734 5.7404454705519559 3.0661099210068410 0.7569770000000000
7.6926721191532410 5.4547038264848844 7.5894648371144529 1.0108500000000000
8.7547014926774693 5.0234417983015760 7.3981696434696493 1.1994700000000000
8.8688855025181859 0.0265022061979576 3.5738404831998465 1.2195800000000001
9.2070767075936342 3.7784288186183521 7.7566714680283262 1.2217400000000000
4.9763975126459412 7.1849491585639074 7.2489243461284394 1.3455600000000001
0.3154500197406698 4.4668082551205632 4.5112974488180333 0.9240170000000000
7.8417590196007243 7.3455107812978788 7.2972527866468955 0.8584580000000001
1.7864530097918989 3.3983491227283285 2.0786911954500535 0.7659430000000000
2.7651161451013255 4.5781838544738402 3.1626811017325278 1.1897000000000000
5.3598309632834349 5.0333123698958850 5.1857386256174944 1.5537300000000001
8.9337626464182200 8.7194881707549463 2.9938893699812117 1.5470100000000000
6.7620183171919015 9.8392389521543393 3.5153477721106881 0.8771600000000001
5.7337118022303288 1.7833603831139746 8.7190799880801855 1.1372800000000001
1.9023983158799074 9.8061747860896453 8.5655778414472952 0.7634870000000000
5.7252035113314728 3.7295205281300774 7.0730913762898187 0.9303430000000000
6.7130919281191073 0.0623248257311806 6.9008149936405214 1.3245000000000000
2.1717325994731316 5.8145802407037781 0.4774985555029030 0.8526510000000000
1.0887599959244070 4.0128891202445978 5.2395091525060593 1.1427000000000000
3.2549318484279355 6.6718824292297398 4.7505508715237745 0.8149490000000000
4.2924968354421873 2.5663553469611666 6.3209110006663822 0.7803870000000001
6.1270660617883044 6.8134731628405465 5.5746014559853361 1.0226900000000001
4.8402714663426050 0.6681468510456174 6.4073255890413119 1.2981400000000001
3.4897810082225824 5.4632469017478105 6.5915370352080656 0.8157010000000000
8.3198328000151740 9.3774946905546948 1.9531829583426219 1.0919300000000001
8.7037603372063188 0.1449925149680125 9.6372429650885199 1.0899500000000000
4.1428234362661280 4.2339147432591773 1.7766001489639140 1.2647299999999999
0.7766681128461896 5.2769087598864521 9.3135170207928120 1.1894800000000001
1.2087113725062844 0.5674002498189548 0.3158664006625665 1.0761799999999999
4.4974719891618840 6.4539848537323685 1.4220025548132214 1.2203299999999999
7.0094703030136847 1.7395853797552199 8.4069827350534023 1.3971400000000000
5.8100465224842193 4.0060860415257160 4.1123848188867651 1.1391500000000001
0.6517643019950450 4.8047282219256742 7.3996054215811009 1.1673800000000001
7.1971161852539973 7.2735558636081130 9.6506056140284340 1.0686400000000000
1.5469985396413906 5.2378475670647031 8.2473980760427192 1.3581399999999999
9.8933589602456884 6.9990675596194398 3.7900682345925669 1.1472000000000000
3.3123886581229920 4.5715096537801925 4.0279176702463619 0.7881450000000000
9.1840626461202231 1.1426798111663552 7.9860895462983770 0.7551890000000000
4.9763442675750591 4.2220259043788388 2.9931347823287062 1.5740000000000001
3.9151722983164285 2.2879295095211805 8.4356581135666016 0.9768880000000000
4.9843963381237648 9.3594607685056772 6.8698831847024229 1.3154300000000001
2.9214512776269221 8.1332249275223436 6.1524525918229109 0.7598040000000000
7.6773423656803708 6.1243948093607870 3.8484835293420732 0.8048480000000000
2.0595834891606657 0.6563530764255695 9.8168629003793786 0.8010330000000000
3.6047294280610069 6.0116033849434825 7.2519180412677855 0.8415319999999999
7.5789776027442866 5.2815142400603792 1.0875013698324705 1.2913200000000000
1.0053601852515557 3.8798650296485020 9.2466970008336737 1.5231100000000000
3.0928255891780023 3.5018033396239114 7.0716920080347796 0.8146560000000000
2.9566649664127342 1.7203736122116238 8.3671456235581694 1.0962700000000001
4.0963007769402733 8.1198874218331518 3.1592830870168966 0.8097670000000000
6.1017193111995081 3.8230566944511679 9.2862875213959821 0.7980130000000000
3.3189537407812177 7.4916050986096119 6.4484905189117505 0.7978350000000000
0.0367364036773600 4.8452441598492326 2.7987950916108186 0.9717610000000000
3.0730146316833742 7.4351542800425401 4.3969972281796519 0.8298010000000000
0.3656558312191625 5.5139462409223592 8.2014128663050840 0.8823560000000000
5.8709480270667198 4.8687503504642660 3.4661077536488647 0.7370250000000000
4.3317236433058772 1.4223328839068865 2.5409982710674988 0.8026440000000000
5.4205022833151943 3.8467475190110823 8.2924772006313674 1.5074099999999999
9.1123256853427002 1.2149712455502466 0.1954620592478173 0.8448820000000000
3.3536375063698736 9.0067082242666778 3.3683501735493491 1.4652499999999999
7.3231694966449288 2.6392210927236497 3.7644976066533116 0.7952710000000000
9.5126679163991632 5.5737605407933160 2.3412229204185482 0.9728190000000000
2.1007276332935017 3.2647404408452996 8.8026705987664311 0.9127930000000000
5.0561774886590127 1.3357422817512081 4.2398600290767954 1.0351600000000001
7.5694913363525931 1.7238790342300887 3.2325500239491030 1.3067000000000000
3.2072584921237226 6.6553288192621043 7.9999389103613128 1.1863600000000001
6.1469305387353943 2.5190726362622886 1.4626810591317432 0.7392740000000000
7.8213393131187789 7.8410846658102953 3.0527745120258598 1.1894899999999999
9.9278232987923900 9.2537042942433132 0.3483478335633041 0.7727260000000000
5.5354967483495816 8.7347658233357013 4.5348649675847641 1.0052000000000001
9.7355818384992041 6.2133855437508574 6.7469649945910701 0.9721430000000000
1.4108545566878836 0.8444253312165458 7.0484585587230617 1.2686800000000000
1.0995497281615492 2.8003262592365821 4.8977887368698934 1.2498199999999999
8.4195871253357311 3.5915426639913584 4.9966928283720327 1.2794099999999999
1.0421230132310144 8.0315430227169298 7.6365321315931425 0.9384580000000000
6.4908095707583007 7.2673503496687193 3.4350791488746193 1.6066000000000000
9.9084518175027014 6.5032848851405420 8.2410260770973736 1.2200000000000000
0.1606240290764937 4.4789308190547805 1.0471765157747224 0.9061690000000000
1.9892892886183851 4.3785978372900471 7.3173542057381562 1.2101800000000000
1.3984057195948489 8.4860537156541600 2.1576598304209229 0.8450420000000000
4.3827307611115813 3.3629112918119399 4.6796218695785159 0.9216040000000000
7.8838215113436716 3.5701971560735877 1.9238528333318825 0.9562840000000000
5.0363955365242967 0.2888140607240679 9.6385242113654996 1.0934100000000000
5.9891261381343215 9.6225965643180409 5.1437661287882666 1.1802400000000000
4.3705736053442248 6.3980415175555239 8.0548776657625005 1.1158200000000000
2.7945354325903558 3.2055386683595315 9.4339491930878800 0.7289310000000000
3.2012573849625889 7.6753365336632200 3.4239059909544669 1.0760600000000000
2.4078468347815192 2.7871730136240283 4.3084823484962680 1.5037799999999999
7.9778044658403315 7.4105119408891609 0.3721061607056572 0.7573870000000000
4.6011075692411545 1.8698893137660115 5.3824884437133296 1.5424800000000001
6.9305042316854237 2.6679101434299652 2.9947592601081827 0.8677380000000000
9.0745458828479748 6.1891818341619462 1.5849193451239905 0.8991780000000000
0.3752667815365761 9.1812844530170175 6.3862416474335078 1.1540200000000000
9.6705833155536567 4.6840508352651282 6.8881420031082063 0.9317250000000000
2.8292605381972815 6.1058042404191486 5.3662461421217706 0.9169659999999999
6.1228940980119404 3.3030545588801377 4.9412361797584348 0.8151790000000000
4.7240930215425161 3.0349630422710288 3.0677447638387738 0.7577040000000000
2.4217578145899319 5.2291053583131388 6.3515966760058760 1.3459399999999999
2.0822179381659764 8.3713910480089098 5.9929925939965987 0.7605520000000000
6.9974064732478949 0.8441956718514886 0.6396413321654425 0.7525390000000000
3.9359557062511925 6.0035510206085974 8.9292766638804579 0.7685740000000000
4.3907466627983647 5.8185707761450907 5.5145163892954230 0.8875620000000000
5.2552137444523384 7.4046144460941310 9.1354142071498448 0.8427550000000000
1.4186586604058387 1.9626164351680735 6.9548990749867556 0.8219970000000000
3.1771727463291142 6.2402600644258310 8.9304762029222040 0.7629460000000000
9.4255607497758689 3.4984758121645587 9.7325636933151429 1.4084800000000000
8.0572877360900570 0.4443187589017315 6.9397511116442088 0.8765370000000000
5.7625974639149939 8.6594578078445537 3.5282093368949612 0.9941870000000000
6.0992908743917331 4.7702020271462322 2.4612750291920791 0.8675450000000000
2.4839157358494410 7.0600601733816921 7.2332424648813944 0.9130840000000000
5.8191294373087228 2.9769798713007019 3.2748075599516526 1.3871000000000000
7.0148107116979324 1.8192740538027241 5.9170993695068637 1.3047500000000001
1.2400152056191092 7.1083509411381707 9.7150320407059780 1.0651500000000000
7.0741724978725919 6.3598270930576817 9.1536769288775890 0.8637700000000000
7.6687505215084784 5.7943502227507393 9.2662552345852944 0.7264250000000000
9.5753675854659726 8.7188476135171076 5.7626949111859140 0.9516940000000000
8.6436086263906464 9.4031276948035760 5.5263016031635726 1.0053900000000000
5.3881466080322191 5.8862938971878309 7.5082157615571070 1.3299500000000000
9.7414656076017323 3.7996173090518712 2.1038872819603718 1.4974900000000000
6.2967045782710267 7.6145939064252213 2.2200920204176131 0.8534690000000000
0.7390042343595853 4.1610154165141973 2.8230839683084947 0.8196530000000000
7.1773202241509688 2.7223663745022257 0.1052769575667461 0.7786100000000000
5.7269791450575491 6.3457741152863054 3.0113788699902289 0.8149870000000000
5.5634427208698467 9.8530363636647564 8.9651209397269316 0.7599650000000000
4.5549297911547324 9.4123302831780542 8.8496057705134117 1.3714000000000000
3.0710310497662574 3.0726814282680275 6.0602990696340795 0.7562690000000000
7.1321539546910016 8.1994751814939839 2.3580166517535512 0.8175020000000000
7.7627371662218927 4.8286944195166281 9.3278029623188488 0.9534850000000000
5.2006713988548254 4.7738519141561673 7.5318361581858397 0.8472060000000000
2.9134603337966829 8.6382123358052603 1.1733551410895677 0.8652280000000000
7.6798527028770618 4.2825224456430915 3.6617230776445608 0.9325490000000000
4.7925296906758987 1.8898430166012419 7.9031623335671739 1.1118200000000000
8.6678404983377497 3.8094573788755510 3.7470985883500338 1.1827000000000001
1.0485198655155188 4.6864960200561807 0.4116572315470786 1.2012300000000000
3.9089174046683142 4.7977959807163435 0.0547569482411866 0.7982920000000000
3.1595996170060974 7.2116646814363259 5.5514834210622164 1.0466400000000000
9.4644944469979677 2.8106015458725357 1.0460881327272147 1.3121600000000000
2.8493319184456611 6.6186332707606628 0.4613501186381609 1.1540200000000000
8.7354120918897067 2.2736496979241698 0.0028047606829009 1.3502500000000000
9.9358371807086936 9.6386855922191295 3.2567717109959053 1.0593300000000001
9.4663628147584546 5.1053753354789251 3.9379699296653792 1.2561100000000001
1.4463692066925455 9.3863510160700017 1.7931428554466657 1.0164800000000001
7.6337133478409696 9.0748275985458946 5.4451020286133680 1.0054399999999999
8.8230250620144304 4.7041582516169589 2.8163643535996146 1.3262700000000001
0.0093186670700733 3.8864959520289575 7.0754717408342422 0.7574910000000000
6.5473793800507112 3.6430428337074954 0.8805532255655689 0.7385790000000000
9.8499106993543712 8.8006120181276621 1.0000232196697614 0.7417500000000000
3.1398647454556436 5.4457799849740818 0.3406341581441514 1.1060700000000001
6.0375691011645625 4.7463667158398897 9.0321184928898184 1.0408200000000001
6.9879199770843270 4.1580325860162013 1.6148603617330965 1.1815500000000001
3.1076360080977889 1.8539712562025612 3.9676801083053554 0.7316700000000000
4.9514587353512347 8.9125017350282008 1.6521159532826839 0.7727780000000000
9.7186893546116071 2.6086238859699153 2.0907468937771676 0.7943789999999999
4.5059866945164275 4.0397231014376080 5.3712872004218148 0.9489660000000000
3.7505623403095507 2.1782869683533481 3.5522816854884569 0.7858550000000000
0.8786124566789119 5.2716397554183976 4.6714606406875623 0.7867260000000000
6.7545188119353385 2.5150212775523269 0.8272232873890299 0.8812620000000000
5.5582815906866445 2.8615036145638832 9.3988300119702899 1.3494100000000000
4.7112586943664221 8.0950898073735278 4.7478791885034273 0.9594570000000000
0.8149818667487538 6.1107353937665652 7.3216742071510978 1.3412800000000000
9.7540408665786718 1.3488210648919117 4.7166646595647403 0.8373660000000001
4.1423270442736184 6.9873937393986170 2.6998628658672885 1.5474699999999999
9.9472096793573321 4.1387350758228436 5.3453335057531088 0.8752259999999999
3.6853000628255606 6.3898645567515340 5.4496606188339598 0.8329010000000000
2.7816123536510569 9.3197407305043818 5.9941174131811179 1.5174799999999999
3.3150534786777643 0.3237157175022591 1.0282354054575138 1.2025100000000000
4.5979271427119635 3.3270444612753365 1.3232278459478275 0.8341090000000000
3.1913057394642088 3.8951431127311880 2.3884359086383276 0.9504650000000000
7.3561825857344338 6.2575428085192604 8.1403521959826506 0.9618340000000000
7.8490170714763412 1.1453642539007496 8.9660607161567825 0.7990460000000000
0.0583817742153213 7.5373043283303058 8.2717104805483164 0.7640590000000000
4.7490997301980444 6.9628737311464750 4.6016496261213611 0.7902540000000000
8.7009408486460966 1.3136349963266396 5.7568751905776141 0.7395600000000000
0.5648414172122164 6.2869055780379988 6.2885705286140601 0.7447650000000000
9.7210847005967427 5.0501960698920962 5.0761269776285527 1.0035799999999999
5.8442145483456871 7.8102296049697708 6.0582814898990005 0.7574300000000000
6.7438411390360988 4.5513579921351379 3.6954488619121513 0.7606490000000000
2.8766297225181940 8.4130284799973580 9.0818262664014124 0.7718000000000000
7.6514247755281266 9.1959783340296806 1.1753318592137783 0.8405580000000000
6.7625159919883950 5.4322123563111466 9.8967175385641255 1.5084599999999999
7.9861554399982930 4.2368924635652219 1.1743135731467955 0.7757450000000000
4.4295023889752700 7.7489722343652119 9.3989692366548656 0.8109870000000000
4.5758334562930942 8.4013700554930253 7.8147473849055720 1.3605600000000000
6.3254900425368490 1.0776180665702788 3.8973474265010979 1.3117900000000000
8.1169697503338512 5.6934572103244729 6.3998951146142113 1.2627400000000000
2.0481719844173298 3.8608957014161716 4.6468465169607747 0.7650080000000000
4.3950795884451113 4.4210448334153885 4.3163968470873089 1.2232900000000000
9.5078310376823012 7.4614846355438775 0.4740088652350821 1.1629900000000000
4.9266954101101055 2.8261645921459100 7.6686133787149622 0.7653890000000000
4.9189270287030356 3.0795362793828756 6.7828717061965964 0.9863459999999999
3.1104280760340326 3.9130530446185507 8.8924543729362746 1.0827599999999999
1.6027693103662148 3.3693412378780510 8.0307878928888492 0.8741060000000000
8.5805352874940990 8.7764625053594010 8.3236875486231749 0.9736410000000000
4.3934531311704337 1.6068820067348113 3.4417440657072089 0.7633710000000000
5.5523988765961176 7.7543230025114118 8.2267240401205157 1.0145800000000000
9.5387970856873725 7.9380325418923023 2.0179563345445315 1.1191300000000000
2.2689040363990003 8.0479096980619680 1.0617714650966432 0.8379430000000000
4.0321260118537232 0.7600382807524666 5.5865006586086050 0.8941560000000000
1.3625876525629959 6.5345803374994738 6.2217273574323873 0.7529470000000000
0.8307686220297756 9.7756974343612875 5.2961820851235135 1.3797200000000001
7.1748904785516991 5.5153637736426875 6.8259955398718093 0.7598180000000000
6.6129114940665783 8.3356372410197999 1.4013060842658700 1.2877300000000000
7.7660351676864741 0.2989696721231688 9.1971013745149452 0.8901820000000000
5.3048489240166781 2.8522971401007600 1.3080700018556368 0.8023290000000000
3.7407062952201779 8.8215574542966770 6.8874514539770280 1.1824399999999999
5.5411575260879289 8.7723103625695114 0.9083306453300563 0.9916880000000000
1.8636683579795981 2.4577576465115998 1.4458377659181154 0.7353020000000000
8.0179351082766974 2.9453304069878139 3.0464530593485866 1.2266699999999999
0.8340894924804263 9.5190525260592285 8.8187672151953613 1.1294299999999999
1.8399416455593816 6.6109978337478879 0.8364913695177337 0.9008530000000000
4.8406656742259333 8.1511781351124348 1.1295896367333558 0.8125650000000000
4.3825112067379086 1.8674864494761862 1.7972473516860099 0.8666770000000000
8.1002854779883915 5.8754961290152146 2.3014424064796728 1.5107699999999999
5.8380744938562419 0.3876543036301272 5.8025158491249380 0.7788380000000000
0.2329040289660849 5.3664968140448721 0.7363748417651769 0.8757170000000000
3.0868376343195583 4.9426995780555094 2.0025111468050940 1.2104500000000000
0.2814068874627502 3.5095462909125632 4.5853702295699188 0.8409040000000000
8.2066871460539161 7.7512691800981219 9.6170343802640055 0.7853840000000000
0.4370487094179445 9.9716560690279934 9.8151057633104415 1.0374099999999999
5.0078131131419141 8.2886085376502212 8.9393267033158423 0.9359120000000000
6.4148984657627581 6.5657895235147992 2.4221677812290716 0.7675850000000000
4.1362534468229075 0.8361234003947605 1.7374799779274432 1.1191599999999999
7.7706972046708209 8.1960090333208218 4.9616516086471698 0.9485410000000000
2.3505110329524816 0.5691651397287538 2.6048661214701125 0.9535180000000000
9.3237718581282607 4.5818258375871679 0.1824361084301618 0.7926569999999999
3.9743489947993882 1.2918863051542313 8.3582597592809389 0.9516120000000000
7.9388602666087760 8.7723220076025221 3.7489657172871351 0.7595650000000000
9.5980012002602955 4.5732167996692494 9.4031848625554861 0.7685050000000000
5.8713976508203061 6.7980669353762311 1.4491315521569870 1.4288200000000000
4.0260075873556342 8.2295736848242065 1.1478519427155431 0.7294410000000000
7.7157176182146090 2.2305647559595774 0.6099792722382302 0.9343350000000000
2.7792008719295382 1.1623526806451179 4.0753417205984244 0.7526300000000000
9.0273446579985883 9.7972765183913637 6.7427467281618600 1.3953400000000000
8.4048476572873785 2.5026104055436527 4.2120515547045079 1.2862100000000001
3.4824603022064111 1.7542583016296536 0.9071594794836648 1.5753699999999999
6.9665281264729257 4.3897676914041899 5.7967358268012310 0.8461170000000000
8.6660898313864845 2.9555276722805806 6.1069453587370095 0.9954640000000000
5.2127850018526143 3.9230465220089705 6.1663733150348419 1.1149000000000000
7.2861712733813473 7.1170400260306792 2.1198533749636024 1.2870500000000000
8.1425933955230168 2.2333938759448029 5.4260077494553984 1.1729900000000000
1.8924291241655347 4.6441963568048559 3.7393444379824876 0.7943970000000000
3.9099647376034907 6.9579978462811551 0.7045862162650760 0.8064060000000000
7.1533795273335734 3.6592968904159306 7.5374003547250510 0.8362550000000000
1.9236640880223375 3.0066054886248446 9.8421840818762316 1.1724500000000000
7.1353041273719526 5.1087236347860996 2.1077690636269319 0.8164020000000000
1.4826935364958826 4.6200062768826937 4.5035196700146312 0.8468800000000000
5.7693601929851592 1.0655392787458429 4.8252313562748137 0.7651790000000001
0.2258915056341564 3.2814687388099739 6.5835734446137044 0.7749340000000000
2.9910232908304994 5.1731841122728257 5.2277784857171250 0.9275080000000000
2.3398958542823869 2.2376236937025169 9.1255890886693223 1.0142700000000000
1.5896993180192249 0.0490383575136877 4.2730092274801974 1.1327100000000001
4.7743179583551285 1.2423551463278544 9.4034492980579110 0.8659370000000000
3.8992423337605771 4.2656277871355615 9.4312068475953961 0.7777190000000000
4.6097701452887607 2.4179916156894166 1.1794529583828963 0.7872990000000000
4.7317794656377190 2.6537344572524098 1.9757042751502949 0.8262720000000000
5.7147231753068253 0.0684548137804764 6.5176272340100034 0.7416270000000000
0.9274154205303312 6.1919075855825874 8.4785061569655351 0.8880960000000000
9.4517151005474371 3.9113036100589929 0.8275982599916408 0.8559870000000001
8.8826596984452149 3.7278422579651296 8.7559827308667160 0.7993890000000000
5.3404278010873263 3.7178430437053160 5.0303080904750610 0.9014030000000000
1.2050979424907589 1.2355655702349249 3.7010417141758096 0.7989560000000000
1.0661434109401713 2.5652564314344901 7.6770446638379761 1.0841000000000001
5.9078481261606983 2.7590563003865576 6.0139905468400050 1.5104400000000000
2.9007327690559799 9.5003849673408123 7.1898984741554814 0.8332650000000000
0.2587080687989377 7.3176497175457973 2.3794288775055081 0.8369280000000000
8.0662937266715637 6.1463774395965354 5.0790009902876214 1.4075599999999999
0.5573561441274713 3.4921400956479665 0.6016687105669972 1.3218500000000000
7.8412995729712511 2.3863345908585867 7.9120364635083744 0.7916080000000000
6.4327571270409631 8.1526977907603744 8.2283398543440551 0.8328470000000000
6.4162618768538238 3.3893114084206939 7.8592444322157924 0.7679859999999999
0.5449826230956124 1.0726416088523960 9.5557627869653157 0.8771090000000000
0.6534873823590419 2.4486119178031394 6.6605178470475055 0.9998120000000000
9.6753412357983759 4.8242278992845913 5.9907855516957484 0.8196059999999999
6.5437373581271183 0.9631883380371085 6.3717950749681354 0.7240510000000000
9.0713658381391689 4.4229615335930150 5.4774069594319172 0.9000270000000000
1.6893741502931019 0.0368865474779529 3.2019268327667199 0.7692300000000000
8.8823544367174065 8.9231618038424347 7.4594695569273943 0.8106110000000000
3.6230483363063426 5.6101490181913523 8.1410992803544353 0.9582090000000000
1.3961937905922137 8.4846757180063985 1.1453482465662772 1.0454500000000000
2.6923752366399212 7.5263766838018986 8.0005867129566148 0.7657460000000000
7.8287397453136256 6.3710013226018889 0.2058524789181373 1.2998300000000000
7.8788183383078731 1.1321498885740404 5.3196337047435733 1.0269100000000000
2.5261348937692483 5.7185919155851055 8.6876825274794545 0.8965290000000000
6.3486130695495699 5.0640394104808815 4.3058789175973260 0.9605160000000000
5.5149268093254049 4.0649244362943522 1.1611558686970402 1.3549199999999999
0.7808211558996659 0.4286137627092400 3.2749714621527040 1.1450300000000000
6.0337477577565899 4.9580158275867054 7.9871372291713767 1.0188900000000001
9.9110998362669722 6.5771398044838199 4.8422335555648832 0.9122700000000000
1.8491073373855427 5.4717809700028495 5.1242191285246088 1.3122100000000001
5.1927367202779040 9.6953702937966533 7.8684045605286252 0.7554660000000000
9.7703527794829181 1.5553271018222221 9.6882412506629141 0.8167960000000000
3.3889928927964665 6.1867442526190439 2.1165096303400390 0.8409010000000000
3.8510551916649809 6.1405693579343001 0.4953830759923481 0.8073870000000000
9.0200475508579885 2.0509205822637302 6.0217530820108784 0.8865400000000000
5.1972788035360447 6.9987660467959874 3.4171314249834346 0.9196270000000000
2.3081753607611910 3.4235059676745077 2.9683032324102396 1.2292799999999999
4.1744663051448709 6.9524676276640509 6.2018173599631590 1.2078500000000001
0.9627890173909061 3.6596258716794861 7.2420544044973933 1.1460600000000001
1.2713759133087172 3.6732793416950305 3.8363382906008594 1.4269600000000000
9.9249758904570520 1.7164651813391962 6.2451088942907607 1.0145200000000001
1.9187439037157148 7.7802346601899481 1.8006908998787787 0.7920380000000000
8.2807968060591080 1.4651450712436493 4.4948645642635814 0.7586210000000000
7.3083719183818285 9.4802357689657093 4.0501950971727663 0.7253120000000000
6.2119283150929290 1.6635145083539997 2.5935497521698583 1.4382200000000001
6.4939287237649719 2.5254924623399542 8.9870001888265723 0.7242729999999999
1.1509836408643190 7.2673246603002282 3.8330623481697583 0.9734880000000000
5.9706954512033530 5.9135973699024769 2.2209239631282447 0.7825140000000000
8.9722527238540817 1.7315202212801157 4.9488413860464169 0.8849060000000000
6.7098724718588896 9.4519470076211736 9.2051454690324004 1.5865899999999999
0.7327449289473875 0.9239599390029056 4.5902158100970025 1.2352399999999999
2.6293062944282219 5.9876531508251336 9.5988439158437640 0.9251810000000000
6.6565219182957787 5.7402160972502214 7.5702935535683631 1.0460400000000001
0.7127749991482825 7.4879602035727570 0.5886842599839548 0.9666530000000000
0.4567886656879223 7.9331749900220192 4.1457817854569718 0.9748170000000000
8.6918921226799348 0.0484209514464492 8.1845972156542022 1.5087600000000001
7.1576390623146589 6.2848244687276305 5.9703376819861464 1.0627500000000001
2.7937388100284060 7.9523485749317624 1.7449708490401235 0.7877430000000000
1.9650316077773335 6.2592803010835434 6.8805829196155575 1.0481199999999999
1.3375601337783631 4.8107230170642650 6.6675601968296885 0.7572680000000001
0.0429466660660702 7.3210454375472338 7.1674945951563833 1.3975500000000001
8.5383054062289947 5.8135306875604060 3.9713620140357846 0.9690460000000000
1.1414365530583228 1.6137106325687480 1.0823654883671452 1.2783400000000000
3.5655589867813529 8.9939955683000967 5.1257418347365915 0.7365670000000000
0.2543604914471631 5.7550371590034626 4.8380217369583791 0.7649740000000000
9.2900910830264660 6.7353107660404996 2.6169882743681354 1.3768600000000000
9.5138564955116252 7.9563647157603272 3.7766087945648241 0.8245290000000000
7.6542583147842418 0.5709068512515629 4.0769780898842720 1.4444900000000001
4.0667899306190858 2.8446651203285680 0.6909742885375035 0.7961740000000000
7.5155041541862371 5.1858895081663956 4.2912562747417908 1.2176199999999999
1.5949349963968382 7.4624530773661606 1.0552291821309765 0.8581850000000000
0.3607151910252285 5.8933459251558808 0.0114581497753256 0.7543160000000000
2.7442114389002938 9.9146142680531977 8.4289031464335320 0.7435250000000000
5.1028128582999512 0.0247128866208014 0.9991162157638834 1.5561199999999999
6.1232482386425495 4.8950255710631101 6.6232026376503716 1.6069599999999999
6.3373100230893629 3.2590980216511842 8.6828806924130877 0.7237940000000000
8.9118474811780324 5.4066832339773399 5.6142568048247856 0.9630760000000000
7.6529544793061408 8.0112605402518628 5.8703999597436916 0.7922120000000000
1.6752001213671821 6.1056762898561647 2.4356814327844574 0.9848380000000000
8.5594558331080659 8.5023506339417363 9.7072411726201615 0.8181000000000000
7.5857664641037426 8.5926717831256969 1.7349935427638363 0.7525579999999999
1.6943799193587503 6.1111054289891857 9.1514588028666726 1.0887300000000000
4.8177628794261960 7.1992127364783585 9.8397046246312847 0.7424140000000000
6.3934436905244905 6.2331734793382720 6.6816447019307637 0.9572380000000000
6.8154273811023636 5.1262329855184809 5.1963056282947795 0.9725570000000000
1.4784797599606168 7.2254068587095661 7.1915548908301563 1.0150300000000001
1.0411245375696752 0.8722495219899045 8.0615245275955072 0.7484790000000000
6.6163291551285548 9.6180884085832794 0.7638098741884720 1.4381800000000000
1.1327505307573416 4.2548630437265000 1.7307547705467512 1.4109600000000000
1.9154789041523506 1.3287550426504116 5.9557553487284975 1.2268699999999999
4.2605012268889562 3.3218847576676263 2.4117922285418949 0.8833980000000000
1.3838333742835431 6.9471184075813168 8.7956870564766163 0.7423300000000000
3.1518232207631312 0.7391200186813608 8.7008363668471151 0.9443920000000000
9.6942732047024922 2.0159395388645591 5.3824047463530409 0.7660540000000000
7.1089319532361266 5.2774179386134143 8.5548608791890306 1.1509199999999999
5.3247127610061407 1.8950819526703744 1.6438193750071080 0.9711109999999999
6.2743065904293234 0.7725861282784749 8.8140948492516014 1.0015300000000000
8.3533463496106659 6.0076514616718573 1.1358651566689340 0.7456690000000000
4.7321066510547363 3.0963151807182907 5.7422756865219844 0.9100890000000000
8.1962510744319506 7.0505815605097091 6.2096057701492331 1.3901500000000000
7.4320358113211675 1.4481117030624635 1.0153989220479089 0.8502110000000001
2.9718972320941668 2.1837691573065996 2.0936558289194256 0.8747050000000000
0.0324184979954033 8.0121469997463102 1.1822843330403634 0.7354470000000000
2.5222906099654949 0.0346248194906200 0.4382547455860957 0.7595720000000000
2.4610060647259138 8.3569277548405783 8.3958520272525465 0.7699240000000001
4.0230504439797636 6.3553891470250683 4.6575171202451875 0.7983930000000000
8.4053793469337457 3.8822995998992975 6.0730430171264222 0.8694380000000000
4.0586673838506773 0.5618299315530079 9.1761387656910571 1.0604700000000000
3.0473923347703242 6.4183877468979356 6.4191489949300991 1.2369100000000000
3.5281092612858833 8.9692244619068315 9.3351106838781046 0.9281320000000000
3.7005322935674241 4.6352276931338894 8.2511043455231139 0.8603820000000000
4.9330169583732042 9.2794364574255948 9.8821898565848532 0.7407780000000000
0.4032511654834893 8.4141164471616072 7.0686051709696320 0.8190660000000000
2.4917474545074003 3.9387986125679348 3.9457027555432229 0.8362120000000000
8.5411679855350755 4.1094242164965333 0.4074516345973863 1.0217600000000000
3.0144046617988676 2.8528091283527508 8.6281656045670658 0.9975530000000000
8.6862468787908682 6.4388739535785069 7.5064593137919129 1.5434500000000000
2.3408490650540128 1.7707402307985785 1.5505078429336543 0.8886500000000001
1.4506618554230948 8.1710539503779920 0.0629144560046694 1.1317200000000001
2.3179223785999619 1.5812322351730423 2.5129667993272595 0.9815950000000000
4.2989565292908045 5.4844974262841149 2.3753237537729999 1.4346200000000000
0.4923969382672991 7.5632221504921935 3.2266717119332924 0.7520019999999999
6.1853882575670056 4.1746981811676003 3.1946862872081052 0.7975920000000000
3.1705770141466481 3.0011505667401872 2.4759441979150947 0.7771610000000000
0.4543971950775931 1.6917004163605502 0.2129127489652992 0.8680760000000000
1.4329975223763085 2.3435289029610429 6.0290912235496501 0.9474760000000000
6.9907805482668071 9.4724219543740951 4.8441824582110264 0.8369240000000000
6.2812115837257894 5.2096579757162482 1.4215977488980445 1.2999499999999999
7.9456720379109802 4.7447961163549817 5.4330254984829622 1.2748800000000000
0.7954408604068718 7.6928130007103590 1.6174773563312084 1.0677600000000000
9.9296061004342668 3.9436525574229204 3.5357075983963342 1.2859499999999999
1.5482016701520864 8.0801021571348333 4.3519907134761242 1.0109699999999999
7.2998508398316595 7.2431884835964295 5.2156154128401235 1.1658100000000000
9.2713929311838790 6.2468387292780072 3.6264749814521227 0.7280110000000000
6.9371400966737733 4.2398826963646705 9.3348739935918292 0.9657130000000000
7.5255278849302112 8.1862664177467988 8.7014750026906533 1.4551000000000001
0.2270418162798068 4.0015060983758568 7.8456054215577700 0.7699980000000000
3.7264016349825257 4.5270372857193131 2.7616637747746311 0.7735230000000000
3.5406640059644072 4.7167473790718901 0.9841134861198060 0.8753510000000000
4.6774834895125288 7.4309757627860868 5.3879741902662159 0.7912709999999999
1.0192440757085508 6.5847351583570237 0.5127872211718487 0.7874070000000000
5.6438996124652148 2.2126666025397399 0.6974261024964122 1.0230200000000000
8.6632100435803014 7.6453021062722781 2.5276178178435664 0.7422990000000000
3.9780340870856898 9.7189334452841649 0.0885124529903158 1.3026400000000000
9.1791773518462598 9.8532721244762858 2.5143683121184797 0.8774500000000000
4.0210401617583686 7.7506817443161493 6.9259123040938251 0.8929140000000000
0.1991795396463172 8.5918651680380478 3.4205980777296086 0.9790950000000000
5.4675157607266378 5.4475098127756887 2.8375380502299086 0.9971400000000000
2.4454658917368226 7.1975096197242028 1.3766724530986336 0.9136919999999999
8.3161241893658921 5.5357042951672160 8.5344894181233393 1.1705500000000000
1.7394747829826203 9.4672560342563923 9.7963553426564385 1.4517000000000000
5.8579180129029966 2.0208880816267936 7.6730213754606797 0.9446960000000000
7.9753325843816123 8.4632606270931099 7.4896098616021387 1.1011500000000001
0.3145119994190991 7.9922420913946608 9.6583417511160672 1.2094400000000001
8.6497066599504855 4.4234450443612614 9.4316063713414611 0.8899540000000000
3.4090133437960657 2.6410571404809287 6.7404297949044043 0.9270929999999999
9.5590455458690595 2.2903187835769669 9.1238683201307555 0.9752400000000000
0.6647714668046301 8.3331821145765907 5.3063090498450594 1.4253899999999999
3.6239980961818663 1.5660273216482594 2.1295215527912217 0.7619880000000000
5.3138140459117142 5.7542454528060656 1.6555599500569271 0.8363890000000000
8.6492859971720204 8.4211136910734439 1.7977534884876549 0.8846270000000001
1.8537264704027923 6.4781440414874689 3.4447256186872113 1.1205300000000000
6.1143930639572517 8.7578578529643050 0.1331917628215920 0.8360720000000000
4.4523086068474385 8.5960479561824403 9.6672985178245003 0.8309540000000000
8.7263070662739874 4.7129349693036886 6.2895216272801768 0.8973310000000000
5.9440963906584416 9.4433546619278861 7.3944277947785402 0.7653550000000000
7.8061938637508570 8.7310466093371115 2.5084215984203846 0.8225390000000000
1.9069158121700622 4.1364539687014714 8.4381497240784142 0.8709730000000000
2.2238083457696955 7.4493729400515427 0.4144314055208009 0.8430350000000000
3.3805640026017483 9.9969066477821542 2.3217722564123915 1.3244000000000000
8.5906504473470093 7.9940981706125731 0.4611703716505985 0.8879620000000000
2.5364386536982599 1.7195242411718303 7.2374699757185956 1.2246200000000000
0.5008640459657940 0.3844168196977239 7.4835050100119620 0.7252210000000000
8.7863379013432059 7.9315253982869267 8.8782978294699149 0.9861550000000000
1.4155836732672094 0.3165479845666655 2.3956041160528883 0.9531840000000000
1.6383187584069585 0.6374569572877734 5.1481901663785399 0.8866130000000000
4.4973995684703629 6.4568754362778149 3.8878377914086477 0.9527050000000000
0.6647622643698868 7.1526639386831823 4.7290238253195023 0.9225040000000000
1.7970711257683565 4.0208231855313787 0.1751360738304838 0.7597739999999999
0.0130572226872114 2.4672877236611468 9.9856342664609983 0.8994259999999999
1.9967867118443394 8.4278183747616353 9.1971003011698791 0.9016290000000000
3.4343986191335780 4.6954312376434117 6.0342562644126883 0.9085210000000000
0.9327795432962133 7.1428418689149575 6.4679065821403663 0.7307790000000000
6.0751743301025654 3.7593644382340319 2.2679744798050354 1.1177900000000001
9.6722373416672429 0.4826872843561532 7.4524850130645373 0.8791610000000000
5.7481186400741295 7.1148841512175025 6.4703661917663515 0.7573220000000001
1.3944330263346576 4.7650854052155580 5.8311164851665183 0.7766760000000000
6.5981069351948456 3.1857923887189621 1.5742485183154591 0.8263140000000000
4.2458198179264581 2.5069697339020096 7.2003649333722910 0.9038890000000001
3.5522949255201755 6.8212730217270172 3.9034978540624534 0.9078310000000001
2.3857712560143951 0.2333095649766311 9.1264768703868011 0.8755030000000000
9.6518048714645275 3.1355507995376506 8.6453757324098444 0.8518460000000000
1.4813759648403795 9.1017173559055227 6.1423889242101257 1.0381300000000000
5.8487946106770714 0.8332265875804589 6.7791104000143925 0.8039809999999999
3.6851949810224576 2.5814454289764788 4.6605924956184488 1.0912100000000000
9.3528824187407373 2.7036581992235682 3.1929372462294348 1.4119299999999999
4.5502329361737788 4.9968747843738610 6.5138035581057281 1.4152400000000001
5.8959036704658345 8.3052932242474977 7.1406251915733643 1.4304600000000001
1.1675990050520719 8.0751831638090206 6.5055361801583169 1.1181500000000000
5.0404490870901286 1.9059846069626278 6.7316325659525846 1.2034400000000001
9.8503485499317325 5.9503853943602447 5.6995010055251170 1.1126400000000001
9.4350047898078060 3.7884991680727862 6.2445591353177194 1.1497299999999999
7.6845557156617827 6.4786633048880020 1.3103507095626874 0.8524590000000000
4.8778529422796195 6.4064046328807063 9.1514700421812911 1.0805899999999999
3.6993615883030366 8.6784347237328721 0.4010323687971200 0.8659380000000000
4.3102310885910402 5.5380114011348036 7.5208896000610075 0.8252720000000000
9.4298071462467892 9.0441225264675005 1.7869866620292025 1.0473200000000000
4.7060568830734457 5.3476446652266540 3.4736404634898008 0.8096640000000001
9.7334064905865620 7.6968913278563358 3.0014875749493601 0.7862060000000000
5.3155484969321289 1.1575673634926691 0.2467719026402392 1.0095900000000000
0.4613013589421042 2.3408814071643147 5.6914688208285531 0.9013000000000000
5.8160570745589650 8.1019947093083324 2.7794381492847808 0.8154490000000000
