0.5980281161328387 3.3200122306898043 8.1991572213558097 0.8716990000000000
5.2633925714110861 1.0687754718228402 3.2211223844411094 1.0249800000000000
8.2824888501424940 3.0721575117267350 8.3548081425623995 0.8325650000000000
1.2753224476927500 5.6578429921854738 6.2402483137883200 1.0000000000000000
5.8495647849233166 9.2505174490290649 1.8045588584711596 1.0761799999999999
3.8936925809602392 0.2664831415547914 8.1583774276961609 1.0326299999999999
8.5957822225911666 3.1721820216235521 0.5749086200756509 0.7333850000000000
9.1824048087580898 0.6143099857012781 6.0298151649833232 0.7532870000000000
5.3752494518660709 9.8871637609629257 3.8764234240333955 1.5839300000000001
0.8940649622376226 1.5261983275350486 6.3536973751178767 0.8803510000000000
0.8599613433893044 6.1862247778021926 4.1506796983717091 1.2328399999999999
4.9379552019419428 7.2346250883243233 0.7882450860092762 0.9297310000000000
9.3920470613139599 8.2059518028346758 7.9645563131588410 1.1020600000000000
8.1480496652435548 6.8118404621819586 8.9239752055233197 1.4360100000000000
6.9084375920066456 6.0392065144265041 1.9113641267110260 0.9246000000000000
8.9040935622822932 1.3599420683311292 3.5824447637742751 1.3934599999999999
6.1987564379422491 8.0367632508449827 9.1739817314894125 1.2147900000000000
7.5078986281233435 8.0999185413753167 3.9873199795338534 0.7414600000000000
4.5989621307518762 8.7978300366318329 0.5572821291444989 0.8806400000000000
8.0023017612523226 7.9254455317148187 2.0904863964321598 0.7325990000000000
3.6597772362950196 3.3809355880763445 3.5340604813724150 1.5795999999999999
7.3085574683454633 1.2810681341263490 7.1325653169524355 1.3024000000000000
9.2593479578133859 6.9279108141028267 6.4501389852762552 0.7808060000000000
6.9818610926141940 7.7678412479021794 4.4421732432788152 0.7428280000000000
4.2225234395010895 6.6525545229532552 9.7986817819189600 0.7232210000000000
4.9607666059874500 3.0774708108301336 0.4715649817518490 1.0294500000000000
3.2439919134099751 3.9100702353272587 5.0530246725625760 1.5605100000000001
4.6991319433879530 8.3005681029741698 6.6618606044306130 0.9233570000000000
0.3049121557757420 2.1935012667544171 2.7104362205161308 0.8079190000000001
7.9724321370336142 4.2335366299458990 8.2291339514884427 1.4830900000000000
5.2859347326633559 8.0093941683388454 0.0217802664878760 1.1784300000000001
2.3012512592504226 8.1762883082582434 2.8042874001936378 1.3167000000000000
8.7626884949245003 1.5414893154440805 1.3481595197198002 1.5518200000000000
1.5535427952861813 1.6560748388116318 7.7809696097451670 0.9038720000000000
8.1409901112611465 1.9412579026640291 7.2624021516281685 0.7494750000000000
7.7549031121349747 9.2816284018492112 8.2841845138970189 0.8240830000000000
8.1480279440078718 9.2699055079118082 4.4945936462054492 1.1501600000000001
1.1765721577437067 0.4415239638138468 1.3964385739169072 1.0325000000000000
5.0003815009686647 0.4364416704942068 5.1516297518050322 1.1883699999999999
3.3009742156789201 4.5705068934115038 7.2024193702301833 1.3031100000000000
2.1891950061908143 0.7797006748936097 8.0888189795398642 1.2419000000000000
0.5399721811116874 4.6486660366133403 8.4396501580261027 0.8364150000000000
9.0735653789938269 5.2737328316189584 9.3484750078759618 0.9686080000000000
0.0631782522294406 9.3358958880566920 7.7251963936372379 1.4702700000000000
2.7193195707567068 6.8351116148866016 3.6014766640910478 0.7363520000000000
9.9906537320235405 5.8138320763577243 1.4895708153092528 0.9210240000000000
5.4772169953930074 8.0852804307956738 1.8568471957445989 1.0628000000000000
6.8395872701469207 3.7248636201789775 0.1127110634158031 0.7834010000000000
9.4156803955756558 3.3988737862401037 5.2955151271848404 0.7967270000000000
9.8764846825246035 5.9169303907766349 9.2563472173029737 0.9649090000000000
3.0387303990850114 9.3180298960771069 0.6149659340785634 0.8978220000000000
1.8937151160723935 1.4550615786897785 4.4607728412352410 1.2358800000000001
0.9074200187503755 6.7526556445965413 1.3674246943450095 0.7485540000000001
9.5394531841427774 7.6460527461190138 4.8448307101424346 1.2696600000000000
3.5220495239034357 6.2400904591747217 9.7440370050134728 0.8473619999999999
1.1741808950478096 5.6855795413142189 1.2811267830586566 1.3563400000000001
5.2798939867883030 9.7855276669389468 5.8970058856734306 0.7740260000000000
3.3532177024012597 5.1562406521127881 9.1596662461652514 1.2693300000000001
0.6368296196768238 6.6453601621932981 3.2354317339231731 0.7825130000000000
3.9273990251112769 3.4606584135836482 7.9320003837987620 1.5095499999999999
7.1845343011651543 5.2851993165962776 6.0313118283260510 0.7896450000000000
6.9623279841711305 4.4007051178245264 2.7222918817073798 0.9843780000000000
6.2533219727037874 5.8108884119983708 5.6895116900585849 0.9258729999999999
7.1113522815913157 0.9140579884447088 9.1101760116456187 0.7232970000000000
9.5945403529579476 8.4635277493957943 0.2927633598118580 0.8435110000000000
7.2400278749285247 3.0783746508660625 8.3777307635198728 1.1584600000000000
3.8886289895188111 4.9863805906801550 3.4837558385825629 0.8996970000000000
3.9616035675589027 7.3490627431611504 7.8471981587207047 0.8425270000000000
4.7109943257221296 1.3992669294291544 1.0089251658747849 0.9174840000000000
4.6078170145749269 8.6871933650470954 3.7966993269752494 1.1644600000000001
7.7442401096199518 4.8561417946660228 2.9461455908524607 0.8088959999999999
9.7773159393202214 1.6420000486739463 8.5519059213234812 0.7528510000000000
8.8691651508427487 2.8948109747243724 8.9383060622485910 0.7855410000000000
7.3687911077578905 6.4716961197433713 7.0872543870876150 1.1125000000000000
0.0377736785656228 0.7349548242186448 0.8535787747375236 1.4649399999999999
2.2936610174456566 1.4007478628411649 3.4444593752911929 0.8642580000000000
2.8932508275858244 5.6962430408556504 4.0473164090568936 1.5768700000000000
6.5883064227746866 4.4467573641585352 0.6438125956717624 0.8627400000000000
9.2262942812043569 6.0990090540962267 0.3333930093723724 1.4853400000000001
1.3013067157020282 9.8798646536516710 7.8305543804870981 1.1174599999999999
9.5811415189706040 9.0874539315000522 4.4795209789269448 1.5995900000000001
3.1572043949600679 8.8388238520816156 2.1194696038798515 0.9159700000000000
8.9129403327110399 0.4677901728993441 4.9152855665373085 1.4693099999999999
2.5602939014570896 0.4643257008507269 5.6772357293993840 0.8431120000000000
0.9033945025407034 7.1475899617649059 8.0432427450998727 0.9215560000000000
1.6410402702691211 4.3929631562689195 2.8631156231867587 0.9999960000000000
2.9997307497865706 2.7243809480678420 5.3508176218535572 0.7612930000000000
2.1132304949986485 2.4483114755975168 8.0913410652989075 0.9994410000000000
1.0529396066069794 9.8261132143899950 6.8314781036961936 0.8092210000000000
5.5210252013580661 7.6170664133565653 5.1498243822464511 1.0126700000000000
8.7401942851916523 9.2099088267267746 0.6950532167053969 1.4738500000000001
2.5875511646777167 3.5640594921250783 7.9473545182122347 1.0787000000000000
2.7003911508317588 4.7271940077554033 8.2486442932484465 1.0420100000000001
3.6457361431607631 4.9649408989177628 4.6366033979688064 0.7430530000000000
8.6230974129611049 7.1043229995104324 0.0156623029498245 0.8295570000000000
5.4063636350411066 5.5556514750267114 9.7245797816158905 1.1186499999999999
1.6208964460953210 1.0427971462392784 2.9228232266157397 0.8784620000000000
0.3165680517310492 5.3937237408393948 6.5225289864859013 0.9858310000000000
2.8523296865027135 2.3088411464637395 3.1236524781341983 1.1178699999999999
0.2719057555166673 2.4095060141329303 8.3958893293913057 1.0058400000000001
1.4332564783799007 2.2684937382792660 3.1696871340566801 1.5428599999999999
7.9541727096110399 3.3812205107573985 9.5136852886338907 1.4896300000000000
9.0954356782919579 2.3296140795451232 7.9357739221661401 1.4336300000000000
6.0038163545041163 3.5912294151022390 0.2033290831900032 0.8150690000000000
0.7255122785578635 6.2937293311974818 9.3662955544870492 0.8218720000000000
6.4038357945173852 9.1897104786337476 4.1859972834588088 0.8638140000000000
3.6767006643824582 1.6926830316235257 9.4281626750499115 1.2296400000000001
1.7372952715821506 0.1476132398127840 6.0973387890847066 1.0271200000000000
9.8052878696680299 0.5829178918500345 3.9845022480994507 1.0249500000000000
7.0848614220179806 7.9089996186461713 7.4709456434598831 0.9173420000000000
2.7120641205331095 2.1926806719355798 6.1113888292790817 1.0424700000000000
9.7885106101459520 9.6032434031386149 1.0969993175180259 0.8140840000000000
9.1078531570954553 0.1498564643884019 1.5768887567569083 1.0661300000000000
7.3933894453206186 0.6444798152992700 6.1403989345749244 0.9769600000000001
8.5265408065932640 1.9490578346281433 2.5715614739688899 0.9730700000000000
7.8955996833466662 1.1370347073955702 2.2448302253125241 0.9156090000000000
6.3954940749276554 8.5717001769036028 2.4393708862183439 0.7987020000000000
5.6278420474375395 6.8616893922752018 4.4359848144710003 0.9779220000000000
6.7631440721445601 6.1357156373603114 0.9671160574728067 0.9200390000000001
3.9189155856746565 9.2176622320516337 1.3225564835959118 1.2387200000000000
4.2760751103908845 5.5961066651420479 9.8153359198467225 1.0658500000000000
0.5367089823355433 9.9242341721978278 4.1856693835184142 0.9031470000000000
5.8969691007490335 2.0974647176021435 4.6875003866394200 1.3108100000000000
2.0476320589922681 4.9170378678181690 9.5553426842734517 1.3962399999999999
1.6481146891583995 5.4028855634096553 7.1336886113942715 0.7861230000000000
4.3818322639766292 6.6281099763911735 5.2620583078429286 0.7388749999999999
6.3543705963077013 4.1636857083638548 7.5702982404189614 0.7366580000000000
4.8457093892725425 6.3280636387528180 0.3395608858235311 0.9867700000000000
5.4758409686969074 2.6572789818385991 8.2500115576506534 0.8003870000000000
6.9980959694533320 7.2237122542714722 0.8458131936671874 1.2392500000000000
8.2119162412935314 6.9837845023514804 2.6887068126162292 0.7457120000000000
6.7364565216300161 0.7087398338431417 5.1579839134496961 1.3020200000000000
1.2876996129752787 2.6094536168919760 0.6599193456419006 0.8412800000000000
7.6333205155227635 7.8256672713123425 1.4089295420007706 0.7669780000000000
0.8778650581558142 6.3171986942554925 5.3726864404200150 1.1242399999999999
1.6414205452974819 1.9455347486313697 2.0062279571081456 0.7509610000000000
9.6373374761828714 9.7163549096671282 5.6720170052714867 1.0004700000000000
5.1574214328851786 6.7650278566646413 5.2818632066531883 0.7760560000000000
4.6790398202939327 5.1159877658935864 0.9368616146621577 1.4064300000000001
6.7655172904344987 7.4145188194961431 6.4240216872947737 1.3967400000000001
6.8644344444138792 7.1055330830054801 8.6982915583605820 0.9085420000000000
8.7991080282955778 0.4449270855007564 0.6423989002523253 0.9132050000000000
6.4388746918354913 2.8167906036548631 2.2847912303547191 0.7487770000000000
2.3949357047839244 1.1612009955734195 9.1522691642300007 0.9613540000000000
6.5951567183950432 2.9447980278771007 4.2409782251671100 0.9718430000000000
0.0334666383436602 1.8365684358611718 1.4714980941452882 0.9413440000000000
3.0277825727388197 3.9057816933785601 1.3199709408619178 1.0193800000000000
6.8317429762521931 9.0028998187981415 7.8294992200196498 1.2287600000000001
5.3517860223152480 9.9889272664296982 2.4715138864608153 1.0022100000000000
9.9157725002865771 6.8909855481849522 1.4613579837426203 1.1608900000000000
4.9353216763722019 9.3451638917772364 4.9097020512327916 0.7540790000000001
4.0055316965843168 3.0986039241438799 9.4788252833944195 1.5465199999999999
7.0193750388264213 0.5067108784535800 9.8247476880899818 0.8615140000000000
8.0546405114873281 0.2291328613460370 2.4187495697672774 0.7810080000000000
0.2557462908262748 9.9536934317737273 2.0776127938993945 1.3652200000000001
2.6317825240559669 5.6418313186269557 7.5737368478162317 1.1532100000000001
9.7910050707764835 0.7452520138525325 2.9243244056515079 1.0382100000000001
2.6681240186162323 2.6163835931338593 1.3556415350803579 0.8213780000000001
5.9644603707578039 7.0900100167687947 8.7712493034108423 0.8187489999999999
9.7978603401295246 5.4916356829145743 7.3963038994992223 0.8670660000000000
7.0799918791011915 8.7932837028104238 6.5452358548757976 1.3210400000000000
0.3129518471266734 2.8477159740619262 9.2504137119662335 0.8430839999999999
7.8031377243928493 7.1261642340048539 4.0919184520085761 1.2259100000000001
7.9188112591416546 4.6085596113636464 2.0541829177093089 0.9950790000000000
4.0688538642054102 3.8697768346165651 0.6177254512828229 1.1081799999999999
5.5913652576357613 2.6440512120112354 2.1622791165606170 0.9076530000000000
4.4293022173645467 6.2267689986348582 6.9260354474474113 0.8118840000000001
6.3126431059093369 2.6577071464239124 8.2252555984163536 0.8047850000000000
3.4287047527215084 7.8516594765584173 8.4486739331033220 0.9748280000000000
8.7127862033485250 3.6149802748489961 2.7178474608818770 0.7750570000000000
2.7967791672544364 9.3737292155770486 4.5981628072071397 1.2175199999999999
6.6608553390668845 4.1384427252173301 8.3803183660420313 0.9295210000000000
3.2844809402412380 6.1254899508722787 2.9781448998257285 0.7684740000000000
4.3372566248866056 0.7200527959116573 3.8017044012968331 0.9870989999999999
7.2605578229275354 0.3962152004973811 8.1743217908192776 1.3328300000000000
4.0891792316236000 8.3562270970948980 8.8767789681722515 0.8071710000000000
7.7253997627832289 7.9455861247191573 6.7469551164154860 0.7450190000000000
4.3208909464840728 1.0439247401405214 7.4933781146467533 0.8951910000000000
6.1145801076165389 0.7465094563262774 0.6994067578669861 0.9376880000000000
0.4276191838392897 2.3308805205371006 0.7839845855252884 0.7762930000000000
3.4524077726983671 0.5820156188952300 4.2345823358659551 0.9313500000000000
0.1273036552053951 8.0649436835311921 6.3471664715069105 0.7755210000000000
2.3689766304373792 8.3255494974498454 7.2176561195506785 1.5625199999999999
7.9801982572265686 5.4741473456498255 3.4106439843665073 0.7471600000000000
3.8988382767623206 7.2679793367128491 4.8466001203901818 0.9770030000000000
5.0751710256279452 4.2329330592526437 9.7716132181531190 1.5124899999999999
0.1464085004812025 4.3550534156724678 9.9350718174418340 0.7835110000000000
0.1273503526372723 7.1345342889978589 5.8648591768378555 1.1979100000000000
1.9160364243254751 5.1130206288175089 2.1324363057993918 1.0214000000000001
9.2407199894076495 5.8936083773924652 4.8045765400778730 0.9129620000000001
4.9888528471911959 3.4749792029411770 3.9837132604873746 0.7525470000000000
8.9816950641955486 4.9374310039355551 1.3563638138396341 1.5371800000000000
3.3162036763284299 5.3411935710225986 2.9427865903517252 0.7345699999999999
0.8006250840320189 9.4976032630084966 0.8139589440135757 1.2178500000000001
8.7039351408357195 8.3438840125603697 5.3183527903186123 0.9991360000000000
7.7869074551501196 9.5360581081653990 3.1435537782788141 1.2040800000000000
9.5301858605318017 1.6624833430890471 2.4355261089986509 1.0208100000000000
8.7096710779615840 2.8820432153268443 2.0464117379424782 1.1180000000000001
6.3707190063261567 1.6081764230494147 1.2961734990265490 1.1380500000000000
4.4442321534667482 0.4764328586264764 2.7751235827561862 1.0583000000000000
7.7694706819379658 0.3616547550913092 1.3208859713037997 1.4183699999999999
9.6250323358724010 2.3352123288931468 6.9114219232606526 0.7845880000000000
3.5865965716612500 7.9677379110974309 9.5029081871637917 0.9085140000000000
8.4337921390074140 6.5480102206598954 3.4183228409240494 0.8734600000000000
5.3933560217689438 1.8177281480076510 9.6064482922661991 0.7240070000000000
7.8257734158654024 2.2834428588163673 6.5444339735840886 0.8407680000000000
6.6885983538348182 6.1992331943243206 4.6189245550008602 1.4217900000000001
9.5251658821346705 9.1068351555485645 9.2033397706010156 1.5953900000000001
7.0120937278316360 4.0020463289076487 4.7103254348413959 1.3982699999999999
2.2440562483299713 8.6761445821705738 1.7630062274824512 0.9044280000000000
6.0711493795002260 5.9796536245094289 8.7140039256168542 1.3324300000000000
8.9212680446237176 1.2161063736646196 9.0759697747405550 1.2855200000000000
6.2686745921156595 6.9420505157738406 7.6862661335129303 1.3728100000000001
9.8361938917750766 6.0240084495567849 4.1569237296111359 0.7286960000000000
5.3201760171639512 1.0815659609296020 7.3397753337371840 0.7862530000000000
2.1705397368321178 2.1353360225921012 0.6579309462329181 0.9976050000000000
3.4000103928440679 9.8339833033240645 9.0499657092389167 0.8516590000000001
0.8275537798387362 2.7557493007666829 1.8256596776903928 1.4499200000000001
2.5097683291741384 7.2261813487769437 9.2280443272031683 1.6008500000000001
3.9212364808989690 8.1924862311496618 5.7775307971589500 1.3485900000000000
3.8307836066166447 0.0946399107589112 6.9871541191197464 1.2342800000000000
3.3186476278901180 7.3718297034485722 7.3219749340750457 0.7579200000000000
6.7384309409969632 2.6753654976263981 5.1206781692142691 0.8206770000000000
2.8553704564970745 9.4310324823941318 1.4526516622456023 0.7583750000000000
2.6402150873631927 0.1504012096358461 3.6351187516368770 1.1801500000000000
2.6345032128507073 3.9889074519813166 6.3046848872194863 1.1268000000000000
0.3212138017567326 6.2111183323329096 0.7643741126762884 0.7945320000000000
1.1483602763358356 1.7303370230580639 5.2752619580636058 0.8812810000000000
5.1381923568485277 3.4165201151873998 2.0098239977094803 0.8425910000000000
5.2957386971570433 6.7240897388291536 8.2951045311285778 0.8685960000000000
6.1078505325631500 0.4598453168896904 9.7524839095704579 0.8937659999999999
1.9412924418710782 5.3763467289121074 3.1571925397214589 1.0028300000000001
0.9710531469650709 1.9146411601124702 4.2345527545678951 0.7838100000000000
8.6490426324210024 5.1817365971829155 4.7206994247753764 0.8558789999999999
4.1919329373726333 7.8347263272122518 0.3154341416786345 1.0314399999999999
2.6244870985915649 6.8711003482630133 2.5363400090229984 1.3262100000000001
4.4883663596033330 9.7708126275929033 2.0699240119071276 0.8532680000000000
4.2974678070844607 5.4916185313592969 4.2695968449602546 0.9429560000000000
1.0645144866147644 5.9102090754099841 3.1089339175581472 0.8267760000000000
1.0948772503324296 8.6314567280590833 9.2560890266983193 0.7928720000000000
4.0523238483713246 4.9232434055866134 5.3956768967528506 0.9168760000000000
7.5161996802536741 4.3898292176493223 0.2689183535625447 1.0651200000000001
7.5565357784910940 3.3192347125079054 0.8687150959446330 1.2352900000000000
0.9260676716041205 8.9650213853225384 4.1129183282749375 1.0939500000000000
7.7617205101700764 9.5874957222068637 7.3636898749497250 1.0219800000000001
0.0598119195483428 2.9898716713766849 7.4255171099834012 1.0215500000000000
5.7002194117728555 9.5956923636381237 9.9992365191408723 0.8664740000000000
4.1973131192885065 9.5950355390717021 5.7739594061855053 1.3502200000000000
2.2493940664385974 0.9471815688684874 0.8024274943477510 1.2389800000000000
5.9776988197918888 6.7796938593399281 9.9375714225262310 1.4821400000000000
4.8271618682032011 6.1237873957777067 4.7674786038886765 0.8683530000000000
7.1115658609344052 0.5505567341177171 2.7637702151268964 1.2081200000000001
5.6410800796841052 6.1722423676301243 5.0542677730862211 0.7587880000000000
9.0226014746666614 6.1969776046498533 6.2181562006419018 0.7605950000000000
4.3024453371382814 9.4987166714559415 7.7476207551179117 0.8201520000000000
4.4113452648843143 9.5251048639680569 3.1081763763567571 0.8805440000000000
7.5728510784740433 6.6421651176231267 3.1347787987996192 0.8820260000000000
7.4589732436417364 8.4474028635688505 0.2418476077329042 1.5203599999999999
5.1913557429150243 2.8407766920453437 5.0270673336601304 0.7567580000000000
3.5678811184019765 7.1459217918606504 9.9598855468613667 0.8803000000000000
2.3160631705741248 3.8256771317308389 9.5084233555541449 0.7536640000000000
3.3920006519464581 1.1227648401947519 3.1129044944074051 1.3914000000000000
4.0249074028834579 7.3892889076279786 1.4417188099550029 0.8307740000000000
1.7154664976720133 7.6549904318152731 8.1450513621650753 0.9055270000000000
6.0670005514018630 0.4784728895126913 2.9478883378529495 0.8413850000000000
6.0459921406694530 3.0419870755476976 0.8838066832454345 0.7941690000000000
3.3663119289769985 0.9854513356090215 7.6442734518062112 0.9502950000000000
0.0069082067591963 0.6032807192797419 5.2983278109567227 0.7807940000000000
1.7448575573655316 1.6108603871919427 8.6626837870318383 0.8286559999999999
2.0484895000939178 2.1861673951245000 5.3359067863948271 0.8547490000000000
0.0741800797184501 5.8497840635175082 3.2478478412603433 1.0944600000000000
2.6085083498434631 3.2620052023131363 1.9097905686141963 0.8208630000000000
3.4010398983855907 0.3974987912972932 6.0598062299752060 0.7517730000000000
7.4982723428552323 2.9644090598866493 4.7925489152488971 0.7780220000000000
2.3499517442084090 9.1279233681394505 8.7968292038806428 0.8500910000000000
1.2805987627871547 5.7771008614727153 0.1019402683974670 0.9314200000000000
4.8757982149364736 6.1192872046520623 3.1684084553532941 0.8022440000000000
9.4686837451691694 8.5769620035389540 6.8251498194108748 1.0408599999999999
6.8898033118010673 9.7328382311851964 5.8067887060200949 0.9542400000000000
8.8229070627059230 0.7796220121403049 2.4534002389198308 1.0389900000000001
2.0570265732048947 2.9559279295012635 6.9144103306164633 1.4373300000000000
0.0462768594884770 8.9327703649423427 2.5458915237084740 0.8150860000000000
9.8714683689551208 5.1729877837519505 9.8668881122614369 0.8589660000000000
5.7222534616260470 4.9302777108460525 0.5115999615692881 0.7951850000000000
8.4091596102727237 7.6396641005133725 8.0329417652530939 0.9366520000000000
2.4750731299961357 5.9772376680827524 1.5309474422794140 1.2593300000000001
5.8434391883502990 1.3506866084004592 5.7891688600930431 1.1355800000000000
3.6126773529493681 5.6925632890896649 1.2906674878579740 1.0235700000000001
2.2053111889324679 4.7619185863449589 0.9703192076849019 1.3629899999999999
4.3293799517002052 8.8381554929602810 5.0179163031952676 0.7280900000000000
1.0771772495023135 3.2189079490167121 6.1902622959298919 0.9664270000000000
2.2314760374474223 9.4053455035841687 7.8949486926395673 0.8621430000000000
5.5589472029408986 3.0625463312336234 4.3654952693817712 0.7558630000000000
6.3088223509380406 7.9003481404307232 0.2590869849217075 0.8470230000000000
8.2873835209867099 4.4600041891029081 4.3895342224869163 0.7655670000000000
1.8335657779538517 0.7361200122792920 3.6773930387778000 0.7337040000000000
1.8340479978850388 1.0435515794203636 1.8541002127768784 0.8964390000000000
4.8458740311242670 3.9781586149379922 7.1626292562980414 0.8935040000000000
9.3443800708353759 4.1445454332932750 4.6035177665906843 0.9287730000000000
0.9072160020919028 5.2245343987138879 2.4672484009936624 1.0086500000000000
9.1900437791682226 8.2067473673650095 1.0721728496427421 0.7301900000000000
9.6508260638347725 2.7242665146301048 6.1045210049285243 0.9262000000000000
0.8513841469737953 4.9595785940548263 3.6150818382156773 1.2511600000000000
0.5692187599880463 8.1530505695904107 2.5541667377811272 0.9796530000000000
4.3551428738046720 7.5368912954602720 3.9194719922461552 1.0783799999999999
1.1869444113633083 8.9676447340317935 7.2053538151171592 1.0105100000000000
2.1623627861739285 2.6001557426207227 2.2158700358931207 0.8129720000000000
2.9896108327858020 2.6493146454793357 7.6605316965814669 0.9183240000000000
4.6175676717001020 2.0284302525219400 0.1481864878573032 1.1450600000000000
3.4338611799476166 5.5730313203694077 5.7984016960432427 0.7612240000000000
2.0212275143833582 9.0604477453407988 3.6928094215084739 1.1588000000000001
9.6209239931786019 0.8692272244723168 1.9416648349889640 0.7726690000000001
8.3251967991162434 0.5548876297270164 6.0102154254753328 0.8291860000000000
8.2019509448537367 1.3296089455537607 8.0414040863866756 1.1544300000000001
3.9705093288528492 3.6583229466999905 6.4106639505200169 1.3558900000000000
6.1085882718740443 3.9944509330075006 5.5629432688090503 0.9763240000000000
6.5410551622027482 8.3519885764151152 5.2990066707660768 1.4290200000000000
2.1596766235413694 9.1441745772847671 0.9348231688353434 0.9365320000000000
8.8039492916880615 7.7518233834867925 7.0806515870913271 1.0606300000000000
7.4401534373451570 2.2891075095391713 1.8790981742898345 1.5522800000000001
2.6462079205869906 0.5173964713262206 6.7382623468799983 1.2124800000000000
3.8945238414285299 6.8354239628560789 7.2030185577927970 0.7507640000000000
7.8570522527834195 9.7043846112476952 6.2541897885266495 1.0545899999999999
8.9517268233635932 1.2406530647733662 6.9362762477628470 1.4060100000000000
3.8988773668865466 2.3483729651658409 2.5884399676095580 1.0838399999999999
3.6482015116456044 8.2672444499685938 4.4697366775475968 1.1350499999999999
1.1394437479688317 7.2863597453757709 5.5828750530643250 0.8494370000000000
2.9040694106958096 1.0000710328274913 1.8702852515024844 1.0087400000000000
8.6095697278794816 4.0391512396962819 2.0288982388249517 0.7299850000000000
6.2267143801748679 0.4726827649784457 1.8330617925254931 1.2708200000000001
4.0674676610606975 9.0502473338902369 2.4011345734269010 0.8762000000000000
0.2286675283744220 0.5067198056346175 6.4276616898090202 1.3922099999999999
3.6475741206658556 1.4132516499677725 6.5077465466851736 1.4053800000000001
8.1077740446652342 9.2440043194995773 9.2316874444293635 1.1185300000000000
6.1645754370617043 1.7087626012029034 6.7328829705666964 0.9025180000000000
1.0595969099920151 9.1772853176734976 2.8764663851962453 1.2844000000000000
9.6610365905699354 7.9407552106158734 8.8712947476094932 0.7547300000000000
5.4159176281281463 7.7994602558254682 4.0821997510253603 0.9962180000000000
5.7395448540839240 2.9001358731509468 7.4775197300952208 0.8108800000000000
3.0135038081057917 2.4434035560158596 9.7673610706429290 0.8069220000000000
6.1096697906744701 9.9802125241628001 8.1399483189047306 0.9960639999999999
9.5253401306197247 9.9179390643893530 0.2471162073884550 0.7321210000000000
3.3413577315082126 0.2191250328486226 5.1652109289247790 1.0034700000000001
6.8755786614723755 3.6184287817600369 3.4821968958418581 1.0566700000000000
3.0490047118648524 4.2077067704705078 0.0934158282112629 1.1856599999999999
9.4049346928353650 3.1659094303780848 4.3565700051873639 1.0133500000000000
3.6258841066330723 5.6350919920003264 5.0327213097973935 0.7550410000000000
0.2852267294046336 3.2518966011176684 5.5966222432822539 0.9422710000000000
7.7206479596848459 9.8444899107429666 0.1291724042414724 1.0861799999999999
2.3078601365048113 4.1474652153609100 1.9944791472123131 0.9049509999999999
5.2824098513352888 4.7941376714213630 4.0037390866744405 0.7669170000000000
4.9795600560155355 2.0762262750870546 2.8171480331994783 1.1078399999999999
6.3122296340939377 8.2736628328695616 4.1629926797092942 0.8045470000000000
9.0873985103511838 4.6895809857834871 8.5629894674532654 0.9149790000000000
8.1330137613045057 3.1733208114364722 7.2143111990365094 1.3474500000000000
6.5467139006212109 1.6781506485200020 9.8778143737970066 1.5761900000000000
8.6891709076887889 4.0702804594989832 6.8650259175215238 0.7654710000000000
2.9178896449227616 9.5223142652568580 9.7503523782927655 0.8096650000000000
8.6113379062950770 7.2439103681487449 1.4426271894990130 1.4145700000000001
3.2319837857446534 7.6299762827570357 0.8531019431689687 1.1041300000000001
0.2702519135976599 6.7659198684561659 0.0387373264417349 0.9656500000000000
7.7475716157072974 0.0655639601488975 5.2619364962261805 0.9850380000000000
8.4238402264791947 4.9528129776115470 3.7931923062584580 0.7306700000000000
7.2525210755807183 1.8437399398277365 4.5560064590964897 1.3524499999999999
3.3289704827718292 9.0449656234167950 8.1755639055883922 1.3913599999999999
1.7354989563260110 7.9276692648131819 5.3743458722559652 0.7915660000000000
0.4582709941833233 2.0040402530150145 9.3909128568205791 0.8231240000000000
5.2150051119345919 8.6762083448011058 5.6950595912201649 1.2811800000000000
6.3744144411891677 7.3233198518466089 4.7645933722987328 0.8232790000000000
3.5975180517493772 1.9258374294645810 7.5913449639224924 0.9081480000000000
1.9570688981444893 9.6333165521065514 6.9897029917153493 0.9921270000000000
8.3864340451730062 8.6315606666711808 6.3843367124050818 1.2155100000000001
2.6458951801563431 8.4096006707666486 0.0967248952679536 1.2384800000000000
8.3344633874184026 2.6624111568574902 1.1355169754002636 0.7899330000000000
9.4781130780848777 1.2009983203237378 5.5950853769280249 0.7333610000000000
9.8348165340775129 5.1347406638980413 8.7800570288726494 0.7950360000000000
0.1559881561604013 4.9408254515495988 1.8618091689443976 0.9125030000000000
7.0490390561287404 9.3940935854550354 2.0970797385320061 1.2778400000000001
1.2565650383608604 7.7930126381556457 8.9792323242204279 0.9354350000000000
0.4776921903827661 8.7634520635926929 1.6916466131387149 1.0585500000000001
3.1017854021111417 3.0791748838907940 0.5522680945851711 1.1429600000000000
9.0453467040299032 6.1123083363721644 8.9527730553576141 0.7575490000000000
3.4145217376010559 8.0157285000710399 2.5099500365769063 0.9069710000000000
6.7364562060777526 3.2202271485050242 9.4274665652026250 0.8680950000000000
2.7120922990943179 8.2021765778818274 5.1842034369801668 1.1361800000000000
8.5482901227643868 8.1346075738306869 4.2356546333868810 1.1472400000000000
9.6690900677031806 1.8317014282190833 0.5510706060761598 0.8403340000000000
2.2906248838720797 0.1457926682638321 1.6788643724069388 1.0459300000000000
4.7405465359040475 2.4342736921284276 4.0214491957812246 1.3029100000000000
5.5992909753556548 0.2744904455460782 7.3605533540101762 0.8596360000000000
8.9060154132098717 6.7581980650072495 4.3313147054194578 1.0549599999999999
5.7260584975360391 7.8250768443018144 0.9410152706058930 0.8188420000000000
0.6359760322374810 5.1736782401454855 5.5723617519223234 0.9913550000000000
5.4809454565895237 7.2074679405589475 2.5799347759445594 0.9494510000000000
3.5159293845250490 8.1092452267886319 7.5737517523471434 0.7817690000000000
0.3919843971667684 2.7125549500229917 3.9405894263400865 1.0569299999999999
0.8078876993282440 1.5508040040246389 8.6537987125555134 0.9759100000000001
9.6239057326321138 0.5818480235138213 9.7134635659159265 0.8887880000000000
4.3222966602229969 4.5611510843263705 7.6270401596069517 0.8211150000000000
7.3946277218065131 3.2260163518574756 5.9436282692986717 1.4668200000000000
8.1619337448578371 2.1932688120958788 8.8737226391717083 1.1306200000000000
8.7640832901702428 7.4417685247573822 3.4423188310519359 0.9123960000000000
1.5302689459055736 8.7283601167701210 8.2708364258730214 1.1458699999999999
1.1007381275299248 4.1473290739363362 8.0753832266526349 0.7665890000000000
6.3845152008631034 2.8571053761647796 0.1500770152316502 0.7665430000000000
7.9798531671731974 1.0857814415267204 0.0910167189895324 1.3555900000000001
0.6024573965782215 8.9743370448786539 9.9001308867057034 0.8443390000000000
3.0194253022567095 0.1540869596195096 7.7056865485881119 0.7764880000000000
0.2930651707923562 1.3864487274618644 5.4668170037587602 0.8073810000000000
7.0596672499845834 1.1296542755610426 1.9111391982050467 0.7719570000000000
9.7354102439762507 4.7062474084065800 7.9120155405991124 0.8546870000000000
5.5535568918855933 1.0837405712093884 1.2650436003135501 0.7239390000000000
7.6142412788068610 4.4494145352688843 6.7805647026596674 1.4220400000000000
7.0822221954206270 3.3776641046341087 2.4946772293468080 0.9307780000000000
2.0513525152828054 3.2322474402453500 5.5901214407888995 1.1655100000000000
3.9681010307594309 1.6300469270580378 4.2240003606284002 0.8330570000000000
4.9795705213671200 7.8740426161249406 3.1338024631249808 0.9521130000000000
7.2315408942175523 2.5045993320269666 9.2405521482937676 0.7622170000000000
2.0370166616843099 9.8310617215092240 5.1827157928091676 0.8208360000000000
1.2607017371448603 3.5442923561672424 2.6514096404924894 0.7855760000000001
4.1669777060141939 0.9282485690701781 4.7195803258293774 0.8337900000000000
2.0717228750114338 4.3456762785729293 5.4410434589161571 0.9615710000000000
5.1749302269864481 0.9904240932067672 2.1420401359274130 1.0512200000000000
5.6334757970861906 5.8547097291249743 0.7145699769324823 0.9205620000000000
2.4902391529564474 0.4809590485660614 4.6811209517933223 0.9459870000000000
9.1207122619680128 6.7398390412363671 5.4817639647302592 1.0124400000000000
1.3256982182738895 7.2455849687068286 2.6665085089329170 1.2930699999999999
5.5347076685905314 5.8129782732465465 3.9525758988344792 1.2520100000000001
9.5337060584670628 2.1439912409639588 4.2879735922245770 0.9732960000000001
2.0204885611688024 6.2262120675122219 5.9119885859823231 0.8443510000000000
8.3954168984230026 5.8381010136216833 9.5292972192171916 0.7602230000000000
5.6806037301677161 8.9127258114461458 8.3374720706363181 1.2015499999999999
5.0726681395264128 0.6844386897635353 8.3985286503874335 1.4133000000000000
4.3626985719377043 8.1388971821510978 2.0254114528193528 1.1082500000000000
1.9547182237178140 6.4801478144996292 0.0186554948330602 0.7527630000000000
9.0910969833430180 2.6163249818674510 5.1064356869618361 0.8472810000000000
2.2571093284811505 9.4326400851445076 2.5639277858052014 1.1440900000000001
2.5006398585310587 8.1452156450915201 4.0986211885827064 0.9723380000000000
3.8819946266755192 6.9947317872462085 8.9658633318469416 1.1259600000000001
5.5739853498195897 1.0511161484890208 9.3725569346021143 0.7533390000000000
9.3337168060685833 5.5451194184797208 8.1836998290027463 0.8825620000000000
3.1334828278747540 1.4758628691027875 5.1072806516700400 1.4547800000000000
7.6975230426701655 3.3362624212086174 4.0090729855010485 0.8849690000000000
8.3537353953214009 5.1160637757873779 0.1548111006036367 1.0669500000000001
5.2508466457391343 6.1643783803141243 6.1856180019445013 1.3236699999999999
1.5775910557923403 4.0380028420058283 6.3670832774558495 0.9145200000000000
8.1814570988224560 8.3145147867396840 1.1501774391785153 0.7314060000000000
2.3731082527260936 4.6726036645279736 4.5896700304112059 0.8274760000000000
0.5579635165300522 8.4278039726117502 0.6176735345868198 0.8829050000000001
9.1924004556816428 7.2611853069923971 8.3038485338514967 0.8076730000000000
3.9168143001954276 3.0375600852835554 5.4910287550360595 0.7262900000000000
4.6615671071461815 7.3721177974681815 8.4020510390439913 0.8626220000000000
3.4073425082228841 6.7184253295672178 1.3675036550581301 0.8884069999999999
1.8069171396651698 9.9731857963826620 0.8522792482496456 0.8076330000000000
5.5380433383995360 8.8843332399140120 9.4275373952962376 0.9144870000000000
9.4527381158103250 7.0348542031013750 9.3019886942263295 1.2125900000000001
8.0521457146870254 1.4759263248867922 6.2351446265139172 0.8376510000000000
6.9511194693008935 4.7372487131240035 7.6941545858619369 0.8174900000000000
0.4867254543328480 3.1203400160810939 2.9686996132153816 0.9122670000000001
6.2262540256381227 0.9880431383644487 7.7320506736247809 1.1062900000000000
8.0902682323359123 0.7330341609519787 3.0357625225432239 0.7569090000000001
4.0408249736179123 9.6311454138456121 4.4348922709875565 1.2491800000000000
3.7793817321303318 0.0889517392268385 3.3982750049236801 0.8059320000000000
5.2684204719079961 4.8803905172413122 1.9500182774117039 0.8957650000000000
6.8244068532352058 2.6027190246913285 7.2053017655012024 1.3984500000000000
6.6509124518423075 3.7255802124743358 6.7806620497478471 0.8909520000000000
0.3547460185406945 1.9214057744103881 4.8036096889412017 0.8327570000000000
3.1027354465814114 0.6633542206897055 9.8664714891946943 1.1949200000000000
1.2845707388837548 8.1621316804460307 3.4145407141061583 0.9661090000000000
0.7040379173254502 1.2470347887808759 2.2892292852726275 1.3028299999999999
6.8975401057083969 8.6652887493225954 3.3701887767491505 1.2314400000000001
9.1734072442617052 7.7925872552944098 6.0723469246604882 0.9875690000000000
4.7050787143396890 5.1960614864668520 8.6232855692174972 1.4641400000000000
1.2786455183161642 2.5325159072264500 8.8839077302909839 1.1636100000000000
4.7507180433724328 0.3253272439690384 7.3995173409061739 0.7242280000000000
4.8748975177690408 7.3372972614592378 1.7716631484395371 0.7796360000000000
1.9881855918467959 3.4052819373388128 1.0222984513466835 1.2714799999999999
3.3357440235047084 7.3839177048634914 1.8990387480494666 0.7538970000000000
7.7045107184248955 2.1387264578288052 9.7454851010234780 0.7327850000000000
6.5239816258591139 0.0424518188982333 4.3162551182124842 0.7962880000000000
7.8508323420982142 3.9733787079419645 2.8084312244229843 0.8999740000000001
7.4462427842678203 7.2144844397240879 8.0548601924662435 0.7525800000000000
8.4058831843551989 7.3788900095173693 5.0497738893348698 1.0099100000000001
5.6101701211632120 1.8651819081055463 3.6352715827079640 0.8251930000000000
8.6705140935390208 3.6084122383718835 1.2942845832714118 0.8867570000000000
1.7001605287630788 6.7659364307392833 1.7396960867566131 0.8454970000000001
0.2962897358066341 1.5174146253823149 7.4927994163108620 1.4419100000000000
0.0683952775349096 0.5541921599161183 8.6015875783552325 1.4182600000000001
2.0305387454862229 7.4308808413539049 3.6095162666206440 0.8558630000000000
0.5153526566042897 4.3030669211404424 6.2953552536143844 1.1866200000000000
0.2312591976162802 1.6091776510476410 3.5734039143596301 1.2046300000000001
6.0414221530373844 9.3193174571073474 6.2458621583240737 0.9970550000000000
0.5319670099536610 7.1123656738886094 8.9680343159959559 0.9672980000000000
1.9243143919510215 6.5458648286699459 8.0473061437125928 1.2417499999999999
4.3952992239133746 4.1029063925404561 8.8085804010164370 0.7261930000000000
2.0954670656054972 7.2974272909041593 6.1865572757627705 1.2888800000000000
7.1759317396475026 8.7541797432336939 4.3977493519543867 0.8288410000000000
1.6706896729990031 5.5142077976357129 4.0486693102149029 0.8070450000000000
2.6551195070209994 1.6484622651328384 9.9290234389163903 0.8701380000000000
4.6931574394331168 2.0868408807047061 9.0060990827534955 0.9519740000000000
4.2692452997401116 0.8860322376071436 0.2368925841555311 1.0559000000000001
5.0304226645362595 7.5831731504040372 6.1273183818504533 0.8249850000000000
9.8354674881070050 4.0468169278433024 8.6460488618748403 0.9809510000000000
1.5152186315292395 1.6373108799242426 9.7795971406153477 1.3129900000000001
9.2706847276894795 8.0180000862260901 9.6487381392303178 0.7226290000000000
9.2256166354456912 3.0633619184761316 6.9561477588887204 0.7809020000000000
9.2403350009610872 5.4465939588232741 6.5261477594715318 0.8525130000000000
4.0785352068341449 5.9608495744638015 6.2566534101843816 0.7244370000000000
0.9129467575340141 2.6115118012105114 9.8618079960998628 0.8536940000000000
8.8220591602300651 2.3733841158020743 6.8067400262446149 0.7647119999999999
9.9521966154309442 2.6599986036362524 4.9750042329402886 0.8215720000000000
1.3710366185680007 0.5691069017289409 9.0395245991674891 1.2063699999999999
3.9548006909829616 5.9002333193107628 3.4105239660534559 0.7903150000000000
0.4644872849143375 8.3375111496853904 8.5159071800831541 1.0923400000000001
5.1441379312644857 6.3207041442264122 2.3485226154341650 0.9016590000000000
0.5761182519897724 6.2887763808358930 2.2779750716003657 1.1677100000000000
6.1236353000259047 9.3836328237701867 2.8584736265544488 1.0315200000000000
3.4588278099906771 8.1205615008691172 1.6595407206761414 0.7386170000000000
4.7642936171543591 2.9048539122398944 8.5551826326875027 0.7610360000000000
6.7645226334834652 5.6476955281046290 3.1650783335777115 1.5788700000000000
3.6381301981973055 2.4106274206126255 5.9165239245424370 0.8305760000000000
2.6451296174954355 5.7335365657139228 2.6116812283101125 0.8317610000000000
3.6577933704649608 2.9818650184975684 1.6111807188937075 1.1553599999999999
0.9945539138312762 0.9432752550937631 5.6777238627017450 0.8187120000000000
5.0902430664146596 8.8637251760448699 2.6242421582649791 1.1707700000000001
6.2369235659682474 4.3706106580531845 9.8890718242076048 0.7416820000000000
1.7926745091225869 8.8805650456736682 5.0420037782197014 1.0837300000000001
1.9998685887913903 6.8859277266220147 4.7656667569247810 1.5646300000000000
6.5734272316248354 2.1289885997686775 3.6714463471204293 0.8619010000000000
9.0882176826479633 5.7165685337381404 3.1108709351508392 0.7569770000000000
7.7026330675450092 5.4999665258203061 7.5864941760634670 1.0108500000000000
8.7291118279079747 5.0327558790415763 7.3680793155923929 1.1994700000000000
8.8657706208273765 0.0058231871843295 3.5957159451450353 1.2195800000000001
9.2124701426302185 3.7732426774364138 7.7221423718273288 1.2217400000000000
4.9423856704486271 7.1698692442625864 7.2567629353309373 1.3455600000000001
0.3923104256784948 4.4710751188400160 4.5353570333837290 0.9240170000000000
7.8545979593934279 7.3635686104036910 7.3383829999722829 0.8584580000000001
1.7947212655666447 3.3262802136203287 2.0693146790559243 0.7659430000000000
2.7361105148616049 4.5540577971084550 3.1723764976814577 1.1897000000000000
5.3438912165528558 5.0144017232003080 5.1849809273933705 1.5537300000000001
8.9400779421027199 8.6957775949990577 3.0157552423094760 1.5470100000000000
6.7558517278773262 9.8350312776557161 3.4989597288755254 0.8771600000000001
5.7270200876312973 1.7952289306828442 8.7005083084383141 1.1372800000000001
1.9117153215394833 9.8233105846317237 8.5934510992785764 0.7634870000000000
5.7512282191006170 3.7091513986610867 7.0749427135399570 0.9303430000000000
6.7179448703771323 0.0637776765023926 6.9495911353567852 1.3245000000000000
2.1436072919342877 5.7870175444798306 0.4424211278861180 0.8526510000000000
1.0454301249959197 3.9676098146612855 5.2586178561904395 1.1427000000000000
3.2237150235069509 6.6270707113612630 4.8214658138652018 0.8149490000000000
4.3509838473706060 2.5633658340296370 6.3332081915440890 0.7803870000000001
6.0790980627304441 6.8144153446286229 5.5571874969997967 1.0226900000000001
4.8494662014380259 0.6952428272596995 6.4061754451038144 1.2981400000000001
3.5080853012440505 5.4864170284616609 6.6314932076224808 0.8157010000000000
8.3662996517951225 9.4119162732488544 1.9964298043486843 1.0919300000000001
8.6958144461533760 0.1403624530738511 9.6375062039205943 1.0899500000000000
4.1115284678535708 4.1945250823091271 1.8036535113170709 1.2647299999999999
0.7660052700051545 5.2384967049586963 9.2902923367914898 1.1894800000000001
1.2262562822106078 0.5515137936384730 0.3096035561907648 1.0761799999999999
4.5170616242242083 6.4188090352504901 1.4329362751975183 1.2203299999999999
7.0100676562848916 1.7722305434641912 8.4092981353351490 1.3971400000000000
5.8282734822509186 3.9765529605347121 4.1192767782811375 1.1391500000000001
0.6598695537456873 4.8140024335861877 7.4130249088902387 1.1673800000000001
7.1775965025923423 7.2655726576781730 9.6613259124972082 1.0686400000000000
1.5731123775999520 5.2587898823092587 8.2402464620211600 1.3581399999999999
9.8941087659513371 7.0007382547444648 3.8045123708314246 1.1472000000000000
3.3389990871116595 4.5301091244493898 4.0031648717014994 0.7881450000000000
9.2878624598302650 1.2155015957552477 8.0473725063663935 0.7551890000000000
4.9789001457781170 4.1893572659713101 2.9930043303042231 1.5740000000000001
3.8762734781468349 2.2822339792539807 8.4589516990951790 0.9768880000000000
5.0016347748155496 9.4328505082980296 6.8891193555496812 1.3154300000000001
2.8915492541386381 8.1065277434819212 6.1460631819695601 0.7598040000000000
7.7051844930272777 6.1129242948351559 3.8185493947030293 0.8048480000000000
2.0673087926653362 0.6094022758809473 9.8155276281810835 0.8010330000000000
3.6548825212236333 6.0396327864911141 7.2729783351317465 0.8415319999999999
7.5700021229550156 5.2765202469640426 1.1088967579367470 1.2913200000000000
1.0151942285111697 3.8547369129231415 9.2436140416733110 1.5231100000000000
3.0765568788610476 3.5024572282558597 7.0794329092041179 0.8146560000000000
2.9830106069013036 1.6639200787158608 8.3889568343863470 1.0962700000000001
4.1036076960499468 8.1353361053756927 3.0884669780810716 0.8097670000000000
6.1067220469932462 3.8157133792558287 9.3277691646811842 0.7980130000000000
3.2555490727440168 7.4683352308790196 6.5163774155968648 0.7978350000000000
0.0245508630887961 4.8150790358869431 2.8240730411125159 0.9717610000000000
3.0676448227201325 7.4244731130971751 4.4305582617659365 0.8298010000000000
0.3886007209905055 5.4961906769003628 8.1945223543494343 0.8823560000000000
5.8379232765122300 4.9303078542256022 3.4689116148391630 0.7370250000000000
4.3129024765662587 1.4108961615871833 2.5063884526128550 0.8026440000000000
5.3994483425591850 3.8590062472911160 8.2829120128903391 1.5074099999999999
9.1166052604463204 1.1702620248511044 0.1858424948833039 0.8448820000000000
3.3427450208439344 8.9950640460872791 3.3758440129927472 1.4652499999999999
7.2913894062091531 2.6103249015133367 3.7443445913943463 0.7952710000000000
9.5490582645676483 5.5746860153170914 2.3504904416489945 0.9728190000000000
2.1163115752028836 3.2833898527958647 8.8222716756109776 0.9127930000000000
5.0866240615524863 1.2934035113018689 4.2592512547738473 1.0351600000000001
7.5793505731290098 1.6762871993173920 3.2272152033473152 1.3067000000000000
3.1842971295345737 6.6348780062680772 8.0032156587830130 1.1863600000000001
6.1110352548541886 2.5266030160906281 1.4916188289722880 0.7392740000000000
7.7989972263798562 7.8436861986331099 3.0640989018775926 1.1894899999999999
9.9050379439053149 9.2415488095409515 0.3633922847091351 0.7727260000000000
5.5133718238386322 8.7257821498928330 4.5412244122825971 1.0052000000000001
9.7340056215879258 6.2190967653908986 6.7714994436247018 0.9721430000000000
1.4286609326224025 0.8188553980394835 7.0324744069176814 1.2686800000000000
1.1047609725943712 2.7716436936680329 4.9029062809233475 1.2498199999999999
8.3861464853540379 3.5858492081178737 4.9829066741151351 1.2794099999999999
0.9821604060033948 8.0302161665735028 7.6511914844716831 0.9384580000000000
6.4813402330145626 7.2493519589756215 3.4586544082481532 1.6066000000000000
9.9037762794838535 6.4704424322530691 8.2678793163454269 1.2200000000000000
0.1597002925482041 4.4830267761086251 1.0375533254227518 0.9061690000000000
2.0142619244798077 4.3951799999897325 7.3187648685418596 1.2101800000000000
1.4184393428186570 8.4304369970457582 2.1414582198150574 0.8450420000000000
4.4791991121160857 3.2956999398023714 4.7513562140249048 0.9216040000000000
7.8675763104830088 3.5593213630914318 1.9348255448162668 0.9562840000000000
5.0452899561428888 0.2846264672249951 9.6349194441809907 1.0934100000000000
5.9748474025540332 9.5714907955617594 5.1410768044501758 1.1802400000000000
4.3468241909677570 6.3775297472731260 8.0972360463881188 1.1158200000000000
2.8151990799839623 3.1826171342973226 9.4909216296056886 0.7289310000000000
3.2366047705133405 7.6851332919604562 3.4745087410907214 1.0760600000000000
2.4095323860150479 2.7720544496497661 4.3225475702751819 1.5037799999999999
7.9958644248080200 7.4077874896694302 0.5128903450215574 0.7573870000000000
4.6153003931537651 1.8615245668009153 5.3907834482879249 1.5424800000000001
6.8974245151525446 2.5957794895539550 2.9768933763151892 0.8677380000000000
9.1236221473203862 6.1703054289457091 1.6065287881912913 0.8991780000000000
0.3350462722633460 9.1870842960076455 6.3923918979597225 1.1540200000000000
9.6784875788079407 4.6651826062246737 6.9333450064001321 0.9317250000000000
2.7883614490726409 6.0834815703643583 5.4003155708292923 0.9169659999999999
6.0929180222394663 3.2988594236820181 4.9375774008948685 0.8151790000000000
4.7210045013456776 2.9863766448972058 3.0913592666442109 0.7577040000000000
2.4207539671715788 5.2540279279973934 6.3547532188912639 1.3459399999999999
2.0260452330322636 8.3633018026096959 5.9987790291265419 0.7605520000000000
6.9873230161814854 0.7748012074390270 0.6176287131840003 0.7525390000000000
3.9666465403410816 6.0075459052151921 9.0130382278926753 0.7685740000000000
4.3901810306285514 5.7938156374316714 5.4990641297508933 0.8875620000000000
5.2422034515702922 7.3623862676478815 9.1751926762741700 0.8427550000000000
1.5743592499353383 1.8826751767202985 6.8310818829032183 0.8219970000000000
3.2084974784364757 6.2529048646173324 8.9524028502330513 0.7629460000000000
9.4420030129758707 3.4831851489080869 9.7392151305044337 1.4084800000000000
8.0744156072358475 0.4450045080136664 6.9282721953791286 0.8765370000000000
5.7249789703926792 8.6426110212145133 3.5298153943656865 0.9941870000000000
6.0404994888144286 4.7611411222487376 2.4436429084585605 0.8675450000000000
2.5185741295912272 7.0493360400757892 7.2407229337320524 0.9130840000000000
5.8214855962658101 2.9409191833697257 3.2928102315308436 1.3871000000000000
7.0276027279335205 1.8042757749872784 5.9150677612571085 1.3047500000000001
1.2419208512931821 7.0562767345730197 9.7554675016204744 1.0651500000000000
7.0798537593827815 6.3172258137597588 9.1299088036858862 0.8637700000000000
7.6591630730121718 5.7298258801606563 9.2694890316548442 0.7264250000000000
9.5395712308347189 8.7005413255440693 5.7788859150610765 0.9516940000000000
8.6322851050480747 9.3865074013076999 5.5494088882246677 1.0053900000000000
5.3664341228055177 5.8760434052009787 7.5278827260908061 1.3299500000000000
9.7287659289531092 3.7738458693079870 2.1386910692782672 1.4974900000000000
6.2919567779044794 7.6025851343022985 2.2200019392133732 0.8534690000000000
0.6838502038087790 4.1435201617581283 2.8157298669329758 0.8196530000000000
7.1747270016292424 2.7083954383873508 0.1046434448608450 0.7786100000000000
5.7151877635744404 6.3493536478870132 3.0331923147917781 0.8149870000000000
5.5637326607965720 9.8218975316605643 8.9582071176725595 0.7599650000000000
4.5485401236115965 9.3971638410426390 8.8548592030434481 1.3714000000000000
3.0091684848252194 3.1061932365550207 6.0608717556114264 0.7562690000000000
7.1461603501512805 8.1989969979068427 2.3256140280214663 0.8175020000000000
7.7485200055270820 4.8285316567991456 9.3453075485704087 0.9534850000000000
5.1695203091204540 4.7620276910511459 7.4936455626331693 0.8472060000000000
2.9629852450980900 8.6102997794179217 1.1962386157681719 0.8652280000000000
7.6743489968147953 4.2415492598468134 3.7047463817230155 0.9325490000000000
4.7900536540891503 1.8927059309614911 7.9444019012388729 1.1118200000000000
8.6537045246338291 3.7482814992454943 3.7262813869815390 1.1827000000000001
1.0094661719245746 4.7047852874614104 0.3865829335962424 1.2012300000000000
3.9429077254121556 4.7399016070347422 0.1413130901719797 0.7982920000000000
3.1415200594696198 7.2268538497455737 5.5751602907763775 1.0466400000000000
9.4862154881911867 2.8098301841518847 1.0562610772667962 1.3121600000000000
2.8514356876105356 6.5527779130731334 0.4780843631516954 1.1540200000000000
8.7534682462304119 2.2541542079623289 0.0231075841398364 1.3502500000000000
9.9270007103086453 9.6126386308269005 3.2453590212693966 1.0593300000000001
9.4561495617339819 5.0823914253803100 3.9692635708939026 1.2561100000000001
1.4660845401394582 9.3708443712453793 1.7680585714375261 1.0164800000000001
7.5772681810362670 9.0565517998587968 5.4505384067067464 1.0054399999999999
8.8353428006427794 4.7020736985140594 2.8366265089408809 1.3262700000000001
9.9979581042853276 3.8364203793706002 7.0545173986092138 0.7574910000000000
6.5814639645545370 3.6302605333401732 0.8638999523600549 0.7385790000000000
9.8192055821160711 8.7975477740268371 1.0176134100578793 0.7417500000000000
3.1135368229460338 5.4127654356447872 0.3439914849397958 1.1060700000000001
6.0602176827085970 4.7259522962594831 9.0372454437716154 1.0408200000000001
6.9843740367490064 4.1507421630986387 1.6118761383095530 1.1815500000000001
3.1811314240710331 1.8033435514626059 4.0154221128779435 0.7316700000000000
4.9312592714669483 8.9813785128980932 1.6121839403533158 0.7727780000000000
9.6945419173986842 2.5329869300458774 2.0952163799046910 0.7943789999999999
4.4934677354606629 4.0537061442139324 5.3976156639927382 0.9489660000000000
3.7874601190021546 2.1540349873343381 3.5673956721335198 0.7858550000000000
0.8207606433887695 5.2561855135611282 4.6312994997831725 0.7867260000000000
6.7477345478930584 2.4931748592333749 0.8380616022132406 0.8812620000000000
5.5171430612470331 2.8694817232547090 9.3833047166641403 1.3494100000000000
4.7001156744274653 8.0884691774697757 4.7533420000750333 0.9594570000000000
0.7982542597836937 6.1625779270235039 7.3268417298049826 1.3412800000000000
9.7306912213663033 1.3164814404793499 4.7070369439481308 0.8373660000000001
4.1077445312794865 6.9604673403858879 2.7112062105220436 1.5474699999999999
9.9904918035650425 4.0947862029930198 5.2946131389990372 0.8752259999999999
3.6625529975418369 6.3284860846613986 5.5012592908424285 0.8329010000000000
2.7572120414393115 9.3038998764676784 6.0140378153789253 1.5174799999999999
3.3061365453798284 0.2907153524584655 1.0359642533328153 1.2025100000000000
4.5964764975883279 3.3322083269239418 1.3305630947849525 0.8341090000000000
3.1582180975184038 3.8830212162717417 2.3924270423451528 0.9504650000000000
7.2465441060155174 6.3459278399106465 8.1916303419698355 0.9618340000000000
7.8445126720633036 1.2041603213869072 8.9822703589146080 0.7990460000000000
0.0259919664990348 7.4952922533315895 8.3300836864961667 0.7640590000000000
4.7341558795938763 6.9695802989267950 4.6145909532342797 0.7902540000000000
8.7160489993430517 1.2463267458897882 5.8146469338238118 0.7395600000000000
0.5369079364513970 6.2923060133303421 6.2794074114825564 0.7447650000000000
9.7186599578079900 5.0126986822046407 5.1090911297087898 1.0035799999999999
5.7989141056425186 7.8642617757229196 6.0442148958023294 0.7574300000000000
6.8079163068073285 4.5453805720915739 3.6845725663550581 0.7606490000000000
2.8725615162166283 8.3864792956305134 9.0181934652450195 0.7718000000000000
7.6375597486710776 9.2046645244832401 1.1876245072127078 0.8405580000000000
6.7486196954060222 5.4310500260116825 9.9207211612383812 1.5084599999999999
8.0028504174439536 4.2010054065591227 1.2256248739002009 0.7757450000000000
4.4805103873619769 7.6795630136122499 9.4147073658875104 0.8109870000000000
4.5584274889443597 8.4006907094440280 7.8416809982405251 1.3605600000000000
6.3186032881357415 1.0545853161187808 3.9092024585737288 1.3117900000000000
8.1176956732251906 5.6907751207146058 6.4019555727869815 1.2627400000000000
1.9554416957738785 3.7811023907313936 4.7558068959166384 0.7650080000000000
4.4011632901047344 4.3567328327527921 4.3152431426190629 1.2232900000000000
9.5073727086478996 7.4403262579226306 0.4647543360861028 1.1629900000000000
4.9046338491647994 2.8405296541688019 7.7030608892963901 0.7653890000000000
4.9537479637156210 3.0634633313479855 6.8162750135067984 0.9863459999999999
3.0592299801675118 3.9107669019068201 8.9194253110068509 1.0827599999999999
1.5386879049588755 3.3882725243042437 8.0768118726911364 0.8741060000000000
8.5454931437194617 8.7697882902810136 8.3586893105463727 0.9736410000000000
4.3972386218843917 1.5335960165423792 3.3961412268178144 0.7633710000000000
5.5438577282832275 7.7725140906009331 8.2522097382671742 1.0145800000000000
9.6270087978912073 7.9787282894233442 1.9848838565316587 1.1191300000000000
2.2772877162933742 8.0435033094477077 1.1096167237460721 0.8379430000000000
4.0504194075108702 0.7477290881043068 5.5967937255173830 0.8941560000000000
1.3226174889206264 6.5725992682421053 6.2224160204172101 0.7529470000000000
0.8242156505992387 9.7822524595106000 5.3253540561840547 1.3797200000000001
7.1749244119090703 5.4965357203141592 6.8206907530381811 0.7598180000000000
6.5782655952798779 8.3372966455790838 1.3976294368933639 1.2877300000000000
7.7816379707529597 0.3360991413739791 9.2043559995217255 0.8901820000000000
5.3458141666270507 2.8976174812694406 1.3253005408866962 0.8023290000000000
3.7382629858186220 8.8446614727087027 6.9033407536258684 1.1824399999999999
5.5374318088984138 8.7628358350427842 0.8722820735272239 0.9916880000000000
1.8643895632234500 2.4492936522249300 1.4471338458508622 0.7353020000000000
8.0164514138837344 2.9088573761789380 3.0462544997260053 1.2266699999999999
0.8299087915974148 9.4986921502111237 8.8264607824099368 1.1294299999999999
1.8566007385735710 6.6346096928285769 0.8567638590740864 0.9008530000000000
4.8383478700966362 8.1124303372684832 1.1061988932365925 0.8125650000000000
4.3896841136260205 1.8544832890735119 1.7628891550894166 0.8666770000000000
8.1118464239785180 5.8739833997544855 2.3175416541152019 1.5107699999999999
5.8856026229800191 0.3557075945647496 5.7838015104548282 0.7788380000000000
0.1850862414820305 5.3472000046108716 0.6981747497083108 0.8757170000000000
3.0680189080763505 4.9471409556133663 2.0176130875910752 1.2104500000000000
0.3441180303423029 3.5554271434165359 4.5543187669285503 0.8409040000000000
8.2071460933636544 7.7280230459779133 9.6397374044867412 0.7853840000000000
0.4394335499672038 9.9608926686993353 9.7843517832912230 1.0374099999999999
4.9892906051281356 8.2631592404211975 8.9432656233555967 0.9359120000000000
6.4250500798178187 6.5656375138635790 2.4359189535491694 0.7675850000000000
4.1465393670994013 0.8299470408206394 1.7105513119689504 1.1191599999999999
7.7068686602624235 8.2030607051836384 4.9199974613061723 0.9485410000000000
2.3935173633276117 0.5532157757383054 2.6345669101021181 0.9535180000000000
9.3811794054543824 4.5510368458822210 0.2219069099349089 0.7926569999999999
3.9862180419082236 1.2915817131846723 8.3776613265833682 0.9516120000000000
7.9259381852343145 8.6845515667224067 3.6872570923140495 0.7595650000000000
9.5970872080119030 4.5406325764255078 9.3715866070328016 0.7685050000000000
5.8449715235530828 6.7860440400949429 1.4791955709862155 1.4288200000000000
4.0292811520788545 8.2166092544841707 1.1286232081161001 0.7294410000000000
7.7215173527729570 2.2190455187745912 0.6120281045905415 0.9343350000000000
2.7938511106694865 1.1330471186278852 4.0636597959712795 0.7526300000000000
9.0272740953362778 9.7715137656985469 6.7527500731596026 1.3953400000000000
8.4137106282151350 2.4941118423673578 4.2219333906103005 1.2862100000000001
3.4565773020274633 1.7598146910971406 0.9119217670518172 1.5753699999999999
6.9382602210891271 4.3745047617412789 5.8103863435762388 0.8461170000000000
8.6614673381779941 2.9667087426393519 6.1040310358480871 0.9954640000000000
5.2180356939510011 3.9070686606111726 6.1764743442421519 1.1149000000000000
7.3058193157913376 7.1016771715168545 2.1282345420443112 1.2870500000000000
8.1539473844952912 2.2061656236546598 5.4370055310683973 1.1729900000000000
1.8707386531178769 4.6533420444688653 3.7923807121632414 0.7943970000000000
4.0118905259082842 6.9798171007818191 0.6966908126557018 0.8064060000000000
7.1245840786009946 3.7032608085532663 7.5452518011620207 0.8362550000000000
1.9125772844926345 2.9595867727590623 9.8357823802456608 1.1724500000000000
7.1195986902417054 5.1017426708343061 2.1072378041951638 0.8164020000000000
1.3713455016514235 4.6145532479603535 4.5177294834499193 0.8468800000000000
5.7594196505114903 1.0380932285209310 4.8544284120658689 0.7651790000000001
0.2485497243760404 3.2606569782903643 6.5466006805805970 0.7749340000000000
2.9065750374702737 5.1490578487630465 5.2307550957320750 0.9275080000000000
2.3601953338564932 2.1933943914035967 9.1207808877981851 1.0142700000000000
1.5882851900229253 0.0134763302943678 4.2802146543134469 1.1327100000000001
4.7577299079704947 1.2402013687012445 9.4270475434826935 0.8659370000000000
3.9205939505364769 4.3063367480773778 9.4474351437095159 0.7777190000000000
4.7002148979205458 2.3281453433864221 1.1062954919662917 0.7872990000000000
4.7232402719661808 2.6612679587030423 1.8780165215415183 0.8262720000000000
5.7315568034449749 0.1210531574072074 6.5248513685194460 0.7416270000000000
0.9455868260433206 6.2115773406584323 8.4799446174849624 0.8880960000000000
9.4693430161745304 3.9148260648366393 0.8426270042540439 0.8559870000000001
8.9288653507717868 3.7485754829113564 8.7363060809629260 0.7993890000000000
5.3245489495152585 3.7415735304171496 5.0298737372732223 0.9014030000000000
1.1876784251244412 1.2003797362067528 3.6984105239444669 0.7989560000000000
1.0635713460144534 2.5731189028023742 7.6734325706190001 1.0841000000000001
5.9178383523263172 2.7500919664147414 6.0072460886991248 1.5104400000000000
2.8689323393408421 9.4878850101294621 7.2146235408216297 0.8332650000000000
0.2661367411844349 7.2829291626703334 2.3574790763051205 0.8369280000000000
8.0766029379521402 6.1503473880014292 5.0964059384244464 1.4075599999999999
0.5876347577020472 3.4846666023824211 0.6093428427820730 1.3218500000000000
7.8790855003871316 2.3301347633792520 7.9164637518451704 0.7916080000000000
6.4684636084071547 8.0078253241267454 8.1312004900667620 0.8328470000000000
6.4255661162132656 3.4140259992278783 7.9065703628102240 0.7679859999999999
0.5439402294639356 0.9413226891216792 9.6322303415350117 0.8771090000000000
0.6502679380339967 2.4312777458855219 6.6839716737972799 0.9998120000000000
9.6365198666555969 4.8216778722237308 6.0374607989713276 0.8196059999999999
6.5256935349594745 0.8341302475474720 6.2352275531801276 0.7240510000000000
9.0244860100626703 4.4146144711496742 5.4794262055864325 0.9000270000000000
1.7095011247809773 9.9307331046590530 3.2718001441600126 0.7692300000000000
8.8552102923527212 8.9052687542824245 7.4924428417864908 0.8106110000000000
3.5848578619759164 5.5824088243327799 8.1099907388277739 0.9582090000000000
1.4010585301711780 8.4848731989516448 1.1554127233833560 1.0454500000000000
2.5783033109052238 7.4468780274839119 8.0219247550141901 0.7657460000000000
7.8121915852273078 6.3837445010926395 0.2387671119826254 1.2998300000000000
7.8631552757768990 1.1050703536749904 5.3349846552740345 1.0269100000000000
2.5217575965703558 5.8142680955203643 8.6479369765108771 0.8965290000000000
6.3380312424895360 5.0335747408722922 4.2814972664043438 0.9605160000000000
5.5845164993852539 4.0282079555813297 1.1534336350712873 1.3549199999999999
0.8111335870058211 0.3662613160361858 3.2471928547336040 1.1450300000000000
6.0469600040652107 4.9615776740534079 7.9907472291119337 1.0188900000000001
9.9039238181207150 6.5702416622573026 4.8622457749136654 0.9122700000000000
1.7817041955787778 5.4513212188025468 5.1415310597424844 1.3122100000000001
5.1168402293133619 9.6539179075741419 7.9343575873710162 0.7554660000000000
9.7607940793219363 1.5584612019383288 9.6890382488873179 0.8167960000000000
3.3803478803303926 6.1546491783528161 2.1131588724773209 0.8409010000000000
3.9138047468481707 6.1680297669991475 0.5190586857791459 0.8073870000000000
9.0177140094356503 2.0205873233628893 6.0392168276170350 0.8865400000000000
5.1968132313577335 6.9924581108141668 3.5088540647629918 0.9196270000000000
2.3160372943532854 3.3898525031008040 2.9654798549548063 1.2292799999999999
4.1773319118141377 6.9565763116436869 6.1975087091972023 1.2078500000000001
0.9575773408098137 3.6592873442686540 7.2197132231094479 1.1460600000000001
1.2735903124413543 3.6519805951484234 3.8265936983778368 1.4269600000000000
9.9326003298208896 1.7154074507029056 6.2800464113912993 1.0145200000000001
1.8697899363121653 7.7212764471889912 1.8460519833949927 0.7920380000000000
8.2813533587201462 1.3880223802353624 4.5182214401967489 0.7586210000000000
7.2856178317332931 9.4584728367419810 4.0186514922920109 0.7253120000000000
6.2257305108109451 1.6699936543226932 2.6258251005651774 1.4382200000000001
6.4846036248504797 2.5453266654863627 9.0010540217361008 0.7242729999999999
1.1243968233668560 7.2559427247967871 3.8348162105635439 0.9734880000000000
6.0164673567346076 5.8969123671850099 2.2159701168195296 0.7825140000000000
8.9564416794984432 1.6872572738974652 4.9597188006913200 0.8849060000000000
6.6985633640878213 9.4365864315120582 9.2223501142535209 1.5865899999999999
0.7333695079414917 0.9328227589516102 4.6121997019876799 1.2352399999999999
2.6503262682793238 5.9661954061205158 9.5724513867799281 0.9251810000000000
6.6612324374103542 5.7453570924428945 7.5733914433733949 1.0460400000000001
0.7222497591301423 7.4613267851313729 0.6060177249461661 0.9666530000000000
0.4556001327099983 7.9526500873267381 4.1667207140283482 0.9748170000000000
8.6940764418638850 0.0471680037164652 8.1951784203448561 1.5087600000000001
7.1354776320847808 6.2734859857031271 5.9736840894000816 1.0627500000000001
2.6944623188984838 7.8845227491684078 1.8251287515562062 0.7877430000000000
1.9551683386429528 6.2717757483879844 6.8920656941393084 1.0481199999999999
1.3304737387931029 4.8108150108316838 6.6729392381652879 0.7572680000000001
0.0033757854687892 7.3356878547369559 7.2168123207571577 1.3975500000000001
8.5507956041899416 5.8028187538270908 4.0117373855449650 0.9690460000000000
1.1467370508459755 1.5993174145009508 1.0761562291909068 1.2783400000000000
3.5857975482861004 8.9933597761276509 5.1147628160886489 0.7365670000000000
0.1928754374223780 5.7421876304052999 4.8198662022440661 0.7649740000000000
9.2956803003541708 6.7319182737355447 2.6400915827061024 1.3768600000000000
9.5590235007039315 7.9826203410029848 3.8039775530722877 0.8245290000000000
7.6490322990604325 0.5315815070891170 4.0793439287568081 1.4444900000000001
4.0718778696924618 2.8027238901794336 0.6819232894480964 0.7961740000000000
7.5489686627343273 5.1803641414375443 4.2927571533804620 1.2176199999999999
1.5865876226826141 7.5012205468677688 1.0017768795316584 0.8581850000000000
0.3671267451616534 5.8510046775406863 0.0320861524301836 0.7543160000000000
2.6829019485708039 9.9169421255368206 8.3931725335217475 0.7435250000000000
5.0737725123264719 0.0345932892581850 0.9959292206960911 1.5561199999999999
6.1164698873450503 4.8987991382504301 6.6295120260476432 1.6069599999999999
6.3535075887114472 3.3404727372768606 8.6971987036080449 0.7237940000000000
8.9077603610634544 5.3834201292201822 5.6106155081485296 0.9630760000000000
7.6325893337009409 8.1160629914995788 5.8545881213824362 0.7922120000000000
1.6939598045613038 6.0922442794729257 2.4164905858714985 0.9848380000000000
8.5692371212180181 8.4782164367229225 9.7203432934615606 0.8181000000000000
7.5780716193757831 8.5622765327748454 1.7194858919457507 0.7525579999999999
1.6875955296485019 6.1001054847019534 9.1829307081371319 1.0887300000000000
4.7892519637260405 7.1458095627159031 9.9345886880151806 0.7424140000000000
6.3454614140525631 6.2376735964250454 6.6661630192963575 0.9572380000000000
6.7607240433624769 5.1022586821738241 5.2263962792672345 0.9725570000000000
1.4687237963490771 7.2474408272324764 7.2037749032104532 1.0150300000000001
1.1599469689276105 0.9411658250642079 8.0471490433633619 0.7484790000000000
6.6074180252772194 9.6176159249757642 0.7788668997406110 1.4381800000000000
1.1170880546050397 4.2188764539354739 1.7405220896848570 1.4109600000000000
1.9539009799285438 1.3059059114452762 5.9533633768645533 1.2268699999999999
4.3078424929995887 3.2736060885166158 2.4050381290462268 0.8833980000000000
1.3919574211678249 6.9401960805750571 8.8369897359479985 0.7423300000000000
3.1340244019071481 0.6645564041518552 8.7204635429850974 0.9443920000000000
9.6463000313489626 2.0419228826983611 5.4298520575522007 0.7660540000000000
7.1405322336942936 5.2837409389256056 8.5411246421098124 1.1509199999999999
5.3298972567299892 1.8842031768488670 1.6019725363480304 0.9711109999999999
6.2645141879738819 0.7946714109263657 8.8287854780130903 1.0015300000000000
8.3511756257004635 6.0465932695080227 1.1797087016348680 0.7456690000000000
4.7387154954472095 3.0897931445821438 5.7200099420446477 0.9100890000000000
8.1557843380325714 7.0563068644761806 6.2276920218949314 1.3901500000000000
7.3433714509940140 1.4347651166826010 0.9763254204986610 0.8502110000000001
2.9885309995658527 2.1872199221158755 2.0923094445449730 0.8747050000000000
0.0879737777489279 7.9205109922451618 1.1014265884809062 0.7354470000000000
2.5429273083480952 0.0018036438250829 0.4217736790272096 0.7595720000000000
2.3688647541674266 8.1966310285056103 8.4208122321945620 0.7699240000000001
3.9689573088791716 6.2515927068625645 4.6415577689539695 0.7983930000000000
8.3984315831176986 3.9174423260107125 6.0528940149087909 0.8694380000000000
4.0568806101840309 0.5659426762942766 9.1911331761313608 1.0604700000000000
3.0457146567896745 6.4357345047676073 6.4545035220466271 1.2369100000000000
3.4963901292550106 8.9199647465691978 9.3658630074373548 0.9281320000000000
3.6991614629906580 4.6277162245827199 8.2536594139928265 0.8603820000000000
4.9371989469190360 9.2697295242642177 9.9123579303422993 0.7407780000000000
0.3927467600261331 8.4111741303989671 7.0567462755994832 0.8190660000000000
2.4125655517355309 4.0158951256087283 4.0224831608780480 0.8362120000000000
8.5662510902713223 4.0850462734009501 0.4263535794776565 1.0217600000000000
3.0089191335856889 2.8529495192736003 8.6381994558390254 0.9975530000000000
8.6825238476077278 6.4461247295297710 7.5182248917277157 1.5434500000000000
2.3432277848701122 1.7643911049959471 1.5511220572264093 0.8886500000000001
1.4426876274124147 8.1512949989774608 0.0725322350363600 1.1317200000000001
2.3266720011827005 1.5784964974720757 2.5041218917451173 0.9815950000000000
4.2890366673187277 5.4538843988439778 2.3889555364006605 1.4346200000000000
0.4701306570169506 7.5640621287540624 3.2338149452970355 0.7520019999999999
6.1993763946928864 4.2599475303520613 3.2284872815283610 0.7975920000000000
3.1678756698434944 2.9883885079501438 2.4863306245592782 0.7771610000000000
0.4639259642837422 1.6578481508395433 0.1978851518176531 0.8680760000000000
1.4064125150596880 2.2934397799726094 6.0109274764158807 0.9474760000000000
6.9952736163827289 9.5433150599728034 4.8271704464827963 0.8369240000000000
6.2579960417196725 5.1983536138216024 1.4262675752370886 1.2999499999999999
7.9383598554415196 4.7619837936589597 5.4553608643706006 1.2748800000000000
0.8260379799468700 7.6827177872342629 1.6338292029212520 1.0677600000000000
9.9147615895492027 3.9121962749056856 3.5664849589709049 1.2859499999999999
1.4495152605959623 8.0539469019473735 4.4231337897788396 1.0109699999999999
7.2998046036817010 7.2304118531773645 5.2214974850116613 1.1658100000000000
9.2950400775686646 6.2537208752083977 3.6230943855761026 0.7280110000000000
6.9737373398843943 4.1928901149279767 9.3410837349050713 0.9657130000000000
7.5020805305967952 8.1567246075960398 8.7128120597304317 1.4551000000000001
0.2285892422946918 3.9964973357044871 7.8082308192236107 0.7699980000000000
3.7910829954196563 4.3929924832949157 2.8210832660897602 0.7735230000000000
3.5344632071872399 4.6924469732147598 0.9514005690223820 0.8753510000000000
4.6357165300089358 7.4037934979069382 5.3750270827853601 0.7912709999999999
1.0238508665814274 6.5959426666848859 0.5858550675064885 0.7874070000000000
5.6037592551576569 2.2366012239654594 0.6642127593699970 1.0230200000000000
8.6481389634877743 7.6488137729164478 2.5234728253699061 0.7422990000000000
3.9596082150170888 9.7140303236286059 0.0694247098438849 1.3026400000000000
9.1748341043797517 9.8547603895265823 2.5632824994295875 0.8774500000000000
3.9803601529098342 7.7475312949686375 6.9238295543759296 0.8929140000000000
0.1911074512970367 8.5663312350967775 3.4040191195039240 0.9790950000000000
5.4691191169628715 5.4499534666815048 2.8332636666693278 0.9971400000000000
2.4628214553919103 7.1448439075075605 1.4009948515881363 0.9136919999999999
8.3286023977268826 5.5267482140617279 8.5438882424620388 1.1705500000000000
1.7478850428912749 9.4422334195873248 9.8053207205450974 1.4517000000000000
5.8001878617089240 1.9943115404596434 7.6131466362531572 0.9446960000000000
7.9461321249346692 8.5040815560319860 7.4999045045015853 1.1011500000000001
0.3017969827249490 7.9683263514898046 9.6689186339811126 1.2094400000000001
8.6306667966832915 4.4047634810720151 9.3284683054667088 0.8899540000000000
3.3761010041472796 2.6879730798745154 6.7796386083258442 0.9270929999999999
9.5518499406080828 2.3005354251268479 9.1206288445682713 0.9752400000000000
0.6434161085542189 8.3362561878488854 5.3559914943112625 1.4253899999999999
3.6038087264022169 1.5681776283247708 2.1093950472832703 0.7619880000000000
5.3239111707193585 5.7457425447396711 1.6754879448241917 0.8363890000000000
8.6790344195881080 8.3807109040987875 1.8224701327812465 0.8846270000000001
1.8557709353059946 6.4322613232044699 3.4567740676538139 1.1205300000000000
6.1298382113013048 8.7611354939851953 0.1183770627191483 0.8360720000000000
4.4101905879729868 8.5582147761639433 9.6937313109512733 0.8309540000000000
8.7149142541903650 4.7380642853819781 6.3091129376753354 0.8973310000000000
5.9612574108770842 9.4020845785982576 7.4335918165734318 0.7653550000000000
7.8316315450068261 8.7121819508885050 2.4853831887562201 0.8225390000000000
1.9101212793325213 4.1541182515705737 8.4325210650539351 0.8709730000000000
2.2879500513602844 7.4435085780039918 0.4676527243043071 0.8430350000000000
3.3927635568290220 9.9702502653251290 2.3036379201179731 1.3244000000000000
8.6068632703247250 8.0103538511129404 0.4849663365913402 0.8879620000000000
2.5384937851903033 1.7005883381217317 7.2515750848930347 1.2246200000000000
0.5193912026564694 0.3697792949605575 7.5192854809261700 0.7252210000000000
8.7538267221111408 7.9472984397589279 8.9203128710496333 0.9861550000000000
1.4678274638947870 0.2410785003494899 2.3760861208593429 0.9531840000000000
1.6400223941713639 0.6224917077160751 5.1552929757680346 0.8866130000000000
4.4558283016728906 6.4872721458195066 3.8915210389633210 0.9527050000000000
0.6188451093343084 7.1956535466279608 4.7870052879859761 0.9225040000000000
1.7960950391195960 3.9887973275851265 0.1482429312979177 0.7597739999999999
0.0215904292728257 2.4762017220068939 0.0273157967187017 0.8994259999999999
1.9606086856884721 8.4062929074593562 9.1877196450965002 0.9016290000000000
3.4206056174190742 4.6931391862447835 6.0621238510934106 0.9085210000000000
0.8677746872900937 7.1076596723377188 6.5378917819923119 0.7307790000000000
6.0983513215886527 3.7339374450734115 2.2928768026704232 1.1177900000000001
9.6789990242186175 0.4662606595242027 7.4733381970650585 0.8791610000000000
5.6720667794491799 7.1472367294964405 6.4255004971985459 0.7573220000000001
1.3874460797795931 4.7418472764749273 5.8763439935534869 0.7766760000000000
6.6163385843843301 3.1668434107503498 1.5492576482422717 0.8263140000000000
4.2410238072697197 2.4907914320508207 7.1987560557807306 0.9038890000000001
3.5554096637754191 6.8329132871732119 3.9574958818446717 0.9078310000000001
2.4400330766046734 0.1860502021917491 9.1524493021628501 0.8755030000000000
9.6546953726669464 3.1130575247249110 8.6322314568278955 0.8518460000000000
1.4500175797195833 9.1144933655191256 6.1845823546414618 1.0381300000000000
5.8998445628398075 0.8662555800123338 6.7907798015376200 0.8039809999999999
3.6972210289735608 2.5939758744617061 4.6813389841337747 1.0912100000000000
9.3609193224985638 2.6822718141513326 3.1796231210090746 1.4119299999999999
4.5402206862487313 4.9748745201863152 6.5261581727503781 1.4152400000000001
5.8299619610166156 8.2995124592031271 7.1259606024270097 1.4304600000000001
1.1857858444059071 8.0796681237544750 6.5302457685841739 1.1181500000000000
5.0714072971239510 1.9216490427496065 6.7729472279415441 1.2034400000000001
9.8323840773374229 5.9265954525140065 5.7059076627405458 1.1126400000000001
9.4178120748279905 3.7858642310823232 6.2529432650896482 1.1497299999999999
7.5749302948740640 6.3745325057545719 1.3309882005204416 0.8524590000000000
4.8545652285925742 6.4114410716984578 9.1506925906986343 1.0805899999999999
3.6715784521584314 8.6699403398646560 0.4001038562151198 0.8659380000000000
4.3117026111538292 5.5051881885337171 7.5355454503093720 0.8252720000000000
9.4130697459359194 9.0679419914796302 1.8087718892515900 1.0473200000000000
4.7255619275715990 5.2995469927710026 3.4730766656952707 0.8096640000000001
9.6789831145502792 7.7357758203326350 2.9617005026147787 0.7862060000000000
5.3112850149362956 1.1564587568372517 0.2418287949085260 1.0095900000000000
0.4930316166158616 2.3131136754145509 5.7176997843710318 0.9013000000000000
5.8022680174011354 8.0769589516739941 2.7825271085003003 0.8154490000000000
