0.6035208552599488 3.3272758569628582 8.2440508872765097 0.8716990000000000
5.2724562090982481 1.0735528380322843 3.1911341260477988 1.0249800000000000
8.2899367633176997 3.0776369414809079 8.3213252416285357 0.8325650000000000
1.2941732060664406 5.7108171537835952 6.2267809028116421 1.0000000000000000
5.8855330698180488 9.2549553657163965 1.7904373054002589 1.0761799999999999
3.8624845491299480 0.2272018076769383 8.1897118508165256 1.0326299999999999
8.5766933661035747 3.1747999304997525 0.5374620665914170 0.7333850000000000
9.2573493902472634 0.6320729373589141 6.0009707076771370 0.7532870000000000
5.3781378976570231 9.8695460666819130 3.8479148131189440 1.5839300000000001
0.8832277826589517 1.5728904131977413 6.2092723207029428 0.8803510000000000
0.8846156505830299 6.1736362567142811 4.1590412709196860 1.2328399999999999
5.0459746987856535 7.2020117411734610 0.7602194696367169 0.9297310000000000
9.3601093456048350 8.2450364313417825 7.9582125946723021 1.1020600000000000
8.1186452557190290 6.8456553279473455 8.8372361223078428 1.4360100000000000
6.8876580013533273 6.0549132952006772 1.9496104313156177 0.9246000000000000
8.9150603900015817 1.3408913753464584 3.5925967326794899 1.3934599999999999
6.2741850991933985 7.9903260076533815 9.2117749813886611 1.2147900000000000
7.5390854169778008 8.1287252990879963 3.9163966450240495 0.7414600000000000
4.6517286434594860 8.7693960830844180 0.5508071723443930 0.8806400000000000
7.9929688715587384 7.9574960832142816 2.0870586918716101 0.7325990000000000
3.6742653746921050 3.4051877564043762 3.5580011336096984 1.5795999999999999
7.2664527529748764 1.2700480815565318 7.1343224218761705 1.3024000000000000
9.3102291955460714 6.9740440144468305 6.4323233675848890 0.7808060000000000
7.0612423901358961 7.8505518207739424 4.4699502517006389 0.7428280000000000
4.2656409081621494 6.6892112218606545 9.7840029099767030 0.7232210000000000
4.9669151816578445 3.1451443919769524 0.4490563305138647 1.0294500000000000
3.2469033678451646 3.8509511377115246 5.0733388578465073 1.5605100000000001
4.7708660123770805 8.2212038686681002 6.6892848204072504 0.9233570000000000
0.3076872338050319 2.2601357540814648 2.6846385391600571 0.8079190000000001
7.9312734004349226 4.2150397449801300 8.2275747563574875 1.4830900000000000
5.3251984118247924 8.0411954666150702 0.0283529797436391 1.1784300000000001
2.2613012478779790 8.2206723327182765 2.7724522059285315 1.3167000000000000
8.7412967362265661 1.5594219566892304 1.3367741050448798 1.5518200000000000
1.5327317183883447 1.7028384989002852 7.8170191661610184 0.9038720000000000
8.1226738514888730 1.9663118018571395 7.2681991822018137 0.7494750000000000
7.7604007273266111 9.2985302133698706 8.2818866114917356 0.8240830000000000
8.1720203407826215 9.3023509449353945 4.4639636710080826 1.1501600000000001
1.1838487279721865 0.4923308309191631 1.4312086731451599 1.0325000000000000
4.9850315888155317 0.4273339725329725 5.1134565823746252 1.1883699999999999
3.2947490856296895 4.5789628697033757 7.2297789080120731 1.3031100000000000
2.2363755494203139 0.7870741748783118 8.0839989425359882 1.2419000000000000
0.5586998531940789 4.5998254884869407 8.3986947444517632 0.8364150000000000
9.0648253922963082 5.3382057538965961 9.3244365737603978 0.9686080000000000
0.0862588623691582 9.3611875994852607 7.7392973166099477 1.4702700000000000
2.8215102458131827 6.8236084585479677 3.6375748975306434 0.7363520000000000
0.0243457093920556 5.8331872169114396 1.4714485236707344 0.9210240000000000
5.5193514243455093 8.1380020917957232 1.8224910741148528 1.0628000000000000
6.8775928106596407 3.7302152504442567 0.0512842470005508 0.7834010000000000
9.4515313631221538 3.3882466423669535 5.3033282245870783 0.7967270000000000
9.9121308488456723 5.9581009168217793 9.2337634828454611 0.9649090000000000
3.0532449584214079 9.3251265047636824 0.6094684356916995 0.8978220000000000
1.9013501960423778 1.4755460827291125 4.4790067978119499 1.2358800000000001
0.8372229218863451 6.7877918920135079 1.2436349792104593 0.7485540000000001
9.5183506141745173 7.6556937118842532 4.8695010370688054 1.2696600000000000
3.5784691739005039 6.1927417351121061 9.6950008557757261 0.8473619999999999
1.2051586290556036 5.6952060281906673 1.3000944076746523 1.3563400000000001
5.3170769798312865 9.7670132479095226 5.8728009291079033 0.7740260000000000
3.3674961670922086 5.1772343499909290 9.1666130038590321 1.2693300000000001
0.6466149233096226 6.6940500799112534 3.2852594411102141 0.7825130000000000
3.9149480642700589 3.4577662443057617 7.9376879209098918 1.5095499999999999
7.1328938076664832 5.2357525273272296 6.0220832230632499 0.7896450000000000
6.9719247093070171 4.3772203559685492 2.7168268119865311 0.9843780000000000
6.2340649245800455 5.8060306371046844 5.6966638552622273 0.9258729999999999
7.1192644321136651 0.8972448067916258 9.0848999238549304 0.7232970000000000
9.6471933732710244 8.4789842260090769 0.2565504491386881 0.8435110000000000
7.2504647523956534 3.0459218378691899 8.3611333978088016 1.1584600000000000
3.8698643621105417 5.0365275986599558 3.4401793159859824 0.8996970000000000
4.0017683435392071 7.3365744797649093 7.8228308037981158 0.8425270000000000
4.7037386685279419 1.4219253059565171 1.0765149964048997 0.9174840000000000
4.6044799972162007 8.6786263435751785 3.8200528792290882 1.1644600000000001
7.7323825578094301 4.8644106538743275 2.9219628130820818 0.8088959999999999
9.7954174507258607 1.6452591569981752 8.5859239084457517 0.7528510000000000
8.8998016767099219 2.9220866313802105 8.8949761335358826 0.7855410000000000
7.3827155315168476 6.5087760611223411 7.1144498719556735 1.1125000000000000
0.0236537457980996 0.7567918946739501 0.8409583395727761 1.4649399999999999
2.3434940825511417 1.5559376643308573 3.4864689646786533 0.8642580000000000
2.9235466987583885 5.6987554890060155 4.0629320766512231 1.5768700000000000
6.6494629341452614 4.4509573630946315 0.6223343317132972 0.8627400000000000
9.2230034208947007 6.1476877898155582 0.3956980109291561 1.4853400000000001
1.3140876800517012 9.9247175106218961 7.8762157112612110 1.1174599999999999
9.5922684641320384 9.0809187954037469 4.5140677991179299 1.5995900000000001
3.0828989673484961 8.8569159223300247 2.1149975585955376 0.9159700000000000
8.9473393016328533 0.4832214172530058 4.9105599349316016 1.4693099999999999
2.5146428236918785 0.4666919827380095 5.5569715248659310 0.8431120000000000
0.9295984952874780 7.1717009360554762 8.1139015570770905 0.9215560000000000
1.5620052139487683 4.4133240201253958 2.8636404868666379 0.9999960000000000
2.8751744756778232 2.7500473227990119 5.3910994929882765 0.7612930000000000
2.1090922420078710 2.4640578558190134 8.0834128043132925 0.9994410000000000
1.1111677887884506 9.8481306734662581 6.8251890262076103 0.8092210000000000
5.5585730377080509 7.6872619942517426 5.1534052907784700 1.0126700000000000
8.7703588272812283 9.2070619453379976 0.6277443786574757 1.4738500000000001
2.5838443557174329 3.5557241622503635 7.9414183362125579 1.0787000000000000
2.6683979597935745 4.7582650697546436 8.2573302625592486 1.0420100000000001
3.6150923616142250 4.9370395027655913 4.6911334899174184 0.7430530000000000
8.6516583859939349 7.1248616064221801 0.0312540786350436 0.8295570000000000
5.4571619015479254 5.5397409002360414 9.6962959312251336 1.1186499999999999
1.6071436351319597 1.1154308724379365 2.9546155436660282 0.8784620000000000
0.3159359288503925 5.4105532959226892 6.5138375251367346 0.9858310000000000
2.8946258865713421 2.3528257865419508 3.1139737384542592 1.1178699999999999
0.2603911777267635 2.4049239352460199 8.3941659281111285 1.0058400000000001
1.4539661200393190 2.3350849197249293 3.1340113721772060 1.5428599999999999
7.9762495092956627 3.3772416559227030 9.5026155580036278 1.4896300000000000
9.0996797142309713 2.3230473657885584 7.9207013691191674 1.4336300000000000
5.9846072914009030 3.5928844288332322 0.0946773863230233 0.8150690000000000
0.7984190782313321 6.2835295552978128 9.4116285796501202 0.8218720000000000
6.4310485594035010 9.2289451384747814 4.1947418870678126 0.8638140000000000
3.7260374031406616 1.6765154081554479 9.3943562375946232 1.2296400000000001
1.7100658070270254 0.1636495628936106 6.1541346823958261 1.0271200000000000
9.8625551497376254 0.5623803262423562 3.9563463543016164 1.0249500000000000
7.1069213884127711 7.9070398157355015 7.4920824205513927 0.9173420000000000
2.6984400273106348 2.1935052815082536 6.1433057754391607 1.0424700000000000
9.7877679260149311 9.6229025376795914 1.0771367206929621 0.8140840000000000
9.0433529420391849 0.1455766938589917 1.5927392863064826 1.0661300000000000
7.4415033892972184 0.6304047332485723 6.1512459411401839 0.9769600000000001
8.5031379962719456 1.9135133843389109 2.5650843372133663 0.9730700000000000
7.8433554597121384 1.1875445922637169 2.2501829860390870 0.9156090000000000
6.3714418886503967 8.6627545789442149 2.4036252402771647 0.7987020000000000
5.6676646892541189 6.8887820578215218 4.4665525861315443 0.9779220000000000
6.7795684132700416 6.1228414361736974 0.8834253230890386 0.9200390000000001
3.8943155253331079 9.2079462699968531 1.3027591390071112 1.2387200000000000
4.3360615278471011 5.5588781068521973 9.7611040789852339 1.0658500000000000
0.5459444680268950 9.8659410924176640 4.1327048760220357 0.9031470000000000
5.8895453273375660 2.1291170652142690 4.7034537213431387 1.3108100000000000
2.0679131952537588 4.9152732991560280 9.5576855330581463 1.3962399999999999
1.7696156130796170 5.4257400458382206 7.1640134039477763 0.7861230000000000
4.4589845019458236 6.6874496657652722 5.2429068783341837 0.7388749999999999
6.4112612820065600 4.1599159999807815 7.5576114374188741 0.7366580000000000
4.8861418420084854 6.3022041676471661 0.2729826400008029 0.9867700000000000
5.4861559781558968 2.6375162397065557 8.2988262615648445 0.8003870000000000
7.0359956476246053 7.2318962048266213 0.8122889618414539 1.2392500000000000
8.2234869117338931 6.9971525553290856 2.5135149645656423 0.7457120000000000
6.7326281494290869 0.7360935137654748 5.2265268187732188 1.3020200000000000
1.3348542936226131 2.6613939816380570 0.7234266486187615 0.8412800000000000
7.6204605729914254 7.8782225286021026 1.3567262705605745 0.7669780000000000
0.8827509423888553 6.2722440066852894 5.3850407506384492 1.1242399999999999
1.5306865831896084 1.9368605502068834 2.0082817727661024 0.7509610000000000
9.6683797376779381 9.7606854334302930 5.6764344554045261 1.0004700000000000
5.2257301535537977 6.8035300830362120 5.2665790181766532 0.7760560000000000
4.7014995102626509 5.1595635741861283 0.9134035528987525 1.4064300000000001
6.8101343979268760 7.4368735566926478 6.4191811130686105 1.3967400000000001
6.9259606076277924 7.1338166118848978 8.6541669732946680 0.9085420000000000
8.8356747488794607 0.4347642822201522 0.6360133919773460 0.9132050000000000
6.4342953099135531 2.7801905931964725 2.3261168394288205 0.7487770000000000
2.3974135694811958 1.1538960385135153 9.1765342827894223 0.9613540000000000
6.6143759013740926 2.9462646712508174 4.2538302728807880 0.9718430000000000
0.0643327191071685 1.8902057524871310 1.4066520612798974 0.9413440000000000
3.0863697798461849 3.9483935549358287 1.2857316177094675 1.0193800000000000
6.8285859733720260 9.0699164298239960 7.8341727471356331 1.2287600000000001
5.3273368633901992 9.9878006162901638 2.4834097344009085 1.0022100000000000
9.8983676982969335 6.9173613062851604 1.4864164301763108 1.1608900000000000
4.9325018497496895 9.3827677367614353 4.8948508190344731 0.7540790000000001
3.9975852673378154 3.0749297477479476 9.4669000440129611 1.5465199999999999
7.0045435929946507 0.4858538515747094 9.8726835862955618 0.8615140000000000
8.0892831333839119 0.1861654944981497 2.4272490262205362 0.7810080000000000
0.2540414661846825 9.9607856964763659 2.0377143604233714 1.3652200000000001
2.6796503600971384 5.6443972923165351 7.5060529968576395 1.1532100000000001
9.7391606728695201 0.6748187850221158 2.9123451422218332 1.0382100000000001
2.7095553260038954 2.6445059559552022 1.3713494993297002 0.8213780000000001
6.0413558371864529 7.0793751170138659 8.7481104561644329 0.8187489999999999
9.8669423248057733 5.5779537844025811 7.4344485053317646 0.8670660000000000
7.1289162342253070 8.7873452749495549 6.5829922849723994 1.3210400000000000
0.3653868142119935 2.8572172442291328 9.3012859495949094 0.8430839999999999
7.8048833308830368 7.1032697488666106 4.1087594868876085 1.2259100000000001
7.9005588903471740 4.6302961817168704 1.9998095551695871 0.9950790000000000
4.0720402294412255 3.8189090605652489 0.6408206788408413 1.1081799999999999
5.5992118299150313 2.7087578441031495 2.1742254095021569 0.9076530000000000
4.4192222012719036 6.1893021687344856 6.9560464813400866 0.8118840000000001
6.3065729003589386 2.6109375574845770 8.1531694628632643 0.8047850000000000
3.4893175539224677 7.8459712992287418 8.4556723159835876 0.9748280000000000
8.7655072444853417 3.5779805603842303 2.7215681379319743 0.7750570000000000
2.7976968181119668 9.3588443145330391 4.5883632535123002 1.2175199999999999
6.5660529987880203 4.2621630756573765 8.3945143037750913 0.9295210000000000
3.2537763734063594 6.3438269373315794 3.1039866210283797 0.7684740000000000
4.3479940954083274 0.6940763800162553 3.7830355464132550 0.9870989999999999
7.2678143649098530 0.3711845961464145 8.1672779276419973 1.3328300000000000
4.1267826136894721 8.3631611297180815 8.8846814319489820 0.8071710000000000
7.7527853288567821 7.9340629862450278 6.6972501301953589 0.7450190000000000
4.3234539976490272 1.0390063549108757 7.4173745393564667 0.8951910000000000
6.1370216656770911 0.7422132862425954 0.7348646405510807 0.9376880000000000
0.4559447135843828 2.4324776050191019 0.7898429697703658 0.7762930000000000
3.4239750630761452 0.5378084078815152 4.1999028393954942 0.9313500000000000
0.1548774220981753 8.1011233131959806 6.3630410401535782 0.7755210000000000
2.3926392716048910 8.3858734966787267 7.2059045215288329 1.5625199999999999
8.0522415704661015 5.4464325475577855 3.4012788840813895 0.7471600000000000
3.9429871890011539 7.2973170433977490 4.8402227767454464 0.9770030000000000
5.0065088675623457 4.2444160356366476 9.7447653179370768 1.5124899999999999
0.1667820545264278 4.3671551730714198 0.0275306745174615 0.7835110000000000
0.1606613385345015 7.1308042549860984 5.8230945562551790 1.1979100000000000
1.9579534719763094 5.0931433951803369 2.1315935887843183 1.0214000000000001
9.2393983434260996 5.9025839304706818 4.8250390052132621 0.9129620000000001
4.9533434960378306 3.5170104622930083 4.0467319929774330 0.7525470000000000
8.9723874500530680 4.9427196343225992 1.3348276891419155 1.5371800000000000
3.3240321005876594 5.4535967759974842 2.8829393782516917 0.7345699999999999
0.7934063909031198 9.5487913201791272 0.7847566293800965 1.2178500000000001
8.7218609587801588 8.3947667592734856 5.2820095258799054 0.9991360000000000
7.7417548466661241 9.5782532602732662 3.1737973861055839 1.2040800000000000
9.4898526804100705 1.6118142595849567 2.4917921212129786 1.0208100000000000
8.7348103194957911 2.8502450904345760 2.0560458560679442 1.1180000000000001
6.4008004465262802 1.6723576842939347 1.2717029904004324 1.1380500000000000
4.4168826291785992 0.4855706511299230 2.7432103691023979 1.0583000000000000
7.8085952824899927 0.3522767312619671 1.3097057487612187 1.4183699999999999
9.6819810700315898 2.3522028502924948 6.9307914256807113 0.7845880000000000
3.5736990187281452 7.9551250639367881 9.4741585167720590 0.9085140000000000
8.4106676144443373 6.4284532335852731 3.3224420037375526 0.8734600000000000
5.4027595601740810 1.7897709120303984 9.6035595591946006 0.7240070000000000
7.8441253329546896 2.2793858200553543 6.5443545950810416 0.8407680000000000
6.7269936198006492 6.2037948799625688 4.5889418079231490 1.4217900000000001
9.5199211139449087 9.1287466788175546 9.1911887632520415 1.5953900000000001
6.9856792223440340 4.0195986571492757 4.7196237301766004 1.3982699999999999
2.1889369107343928 8.8467744850357537 1.8098941912445921 0.9044280000000000
6.0627097769971163 5.9739161322509444 8.6780053627981477 1.3324300000000000
8.9401374275609413 1.2672033343683609 9.0535635013796263 1.2855200000000000
6.2933347657368888 6.9655891289994285 7.6597762266436700 1.3728100000000001
9.8323496674479216 6.0728903698666219 4.1356986535609597 0.7286960000000000
5.2771625205594690 1.0647451039861942 7.3290823861454202 0.7862530000000000
2.1941826266010529 2.1638319245769093 0.6607239853976361 0.9976050000000000
3.4625548968106470 9.7801671392297802 9.0825894928545186 0.8516590000000001
0.8488818903744101 2.8137221352683195 1.8077488049833690 1.4499200000000001
2.5014902487875577 7.2543837561854314 9.1276726378117647 1.6008500000000001
3.9142992147258431 8.2104676678428579 5.7440069920626788 1.3485900000000000
3.8555552199127319 0.0859785261640059 7.0101992111593772 1.2342800000000000
3.3249574749387798 7.3720892692072777 7.2988558241746651 0.7579200000000000
6.7213770610466161 2.6925486226991047 5.1387861093188096 0.8206770000000000
2.8603947538417005 9.4873012369133889 1.4667618547885295 0.7583750000000000
2.6278330976531588 0.1037144584927236 3.5809760236152166 1.1801500000000000
2.6806951650769340 3.9634682679584139 6.3352309058279879 1.1268000000000000
0.3190726383668082 6.3097262014855104 0.7878763448378213 0.7945320000000000
1.1826088670423656 1.6769958249546044 5.2996375019616018 0.8812810000000000
5.0875962399115311 3.4346938171459138 2.0494592283139998 0.8425910000000000
5.2922243687509827 6.8275984414735591 8.2867954760720135 0.8685960000000000
6.0961838450090200 0.4462748384490387 9.8117225504058005 0.8937659999999999
1.9384029567947894 5.3898255692445796 3.1615017223599202 1.0028300000000001
0.9999834006263089 1.9456041822899921 4.2085427488951765 0.7838100000000000
8.7488098460610590 5.1021121590707850 4.7366184426577149 0.8558789999999999
4.2429070817336818 7.7282781398674256 0.3000154805799398 1.0314399999999999
2.6655910881134588 6.9618603098275553 2.4480137070078816 1.3262100000000001
4.4315686928915161 9.7855946800900089 2.0479016302005322 0.8532680000000000
4.3955964051297531 5.5154265709659382 4.3797634374684460 0.9429560000000000
1.1144664839004521 5.9101173224552914 3.1454452122315404 0.8267760000000000
1.1578849300874787 8.6105693820532778 9.2638233814902637 0.7928720000000000
4.0523096592359931 4.9144295660623545 5.4238626618885473 0.9168760000000000
7.5687578673238454 4.4036814665041639 0.2248848883528948 1.0651200000000001
7.5512434937476600 3.3661700162284793 0.8330629562589955 1.2352900000000000
0.9228327327386600 8.9103891973730178 4.1527514557162917 1.0939500000000000
7.7937533417899614 9.5744119736405491 7.3701421555102495 1.0219800000000001
0.0465225087240258 3.0601190810103507 7.4869358971165312 1.0215500000000000
5.6736183640021425 9.5562525681268475 0.0592590032787225 0.8664740000000000
4.2159012768870463 9.6073706225525886 5.7711860658926479 1.3502200000000000
2.2216075788633494 0.9307678042386014 0.8445839620411494 1.2389800000000000
6.0333380265115020 6.7847315691818553 9.9286667579890313 1.4821400000000000
4.9363889626350437 6.1782047131532085 4.7733613525624445 0.8683530000000000
7.0927136074000110 0.5820330633385024 2.8007555128354431 1.2081200000000001
5.7113446637280267 6.1678453278315946 5.1085107920479587 0.7587880000000000
8.9599006954572591 6.1620172112026959 6.1846289970616199 0.7605950000000000
4.3391434640725342 9.5220827508004255 7.7610665294067811 0.8201520000000000
4.3429927270419153 9.5286463916145934 3.0788104160266885 0.8805440000000000
7.5597864275767792 6.6366488299900244 3.1166096183838174 0.8820260000000000
7.4764281231156264 8.4640238365725455 0.2162871625749061 1.5203599999999999
5.1379512392933684 2.8887867219854138 5.0832935487151634 0.7567580000000000
3.5257726036065349 7.1449925497690527 9.9186743633296857 0.8803000000000000
2.2818229351567334 3.8089383213413668 9.5999023940233030 0.7536640000000000
3.3779977628412734 1.1598323534817743 3.1454056309081446 1.3914000000000000
4.1122741388582540 7.3998444035085784 1.3720620651052384 0.8307740000000000
1.7684801062729107 7.6755538532283545 8.1363215280534185 0.9055270000000000
6.0555410867961958 0.4326580966817614 2.9695032813434521 0.8413850000000000
5.9849773896144249 3.0498453861653880 0.7810408306892761 0.7941690000000000
3.3628507936043568 0.9534705858831644 7.6768654377193846 0.9502950000000000
0.0904297570914145 0.6200781470645527 5.3356769092860628 0.7807940000000000
1.7483762529659315 1.5751861270931764 8.6766824239114246 0.8286559999999999
2.1417073523140573 2.1421432914601382 5.3232985391107386 0.8547490000000000
0.0894737658137890 5.8780343316809729 3.2555366312472871 1.0944600000000000
2.6793119304645510 3.3209574327585036 1.9147894774284244 0.8208630000000000
3.4179289692169008 0.4319688017670454 6.0563769372246998 0.7517730000000000
7.5061711773464053 2.8880965684133733 4.8423979376054591 0.7780220000000000
2.5521065447838756 9.1793227213743496 8.9703354042805010 0.8500910000000000
1.3406010367185932 5.7498625518584081 0.1301798447178626 0.9314200000000000
4.8676370936186251 6.1421210605172805 3.1515593633080434 0.8022440000000000
9.4745554073374656 8.5772419785576837 6.8461854376848947 1.0408599999999999
6.9292491822805387 9.6589543105901061 5.7742004626394747 0.9542400000000000
8.7845282081635130 0.8174903946261676 2.4365131042513699 1.0389900000000001
2.0310955222918983 2.9594135412081837 6.9214121825125030 1.4373300000000000
0.0308438488655838 8.9462545603483790 2.5393803021676153 0.8150860000000000
9.8523249034892650 5.2420450053646901 9.8583816207701584 0.8589660000000000
5.7697523445724723 4.8968614424918586 0.4632486854080630 0.7951850000000000
8.4214385004186543 7.6863740078067009 8.0077927561053954 0.9366520000000000
2.5046520450050975 5.9844625068565200 1.5648260644294507 1.2593300000000001
5.8613124697176540 1.4072763648836613 5.8178665297472589 1.1355800000000000
3.6452471218287723 5.7375562703485512 1.3040569402440214 1.0235700000000001
2.2407430377007382 4.7926712946900212 0.9696084917023539 1.3629899999999999
4.3665325806654920 8.8422198430628161 5.0118226078303474 0.7280900000000000
1.0655397778370188 3.2682713763692126 6.1958690151928524 0.9664270000000000
2.2841899694235321 9.4763666250710390 7.9263639394123020 0.8621430000000000
5.5317177178225050 3.1079356512207341 4.4063204706850421 0.7558630000000000
6.3446258753970080 7.8911235823077215 0.2736244086609080 0.8470230000000000
8.3088267759516281 4.4619152426007087 4.4237846941297292 0.7655670000000000
1.9373463842723708 0.8697506874225698 3.6705283697871396 0.7337040000000000
1.8622663573386735 1.0497696448832659 1.8974412897278217 0.8964390000000000
4.8100906962248038 3.9858206781781180 7.1470084238559268 0.8935040000000000
9.3079402640929985 4.1252529145052197 4.6004650651035250 0.9287730000000000
0.9223826603700956 5.2165734105763901 2.4616895079355148 1.0086500000000000
9.1903035693378925 8.2259187254484463 1.1537737869031841 0.7301900000000000
9.6643254520927027 2.6651508062483260 6.0437453197818858 0.9262000000000000
0.8193351200367895 4.9535321690898524 3.5952740093593434 1.2511600000000000
0.6061294338990031 8.2124081223562442 2.5489028586389084 0.9796530000000000
4.3522729034619836 7.5290798904931213 3.8793361797135013 1.0783799999999999
1.2085785808599840 8.9800086323725665 7.1975896890468638 1.0105100000000000
2.1951913088722641 2.6296851762900526 2.2007320863647033 0.8129720000000000
2.9899439092272462 2.6660223992191003 7.5998100696092372 0.9183240000000000
4.6459137704996651 2.0387451813640149 0.1438677437940969 1.1450600000000000
3.5189823796832118 5.4767517127307617 5.8018115914167057 0.7612240000000000
2.0009112277999028 9.0305838196944155 3.7161918314750220 1.1588000000000001
9.5985575253558135 0.8584565269651495 1.9310889874313832 0.7726690000000001
8.4587726681001438 0.4530029338976471 6.0241020189171168 0.8291860000000000
8.1998118112332072 1.3386402248334905 8.0194689014180813 1.1544300000000001
3.9208141545566320 3.6460365182972905 6.3932865447297518 1.3558900000000000
6.1015119598831378 4.0161661726014266 5.5581335489008561 0.9763240000000000
6.5853571970874096 8.4044416698431821 5.3295697508036399 1.4290200000000000
2.1651731485708483 9.1587140309119448 0.9022247042658027 0.9365320000000000
8.8205699303103930 7.7338118251118946 7.0406883924431565 1.0606300000000000
7.4468807563596835 2.3387006248554933 1.8799538652133925 1.5522800000000001
2.6563435997064313 0.5053115196689647 6.7405661536720407 1.2124800000000000
3.8846295629061625 6.8244807160075478 7.1926426101568506 0.7507640000000000
7.8898050980441985 9.6937975091144946 6.2922715631976036 1.0545899999999999
8.9537056979545646 1.2093974944515657 6.9269960133039215 1.4060100000000000
3.9625759809751235 2.3853861996411583 2.5977918867946337 1.0838399999999999
3.6971270716091511 8.3110415603811685 4.4932611379554741 1.1350499999999999
1.2166198698370172 7.2424658633540524 5.6307556306189106 0.8494370000000000
2.9226158067471935 1.0097383112589959 1.8643047002764916 1.0087400000000000
8.6055559243601714 4.0392082391166930 2.0218787798121540 0.7299850000000000
6.2517969673821439 0.4605616883151480 1.8254962699073389 1.2708200000000001
3.9948353948190758 9.0580112682744005 2.3794763800634193 0.8762000000000000
0.2566657605191707 0.5110755381326705 6.4498920466038605 1.3922099999999999
3.6767242960164661 1.4262447120628359 6.5116875423143910 1.4053800000000001
8.1015733206269118 9.2414334398168521 9.2196483772074913 1.1185300000000000
6.2347082164316481 1.6652046949599173 6.7933990399174711 0.9025180000000000
1.0250994179295549 9.2789915597752497 2.9382456420825718 1.2844000000000000
9.7090621876631360 7.9380019431274693 8.8906954022223559 0.7547300000000000
5.4232221258514102 7.7991769716873494 4.0896889058864589 0.9962180000000000
5.7248661845752702 2.8508387652503635 7.4406892511633105 0.8108800000000000
3.0454608645041752 2.3669475909754754 9.7958935452250770 0.8069220000000000
6.1510520275568412 9.9575712914821892 8.0819582246495045 0.9960639999999999
9.5250916440445259 9.9216616602418402 0.1727902049052819 0.7321210000000000
3.3401882965205032 0.1855931761005899 5.1549274888050629 1.0034700000000001
6.9538881021836261 3.5954745770977903 3.4875921681611159 1.0566700000000000
3.0737900763515000 4.2467567810269751 0.1247112234542833 1.1856599999999999
9.4306364555031603 3.1630470856484725 4.3421399273004120 1.0133500000000000
3.6518444245110859 5.6254847971310564 5.0371563982246794 0.7550410000000000
0.2875844925983319 3.2509304487299868 5.5947087993783038 0.9422710000000000
7.7156413849542478 9.8259785687712373 0.1148897767665197 1.0861799999999999
2.3090738963241595 4.1382641298135905 2.0275359216974653 0.9049509999999999
5.2587213815295692 4.8513794977502336 3.9940506373457163 0.7669170000000000
5.0411093972563963 2.0843934967490179 2.7920630923206695 1.1078399999999999
6.2962941647061008 8.2481551150679859 4.2197923253898244 0.8045470000000000
9.0514644369465316 4.7017728334683904 8.5982354727541175 0.9149790000000000
8.1615957124780412 3.1762786044941906 7.2121555470236753 1.3474500000000000
6.5524579644118779 1.6570931221297811 9.8661159111637549 1.5761900000000000
8.6747639122955995 4.0956051277187955 6.9341750399487125 0.7654710000000000
2.9123075976874846 9.4487282344928687 9.7139431797787630 0.8096650000000000
8.4781020507570179 7.1372960352631125 1.4404148049148637 1.4145700000000001
3.2499218047134857 7.6342933743927084 0.8154036895696735 1.1041300000000001
0.2565169746209877 6.8011663304286873 9.9980404056209462 0.9656500000000000
7.7824862648596049 0.0739401474393908 5.3185610602681699 0.9850380000000000
8.4136263124407957 4.9077964984737470 3.8082516681895857 0.7306700000000000
7.2321762459152712 1.8540631629177393 4.5629877277804374 1.3524499999999999
3.3552705396011677 9.0715136682306223 8.1545994615908874 1.3913599999999999
1.7297680693083477 7.8861434335428600 5.3591892339491531 0.7915660000000000
0.5331190662370215 2.0140316396429561 9.3984142326733444 0.8231240000000000
5.1987127882957003 8.6603952655799361 5.7105934561775227 1.2811800000000000
6.4101937201331722 7.3784194644073597 4.7222866249004127 0.8232790000000000
3.5497702164207561 1.9076927352745199 7.5948902559178295 0.9081480000000000
1.9905601588764898 9.6163239617451470 6.9929201711732656 0.9921270000000000
8.4232924189305241 8.6154335682131524 6.3582301096444382 1.2155100000000001
2.7209746025902799 8.4264870376955638 0.0285956806012213 1.2384800000000000
8.3754040735378279 2.7178217474452233 1.1466959448362724 0.7899330000000000
9.5198981293097980 1.2214033020817636 5.5855380956231286 0.7333610000000000
9.8870221972545753 5.0213433404233410 8.7963215331701168 0.7950360000000000
0.1383078445022324 4.9676058613550671 1.8243349174404904 0.9125030000000000
7.0827816596705180 9.4609686490045046 2.0853510292688884 1.2778400000000001
1.2761676176997021 7.7704344828409528 8.9384426596635045 0.9354350000000000
0.4408513026265514 8.7523618172728277 1.6705619671403951 1.0585500000000001
3.0841827641182502 3.0950999176105882 0.5081842191012869 1.1429600000000000
9.0440645177220063 6.1858926093588700 8.8716155751046966 0.7575490000000000
3.4230376512351297 8.0700878161379634 2.5263753803783255 0.9069710000000000
6.7483807940272484 3.2619623930737820 9.3419540949341240 0.8680950000000000
2.7117066630295970 8.1654766432931432 5.1681525486927784 1.1361800000000000
8.5723169378286919 8.1282363351798477 4.2044960108471656 1.1472400000000000
9.6647364630222992 1.8529336647400905 0.5799181926900565 0.8403340000000000
2.1937347080298357 0.1113903318517705 1.6945531106867531 1.0459300000000000
4.7619438694232885 2.4759735866172261 4.0575192820707482 1.3029100000000000
5.5362390255672658 0.2612332915074509 7.2988360835476680 0.8596360000000000
8.9011305788045760 6.7575614247490128 4.3235251233992766 1.0549599999999999
5.7840998549306706 7.7822325249938622 0.9293505308125679 0.8188420000000000
0.6696413355110802 5.2081930067820545 5.5515233034746494 0.9913550000000000
5.4818067863449151 7.2487934559468830 2.5530173630876059 0.9494510000000000
3.5076915210415778 8.0925964772832266 7.5810875462634257 0.7817690000000000
0.4194348499021895 2.7052397414793319 3.9161383401653644 1.0569299999999999
0.8092893891778269 1.5679220515240875 8.6252106455822570 0.9759100000000001
9.5791402272182449 0.6226976777268689 9.7152564814003739 0.8887880000000000
4.3154179550691607 4.6834776263444047 7.6481070793688719 0.8211150000000000
7.3849643008956845 3.2408413643426175 5.9419682581596591 1.4668200000000000
8.1580697124460446 2.2083168142846725 8.8527657818801444 1.1306200000000000
8.7417158061071838 7.3409979161042980 3.4955553177475189 0.9123960000000000
1.5525083872521825 8.7937078878850041 8.2660707216593821 1.1458699999999999
1.1833230971086308 4.1957315292898851 8.0324054180979196 0.7665890000000000
6.4105042837661044 2.8992124778176698 0.0279268024748520 0.7665430000000000
7.9464739942260119 1.1094926014710380 0.0756071832771608 1.3555900000000001
0.5784599056066482 9.0115054623031039 9.8692209734082521 0.8443390000000000
2.9909290497869558 0.1499712998542048 7.7350758423066948 0.7764880000000000
0.3138496639850923 1.3936848210902786 5.4702771144678621 0.8073810000000000
7.0877668410721135 1.0882002401054067 1.7654575143462654 0.7719570000000000
9.7480672002517323 4.7644867692355488 7.9452910435375310 0.8546870000000000
5.5473773860340536 1.1379664037507455 1.2097725622658411 0.7239390000000000
7.6117469002904263 4.4450360260741393 6.7866339382074452 1.4220400000000000
7.0610201201305332 3.4292465114517809 2.4677530875359031 0.9307780000000000
2.0064643351629496 3.2924723638826263 5.5388719997412288 1.1655100000000000
3.9759353313928503 1.5597081633898349 4.1605108306825409 0.8330570000000000
5.0074257806577291 7.9182491502654591 3.1370273979957366 0.9521130000000000
7.1875913038395733 2.4984850122248936 9.2083239399539085 0.7622170000000000
2.0233303128529649 9.7951751871120312 5.1942094947913571 0.8208360000000000
1.2544316357470680 3.4566322753162000 2.7139076324237466 0.7855760000000001
4.1340079552114624 0.8925228298686929 4.6771964320247408 0.8337900000000000
2.0783863806395950 4.3843999968839018 5.5061299850190570 0.9615710000000000
5.2342065783493501 1.0337384051705916 2.1053632380604608 1.0512200000000000
5.6661962203696081 5.8353437711450518 0.6796308980693579 0.9205620000000000
2.5344779242475766 0.4607305134369156 4.6230664500446279 0.9459870000000000
9.1476055706146724 6.7344679704040713 5.4965309822353952 1.0124400000000000
1.3670090966039443 7.2254373177681277 2.6731258511465277 1.2930699999999999
5.5708067902215141 5.8443645071351682 3.9493588653192293 1.2520100000000001
9.5578077643338570 2.1139973590576124 4.3060718479995703 0.9732960000000001
2.1471988044508565 6.2613000633107756 5.8857750884169482 0.8443510000000000
8.4879834888396921 5.9960655890150507 9.4949933443637295 0.7602230000000000
5.6795069793633113 8.8969815540894519 8.3432903380026939 1.2015499999999999
5.0721805720017450 0.6839519044337494 8.4072852440679036 1.4133000000000000
4.3741276219747807 8.1692839972755635 1.9469460568559511 1.1082500000000000
2.0094324300490793 6.5221884800968812 9.9801932530901674 0.7527630000000000
9.1358795848337468 2.6018861214666211 5.1750953684310428 0.8472810000000000
2.2158515930748650 9.4936833279852593 2.6437651241692506 1.1440900000000001
2.6117217697175197 8.1866039700713920 4.0887285279876870 0.9723380000000000
3.8612529683914989 6.9659473501958598 8.9567143263613733 1.1259600000000001
5.6457594183655884 1.0332871708067872 9.3942661694475493 0.7533390000000000
9.3676180902302608 5.5389664950055701 8.2380240975517474 0.8825620000000000
3.1167922125990670 1.4648205880944993 5.1538655812458858 1.4547800000000000
7.7642394586261814 3.3672002567507602 4.0732822665676922 0.8849690000000000
8.3459083132231680 5.1826923091250405 0.1486859203022094 1.0669500000000001
5.2163977976631628 6.1796329272864599 6.1488783821135895 1.3236699999999999
1.6195223872879150 4.0685823515872217 6.3248319275545812 0.9145200000000000
8.1039886275568360 8.4597391991181912 1.1848108307435381 0.7314060000000000
2.4061165185672797 4.6585611391817983 4.6458178181362868 0.8274760000000000
0.5166655615585702 8.4658315545688350 0.6374267564269545 0.8829050000000001
9.1919096224508330 7.3041840483340108 8.2883123169134194 0.8076730000000000
3.9847009771522988 3.0054348742332131 5.4232272775593904 0.7262900000000000
4.6474258767343999 7.4635265829817774 8.4908888950597738 0.8626220000000000
3.4734443211429284 6.7133517506198253 1.4392261861396545 0.8884069999999999
1.7531596932870592 9.9671081939717201 0.8645611328840631 0.8076330000000000
5.5638837587834065 8.9035449499224324 9.4298764693064729 0.9144870000000000
9.4238742851555433 7.0419687028113707 9.2658666248943806 1.2125900000000001
8.0324804110236130 1.4587152930653888 6.2165027181160362 0.8376510000000000
6.8991823340815550 4.8324564861911350 7.6080220161762471 0.8174900000000000
0.4655631139059948 3.1070320303632277 2.9180318164973458 0.9122670000000001
6.1893402603642729 0.9599648773211210 7.6582750052938797 1.1062900000000000
8.1230026424293982 0.7181602112393083 3.1128304288540658 0.7569090000000001
4.0373906512901181 9.6155166855912597 4.4293321573424986 1.2491800000000000
3.6991506518984507 0.0511463769743619 3.4894262536378595 0.8059320000000000
5.2807777758461185 4.8396886127744336 1.9592589655457697 0.8957650000000000
6.8745659040313853 2.6043598292471888 7.1720708273911233 1.3984500000000000
6.5750623688740832 3.6787303085567626 6.7244613229013854 0.8909520000000000
0.4234419998996564 1.9153769211636478 4.8176197093100486 0.8327570000000000
3.1034476296955424 0.6911526151413133 9.8997774683492068 1.1949200000000000
1.1909640169366704 8.1879771654024083 3.3697151485410926 0.9661090000000000
0.6922882473272955 1.3016284970127205 2.2911128350149257 1.3028299999999999
6.8646098826458362 8.6870714251185959 3.3504062906233463 1.2314400000000001
9.1806514330145959 7.7724657377340431 6.0127942269110140 0.9875690000000000
4.7993277030186992 5.2181073019767270 8.5896750388779601 1.4641400000000000
1.3166914140736081 2.5757786121350024 8.8717419138249802 1.1636100000000000
4.7397519207062491 0.2407272098581495 7.4597669306418437 0.7242280000000000
4.9551881000582041 7.3560118566571173 1.7765816647798014 0.7796360000000000
2.0321786537428976 3.4536734484165765 1.0624496464649620 1.2714799999999999
3.3436535344927485 7.4815973022097255 1.7952498265798817 0.7538970000000000
7.6863804534690745 2.1270087655674823 9.7128982766433101 0.7327850000000000
6.5272667721625810 0.0738583137887623 4.4030181133694803 0.7962880000000000
7.9370580814846194 3.9923100971261940 2.7656097956781669 0.8999740000000001
7.4331378206084322 7.2131110884023002 7.9612920851143905 0.7525800000000000
8.3948698072422037 7.3923110285982006 5.0546007217089421 1.0099100000000001
5.6014651814190168 1.9060163151495477 3.6165746988800755 0.8251930000000000
8.6985697258088575 3.6669633277567808 1.2447121633760303 0.8867570000000000
1.6272138404194720 6.7599251229671600 1.7007331507825538 0.8454970000000001
0.2721747038976460 1.5316076145999131 7.4908975931294721 1.4419100000000000
0.0823826477169582 0.5604578263320170 8.6450856253535875 1.4182600000000001
2.0478128119912893 7.4436931337207088 3.5863544670853740 0.8558630000000000
0.5466834963742957 4.3141584513220490 6.2712554601505266 1.1866200000000000
0.2257705721590905 1.6287154021693309 3.5306046469892038 1.2046300000000001
6.0844875632032549 9.2335824451194561 6.2370389964673496 0.9970550000000000
0.5216999475773273 7.0676278592950910 8.9890237452736539 0.9672980000000000
1.9330954144171713 6.4746406176664246 8.0339386748695052 1.2417499999999999
4.3714830914551097 4.1891719767036966 8.7493472661101546 0.7261930000000000
2.1624535500457314 7.3403477478723715 6.1952441432138432 1.2888800000000000
7.2009541173496725 8.7419423184598823 4.3883918789782275 0.8288410000000000
1.6457062492918431 5.4523146088379848 4.0500214581166887 0.8070450000000000
2.6146213224736661 1.6388273781502782 9.9642656269029892 0.8701380000000000
4.7238169528506724 2.0710940100349604 8.9900085307994750 0.9519740000000000
4.3133542323746807 0.8860970199624503 0.2551551268073211 1.0559000000000001
5.1448576889173916 7.4426224688412645 6.1476741544177598 0.8249850000000000
9.8273119912873881 4.0893817964023347 8.6752483956347799 0.9809510000000000
1.5029457438849845 1.6399865190088967 9.7834944114095990 1.3129900000000001
9.3207621268291678 7.9792880272590212 9.6268380198781447 0.7226290000000000
9.2362373659183739 3.1289238534721537 6.9748552340789898 0.7809020000000000
9.2018160922697607 5.4658567050571678 6.5732918741527042 0.8525130000000000
4.1329858760483020 5.9868792156453141 6.2297809963867596 0.7244370000000000
0.8907262195856072 2.6610480488593677 9.9677159406706135 0.8536940000000000
8.6488028753191575 2.3050665682502363 6.7952212611324025 0.7647119999999999
0.0596354979824669 2.6853760668116049 4.9158403104321291 0.8215720000000000
1.4028241168480622 0.5432601507734682 9.0103579182936144 1.2063699999999999
4.0004032135740717 5.9031709764604630 3.4704823809777743 0.7903150000000000
0.5038667157010372 8.3486605647975196 8.5230406404333685 1.0923400000000001
5.1802818729475595 6.3633383284589318 2.3454218639439941 0.9016590000000000
0.5894106819926112 6.2822902117934571 2.2918170214221565 1.1677100000000000
6.1726706568149945 9.4722473565533551 2.8426989751998883 1.0315200000000000
3.4787772044672516 8.2623671227446156 1.6563199323096309 0.7386170000000000
4.7045319172029485 2.8239208648489948 8.5160416709116831 0.7610360000000000
6.7666722319199479 5.6202766556415567 3.1560161655808967 1.5788700000000000
3.6117215737374986 2.4209242528665449 5.8412451323305197 0.8305760000000000
2.6179853169660232 5.8719926093607402 2.6737076382777603 0.8317610000000000
3.6816253875087526 2.9712125217388987 1.5787219821871021 1.1553599999999999
1.0167079335223266 0.8222296664034230 5.6522957015558077 0.8187120000000000
5.0794653939677898 8.8990762343951939 2.5550052044912763 1.1707700000000001
6.2843897359553722 4.3512925200410493 9.8924486456223075 0.7416820000000000
1.7962755668839014 8.8523657702932912 5.0364074685123272 1.0837300000000001
2.0813722260272045 6.8772999346085291 4.7933386273352445 1.5646300000000000
6.5940965480623328 2.1455386884978038 3.6700809526267788 0.8619010000000000
9.0198308974680224 5.7028797905120401 3.1739541782668215 0.7569770000000000
7.6919397344170592 5.4782310940324210 7.4997098898590444 1.0108500000000000
8.8084936533821203 4.9916718964766762 7.4806374185896569 1.1994700000000000
8.8293581113071884 9.9726659003943698 3.6342851302798955 1.2195800000000001
9.2099987728594233 3.8073226773146533 7.7580297668535696 1.2217400000000000
4.9831217687765808 7.2033061732822707 7.2474515291342030 1.3455600000000001
0.2834701531329762 4.4545596886803924 4.4892700957199274 0.9240170000000000
7.8980164844974352 7.3839621093227681 7.2970809864125110 0.8584580000000001
1.7698904395467729 3.4648460526953424 2.0812616754083315 0.7659430000000000
2.8207682304961486 4.6307639400038276 3.1203437746464235 1.1897000000000000
5.3489190993943225 5.0213416739873242 5.2070767862214105 1.5537300000000001
8.9248970405851793 8.6991720765767404 2.9962282656311259 1.5470100000000000
6.6355320936988544 9.9685466883164562 3.5590229851920840 0.8771600000000001
5.7481591818930573 1.7711854564505751 8.7073319789543167 1.1372800000000001
1.8696089222420254 9.6958423643491400 8.6434161055617604 0.7634870000000000
5.6963584692311819 3.6882059048733224 7.0416615951433199 0.9303430000000000
6.7457749246374599 0.0448028135480511 6.9254784070820437 1.3245000000000000
2.2054043898675544 5.7975192735249346 0.4248301744181889 0.8526510000000000
1.0682813888820235 3.9795196218352360 5.1313018464870428 1.1427000000000000
3.2808969397837533 6.6443259921508950 4.7623594197288019 0.8149490000000000
4.2400124706309867 2.4906292209100842 6.3777939100048906 0.7803870000000001
6.1458773657472037 6.8532796829704701 5.5420579381730173 1.0226900000000001
4.8593740108668841 0.6659290687051744 6.4232003411050966 1.2981400000000001
3.4926597876667573 5.4571241570223661 6.6200035022275658 0.8157010000000000
8.3372655845716785 9.3733682588901885 1.9692320351234851 1.0919300000000001
8.6760664401146350 0.1660621344810875 9.6186183736117989 1.0899500000000000
4.1546159854329865 4.2210038720396694 1.7849003014898313 1.2647299999999999
0.7693831620828694 5.2575868297371251 9.3244010110191180 1.1894800000000001
1.2022100513619827 0.5422320438954975 0.2913036265621863 1.0761799999999999
4.5640132502291193 6.4277860412440759 1.3891655266947676 1.2203299999999999
7.0184857386726494 1.7445383551055242 8.4132079732430380 1.3971400000000000
5.8110382252115160 4.0263909939112166 4.1187653331360625 1.1391500000000001
0.6412956293456248 4.8122140783377638 7.3922421690982629 1.1673800000000001
7.1970786791390564 7.3035463056604089 9.6202799936143943 1.0686400000000000
1.5263645681146163 5.2221622480621566 8.2491675267344000 1.3581399999999999
9.8762591974029768 7.0605374763621693 3.8082739382749109 1.1472000000000000
3.2950809326920898 4.5393212763063060 4.0606066428671497 0.7881450000000000
9.1842620788485796 1.1886470476024693 8.0168508732793864 0.7551890000000000
4.9616436215173625 4.2157342404689073 3.0131675814751211 1.5740000000000001
3.9147497917631737 2.2734140337394160 8.4316996531264987 0.9768880000000000
4.9836881829159312 9.3322470780064481 6.8757258132423766 1.3154300000000001
2.8861506465249809 8.1240623273015746 6.1347115584151970 0.7598040000000000
7.7239895244912233 6.1084644938235009 3.7908795989835173 0.8048480000000000
2.0507112514134347 0.6225228324337591 9.8250210827166899 0.8010330000000000
3.6282118800607446 6.0358035769625697 7.2815866276136978 0.8415319999999999
7.5614943176242049 5.2731339873032432 1.0746292026720408 1.2913200000000000
1.0091714986129154 3.8891596020093693 9.2680566712382682 1.5231100000000000
3.0771239335793523 3.4303032088856269 7.0875569582190012 0.8146560000000000
2.9568824376460405 1.6888868490917872 8.4058226174480239 1.0962700000000001
4.1313573954816505 8.1502063843112555 3.0995218439194403 0.8097670000000000
6.0789700052514872 3.8538185305520543 9.2169078410612055 0.7980130000000000
3.2484393605638391 7.5192336920313201 6.5184443066163764 0.7978350000000000
0.0027912689201929 4.8214929529803801 2.8114465024362691 0.9717610000000000
3.1212865360647362 7.4065632500119101 4.4141667623736103 0.8298010000000000
0.3775270852851470 5.4998914841401287 8.2086734187408279 0.8823560000000000
5.8601057866299655 4.8470426350162317 3.4980905061268257 0.7370250000000000
4.3272596886849701 1.4252724077114769 2.5237386019796753 0.8026440000000000
5.3795135108497316 3.8515724598259018 8.2472949473949395 1.5074099999999999
9.1101377569024997 1.1995801101892831 0.2128240373522363 0.8448820000000000
3.3218120487326313 8.9529799237141408 3.3815864164951286 1.4652499999999999
7.3420760230162374 2.6573257462301760 3.7906614192646848 0.7952710000000000
9.5648697975693064 5.6000658251263902 2.3222419801871359 0.9728190000000000
2.1443157256256238 3.2803585954333832 8.8283600381260801 0.9127930000000000
5.0795780380505349 1.2970617894018628 4.2202962152072852 1.0351600000000001
7.5730160537842170 1.7111702579985217 3.2519210776407115 1.3067000000000000
3.1722220577641420 6.6071006691336160 8.0226647606377686 1.1863600000000001
6.0711034661487577 2.5647321732028994 1.4134505409359162 0.7392740000000000
7.8512100947321306 7.7647218381610079 3.0516004750166386 1.1894899999999999
9.9093639718855666 9.2622765477051541 0.3324137546356949 0.7727260000000000
5.5716289225857638 8.6967520592180083 4.5977162682368196 1.0052000000000001
9.7742141504314333 6.2261420422748293 6.7392214575284131 0.9721430000000000
1.4357651323727048 0.8586110563367293 7.0681138752167554 1.2686800000000000
1.1203119356558451 2.7288400896724765 4.8845242194756890 1.2498199999999999
8.3708793157801775 3.5600756643184863 4.9825440052372425 1.2794099999999999
1.0420797954023591 8.0719389982584158 7.6617395603478160 0.9384580000000000
6.4908220179297436 7.2769031016699373 3.4535518866940822 1.6066000000000000
9.9113408558442142 6.4974203348059376 8.2394470361969763 1.2200000000000000
0.1231519546359000 4.5381567500676416 0.9734251994928702 0.9061690000000000
2.0195481773915240 4.3766954672955052 7.3140981121403161 1.2101800000000000
1.3732984895617435 8.5825482541579863 2.1526053691586502 0.8450420000000000
4.3656317610369637 3.3307100331563797 4.7256661202444796 0.9216040000000000
7.8925647242695476 3.5577989927540328 1.9133472098043143 0.9562840000000000
5.0747671593794346 0.2799374914742764 9.6498791407611542 1.0934100000000000
5.9880283914639678 9.6024735783159052 5.1209210173229343 1.1802400000000000
4.3786797937908011 6.3852829321604450 8.0978109795757884 1.1158200000000000
2.8274291476098155 3.0873624417591934 9.5121947172336601 0.7289310000000000
3.2302507441386812 7.6478145769136265 3.4301527685714386 1.0760600000000000
2.4138258664971066 2.7702385925309065 4.2984113995495514 1.5037799999999999
7.9937576803720676 7.3929709988557217 0.4560697601184200 0.7573870000000000
4.6212896120531344 1.8499504216220641 5.3889539907722712 1.5424800000000001
6.9335284564690038 2.6522667589383189 3.0014454977744927 0.8677380000000000
9.1539308443695280 6.1533813282516627 1.6427754205453269 0.8991780000000000
0.3579127614488845 9.1881549976702210 6.4256910271316006 1.1540200000000000
9.6856627461936355 4.7006269918216592 6.8690918502179423 0.9317250000000000
2.8817052081910188 6.0181457383902872 5.3594667711848265 0.9169659999999999
6.1446823661348127 3.2822039065942357 4.9788440567798675 0.8151790000000000
4.7405917601449907 3.0195354536036900 3.1399327229551091 0.7577040000000000
2.4377955485947047 5.2366269740644382 6.3165680884750239 1.3459399999999999
2.0950044616517873 8.3824128929080093 6.0231487130403440 0.7605520000000000
7.0151448162587418 0.7747104021799976 0.6506083045049881 0.7525390000000000
3.9908803450310040 6.0055744818013164 8.8972616581424244 0.7685740000000000
4.3994265478054153 5.8134059555106461 5.4229835770796893 0.8875620000000000
5.3295307435863997 7.4050107143232404 9.1786140528109943 0.8427550000000000
1.4001085721102611 1.9322073957343238 6.9691106721595126 0.8219970000000000
3.1302408648588802 6.2302530377003063 8.9700519842286219 0.7629460000000000
9.4748745800164098 3.4944919441037423 9.6918608106520399 1.4084800000000000
8.0459078396735375 0.4716347535140013 6.8923195075960288 0.8765370000000000
5.7289438133132853 8.6265158343467796 3.5475177706676497 0.9941870000000000
6.0258917868515951 4.7239918646004826 2.5464476748489178 0.8675450000000000
2.5025645133640606 7.0820983842495204 7.3068858009707753 0.9130840000000000
5.8493674117903423 2.9984592552990121 3.3074696966150952 1.3871000000000000
7.0344914788898150 1.8369723490394927 5.9230398065885161 1.3047500000000001
1.2944740784257953 7.0720032866823326 9.7461062844960065 1.0651500000000000
7.0616683309703809 6.4055907163578345 9.1830160908843528 0.8637700000000000
7.7448431047854145 5.8068943544123153 9.3237815166141438 0.7264250000000000
9.5809508363134004 8.6988113449928264 5.8344377171231052 0.9516940000000000
8.6321798145027042 9.4456500873073015 5.5746776361749122 1.0053900000000000
5.4001502748358581 5.9139070281790431 7.4807929287023249 1.3299500000000000
9.7260942896693123 3.8088512529418148 2.1032037796863490 1.4974900000000000
6.2873276424353186 7.6643070553804575 2.2203365485017557 0.8534690000000000
0.6977844205302082 4.0595248039382934 2.8017256879492711 0.8196530000000000
7.1813303036703378 2.6847771645190170 9.9917346369405404 0.7786100000000000
5.7565811881122055 6.3331462851387634 3.0197271434759743 0.8149870000000000
5.5698992927715212 9.7833665228953564 8.9767382099395245 0.7599650000000000
4.5365758765512583 9.4025210891212190 8.8728294231032212 1.3714000000000000
2.9994871866181163 3.0656427389162877 6.1048067380550837 0.7562690000000000
7.0261849917293029 8.1296275467743317 2.4706601005784528 0.8175020000000000
7.8252457247166189 4.9148178796680941 9.2686276026726517 0.9534850000000000
5.1648154722408099 4.8212040300107644 7.5229328330447638 0.8472060000000000
2.8689479850121149 8.6568736024117037 1.2280199947417414 0.8652280000000000
7.6970198172538442 4.2798171742028615 3.6355280050803960 0.9325490000000000
4.8878350986273782 1.9437922237440912 7.9462893148079230 1.1118200000000000
8.6829594324818835 3.7679449136256662 3.7221358305702057 1.1827000000000001
1.0441024338499576 4.7266108363618109 0.4087316656142245 1.2012300000000000
3.9921632223511092 4.7373017253927916 0.1334281732706347 0.7982920000000000
3.1800743547784260 7.2269456023130534 5.5644758735676572 1.0466400000000000
9.4768075889476471 2.8353792213587852 1.0492640513985219 1.3121600000000000
2.9318137886110982 6.5404983560144769 0.5250440306287228 1.1540200000000000
8.7578315789045149 2.2590397195637597 0.0090559398593082 1.3502500000000000
9.9117706669321617 9.6453194335492789 3.2295396289630438 1.0593300000000001
9.4774206621463488 5.0741552304336919 3.9117483556984007 1.2561100000000001
1.3489076426155744 9.4717776760420360 1.8085509907208741 1.0164800000000001
7.6663375662755540 9.0159237015665532 5.4775031388598761 1.0054399999999999
8.8278685158193717 4.7174211378243358 2.8008058239974454 1.3262700000000001
9.9874910794783851 3.9125218503109624 7.0628230030197612 0.7574910000000000
6.4979694815332190 3.6468959214078045 0.7373895776260190 0.7385790000000000
9.7721491453128646 8.7038372437977927 1.0365060861746584 0.7417500000000000
3.1980622793699558 5.4072070679477244 0.3632786191459437 1.1060700000000001
5.9722108834141165 4.7930511697185425 9.0265823166177253 1.0408200000000001
6.9709869143878667 4.1594142475979741 1.5882603856752802 1.1815500000000001
3.1643320335725589 1.9267201461978887 4.0535503901994572 0.7316700000000000
4.9451109783341458 9.0157134597730568 1.5719214144550482 0.7727780000000000
9.7670014384842485 2.4648840609272162 2.0693319570479409 0.7943789999999999
4.4781689280982242 4.0475976245613623 5.3842864425977526 0.9489660000000000
3.7513772195413813 2.1808556621441890 3.5682710785412337 0.7858550000000000
0.8212997574679703 5.2166414167740882 4.6428076741952173 0.7867260000000000
6.7459684537507707 2.5799285048162277 0.8098116124070159 0.8812620000000000
5.4831308903191101 2.8978114354804343 9.3716147011422191 1.3494100000000000
4.7158813994053563 8.0941357564639915 4.7492532051488361 0.9594570000000000
0.8484867904526453 6.1364234129860744 7.3491976776670196 1.3412800000000000
9.8003828636655435 1.3129827217434664 4.8047590039469803 0.8373660000000001
4.1506482889256793 7.0124778206088569 2.6480216743427096 1.5474699999999999
9.9589981967782109 4.0893038452953077 5.3329894612785713 0.8752259999999999
3.7011532718999751 6.3815807430268574 5.4634444190059428 0.8329010000000000
2.7902949229397453 9.3238698195008940 5.9898686083196155 1.5174799999999999
3.3150922139489021 0.2970153232452925 1.0481944405995440 1.2025100000000000
4.6263710018626281 3.3042773517770185 1.3366497795433800 0.8341090000000000
3.2079848053610260 3.9117302248996766 2.3614268700916798 0.9504650000000000
7.2446085340319497 6.3137909925246962 8.1532655365972087 0.9618340000000000
7.8612489749711223 1.1968182611910496 8.9759226638230931 0.7990460000000000
0.0552216854886896 7.5104914862305270 8.3076970739283205 0.7640590000000000
4.7829515455161591 7.0403702370750851 4.6223878806297920 0.7902540000000000
8.7021272963280669 1.1973224112075664 5.7959507587334320 0.7395600000000000
0.5504487505689722 6.3483509168777594 6.3029011759666913 0.7447650000000000
9.6697165417531945 4.9910498435814104 5.0622907433791875 1.0035799999999999
5.8630591057120967 7.8847195527189422 6.0630198620061764 0.7574300000000000
6.7398394125328220 4.4948904371365952 3.6794591349506853 0.7606490000000000
2.9920092146413650 8.4033212995879119 8.9757512599357945 0.7718000000000000
7.7168035555142822 9.1885522561492188 1.1805287983210730 0.8405580000000000
6.8008462160720118 5.4040670709832579 9.8306893247890077 1.5084599999999999
7.9850274007535926 4.2820799859858836 1.0779482016973021 0.7757450000000000
4.5058324720845162 7.6623869287840476 9.3746255141327950 0.8109870000000000
4.5704748855236543 8.3944529436503217 7.8397169408819698 1.3605600000000000
6.2992327388137719 1.0451632609748533 3.9552460612790932 1.3117900000000000
8.0553607713964261 5.6876073072849520 6.3981785142274177 1.2627400000000000
1.9743119400330418 3.9092041251895955 4.7499304334237573 0.7650080000000000
4.3987834063061602 4.4056911448013993 4.3273052135533501 1.2232900000000000
9.5325208539418416 7.4727010616903824 0.4632728756795146 1.1629900000000000
4.9293415887302947 2.9007851575211143 7.7176046831217091 0.7653890000000000
4.9470443449820047 3.0381071623002098 6.8079592512597031 0.9863459999999999
3.0599703137315228 3.9045414522722042 8.8860873719241464 1.0827599999999999
1.5866582086822070 3.3948952016676914 8.0174871828229737 0.8741060000000000
8.5492747164272487 8.8151388499943195 8.3434026446903609 0.9736410000000000
4.3673578156568187 1.5986854410047555 3.4079206233214241 0.7633710000000000
5.5351630029546621 7.7642855445031973 8.2425109151112359 1.0145800000000000
9.5410999258186582 7.9323347377622575 2.0265119389777206 1.1191300000000000
2.2307509634587182 7.9639260399854992 1.0445380865210785 0.8379430000000000
4.0187635535431108 0.7630662423299944 5.5637713982366783 0.8941560000000000
1.3850647219497618 6.6194880198711683 6.1697095336868770 0.7529470000000000
0.8666349332843551 9.7458642889268834 5.3039694623439617 1.3797200000000001
7.0378973098753761 5.6958562615211630 6.6750301702120822 0.7598180000000000
6.6604442024447321 8.3385175478106781 1.4121219749054774 1.2877300000000000
7.7440381459828611 0.3330824273501119 9.2259654685851924 0.8901820000000000
5.3607877882634360 2.8923220330821100 1.2976526781600100 0.8023290000000000
3.7676175421891358 8.8131114282999530 6.8948666598894564 1.1824399999999999
5.5635009870986698 8.8637362509855766 0.8417207150914454 0.9916880000000000
1.8476846889154315 2.4434482118909546 1.4477935758622413 0.7353020000000000
8.0240207629539047 2.9414049762069201 3.0550147705124058 1.2266699999999999
0.8263713783260150 9.4959806353226597 8.8497899568292269 1.1294299999999999
1.8705135724801818 6.5469364383867825 0.8446229056782275 0.9008530000000000
4.9567103473512830 8.0631051499484929 1.0307395811119506 0.8125650000000000
4.3481292478725635 1.8830920241648679 1.8002988952112526 0.8666770000000000
8.0827523491104447 5.8691732445953626 2.2876300667436036 1.5107699999999999
5.9404147782597381 0.3833090155334523 5.8509986066843043 0.7788380000000000
0.2270616246233245 5.4026610498836840 0.6823707799261692 0.8757170000000000
3.1240126884506796 4.9427903369201998 1.9435871898787800 1.2104500000000000
0.3085478542968560 3.4395124665514945 4.5991850741809550 0.8409040000000000
8.2139866587894197 7.7156130481336600 9.6164930602261691 0.7853840000000000
0.4074073188577851 9.9715310990565005 9.7656027563035881 1.0374099999999999
5.0233074506139666 8.2743727451864775 8.9626855107306245 0.9359120000000000
6.4050827836052697 6.5509806808128115 2.4742950107505952 0.7675850000000000
4.1105666576168129 0.8741288501678967 1.7371049348435741 1.1191599999999999
7.7335304001143061 8.1966719200783817 4.9029016844911162 0.9485410000000000
2.3464120661655752 0.6075409855763921 2.5977392908172381 0.9535180000000000
9.3816991594161383 4.6414701502401181 0.2256255818048775 0.7926569999999999
4.0114988200583550 1.2824968690787977 8.3799252634003931 0.9516120000000000
7.9585950526504199 8.7334468713764100 3.6923754679394305 0.7595650000000000
9.5920614628892391 4.5799450768055747 9.4173514304264412 0.7685050000000000
5.9197022424327370 6.7494663710102358 1.4759922371537610 1.4288200000000000
4.0687015338639023 8.2255098594222886 1.0538254869611794 0.7294410000000000
7.7739172004587171 2.2122255701875000 0.6544064843589735 0.9343350000000000
2.7902958262633737 1.1164609864575508 4.0805561564623343 0.7526300000000000
9.0649200104540153 9.7763711178233645 6.7461234845480025 1.3953400000000000
8.4521711112717490 2.4836304817632304 4.2232977020114717 1.2862100000000001
3.4619154108874914 1.7615700956697078 0.9017580120887040 1.5753699999999999
6.9515031235402240 4.3640731268161890 5.8221540913496259 0.8461170000000000
8.6780928959197716 2.9168396480766670 6.0981635876215670 0.9954640000000000
5.2044927256437621 3.9286698843586292 6.1454864743590347 1.1149000000000000
7.2554885365750232 7.1163603537395010 2.1289468079118654 1.2870500000000000
8.1351074080829644 2.2226364069135114 5.4226044590027476 1.1729900000000000
1.9832623816293218 4.6058638739902040 3.8118063272252924 0.7943970000000000
3.9552118302479342 6.9001402080724317 0.6574025320635746 0.8064060000000000
7.1133615360098617 3.6683982861137965 7.5427390807314794 0.8362550000000000
1.9056544478356743 2.9481645506102514 9.9057527841085360 1.1724500000000000
7.1288004908361131 5.1691083244601224 2.0601525069789095 0.8164020000000000
1.4408715030356101 4.6520061653839138 4.4565684601539317 0.8468800000000000
5.7010836980477286 1.0999473219821891 4.8994488248414605 0.7651790000000001
0.2710265356449605 3.2779277953016788 6.6183814134576462 0.7749340000000000
2.9322403746503007 5.0802479812053090 5.2541012990378224 0.9275080000000000
2.3620371965499278 2.2272482173166539 9.1460621317478221 1.0142700000000000
1.6191274059743734 0.0755453926848195 4.2342792540245870 1.1327100000000001
4.7849954987250323 1.2506121053355419 9.4271491651670818 0.8659370000000000
3.8616094908192289 4.2775955856057530 9.4373149359866826 0.7777190000000000
4.7071238645253883 2.3935412059781358 1.0898385373469703 0.7872990000000000
4.6623760849686953 2.6825206567086437 1.9450072175632376 0.8262720000000000
5.7184014332027164 0.0117254093130047 6.5252105043748312 0.7416270000000000
0.9250977777132312 6.1797574555120711 8.5368653355536601 0.8880960000000000
9.4635420701603934 3.9422577737142452 0.7828235548382309 0.8559870000000001
8.9161275248940477 3.8519054184298192 8.7740899821147789 0.7993890000000000
5.3063573368217094 3.7687395181814805 5.0070309484515594 0.9014030000000000
1.2076181532455657 1.3087943120401151 3.7128213706320068 0.7989560000000000
1.0517501143857548 2.5988066767457507 7.6993969130504878 1.0841000000000001
5.9249813988531743 2.7574512960126403 6.0266717421732405 1.5104400000000000
2.9271774559815640 9.5359943276130483 7.1822723175503960 0.8332650000000000
0.3150236793255095 7.2740496289254546 2.3814291853066822 0.8369280000000000
8.1007248489575119 6.1413184881049023 5.0808848740404242 1.4075599999999999
0.5589972474746225 3.5180982959086031 0.6081322658982194 1.3218500000000000
7.8613761150006374 2.3473436572601454 7.9214696750412843 0.7916080000000000
6.4500747575784194 8.0154642875474451 8.1575194460165026 0.8328470000000000
6.3617422451661687 3.3700331839945310 7.7951773321552462 0.7679859999999999
0.4516659072021126 0.9821816984309334 9.6826681529813090 0.8771090000000000
0.6082367121954222 2.4333751497659470 6.6605497848731812 0.9998120000000000
9.5727245313649760 4.8548165440869901 5.9876736962166284 0.8196059999999999
6.6238878064632951 0.9562610409955734 6.3647188545533071 0.7240510000000000
8.9766283486284841 4.3966549116729343 5.4473976824632970 0.9000270000000000
1.6740409601834612 0.0545749053413008 3.2537603358211347 0.7692300000000000
8.8474007086551332 8.9442257394304523 7.4814113918264331 0.8106110000000000
3.6157351671396381 5.5685156844276458 8.0906842603212041 0.9582090000000000
1.3942125911219998 8.5265449246425717 1.1425091271516361 1.0454500000000000
2.7892959812219078 7.5432344955307231 7.9768912314110034 0.7657460000000000
7.8102399206278408 6.3754869563230629 0.2109372176533206 1.2998300000000000
7.9127080595426857 1.1169553097141516 5.3199252673176227 1.0269100000000000
2.5526750264710549 5.6863941181076774 8.6052289657684415 0.8965290000000000
6.3126945988082266 5.0379851673566325 4.2995623246705419 0.9605160000000000
5.5540771041796484 4.0305418466533043 1.1141230864992666 1.3549199999999999
0.7783837730701368 0.4876165344692995 3.2848409914186933 1.1450300000000000
5.9979354865213779 4.9914805691072166 7.9752908537981329 1.0188900000000001
9.9928226881621072 6.5611946091141276 4.8905379756690674 0.9122700000000000
1.8170706982191938 5.4611214801334338 5.1229270342873052 1.3122100000000001
5.1559723332091378 9.6853321852853149 7.9176189813879798 0.7554660000000000
9.7506176163947789 1.5741366391562577 9.6964590804195172 0.8167960000000000
3.3727998875910168 6.1264192263530104 2.2132148003029197 0.8409010000000000
3.9373185113847073 6.0887564609244516 0.4793997332824973 0.8073870000000000
9.0324506782087752 1.9854915273242928 5.9643441257676342 0.8865400000000000
5.2253327896874060 6.9731252260016054 3.4780221577214614 0.9196270000000000
2.3342974269519345 3.4981520615791353 2.9598528252837291 1.2292799999999999
4.2054949951573457 6.9897360842956084 6.2023878493694218 1.2078500000000001
0.9537620426763079 3.6808722037218522 7.2233435404669271 1.1460600000000001
1.2764238400527990 3.6661465493715384 3.8542396645188282 1.4269600000000000
9.9117393986129834 1.7094677441946668 6.2978707251798109 1.0145200000000001
1.8725454539143507 7.7304931258578176 1.7895530942220617 0.7920380000000000
8.2859318466934386 1.4536605856459202 4.5002718755748106 0.7586210000000000
7.2274612021966123 9.4470477876806296 4.0149450971427694 0.7253120000000000
6.2725499927631079 1.6504701255399037 2.6262059942918072 1.4382200000000001
6.4382906889996265 2.5304592359775198 8.9905131313943301 0.7242729999999999
1.1266441714330260 7.2377316750100542 3.8285317083913455 0.9734880000000000
6.0017464294387297 5.8777756895812017 2.2344131332417954 0.7825140000000000
8.9863790098273686 1.7321195372497531 4.9650959358515472 0.8849060000000000
6.7153379982950883 9.4538108336213078 9.2202764018301941 1.5865899999999999
0.7791105427530424 0.8855875367135735 4.5864758310349494 1.2352399999999999
2.6548104598461406 5.9513320181970917 9.6415366927700301 0.9251810000000000
6.6345458621248685 5.7536291137125861 7.5287461503355413 1.0460400000000001
0.6495572700242062 7.4802132744266672 0.6158081681879756 0.9666530000000000
0.4501428386487828 7.9418994020964311 4.1720587616264337 0.9748170000000000
8.7086534239919651 0.0727772832648420 8.1985866407341490 1.5087600000000001
7.1469750625692114 6.3047631216957063 5.8979010901589657 1.0627500000000001
2.6851866269170181 7.9425617292021826 1.7648034404808923 0.7877430000000000
1.9877216577272492 6.3244327597951244 6.8488735377368215 1.0481199999999999
1.3567557904710310 4.8946378565424258 6.7186033106182368 0.7572680000000001
0.0396732028109698 7.3574766038680917 7.2087477147147636 1.3975500000000001
8.5969325477498622 5.8116374114747584 4.0182065666404423 0.9690460000000000
1.1538792834609868 1.6493909289357458 1.0718540704554320 1.2783400000000000
3.5863157091846798 9.0229163986932281 5.1299638026887378 0.7365670000000000
0.1397881200202929 5.7197905333772550 4.7551909782707718 0.7649740000000000
9.3307198228856958 6.7555274897933728 2.6633222706036981 1.3768600000000000
9.5256732004522817 8.0167428497681392 3.8323567449242075 0.8245290000000000
7.6512025382143696 0.5182491215098873 4.1588562165176040 1.4444900000000001
4.1200012720010974 2.7890955727498188 0.6258845928180635 0.7961740000000000
7.5618123570068443 5.1840368858122634 4.2657123272875479 1.2176199999999999
1.5423715626666805 7.4404377579778576 0.9367836892213149 0.8581850000000000
0.3733398860352504 5.8756575375021978 0.0043558837530682 0.7543160000000000
2.7441152967061946 9.9325326147037405 8.4428815027181745 0.7435250000000000
5.0745640507563836 0.0786267251205392 1.0328508101673952 1.5561199999999999
6.1117787685104386 4.8776165936231584 6.6294086006789854 1.6069599999999999
6.2587223593906112 3.2611813138747263 8.6838318684857310 0.7237940000000000
8.8998551705182880 5.3609714275671241 5.6202608154254161 0.9630760000000000
7.6534226601675748 8.0903161513876363 5.8577893801678655 0.7922120000000000
1.7143698488001187 6.0649918477291580 2.4044488639864672 0.9848380000000000
8.6148771001933309 8.4460440514471902 9.6867371873672852 0.8181000000000000
7.6081957681576640 8.6211261215763901 1.7577729681547900 0.7525579999999999
1.7384738369482948 6.0933646139087241 9.1813504874094480 1.0887300000000000
4.9389143444161876 7.1242241354183236 9.8785459071272790 0.7424140000000000
6.3724688496104722 6.3090449273566662 6.6238852799609607 0.9572380000000000
6.7534889252477459 5.1244910608682215 5.1967850895311587 0.9725570000000000
1.4640482828836419 7.2464742325123099 7.2734571952595184 1.0150300000000001
1.0277581234653439 0.8334314763666335 8.0968748313285435 0.7484790000000000
6.6243973839175068 9.6152850627954027 0.7791299972446073 1.4381800000000000
1.0991037963225325 4.2675924209286773 1.6772601774412272 1.4109600000000000
1.9716800819205245 1.2891534373951106 5.9564835615044007 1.2268699999999999
4.2615026172917938 3.3345937524314242 2.4280548926474923 0.8833980000000000
1.3733881472578433 6.9044630472818405 8.8123456706403900 0.7423300000000000
3.1434466978760671 0.6871977462890240 8.7406541447204553 0.9443920000000000
9.7190946792616870 2.0239109829978155 5.3021383724456088 0.7660540000000000
7.1301386272691714 5.2776578029797108 8.5010394283062762 1.1509199999999999
5.3413476659616190 1.9499900852254921 1.6331506330605732 0.9711109999999999
6.2692070144736052 0.7766105618566720 8.7528546141786787 1.0015300000000000
8.3883146194709521 5.9585844576586666 1.1725023583202834 0.7456690000000000
4.7263448966004855 3.0362259120453121 5.8212193688621827 0.9100890000000000
8.1763030720243819 7.0408413043924138 6.2129362100249033 1.3901500000000000
7.4452710835253662 1.4333827446256819 1.0424546975826108 0.8502110000000001
2.9773926049407713 2.2291356554879038 2.0899751754561411 0.8747050000000000
0.0882468453137018 7.8956882868853997 1.1823598788699368 0.7354470000000000
2.5131568919410578 9.9897546462887554 0.4811359789092982 0.7595720000000000
2.4145296058453107 8.2356630974742409 8.4071086015387060 0.7699240000000001
4.0377605700136563 6.3145282183062346 4.6655156011909211 0.7983930000000000
8.4244064137134504 3.9148140566790368 6.0779088404448069 0.8694380000000000
4.0639615760212298 0.5494780196078957 9.2287378734944401 1.0604700000000000
3.0928476963780951 6.4631819347138819 6.4583828782728343 1.2369100000000000
3.5696822721791670 8.9175860223972894 9.3889721157501302 0.9281320000000000
3.7876517739553361 4.6113167890274953 8.3278839800446498 0.8603820000000000
4.9207028980618643 9.2410663260068944 9.8936851216158992 0.7407780000000000
0.4324023758571689 8.4328483298098167 7.1027052400047941 0.8190660000000000
2.6378624317571822 4.0105447400121905 3.9327559960297580 0.8362120000000000
8.5949967614846408 4.1300239531596761 0.3596660181328549 1.0217600000000000
3.0175642666232134 2.8553356636946035 8.6357931173882250 0.9975530000000000
8.7101156511022300 6.4427225355466753 7.4864969518062070 1.5434500000000000
2.3754339359009804 1.7750559379284716 1.5783100622233579 0.8886500000000001
1.5382928469705279 8.1234698819618760 0.0686775928833543 1.1317200000000001
2.3597098227383166 1.6165127416988303 2.5231079371654941 0.9815950000000000
4.3261820024743916 5.4638668108527053 2.3661970542579538 1.4346200000000000
0.5136477565900982 7.4980367453136072 3.2176486469163628 0.7520019999999999
6.2044364183114258 4.1473551501942199 3.1724587782767193 0.7975920000000000
3.2130046476177316 3.0147905213267436 2.4582858446724623 0.7771610000000000
0.4641690118724561 1.7098867177067127 0.2180542101413759 0.8680760000000000
1.4711585666338975 2.3376268906031634 6.0198231945645135 0.9474760000000000
7.0317082791069616 9.4332535342871449 4.8855538272616963 0.8369240000000000
6.2538397248431794 5.1961745980172918 1.4206795936824292 1.2999499999999999
7.9132707701464318 4.7903103649741547 5.4487534283126005 1.2748800000000000
0.8749705790275524 7.6973357512518552 1.6500280912458596 1.0677600000000000
9.9327801406534046 3.8936655319753704 3.5638005054056574 1.2859499999999999
1.5193888277683538 8.0252081367364738 4.3918922033443426 1.0109699999999999
7.3005442119301911 7.2467861323455223 5.2157434049713185 1.1658100000000000
9.2800275173845659 6.2512922922418639 3.6389276086806914 0.7280110000000000
7.0481900033081839 4.2256180771099432 9.3042307931512358 0.9657130000000000
7.5123149286224615 8.1941435574870773 8.6662767751646186 1.4551000000000001
0.2396305785780380 3.9771338863214560 7.8502134418525573 0.7699980000000000
3.7411169523949188 4.5332158323032727 2.7198974323090646 0.7735230000000000
3.6270557916522637 4.6842509650764734 0.9408643223243999 0.8753510000000000
4.6985531474855806 7.4465689036881688 5.4077363337411377 0.7912709999999999
1.0718102856019300 6.5110044303450740 0.4939986999310793 0.7874070000000000
5.6125463601269354 2.1861581532461343 0.6754764248680193 1.0230200000000000
8.6865177183504603 7.6785364707956134 2.4351465634770535 0.7422990000000000
3.9864499864073326 9.7196957820777676 0.1081631191819088 1.3026400000000000
9.2025944589059865 9.8589264771451006 2.5444510267014095 0.8774500000000000
3.9811226711254371 7.7695426793442168 6.9200938606930231 0.8929140000000000
0.1796586071435164 8.5739455416012387 3.3948232803130658 0.9790950000000000
5.4826951177997296 5.4404419133872350 2.8705635054709955 0.9971400000000000
2.4782955415395080 7.1143466069322807 1.3213706451328024 0.9136919999999999
8.3036922453877615 5.5173966369281695 8.4646793871402330 1.1705500000000000
1.7565012146934675 9.4767104922267862 9.7934978433343503 1.4517000000000000
5.9197317798487550 1.9824161672274438 7.6445244958853866 0.9446960000000000
7.9666201763859226 8.4872307764115380 7.4665294168390259 1.1011500000000001
0.3919938227590374 7.9733924295620868 9.6399428753835945 1.2094400000000001
8.6285286881326719 4.4192623902459225 9.3815893885709603 0.8899540000000000
3.4325190526669114 2.5962014266294631 6.7317988261456465 0.9270929999999999
9.5545550416325113 2.3078745325094281 9.1222451932007687 0.9752400000000000
0.6645183978472156 8.3096694937099578 5.3611112623797927 1.4253899999999999
3.5867177662579572 1.6415694889014936 2.0894230476225331 0.7619880000000000
5.3198817251443886 5.7336548478991265 1.7009663494474199 0.8363890000000000
8.6653880470787534 8.4260352704383816 1.7935882306347808 0.8846270000000001
1.8961428505010058 6.4390403033513568 3.4762012413794485 1.1205300000000000
6.1635417833241162 8.7481474490926221 0.1171432704700462 0.8360720000000000
4.4384366582725638 8.4578694300275021 9.6632104929082487 0.8309540000000000
8.7029320691550449 4.7438105134175883 6.3744261868643726 0.8973310000000000
5.9535019350340592 9.4169329705956422 7.3773851899832152 0.7653550000000000
7.7441348090023805 8.7223533700602420 2.5713896654660870 0.8225390000000000
1.9158462609537752 4.1232590364297366 8.4751855954120519 0.8709730000000000
2.2143235679176030 7.3769880118209548 0.3688741489558812 0.8430350000000000
3.3549279942541461 0.0056305040768985 2.3584559294086724 1.3244000000000000
8.6151956948892092 7.9815681143473460 0.5618377705625037 0.8879620000000000
2.5249424851829398 1.7207816790007302 7.2524190773632125 1.2246200000000000
0.5479154605889125 0.4592861639337507 7.6311524961151020 0.7252210000000000
8.7994809237283960 7.9956320285763534 8.8660088387707567 0.9861550000000000
1.4260219499012023 0.2937959214973029 2.4004672970411547 0.9531840000000000
1.6877153335813286 0.6040743899769702 5.1304681344331238 0.8866130000000000
4.5438846406586437 6.4425322257842534 3.9344455997973964 0.9527050000000000
0.7776479261844684 7.1870543204175519 4.7788853597396246 0.9225040000000000
1.7298829308099113 3.9972451526507546 0.1994364682414369 0.7597739999999999
0.0117586908614513 2.4783550867667983 0.0298141108001587 0.8994259999999999
2.0153190161993839 8.4407710477535609 9.1794667618239547 0.9016290000000000
3.4223188088291274 4.6604093842985579 6.0918492865186069 0.9085210000000000
0.8571169495682088 7.0090810701166681 6.5590072812284044 0.7307790000000000
6.0708070031890591 3.7078801577365770 2.2407525519636455 1.1177900000000001
9.6646158011197620 0.4853877266981254 7.5121629089079116 0.8791610000000000
5.7655951655935542 7.0373246659685691 6.4818712553247932 0.7573220000000001
1.4259936369350141 4.8186392280413264 5.9345718690823768 0.7766760000000000
6.6453866146026970 3.1804955756621407 1.4505983641679114 0.8263140000000000
4.2466481730274319 2.4224235940489751 7.2486357990614021 0.9038890000000001
3.6299092490081502 6.7873741187570547 3.8881853994522371 0.9078310000000001
2.4653288999272935 0.2152213543283527 9.1778745850253873 0.8755030000000000
9.6444569231211990 3.1692689241455088 8.5290068604614522 0.8518460000000000
1.4716255422385227 9.0583192097378973 6.1432807160888530 1.0381300000000000
5.9303328491553060 0.7545185660793450 6.7168887269870625 0.8039809999999999
3.6855599239645009 2.5259820194838496 4.6521549032782783 1.0912100000000000
9.3674569322542158 2.6756022509855719 3.1885693413091487 1.4119299999999999
4.5554057609474334 4.9941435379182542 6.5076400777113657 1.4152400000000001
5.8996918914719734 8.2927532382652629 7.1562187726263851 1.4304600000000001
1.1749225541196966 8.0603265672924049 6.5409890254540137 1.1181500000000000
5.0911510270069034 1.8884225759622653 6.7300253364788940 1.2034400000000001
9.8227410760002201 5.8997701946524783 5.6928832630464816 1.1126400000000001
9.4427275399148343 3.8374399461249533 6.2509726388930220 1.1497299999999999
7.5653156581112491 6.4106206504708760 1.3030820802436358 0.8524590000000000
5.0001725888485966 6.4285163971944970 9.1615369669818580 1.0805899999999999
3.7793219486474738 8.6524030447947364 0.3459363129192248 0.8659380000000000
4.3705934893064562 5.5179023629020127 7.5240346212983713 0.8252720000000000
9.4062887222414595 9.0895724710954031 1.7973159996989614 1.0473200000000000
4.6977487706333427 5.3151958592655273 3.5255271797407191 0.8096640000000001
9.8009044181680096 7.7910629715902617 3.0248520572028657 0.7862060000000000
5.3489676256497178 1.1556259602022629 0.2512742482465434 1.0095900000000000
0.5172168194389810 2.2869181463158590 5.7007184435880252 0.9013000000000000
5.8118948520412488 8.1348720721859760 2.7542283763810014 0.8154490000000000
