0.6095110420208124 3.3226456814910494 8.2038042895743111 0.8716990000000000
5.1971007956362776 1.0816540727206772 3.2195412273886164 1.0249800000000000
8.2656841705421176 3.0935958821614284 8.3671722271430777 0.8325650000000000
1.2639652030407706 5.6412928370593249 6.2520084314082407 1.0000000000000000
5.8513638157966961 9.2426757112081219 1.7954028332697383 1.0761799999999999
3.8942649405749243 0.2784894243749028 8.1442364143685069 1.0326299999999999
8.5575435346564550 3.1985124739264488 0.5434617115710403 0.7333850000000000
9.1822102832648032 0.6112560326375100 6.0592242100243876 0.7532870000000000
5.3780597019281595 9.9003977733836290 3.8621102840574877 1.5839300000000001
0.8824085964420176 1.5437342810865031 6.3661415814903632 0.8803510000000000
0.8181314835353410 6.2323579568607386 4.1991141296087768 1.2328399999999999
4.9530370571937485 7.2602580772352390 0.7681750669869563 0.9297310000000000
9.4357043986233737 8.1844638920444019 7.9734764992583154 1.1020600000000000
8.1681049955407392 6.8242005671684813 8.9310463413017960 1.4360100000000000
6.9291043067633131 6.0217804284182561 1.9302060531923666 0.9246000000000000
8.8853947165980056 1.3384861940595651 3.5737105817913561 1.3934599999999999
6.1949587129979919 8.0730322597756476 9.1652845435825601 1.2147900000000000
7.5018129727849763 8.0541562972741296 3.9833027678030608 0.7414600000000000
4.5877632692161834 8.7521515340383367 0.5542596765668858 0.8806400000000000
7.9763530523326516 7.9878219724664161 2.0870423099755242 0.7325990000000000
3.6551065779065097 3.3978177909332001 3.5275780604003306 1.5795999999999999
7.3316326498484132 1.2744718219267832 7.1272302743778289 1.3024000000000000
9.2836753840080846 6.9128702394077042 6.4355640225713291 0.7808060000000000
6.9552663055752406 7.7671089020643862 4.4488100020084520 0.7428280000000000
4.2342119249070969 6.6727802593926295 9.8209851727397588 0.7232210000000000
4.9717275872899052 3.0948994699422139 0.4641603643128796 1.0294500000000000
3.2277936651409727 3.9326985800220013 5.0255297376978412 1.5605100000000001
4.7136556484133809 8.3020217039502313 6.6631144734273571 0.9233570000000000
0.3095681275084614 2.2014538564663515 2.7274775483921259 0.8079190000000001
7.9946075166750701 4.2656560575744846 8.2289689222184723 1.4830900000000000
5.2982736250442635 7.9954985040219242 0.0259864591266310 1.1784300000000001
2.3058780226707101 8.1734999981228214 2.7926141001946050 1.3167000000000000
8.7773206862880429 1.5330480407781204 1.3492614569502024 1.5518200000000000
1.5820205771913041 1.6809552542577650 7.7759026112868863 0.9038720000000000
8.1806760840107007 2.0096931687240449 7.2800444112618621 0.7494750000000000
7.7871875359989060 9.2132898076095540 8.2231837178625344 0.8240830000000000
8.1800046681109873 9.3449608720096187 4.5354516055186513 1.1501600000000001
1.1845421546339014 0.4801121472225021 1.4407824643627676 1.0325000000000000
5.0103913379174179 0.4655857875455657 5.1365397987097356 1.1883699999999999
3.3121058390501634 4.5739107333540518 7.1971510024056089 1.3031100000000000
2.1990625984486316 0.7983875854876140 8.0917861733535705 1.2419000000000000
0.5411851775485677 4.6520727278359963 8.4584750658578614 0.8364150000000000
9.0810873753702683 5.2751160911252466 9.3977837725129394 0.9686080000000000
0.0714825761692120 9.3397840863010195 7.7310598782254258 1.4702700000000000
2.7250860331343953 6.8454236119731791 3.6800890317640138 0.7363520000000000
9.9767297368829126 5.7943514093027630 1.5189548776586002 0.9210240000000000
5.4813653261716002 8.0625344211786558 1.8507836981335646 1.0628000000000000
6.8845446385488849 3.6714220589127806 0.1405090585971051 0.7834010000000000
9.4213060693315800 3.4037152691803101 5.3524435111182367 0.7967270000000000
9.8750494717832122 5.9089954325724383 9.2767751098571605 0.9649090000000000
3.0431934845652213 9.3178229417649554 0.6194279557040014 0.8978220000000000
1.9020911300045482 1.4265052339924751 4.4655621896579136 1.2358800000000001
0.8833933336137407 6.7581468692865858 1.3556326393720832 0.7485540000000001
9.5594378044887804 7.6286624159281198 4.8418164207474774 1.2696600000000000
3.5180272458621769 6.2943820546683860 9.7090630702208482 0.8473619999999999
1.1825268076646696 5.6924183326061106 1.2909955221446039 1.3563400000000001
5.3005977115753247 9.8282426864600048 5.9001895272303528 0.7740260000000000
3.3610613819244963 5.1622099774007788 9.1599742269843905 1.2693300000000001
0.6542334130840763 6.6289087456333924 3.2426098732916229 0.7825130000000000
3.9497505010320411 3.4665116599304304 7.9082526048022030 1.5095499999999999
7.1759785363830177 5.2483020783549508 6.0030698874116757 0.7896450000000000
6.9823448027666988 4.3293003147052049 2.6941861637532791 0.9843780000000000
6.2417761045036233 5.8110673295978854 5.6805825199390938 0.9258729999999999
7.1123058723466803 0.9348827169146960 9.0947448717577437 0.7232970000000000
9.6136709237372830 8.4831017067555710 0.3153439643024618 0.8435110000000000
7.2225209237933559 3.0903791797623144 8.3714827359038289 1.1584600000000000
3.8921487707922560 4.9875715854586753 3.4717775511719813 0.8996970000000000
3.9761246406445587 7.3700573975708918 7.7948020609369726 0.8425270000000000
4.7040010522474729 1.4106099810562944 1.0057219159515771 0.9174840000000000
4.6110805255584548 8.6935108203580018 3.8434860050553379 1.1644600000000001
7.7228919741762940 4.8366675229139986 2.9468782442716162 0.8088959999999999
9.7801520245586513 1.6596256102527853 8.5039728445922851 0.7528510000000000
8.8611795637919322 2.8939088865578770 8.9283519376359148 0.7855410000000000
7.3900067264716212 6.4710009217210773 7.0826421573180918 1.1125000000000000
0.0642275898315006 0.7439103317857415 0.8394808911604605 1.4649399999999999
2.2483798207177150 1.3309175667941395 3.4313104396502738 0.8642580000000000
2.8787392458549337 5.7083290483885447 4.0454978777059116 1.5768700000000000
6.5288361126964274 4.4503857216463896 0.6616838507705516 0.8627400000000000
9.2322318879670018 6.1154204731966999 0.3581313479400066 1.4853400000000001
1.2987548198145942 9.8864102436872390 7.8328654324603937 1.1174599999999999
9.5880520755992844 9.0774128105854697 4.4846684328988697 1.5995900000000001
3.0615005901559287 8.8427645220159299 2.1607950527114665 0.9159700000000000
8.9506480431055735 0.4699532993537628 4.9355111801173344 1.4693099999999999
2.5034388664329343 0.4584720885231294 5.6027393078098768 0.8431120000000000
0.8789273245084325 7.1189199975622532 8.0525170379201185 0.9215560000000000
1.5991694029994783 4.3949270072088868 2.8558684295524346 0.9999960000000000
3.0472386996990211 2.7786058242638223 5.3327549226446873 0.7612930000000000
2.1411614461846717 2.4438538659971814 8.0790401519316397 0.9994410000000000
1.0838292441415478 9.8260783564800391 6.7906187108032006 0.8092210000000000
5.5248416818589803 7.6142631869348989 5.1719606243064060 1.0126700000000000
8.7300633364865572 9.2199173677893658 0.6849089143389987 1.4738500000000001
2.6103283222485794 3.5973699173014544 7.9140021010060719 1.0787000000000000
2.7109993965184267 4.7253238423459862 8.2479246091928893 1.0420100000000001
3.6373075947367504 5.0043348585175433 4.6654487027304992 0.7430530000000000
8.6293183175962600 7.1275572117574537 0.0978445196899659 0.8295570000000000
5.4040264713389599 5.5620286571562163 9.7034117631500401 1.1186499999999999
1.6232319644200464 1.0104611452655454 2.8559664415075914 0.8784620000000000
0.2936391964093185 5.3676998308990269 6.5227836683427229 0.9858310000000000
2.8621167811611818 2.3194035563064430 3.1089234487278175 1.1178699999999999
0.2638891042951080 2.4297759912921317 8.3980901465800368 1.0058400000000001
1.4501351965298797 2.2613710480391771 3.1785959711224896 1.5428599999999999
7.9502265710359836 3.3900748273161851 9.5018246387198211 1.4896300000000000
9.0776089707185132 2.3504634409380882 7.9284705861753446 1.4336300000000000
6.0575686407512883 3.6384360854711484 0.2244836054680635 0.8150690000000000
0.7331158409240509 6.2905517567875320 9.3828283110736201 0.8218720000000000
6.4018039325126210 9.1007608303299747 4.3170559681515703 0.8638140000000000
3.6518737785183437 1.7149611090104222 9.4117070064123460 1.2296400000000001
1.7321851026063937 0.1498624139326544 6.1113999897340072 1.0271200000000000
9.8069392666008000 0.5773722368821808 3.9671517450198861 1.0249500000000000
7.0884395617649876 7.8661982484298880 7.5040061132465272 0.9173420000000000
2.6762667591207832 2.2629561567342265 6.0230397107067422 1.0424700000000000
9.7775983563515876 9.6216639531246297 1.0906818517294836 0.8140840000000000
9.0906783819329746 0.1344672956224532 1.5727472576184391 1.0661300000000000
7.3731896329796403 0.6469724987625753 6.1226592865282710 0.9769600000000001
8.5157599981504095 1.9512579184252887 2.5678676715722966 0.9730700000000000
7.9028597321317458 1.1394825566789091 2.2523413430239172 0.9156090000000000
6.4366119930814500 8.5451965549424092 2.4651884779667408 0.7987020000000000
5.6203343745487730 6.8790700596582575 4.4475091372140296 0.9779220000000000
6.7632942492477941 6.1281415118816369 0.9911621813761544 0.9200390000000001
3.9282934525246613 9.2253677168256427 1.3131621608421149 1.2387200000000000
4.2743611784744706 5.6351191719370259 9.8066825383400023 1.0658500000000000
0.5367648365749055 9.9209679602471823 4.1733699736569578 0.9031470000000000
5.9052015838855736 2.0699652260030716 4.6556757917841409 1.3108100000000000
2.0598643352862314 4.9223351899565451 9.5726939441545174 1.3962399999999999
1.6525180081491355 5.3859029447142071 7.1555388371398223 0.7861230000000000
4.3742010985356758 6.6255335934274528 5.2633637660980970 0.7388749999999999
6.3798716320757345 4.1094527084749863 7.5244303180201850 0.7366580000000000
4.8501137806253745 6.3372334894122693 0.3679208927553690 0.9867700000000000
5.4657303373905455 2.6543587395445685 8.2226347262963415 0.8003870000000000
6.9911739898349685 7.2202463986071530 0.8450567893738963 1.2392500000000000
8.2188636480854935 6.9886315417286635 2.6270049459430007 0.7457120000000000
6.7417472853419778 0.6557600869061972 5.1189693281994701 1.3020200000000000
1.3257829345427734 2.6207216259603960 0.6232734155264770 0.8412800000000000
7.6325434830082877 7.8207671656810192 1.4075319446046244 0.7669780000000000
0.9272344515277035 6.2843125477462376 5.4188605884863232 1.1242399999999999
1.5573180724931255 1.8900794658219335 2.0294524301646484 0.7509610000000000
9.6473871076840911 9.6943994202976391 5.6866692224624220 1.0004700000000000
5.1511148080395932 6.7695645578199670 5.2819756110852891 0.7760560000000000
4.6792869014620857 5.1283738480234264 0.9172600045592790 1.4064300000000001
6.7756012445969906 7.4155852531690698 6.4208375834555929 1.3967400000000001
6.9266684635930735 7.0710573523416738 8.6834988248660387 0.9085420000000000
8.8494116481034091 0.4575906116411044 0.6243607062313029 0.9132050000000000
6.4533969059496572 2.7924271712774469 2.3114529717499499 0.7487770000000000
2.4063414471069584 1.1705621647042228 9.1554705943398833 0.9613540000000000
6.5971189704169308 2.9420420310922615 4.2439515583481384 0.9718430000000000
0.0490144586219743 1.8475333384548644 1.4580118557807897 0.9413440000000000
3.0645614902447234 3.8874093625883375 1.3288978934235687 1.0193800000000000
6.8133243040124478 9.0320561481406063 7.8249789634567897 1.2287600000000001
5.3538277666232430 9.9867247104840633 2.4769016085180540 1.0022100000000000
9.8989276635650896 6.8750686897825108 1.4859243565544191 1.1608900000000000
4.9583316438503928 9.4092418860230929 4.9665872402001430 0.7540790000000001
4.0116928752214172 3.1126404197630717 9.4561900178283942 1.5465199999999999
7.0200786346100070 0.5317641944240876 9.8081196598676819 0.8615140000000000
8.0505229991247305 0.1932464325696566 2.4420587529451070 0.7810080000000000
0.2435121528635798 9.9546222280831351 2.0686537108095187 1.3652200000000001
2.6640421330760451 5.6404119823740650 7.5658133941447918 1.1532100000000001
9.7948109490807465 0.7623997762709311 2.9103530655253946 1.0382100000000001
2.6705130938471204 2.6145547290519566 1.3573514310333632 0.8213780000000001
5.9969977103504064 7.1057309982382160 8.7849879345205171 0.8187489999999999
9.7998081579490925 5.4584219148866318 7.3992522657085882 0.8670660000000000
7.0733468842042519 8.7911995228670872 6.5470874657050970 1.3210400000000000
0.2975783532242157 2.8649435916677044 9.2545936899132535 0.8430839999999999
7.8151001831423130 7.0837697688179393 4.0874313453176061 1.2259100000000001
7.9266784771873757 4.5936685077571013 2.0632265031890449 0.9950790000000000
4.0914350836269575 3.8654408875756543 0.6127497521623249 1.1081799999999999
5.6221563869623044 2.6495752076038626 2.1361082663899329 0.9076530000000000
4.4606305384129303 6.2013706933503627 6.9799182438826977 0.8118840000000001
6.3005940255372339 2.6618236122668169 8.1917271984287723 0.8047850000000000
3.4361786682607374 7.8235059861008684 8.4397066197768371 0.9748280000000000
8.7270689891424347 3.5874115545087117 2.7314624296393673 0.7750570000000000
2.7933907069028665 9.3886525304243840 4.5947143762335418 1.2175199999999999
6.7124286692317252 4.0993654808379132 8.3628247857221716 0.9295210000000000
3.3268363608671865 6.1139151132496128 2.9864347594428162 0.7684740000000000
4.3135817512298731 0.7067720698227724 3.7893629790345806 0.9870989999999999
7.2504843446110199 0.3984183343894790 8.1798208055219153 1.3328300000000000
4.0899244766139597 8.3427275857658234 8.8838484649561593 0.8071710000000000
7.7046179450786401 7.9438917325707310 6.7417455928944898 0.7450190000000000
4.3332004716613479 1.0699820228624362 7.4232379133698778 0.8951910000000000
6.1287322793061332 0.7498264870595095 0.6769455069623657 0.9376880000000000
0.4650122133483165 2.3797987489547507 0.8052192587163290 0.7762930000000000
3.4291104393212359 0.5961422384112615 4.2420882449574124 0.9313500000000000
0.1709891363126556 8.0389714415994131 6.3559883464733495 0.7755210000000000
2.3678166104971057 8.3424715522550041 7.2068138277387739 1.5625199999999999
8.0427730261326786 5.4120602129506388 3.4207223080649838 0.7471600000000000
3.8858865204068311 7.2677437529033950 4.8527952807255295 0.9770030000000000
5.1030820033779447 4.2278350703690410 9.7704534256340132 1.5124899999999999
0.1469535742828511 4.3598453434289084 9.9937871510624525 0.7835110000000000
0.1306822009648532 7.1303929703912088 5.8796656219572156 1.1979100000000000
1.9063270854867989 5.1214328837678558 2.1235059179171709 1.0214000000000001
9.2509063956742867 5.8943088023378163 4.8215075338817224 0.9129620000000001
4.9687844550714457 3.5030923882242311 4.0331578797049623 0.7525470000000000
8.9889115310038346 4.9312597974545103 1.3621578038925553 1.5371800000000000
3.3024527495735865 5.3334160878765609 2.9555218422904188 0.7345699999999999
0.8036331385948967 9.5519678335398677 0.8372584248361860 1.2178500000000001
8.7110722254522805 8.3321169986797159 5.3098365704834656 0.9991360000000000
7.7952606246899050 9.4947384285550260 3.1589558889078115 1.2040800000000000
9.5645926324889334 1.6865221932880501 2.4207361773412170 1.0208100000000000
8.6887988981967368 2.8864115435034940 2.0387305869081223 1.1180000000000001
6.3586534143009024 1.6263977657475024 1.2666364414305633 1.1380500000000000
4.4348228031191832 0.4639401491356827 2.7606836043778924 1.0583000000000000
7.7906853878620277 0.3451205351761768 1.3379536181629783 1.4183699999999999
9.6506493483260787 2.3226021474112981 6.9234730938512028 0.7845880000000000
3.5723181854935824 7.9783816704216539 9.5161763713184939 0.9085140000000000
8.4165739257688017 6.4881142553273250 3.3922640531273043 0.8734600000000000
5.3769103238085432 1.7883068892723646 9.5840251667193321 0.7240070000000000
7.9066072337191713 2.3272103673738207 6.4976109659042294 0.8407680000000000
6.6911797470741394 6.2004857728339919 4.6136816262831699 1.4217900000000001
9.5272938911818077 9.1004708052479746 9.2101870628685187 1.5953900000000001
7.0160949071961740 4.0057093792694172 4.7042539015481646 1.3982699999999999
2.2296247812474248 8.6378347643307425 1.7378750062182406 0.9044280000000000
6.0922363965426651 5.9929155941180454 8.7204212875537586 1.3324300000000000
8.9211487581597240 1.2284960135953968 9.1029450542467103 1.2855200000000000
6.2931726174854123 6.9343794060408035 7.6894161308506241 1.3728100000000001
9.7723360425580221 6.0785162721271666 4.1658501588038162 0.7286960000000000
5.2807286008275609 1.0500829516289054 7.3402855735423156 0.7862530000000000
2.2173179873095017 2.1856569110329596 0.6292237712488636 0.9976050000000000
3.3812585970512750 9.8057514294875521 9.0716519482211826 0.8516590000000001
0.8385172195037265 2.7598622445107712 1.8373846594803527 1.4499200000000001
2.5243179342811572 7.2287519071585304 9.2199636270275924 1.6008500000000001
3.9208033526532740 8.1810164166034554 5.7655331511692429 1.3485900000000000
3.8246607519985316 0.0934014828785383 6.9770078022249891 1.2342800000000000
3.3143737532559960 7.3624270966273375 7.2883343398142726 0.7579200000000000
6.7325039418969350 2.6459102791310998 5.1182986719518562 0.8206770000000000
2.8962346526261746 9.3505066442197684 1.4695953792124257 0.7583750000000000
2.6498190467006482 0.1444873752521815 3.6137189781022769 1.1801500000000000
2.6494271523510093 3.9859064454389479 6.2963863213333893 1.1268000000000000
0.3198737519623610 6.2301353139986917 0.8190534873100692 0.7945320000000000
1.1636058961517064 1.7247404297921582 5.3303478840870158 0.8812810000000000
5.1225809788692338 3.4011692105521827 2.0132325540454485 0.8425910000000000
5.3189451524398761 6.7399679165465427 8.3092560347315327 0.8685960000000000
6.0639689319745269 0.4344689686134865 9.7703420134806329 0.8937659999999999
1.8462183200847566 5.3658747574678065 3.1456256317724871 1.0028300000000001
0.9914548062271403 1.9019846091785888 4.2397187493738198 0.7838100000000000
8.6850095755471006 5.1662759778020808 4.7369036385657761 0.8558789999999999
4.2071344566577862 7.8271650537250199 0.3456119007011570 1.0314399999999999
2.6270633567329789 6.8523235362143966 2.5928139864195918 1.3262100000000001
4.5051924495743219 9.7314661134700806 2.0917644086615099 0.8532680000000000
4.2239518790234172 5.5290952151480202 4.2458615885871991 0.9429560000000000
1.0328953359169353 5.8801779035925552 3.1361121379321513 0.8267760000000000
1.0650237065728874 8.6326507362244875 9.2570762934376276 0.7928720000000000
4.0690424079205458 4.9330447636351984 5.4109884864533910 0.9168760000000000
7.5163618837662387 4.3851653642005068 0.2673549109893883 1.0651200000000001
7.5661532367977768 3.3126542745189456 0.8633115398628883 1.2352900000000000
0.9313966009822265 8.9582148882006578 4.1061006568315968 1.0939500000000000
7.7841927244948481 9.5733358651769418 7.3327963609118392 1.0219800000000001
0.0789337430606661 2.9853948253753679 7.4462691617670069 1.0215500000000000
5.7014403188955924 9.5982759164879408 0.0103476807565736 0.8664740000000000
4.2143739307158983 9.6104680214742526 5.7575130233039280 1.3502200000000000
2.2484841250464185 0.9469705004605428 0.7421274963468029 1.2389800000000000
5.9753048600048029 6.7916523643029336 9.9483482485772896 1.4821400000000000
4.8146156073781672 6.1102413565902802 4.7720522747831797 0.8683530000000000
7.1190477902063849 0.5235627929823298 2.7585910963427680 1.2081200000000001
5.6373338083313023 6.1864315158907122 5.0350653885949948 0.7587880000000000
9.0512505379350916 6.1485383301067245 6.1976431194977417 0.7605950000000000
4.2668549036370536 9.4834280642072564 7.7460341659750656 0.8201520000000000
4.4141054178070753 9.5159730079125318 3.1087867264735101 0.8805440000000000
7.5550855295982133 6.6428354142853507 3.1178290138368929 0.8820260000000000
7.4549681109515786 8.4458078331985753 0.2393525524127477 1.5203599999999999
5.2249900617214440 2.8363005675356208 5.0073431724066637 0.7567580000000000
3.5732736904373126 7.1592263620687095 9.9680971948651553 0.8803000000000000
2.2950275675103340 3.8291971173725674 9.5472794648846797 0.7536640000000000
3.3885601511100694 1.1259463511175249 3.0829301106768430 1.3914000000000000
4.1092497684218783 7.4089959533100700 1.2766292460713569 0.8307740000000000
1.7355743443679623 7.6449501958555572 8.1743169361461412 0.9055270000000000
6.0581084277193433 0.4971057683509584 2.9075656386554645 0.8413850000000000
6.0057008299910128 3.0543459386954481 0.8297022285426010 0.7941690000000000
3.3826885323786460 0.9993939601601304 7.6110222011377671 0.9502950000000000
0.0490339046745136 0.5804022070906329 5.3313000469019309 0.7807940000000000
1.7392872849368024 1.6054271913225922 8.6683192803472178 0.8286559999999999
1.9593597487276742 2.1920141764158112 5.3236186875381426 0.8547490000000000
0.0419927866899405 5.8685012323757029 3.2659085682223283 1.0944600000000000
2.6064884088872651 3.2721007663078390 1.9083671180640469 0.8208630000000000
3.4045344552275587 0.4011263543756285 6.0729053580051380 0.7517730000000000
7.4892430231389433 2.9476904595047366 4.7790197288078788 0.7780220000000000
2.3283258538140101 9.1827096374590358 8.8030184035608450 0.8500910000000000
1.2542330544916080 5.8405381897031665 0.1072834363134856 0.9314200000000000
4.8610168310400113 6.1142196365621171 3.1766168957161858 0.8022440000000000
9.4735996092638661 8.5703976554436423 6.7854685821445564 1.0408599999999999
6.8626273264020217 9.7186892371665721 5.8190217761008594 0.9542400000000000
8.8218004960449878 0.7444904208202106 2.4420107621888749 1.0389900000000001
2.0547106140194642 2.9624123591019984 6.9101969945568209 1.4373300000000000
0.0589476748323376 8.9296149235304068 2.5163777241752210 0.8150860000000000
9.8837601688771883 5.1884879261840204 9.8995203850520124 0.8589660000000000
5.7642481980226332 4.9498556694067997 0.4701174240067921 0.7951850000000000
8.4321652452121754 7.6511510518034660 8.0544565390341134 0.9366520000000000
2.4866268367648172 5.9915657166869911 1.5345116481047718 1.2593300000000001
5.8645031970555577 1.3263640019350147 5.7451570896155699 1.1355800000000000
3.6113941060681087 5.6757046151858876 1.3144944659418623 1.0235700000000001
2.2453857445956800 4.7550387944617931 0.9877307974234792 1.3629899999999999
4.2984893952564809 8.8457057955918774 4.9970204904858564 0.7280900000000000
1.0921307833234408 3.2420594622985099 6.1619318079410705 0.9664270000000000
2.2515510716042657 9.4433853270409074 7.9111295241436590 0.8621430000000000
5.5989040271789845 3.0545504830212202 4.3501137177567628 0.7558630000000000
6.3366102603531962 7.9005775361619319 0.3026393329874472 0.8470230000000000
8.2832898449848127 4.4738490240649487 4.4594215678803337 0.7655670000000000
1.7894591207814239 0.6496629203799346 3.5941348385141123 0.7337040000000000
1.9583765036488159 0.9966419956805109 1.8151391773254120 0.8964390000000000
4.8067971831624643 3.9979686214104548 7.1617617213044804 0.8935040000000000
9.4212505349535220 4.1441575240390298 4.6575741567645066 0.9287730000000000
0.9134008221918435 5.1740717502391735 2.5049283878473290 1.0086500000000000
9.1400919982089803 8.1946109812016203 1.0585694002137103 0.7301900000000000
9.6490102973520226 2.7274721220807101 6.1302495570514344 0.9262000000000000
0.8295384196090079 4.9546104283403247 3.6574989125630304 1.2511600000000000
0.5841605474280911 8.1593494293014093 2.5558576272274038 0.9796530000000000
4.3611162095507323 7.5580177231856780 3.9402835546281159 1.0783799999999999
1.1849455615257845 8.9705246016097941 7.1885119394554371 1.0105100000000000
2.1463807674913937 2.5535684427933383 2.1984399730958053 0.8129720000000000
3.0024052732450874 2.6766613248564579 7.6334281061159048 0.9183240000000000
4.6091421018844780 2.0369534192227499 0.1257691604660018 1.1450600000000000
3.5825620048419839 5.5523953443080627 5.8029101279687767 0.7612240000000000
2.0224666083836351 9.0528107572243819 3.6894439314370890 1.1588000000000001
9.6168973455807691 0.8796481637336304 1.9328345427995981 0.7726690000000001
8.3518441314018332 0.5294949486810121 6.0257969982332860 0.8291860000000000
8.2054275721256040 1.3320317377243949 8.0600439695672303 1.1544300000000001
3.9658986832530818 3.6780165808931384 6.3703276972527121 1.3558900000000000
6.1134713567163592 4.0350134143491374 5.5470427756770393 0.9763240000000000
6.5256072875150792 8.3863994334116843 5.2898479909309568 1.4290200000000000
2.1613085999005075 9.2001438486925782 0.9663305561656893 0.9365320000000000
8.8226541831957714 7.7497729833290627 7.0971215236978757 1.0606300000000000
7.4483783338024177 2.2823601872828694 1.8763504852558270 1.5522800000000001
2.6500074895562067 0.5361553714667764 6.7636016171092725 1.2124800000000000
3.9392441841301418 6.8073716833840656 7.1869604612120312 0.7507640000000000
7.8460097736130967 9.7128037847888820 6.2632002346608981 1.0545899999999999
8.9367521337167037 1.2494999743444200 6.9502740020468590 1.4060100000000000
3.8838542249758756 2.3666481750933852 2.5912171514657030 1.0838399999999999
3.6732749818532775 8.2928547371893018 4.5022574985024146 1.1350499999999999
1.1496312499062120 7.2710036235662932 5.6046873612160200 0.8494370000000000
2.9555269887979416 0.9983565085496393 1.8887929044658223 1.0087400000000000
8.6112324354988665 4.0169540167875830 2.0040005271427921 0.7299850000000000
6.2370522379647300 0.5056996200196030 1.8164748642306203 1.2708200000000001
4.0512245539076002 9.0090021370638063 2.3868648833780695 0.8762000000000000
0.2225659688554208 0.4962714319209167 6.4448653333021504 1.3922099999999999
3.6550846652541935 1.4138973483792094 6.4894200591165365 1.4053800000000001
8.0919997864829156 9.2668010299504697 9.1856253077613328 1.1185300000000000
6.1491582119781096 1.7105725569516945 6.6978739259310025 0.9025180000000000
1.0562157840211552 9.1895603881914614 2.8760430746161001 1.2844000000000000
9.6834182174992627 7.9355086711763763 8.8727744769533619 0.7547300000000000
5.3992936304621528 7.8151309247342873 4.0825935865725329 0.9962180000000000
5.6766195747686359 2.8598294505267141 7.3918813978598514 0.8108800000000000
2.9900980969798194 2.4766789887331839 9.7349764576816078 0.8069220000000000
6.0976671769674837 9.9703552819926902 8.1387724791608882 0.9960639999999999
9.5263251648254901 9.9250168612363563 0.2510600409032907 0.7321210000000000
3.3337477454519360 0.2289809895022195 5.1745481964527205 1.0034700000000001
6.8999778709637667 3.6211663506864942 3.4927302902801496 1.0566700000000000
3.0736780217836532 4.2098982890472838 0.0909250824513707 1.1856599999999999
9.4503947392427179 3.1568403987107252 4.3895854810834720 1.0133500000000000
3.5983261556495889 5.6995258041631471 5.0249944237280246 0.7550410000000000
0.2841768575850641 3.2188240504779198 5.5828854440238533 0.9422710000000000
7.7043469403460696 9.8419489234949218 0.1006762362188300 1.0861799999999999
2.2903484368861173 4.1283609735737476 2.0441100652308064 0.9049509999999999
5.2928167528475720 4.8012189004422554 3.9951098010496180 0.7669170000000000
4.9734921371307639 2.1041780149068914 2.8048758287227589 1.1078399999999999
6.2284710995588819 8.2499316754981145 4.1752476553263866 0.8045470000000000
9.1041495193268140 4.7035441642010971 8.5988893497192773 0.9149790000000000
8.1145145818003819 3.1802969446276470 7.2213289099801425 1.3474500000000000
6.5367035954931474 1.7020721189071981 9.8677846422733850 1.5761900000000000
8.6985014768811020 4.0865178614733040 6.9326000521277020 0.7654710000000000
2.9212209340042179 9.5375332195141951 9.7550126095236482 0.8096650000000000
8.6096261913566376 7.2430320190425483 1.4462130574676568 1.4145700000000001
3.2276261746943442 7.6216479743609931 0.8271224644701803 1.1041300000000001
0.2864705232567692 6.7707911752406913 0.0692367099145519 0.9656500000000000
7.7783226988938097 0.0832583638412646 5.2656552823733840 0.9850380000000000
8.4553850581977787 4.9239944307941785 3.8472219296205159 0.7306700000000000
7.2683079192313524 1.8177290341334857 4.5672172544463399 1.3524499999999999
3.3154378301760317 9.0272215677768095 8.2029907831125843 1.3913599999999999
1.7557914056797459 7.9315233405165904 5.3684422598257662 0.7915660000000000
0.4232390269707897 2.0143518926360899 9.3735186964820478 0.8231240000000000
5.1993067238819419 8.6590404241783752 5.6860622446042832 1.2811800000000000
6.3630998474713474 7.3306983774187948 4.7986479200794996 0.8232790000000000
3.6068306862500332 1.9420161887429870 7.5693464816924401 0.9081480000000000
1.9761802262985413 9.6378168862137237 7.0037546763521723 0.9921270000000000
8.3756153618407989 8.6183862921674148 6.3751701746853895 1.2155100000000001
2.6722261347574054 8.4155492440174271 0.0875578441897669 1.2384800000000000
8.3924344909382480 2.6723601831547925 1.1153677543583134 0.7899330000000000
9.4913934268913582 1.1897552229651740 5.6481311918959198 0.7333610000000000
9.8797950680595061 5.0749270189179612 8.8297094080161074 0.7950360000000000
0.1566783656544067 4.9365210165212527 1.8963702381717789 0.9125030000000000
7.0508775802303409 9.3721721589452507 2.1118121794525924 1.2778400000000001
1.2753462493471579 7.7965607006214537 8.9997585091024330 0.9354350000000000
0.5474510858448779 8.7683531297297286 1.6868385063946905 1.0585500000000001
3.1293827775696990 3.0839958454149032 0.5409803452839639 1.1429600000000000
9.1125030494509005 6.1780989769412651 8.8838241579430015 0.7575490000000000
3.4332932606163200 8.0628553342387299 2.5610240107212885 0.9069710000000000
6.7384780427671407 3.2130605399151508 9.4271564744599612 0.8680950000000000
2.7076480480996961 8.2012009075961014 5.1772550865859408 1.1361800000000000
8.5577025664519226 8.1226217766059783 4.2237857131059711 1.1472400000000000
9.6732641923124518 1.8369773460063790 0.5409711115821719 0.8403340000000000
2.3112495552485188 0.0676952892452485 1.6333180658413062 1.0459300000000000
4.7657292468709578 2.4449529314570189 4.0030990430846058 1.3029100000000000
5.5925134433833277 0.2514412919552121 7.3662302694812807 0.8596360000000000
8.9236650407417457 6.7354343175046125 4.3329171784945393 1.0549599999999999
5.7474840613115514 7.8065655934326896 0.9433445572329160 0.8188420000000000
0.6283875061807587 5.1562971020396393 5.5689786889500832 0.9913550000000000
5.4764597765510192 7.2278388100230453 2.5643730832571738 0.9494510000000000
3.5060611965741759 8.1056345214705185 7.5728557500954992 0.7817690000000000
0.4136039064084174 2.7114993544348027 3.9366744907962783 1.0569299999999999
0.7989287937959809 1.5681707695759566 8.6404928000163821 0.9759100000000001
9.6192251700820623 0.5782194808956275 9.7115925603064603 0.8887880000000000
4.3300047761901732 4.6177841962752426 7.6263282552323775 0.8211150000000000
7.3543385583736018 3.2416681419375606 5.9391083690963855 1.4668200000000000
8.1517559256496277 2.1961980817760303 8.8767078412863185 1.1306200000000000
8.7231371171110865 7.3607726701595864 3.4895526158318431 0.9123960000000000
1.5391124708141546 8.7635008057303025 8.2649409824646369 1.1458699999999999
1.1362990658788223 4.1835437986891977 8.1033140764333442 0.7665890000000000
6.3689985551660788 2.8833341480713703 0.1181983643684178 0.7665430000000000
7.9873682270672850 1.0821769469883749 0.1116244818735310 1.3555900000000001
0.6154785260526258 9.0042295519085940 9.8791989656534938 0.8443390000000000
3.0265258595815827 0.1761104474826138 7.6701419228104264 0.7764880000000000
0.2962682282148610 1.3574883411413223 5.4796689615400478 0.8073810000000000
7.1039417892149084 1.1212320094944035 1.8588171900041670 0.7719570000000000
9.6990469649635571 4.6905062030296172 7.8787020518886228 0.8546870000000000
5.5129273034330826 1.1636430309037831 1.1354420946750408 0.7239390000000000
7.6202359831698905 4.4587594158523949 6.7784342479663904 1.4220400000000000
7.0945294118361710 3.3552155049823154 2.5091484097966079 0.9307780000000000
2.0690048476120051 3.2283931697809876 5.5815062695863951 1.1655100000000000
3.9696348511324242 1.6877733524825409 4.2215758162625630 0.8330570000000000
4.9912656479589135 7.8807730714735236 3.1571520059636029 0.9521130000000000
7.2143786552001421 2.5173790198584367 9.2288863570136979 0.7622170000000000
2.0364481218890615 9.8439842963085376 5.1919289389247867 0.8208360000000000
1.2251796656992235 3.5345913195995555 2.6570578271506191 0.7855760000000001
4.1599007051698811 0.9296068292532442 4.7027439035703358 0.8337900000000000
2.0535205991503305 4.3306699386392564 5.4564764781689217 0.9615710000000000
5.1786151781913228 0.9864895939485273 2.1436507524515696 1.0512200000000000
5.6468116934507240 5.8462483875128335 0.6959628876112179 0.9205620000000000
2.4889727144802340 0.4759303513381798 4.6671207088397768 0.9459870000000000
9.1283022899582988 6.7295272162565212 5.4857308287273563 1.0124400000000000
1.3239238852748805 7.2439907164116306 2.6614432789918565 1.2930699999999999
5.5167163777181116 5.8269122176141286 3.9700424109244534 1.2520100000000001
9.5446628519907915 2.1272243905912247 4.2997270086989570 0.9732960000000001
1.9761381208165434 6.2214241536158887 5.9130565906813759 0.8443510000000000
8.4172170457972744 5.8687626353155480 9.5202783503695247 0.7602230000000000
5.6770144837832879 8.8866343814884345 8.3592559417430330 1.2015499999999999
5.0819794005316021 0.6567881769227414 8.4017170710484059 1.4133000000000000
4.3589614168315514 8.1222710815665504 1.9581965335682210 1.1082500000000000
1.9893989119709594 6.4730734278583064 0.0204897831242807 0.7527630000000000
9.0489405038011146 2.6640260337793289 5.1282658160771737 0.8472810000000000
2.2593768282263937 9.4347045378740209 2.5792329555894642 1.1440900000000001
2.4622930539407704 8.1210090887850814 4.1076765843229657 0.9723380000000000
3.9008386043194232 6.9912412223170763 8.9769517456166170 1.1259600000000001
5.6149014489722768 1.0841639229593392 9.3818749329690743 0.7533390000000000
9.4176752603370364 5.5016516410116516 8.2239481081453594 0.8825620000000000
3.1515871899947632 1.4919070730080042 5.0917658385507423 1.4547800000000000
7.7109414857902960 3.3293747054111895 4.0185104406451480 0.8849690000000000
8.3352031775497775 5.1508831971429014 0.1923522557874357 1.0669500000000001
5.2590617026802784 6.1802632336711048 6.1964894449305348 1.3236699999999999
1.5915122809870503 4.0639857439817568 6.3420465621065851 0.9145200000000000
8.2194474344575550 8.2307005656682453 1.0997877193863272 0.7314060000000000
2.2905041054902151 4.5980455783572296 4.5358202700195482 0.8274760000000000
0.5621055619433147 8.4790496484721576 0.6280703061331251 0.8829050000000001
9.1999177984820140 7.2560453461344672 8.3389047770033553 0.8076730000000000
3.8958820061870285 3.0601216509340130 5.4821853390506101 0.7262900000000000
4.6516209426844055 7.3605535453106423 8.3690341642834660 0.8626220000000000
3.4363563628507663 6.6850260140321005 1.3667950549468459 0.8884069999999999
1.7627074477412263 0.0051313551072087 0.8420270014860894 0.8076330000000000
5.4988011085121737 8.8934649835446837 9.4449503141661140 0.9144870000000000
9.4686996143309425 7.0434838899429248 9.3322319742351993 1.2125900000000001
8.0368408794319297 1.4936698961136714 6.2474708409459376 0.8376510000000000
6.9951858977141796 4.8086774304047628 7.7089453482271102 0.8174900000000000
0.4952651929056870 3.0885144160739904 2.9729399744019296 0.9122670000000001
6.2305662542273783 0.9796281055670463 7.6978506015813464 1.1062900000000000
8.0834083296484653 0.7501385142831696 3.0154515208659460 0.7569090000000001
4.0362311773855266 9.6534616782441418 4.4176566060411586 1.2491800000000000
3.7702704079612142 0.0838219309148070 3.3556599446482034 0.8059320000000000
5.2570766344765181 4.8658455666962395 1.9321810354177629 0.8957650000000000
6.8163905162398173 2.5856623444390752 7.1672715195007308 1.3984500000000000
6.6227476500491349 3.7089271777023383 6.8127937509633405 0.8909520000000000
0.4168524171932836 1.9259313141081651 4.8529825476679509 0.8327570000000000
3.1151304442000236 0.6667521537273361 9.8636846418442019 1.1949200000000000
1.2847612830402320 8.1709207958222105 3.4074523393144358 0.9661090000000000
0.6906668128118643 1.2769585214705466 2.2661614917026567 1.3028299999999999
6.8769128652756493 8.6670388013893369 3.4378748500452909 1.2314400000000001
9.1793855913631717 7.7773518627981906 6.0767529925228487 0.9875690000000000
4.7050401754532771 5.1811322614548363 8.6180361890927575 1.4641400000000000
1.3127380738373651 2.5465904165181055 8.8343573606204817 1.1636100000000000
4.7276050566725587 0.3238876819644497 7.3995446082811149 0.7242280000000000
4.8978019620355191 7.3027881162983270 1.8608431144464257 0.7796360000000000
2.0047653022124718 3.4064137436199036 1.0042059605531182 1.2714799999999999
3.2782021172841378 7.3594065526653427 1.8938665093933114 0.7538970000000000
7.6801563572444476 2.0712475877351531 9.7344002542641093 0.7327850000000000
6.5433538855290116 0.0031683527349146 4.2674009819338483 0.7962880000000000
7.8927439065589029 3.9710854252700440 2.8266641298687638 0.8999740000000001
7.5231474021564644 7.2014590395283120 8.0721544276238273 0.7525800000000000
8.4187632954812592 7.3660081348770099 5.0401563074544633 1.0099100000000001
5.6177956898437351 1.8601108008705589 3.5999380821142579 0.8251930000000000
8.6814429646184568 3.6063682156721257 1.2709178679186415 0.8867570000000000
1.7284836529960095 6.7582751719345229 1.7465376506534740 0.8454970000000001
0.2868750243977944 1.5360163746919366 7.4888360283757276 1.4419100000000000
0.0577994336530494 0.5683416788710062 8.5951946553819614 1.4182600000000001
2.0768664076054804 7.4112172230445763 3.5976868469763641 0.8558630000000000
0.5161390285600654 4.2764478382217925 6.3324989870921273 1.1866200000000000
0.2482190370052253 1.5975168506058457 3.5875324274868210 1.2046300000000001
6.0252757637081471 9.3068727292104594 6.2403942363813556 0.9970550000000000
0.5438960825591946 7.1266519949172213 8.9796714196890512 0.9672980000000000
1.9382347353664469 6.5263783933824975 8.0582517702520100 1.2417499999999999
4.4120735247365692 4.0468548317720208 8.8214371116246522 0.7261930000000000
2.0854602346805011 7.2870178955720455 6.2047925309123988 1.2888800000000000
7.2499929472759739 8.7720337624841029 4.4459448091385196 0.8288410000000000
1.6362998459539833 5.5766580031051172 4.0384955378868028 0.8070450000000000
2.6535319712972263 1.6884669401557306 9.9156485041299103 0.8701380000000000
4.6986152380939785 2.0919583804232635 8.9997957417793515 0.9519740000000000
4.2773046058230637 0.8999083308319714 0.2137069743326073 1.0559000000000001
5.0246609920829144 7.6192193454893653 6.0927859646229532 0.8249850000000000
9.8430023728435643 4.0511795866502487 8.6714884642147290 0.9809510000000000
1.5248925160477336 1.6764664566274676 9.7598800835731989 1.3129900000000001
9.3055616752408490 7.9858562554185255 9.6780596155281096 0.7226290000000000
9.2014187931379645 3.0118670863181802 6.9332254711635715 0.7809020000000000
9.2848369322988660 5.3988585008357166 6.4962197839555840 0.8525130000000000
4.0627608719359634 5.9630466304653513 6.2856946968215235 0.7244370000000000
0.9242444808385044 2.6311453018833246 9.8349914928586397 0.8536940000000000
8.7366895782041798 2.3551854925847935 6.8371147404327379 0.7647119999999999
9.9077750923918249 2.6015120883505762 5.0175836674466820 0.8215720000000000
1.3529186005316598 0.6047112164733156 9.0262830677084427 1.2063699999999999
3.9657707936454032 5.8645374229922966 3.4468196726005487 0.7903150000000000
0.4846592724927113 8.3396309219264602 8.5205006683994142 1.0923400000000001
5.1378290880473063 6.3335911924790906 2.3621292847948716 0.9016590000000000
0.5691779776486371 6.2731688823553249 2.2954752548526467 1.1677100000000000
6.1083245793888530 9.3491015419514802 2.8556411016287413 1.0315200000000000
3.4327925596462125 8.0985936780245424 1.7024896563600200 0.7386170000000000
4.7441132497588709 2.8540678010731488 8.5392977242077617 0.7610360000000000
6.7545907252255173 5.6349791097119928 3.1607828049448137 1.5788700000000000
3.6296973010181954 2.4040954901282343 5.8773358033708032 0.8305760000000000
2.5597856587018422 5.7205137347300878 2.6160057958984146 0.8317610000000000
3.6742701719016768 2.9707895941372549 1.6012091364636891 1.1553599999999999
0.9973294114004603 0.9493804910515382 5.7214096751571111 0.8187120000000000
5.0857690639787032 8.8646577724968481 2.5938407058918553 1.1707700000000001
6.2654332740091183 4.3503339663671898 9.8609558505844479 0.7416820000000000
1.7877586271643737 8.8980389772507635 5.0298867308466049 1.0837300000000001
2.0132975763688425 6.8873812084800363 4.7776547512120189 1.5646300000000000
6.5787819215659091 2.1240875781536639 3.6890921363324023 0.8619010000000000
9.0145537704025998 5.7120618782305188 3.0905543161171560 0.7569770000000000
7.7316101465166875 5.5600153441097140 7.6148432212414585 1.0108500000000000
8.7236508033540314 5.0491876081699569 7.3342847947121577 1.1994700000000000
8.8834107542065190 9.9798343169784403 3.5694436371931553 1.2195800000000001
9.2223240226089835 3.7235292172979060 7.7508090517196209 1.2217400000000000
4.9656855271036964 7.1741743411452417 7.2675696790689956 1.3455600000000001
0.3616922264311776 4.4211122270686642 4.6003446036777067 0.9240170000000000
7.8604382650890301 7.3663801250379208 7.3233848130263892 0.8584580000000001
1.7944173120180018 3.3707502255533837 2.0421667650420217 0.7659430000000000
2.6802868366896182 4.5792051170806127 3.1701108295753726 1.1897000000000000
5.3334967087720466 5.0313873217198646 5.1792444267204019 1.5537300000000001
8.9599350243042597 8.6628644576486540 2.9955515393191732 1.5470100000000000
6.7780264831224617 9.7669334204787539 3.4608575221225526 0.8771600000000001
5.7147496590052098 1.7904548981855024 8.6771874396090478 1.1372800000000001
1.9415132441123044 9.9006993889252186 8.5701170356630101 0.7634870000000000
5.7063181354719932 3.6997361925714838 7.0534554087287908 0.9303430000000000
6.7286295624951205 0.0623677240192912 6.9454038316952103 1.3245000000000000
2.1424036545922451 5.7732804461475524 0.4492205363540857 0.8526510000000000
1.0435223211489497 3.9371732626965557 5.2957857336103800 1.1427000000000000
3.2189992734468098 6.6108029184330697 4.8324394961035200 0.8149490000000000
4.3348853938471423 2.6339233661347259 6.2845582590670990 0.7803870000000001
6.0915935033018478 6.8061938365530192 5.5569156865217186 1.0226900000000001
4.8535406179112783 0.6839109087350884 6.4029356869036276 1.2981400000000001
3.5050320882298096 5.4913578605903659 6.6182127662579715 0.8157010000000000
8.3604080207712581 9.3555516792602340 1.9716347781209043 1.0919300000000001
8.6925138930118759 0.1370207310676252 9.6347293519777111 1.0899500000000000
4.1124007769663047 4.2051493826423902 1.7987869956962956 1.2647299999999999
0.7746556875069132 5.2375227984296027 9.3179784293830217 1.1894800000000001
1.2255400629756230 0.5667015109535040 0.2324031260306880 1.0761799999999999
4.4994701336246274 6.4306464948373172 1.4569175121313371 1.2203299999999999
7.0019645902489351 1.7796200774043249 8.3948884638059962 1.3971400000000000
5.8454799945931271 3.9779925773309661 4.0963913351277190 1.1391500000000001
0.6450195522601877 4.8120125924609995 7.4331084244991583 1.1673800000000001
7.1820938861109260 7.2611980116023336 9.6609576812058098 1.0686400000000000
1.5723668264923101 5.2394888063097795 8.2595072286302944 1.3581399999999999
9.9150124558675845 6.9955884672819098 3.8158283404051412 1.1472000000000000
3.3215107063474383 4.5517354537948975 3.9765748354555037 0.7881450000000000
9.2168707808575370 1.2265440915838794 8.0700665573653989 0.7551890000000000
4.9885292017055374 4.1851954258573327 2.9876259575542301 1.5740000000000001
3.8861904291422587 2.2868064472145080 8.4445321922305805 0.9768880000000000
4.9803217367503345 9.4180948574781649 6.8965186592772421 1.3154300000000001
2.8903140261937206 8.1028019488720542 6.1427759736261258 0.7598040000000000
7.7420916838722897 6.0776186929330498 3.7655092465322890 0.8048480000000000
2.0861962042059825 0.5514824466507786 9.7678239073119819 0.8010330000000000
3.6686098574449133 6.0294656503263377 7.2795913528307539 0.8415319999999999
7.5547198764460255 5.2516292462596894 1.1343599008820102 1.2913200000000000
1.0335621923021803 3.8519759616834564 9.2482626469883549 1.5231100000000000
3.0902046602568158 3.4887160090390879 7.0571878255102911 0.8146560000000000
3.0193947570464488 1.6491517982541584 8.3790193389099059 1.0962700000000001
4.2131455409121772 8.3073318167801489 2.9295313846812143 0.8097670000000000
6.1201720805931936 3.8042694298788202 9.2907522148227635 0.7980130000000000
3.2937340599488958 7.4877638866985619 6.4843372351304565 0.7978350000000000
0.0035686071073540 4.8195280002050103 2.8582593852960554 0.9717610000000000
3.0619187550377527 7.4753113931296413 4.4513411796524158 0.8298010000000000
0.4188035409512267 5.5086011072955836 8.2323300592363324 0.8823560000000000
5.8604779745318334 4.8871729618175639 3.4638665402066038 0.7370250000000000
4.3396320981444561 1.3969791842979824 2.5129103164598452 0.8026440000000000
5.4235360248729645 3.8550102838252225 8.2792613181928694 1.5074099999999999
9.1572050492672368 1.2047481936788662 0.1906816684943002 0.8448820000000000
3.3517226208029753 8.9798735287499927 3.3828991891507929 1.4652499999999999
7.3000394288475476 2.5935093065804655 3.7641314184920982 0.7952710000000000
9.5300768736958243 5.5657983956786135 2.3668050273560848 0.9728190000000000
2.1616500181172587 3.3373911420792366 8.8272754224779728 0.9127930000000000
5.0515431245809586 1.2886304643550126 4.2614377778928851 1.0351600000000001
7.5651654716378243 1.6676038839616967 3.2247053727322497 1.3067000000000000
3.1968665384939250 6.6506917727430883 8.0003619864751041 1.1863600000000001
6.1282434480450538 2.5641538404402064 1.4483159179531582 0.7392740000000000
7.8175455757841483 7.8092940519263205 3.0620271107997543 1.1894899999999999
9.9299581889722219 9.2604127102328846 0.3642019763138383 0.7727260000000000
5.5171454520236818 8.7443807380052583 4.5434586391309084 1.0052000000000001
9.7411803356709292 6.1844916555830078 6.7758839337839412 0.9721430000000000
1.4250982243131172 0.8332121133093304 7.0409498640855537 1.2686800000000000
1.1133136311594003 2.7555980432784200 4.9102004761234319 1.2498199999999999
8.3896706434933197 3.5630402215900041 5.0044513795708712 1.2794099999999999
1.0019839960628056 8.0349906820361365 7.6475836431278967 0.9384580000000000
6.4630033561343092 7.2475873210808777 3.4587858650187253 1.6066000000000000
9.9127858007973337 6.4756868021011851 8.2929861934306981 1.2200000000000000
0.1537957286973103 4.5088644594393061 1.0499304595939756 0.9061690000000000
2.0122246297599036 4.4228823039280982 7.2988841330551324 1.2101800000000000
1.3931170788539355 8.4119167271355817 2.1090652331574713 0.8450420000000000
4.5099434503798639 3.2967575814755739 4.7455669275372410 0.9216040000000000
7.8601313096146690 3.5694946785654103 1.9342403496716654 0.9562840000000000
5.0442250954181169 0.2932283247182333 9.6590308729747125 1.0934100000000000
5.9636319993801159 9.6158919143116517 5.1443881133904359 1.1802400000000000
4.3641496982632590 6.3970058740966182 8.0872147649195139 1.1158200000000000
2.8387428869647637 3.2548245593339282 9.5789625353663119 0.7289310000000000
3.2043523480049285 7.6678310972136785 3.4896194454505185 1.0760600000000000
2.4268469079734274 2.7437744367827697 4.3293360272141852 1.5037799999999999
7.9611072440200177 7.4048756013988877 0.5201710039518078 0.7573870000000000
4.6325356499215768 1.8725405682129170 5.3936005267750096 1.5424800000000001
6.9249997708818709 2.5681721891259044 2.9847887096592651 0.8677380000000000
9.1103931853529456 6.1631676019587429 1.6333960763392141 0.8991780000000000
0.3645504431770752 9.1781235854809662 6.4081703688051146 1.1540200000000000
9.6799506638115922 4.6436088949449843 6.9481977805015172 0.9317250000000000
2.7667574097814329 6.0947672121132053 5.4675873671499353 0.9169659999999999
6.1077585910958136 3.3247283772493534 4.9370933659185869 0.8151790000000000
4.7332043465192539 3.0005040350527343 3.0871002810124968 0.7577040000000000
2.4297418076306778 5.2547819321057192 6.3469507170866706 1.3459399999999999
2.1346023136079166 8.3290819019450844 5.9819070352487884 0.7605520000000000
7.0061028923577773 0.7302626148106142 0.6236272603690181 0.7525390000000000
3.9708301120815617 6.0087245750754992 8.9731736684623975 0.7685740000000000
4.3686161396339589 5.8162313031087889 5.5181067513399249 0.8875620000000000
5.2658594595123276 7.3822227439289190 9.1656088234857762 0.8427550000000000
1.4038805856922276 1.9737607807831075 6.9403419939087980 0.8219970000000000
3.2091088881163436 6.2381965973392832 8.9314694036493076 0.7629460000000000
9.4370979575290459 3.4899085046297857 9.7448960025208748 1.4084800000000000
8.0677634642979594 0.4331729312935535 6.9389055894524816 0.8765370000000000
5.6854763910978612 8.6405709058999385 3.5197128083726037 0.9941870000000000
6.0930190526824592 4.7761146580360121 2.4944007604427938 0.8675450000000000
2.5014083935810008 7.0577309996181965 7.2483574375594761 0.9130840000000000
5.8501076703731663 2.9404417625671555 3.2705194759649951 1.3871000000000000
7.0217679014703975 1.8224805992353574 5.9265487421402341 1.3047500000000001
1.2629740905315947 7.0291732053869591 9.7595410205477986 1.0651500000000000
7.1202425051480738 6.2828090885692500 9.1277780876007242 0.8637700000000000
7.6858270747390609 5.7077526125906353 9.3151658381013682 0.7264250000000000
9.5509294537112055 8.6843503579715886 5.7579918065562703 0.9516940000000000
8.6592439929238854 9.3795840357537532 5.5540599107209623 1.0053900000000000
5.3840633565901772 5.8735321478703373 7.5361769563587151 1.3299500000000000
9.7362799938212756 3.7791298199019332 2.1446872430643538 1.4974900000000000
6.2949020543773440 7.5753886842513394 2.2275201786060164 0.8534690000000000
0.6771432566244155 4.1727239466236652 2.8168801520758082 0.8196530000000000
7.1604124587874427 2.7349246673910730 0.0896060937640142 0.7786100000000000
5.7230152988827205 6.3201378698993880 3.0361487680944710 0.8149870000000000
5.5539037970424463 9.8153479438637152 8.9946432539785572 0.7599650000000000
4.5407318453154932 9.3869899568587414 8.8606376731521213 1.3714000000000000
3.0613706531623475 3.1209404054138741 6.0552912102696075 0.7562690000000000
7.1742189905188480 8.1667421209458748 2.3219045817806148 0.8175020000000000
7.7963042594255016 4.8183580803119650 9.3528401515618178 0.9534850000000000
5.1857765662746376 4.7569891820725179 7.4859937820194533 0.8472060000000000
3.0184841529486426 8.5731035514930714 1.1547287305379379 0.8652280000000000
7.7037809805443258 4.2305688272528448 3.7238107001250600 0.9325490000000000
4.7922178911803677 1.8573797344932228 7.9551280849264989 1.1118200000000000
8.6793560965621968 3.7245706836960584 3.7667567004094651 1.1827000000000001
1.0259020896041713 4.7035340083135768 0.4143523584956473 1.2012300000000000
3.9541876020423961 4.7676908291959785 0.1016549064212342 0.7982920000000000
3.1241527800644056 7.2234149776457919 5.5780020579255964 1.0466400000000000
9.4898030028650826 2.8093171881705148 1.0643090728299232 1.3121600000000000
2.8674963342135480 6.5573045160833994 0.4781765388288210 1.1540200000000000
8.7466002318010325 2.2636540219139527 0.0286233557764722 1.3502500000000000
9.9697710117050882 9.5959761035725446 3.2517290387010931 1.0593300000000001
9.4742899573731272 5.0555058497275676 3.9814357513433496 1.2561100000000001
1.4865570633877716 9.3543780248717017 1.7669875476388484 1.0164800000000001
7.5720769940476158 9.0835185480415497 5.4403973089220239 1.0054399999999999
8.8178631759737840 4.6682139283696831 2.8736862381616413 1.3262700000000001
0.0057425816100529 3.8388132004701574 7.0934367883422178 0.7574910000000000
6.5589717991190009 3.6305755873696124 0.8607202618539063 0.7385790000000000
9.8890466243308008 8.8106758813111821 1.0203536635528481 0.7417500000000000
3.1373691351663995 5.4201826641761590 0.3469933636481328 1.1060700000000001
6.0868597622963341 4.7241798091341041 9.0280719905109859 1.0408200000000001
6.9937346863381622 4.1725709076307087 1.5787890244295770 1.1815500000000001
3.2096975823292415 1.8560612675844754 3.9816940936086929 0.7316700000000000
4.9372031169282584 8.8288322495464904 1.5887864504284335 0.7727780000000000
9.7203244463028131 2.5627083314491013 2.1063907409996778 0.7943789999999999
4.4840164106254221 4.0574104519813936 5.3584983946756743 0.9489660000000000
3.7838285691892670 2.1716387141394056 3.5392453323536213 0.7858550000000000
0.8393410762159819 5.2780356046345522 4.6766204406566789 0.7867260000000000
6.7282680019739427 2.5543103946120755 0.8523524832739870 0.8812620000000000
5.5348183979945311 2.8559776394181919 9.3872379865175581 1.3494100000000000
4.7124122088820926 8.1022314254788910 4.7798593989386315 0.9594570000000000
0.8058411605526316 6.1224131025527484 7.3321814088644608 1.3412800000000000
9.7516014293804414 1.3517097823522717 4.7931567914834501 0.8373660000000001
4.1089419891179713 6.9914718945964180 2.7238888105540506 1.5474699999999999
9.9522169220933012 4.0926136420784900 5.4392916709855559 0.8752259999999999
3.6466992022636013 6.3494445678157145 5.5323698796836380 0.8329010000000000
2.7721050438100585 9.3335413137245631 6.0154943796917699 1.5174799999999999
3.2953876476070616 0.2938610145020262 1.0400828291293553 1.2025100000000000
4.5955357344345247 3.3489228879968227 1.3207344766764086 0.8341090000000000
3.1812796626825430 3.9010801937133408 2.4065177187987747 0.9504650000000000
7.3059252333415312 6.3292849758991929 8.1640495291298265 0.9618340000000000
7.8341875811748931 1.2526348754708521 9.0077509162975655 0.7990460000000000
0.0505697321251699 7.4990986278660978 8.3223611192572715 0.7640590000000000
4.7198743722970935 6.9601972508867345 4.6168811776036200 0.7902540000000000
8.7034828023538946 1.2542224926826919 5.8108141648708242 0.7395600000000000
0.5137734701568519 6.2866901616441089 6.2987287608658598 0.7447650000000000
9.7018443956264999 4.9855481750393071 5.1319583616740276 1.0035799999999999
5.8223226080249511 7.8800506574122133 6.0456789383565868 0.7574300000000000
6.8531470425852614 4.5421512843175673 3.7039433667933763 0.7606490000000000
2.8510604828630148 8.4171545092932494 9.0393129081086165 0.7718000000000000
7.6406702458664970 9.1884948103238173 1.1995897433277143 0.8405580000000000
6.7446751120364805 5.4299386657939852 9.9374597876125996 1.5084599999999999
7.9927029320485916 4.2324420884969260 1.1810380368694067 0.7757450000000000
4.4821884833135544 7.6709672882146682 9.4407289453908305 0.8109870000000000
4.5502071519339395 8.3890185053396138 7.8480887277287081 1.3605600000000000
6.3806763625714842 1.0238377972413943 3.8589810751379003 1.3117900000000000
8.1192517657743295 5.7107146603927221 6.4149900339762764 1.2627400000000000
2.0392483519380971 3.7802441113434315 4.7405549671573031 0.7650080000000000
4.3801765702811100 4.4095143875863991 4.2898386110595812 1.2232900000000000
9.5299709587879295 7.4581647918410408 0.4940565150591846 1.1629900000000000
4.8870957231513144 2.7871069701504561 7.6630777637675411 0.7653890000000000
4.9461877792134210 3.0945484535809960 6.8071052090627608 0.9863459999999999
3.0356412997761963 3.9249155298226146 8.9412494504250084 1.0827599999999999
1.5874917604377832 3.3630988795866834 8.0809884841333748 0.8741060000000000
8.5762579830493504 8.7236577820924808 8.3513517381776978 0.9736410000000000
4.4238986905660012 1.5602081921347268 3.4490080048494867 0.7633710000000000
5.5398562930360260 7.7473852911743464 8.2483282004332406 1.0145800000000000
9.5985904242110038 7.9520403219977895 1.9557354015554635 1.1191300000000000
2.3119574685159634 8.0418149841954509 1.0470825389859746 0.8379430000000000
4.0649418629241900 0.7545372387454686 5.5799731478860020 0.8941560000000000
1.3065032063798070 6.5519247087441697 6.2780108040884741 0.7529470000000000
0.8291396548505623 9.7710077595479525 5.3242639297034335 1.3797200000000001
7.1251339926456883 5.5888947821570252 6.7437502820006330 0.7598180000000000
6.5880585100220346 8.3365878814278513 1.4094409772079441 1.2877300000000000
7.7822188368155514 0.3616222362830442 9.2092177350369386 0.8901820000000000
5.3449997140545991 2.8886713482771778 1.3252934912291254 0.8023290000000000
3.7494951956943976 8.8386971053326064 6.8952632772199491 1.1824399999999999
5.5409946609892424 8.7261365577851091 0.8939953663498742 0.9916880000000000
1.8443260756893987 2.4521479275681823 1.4072060095025654 0.7353020000000000
8.0154703447768725 2.8964429272620738 3.0559839301178395 1.2266699999999999
0.8287747594871165 9.5177918477165573 8.8371741738702791 1.1294299999999999
1.8643462237768866 6.6375488220018850 0.8565772238487345 0.9008530000000000
4.8617540112960098 8.1051911878158851 1.0920945332995970 0.8125650000000000
4.3802595996251439 1.8430015899907379 1.7675644924596159 0.8666770000000000
8.1175804897003108 5.8561111430709127 2.3348606196600867 1.5107699999999999
6.0133502497822020 0.3430831007000563 5.8575172816089633 0.7788380000000000
0.2213763079099158 5.3715684050660393 0.7174329810434351 0.8757170000000000
3.0539307277627454 4.9559742199996579 2.0397052584041138 1.2104500000000000
0.3482706820071788 3.4796573672973259 4.6147738636496181 0.8409040000000000
8.2149541121352616 7.7187885343570981 9.6602015219949795 0.7853840000000000
0.4117456976862660 9.9637789569391799 9.8037281994942909 1.0374099999999999
4.9900177662334926 8.2417250654738812 8.9489729935856008 0.9359120000000000
6.4247885483202296 6.5592111706021088 2.4323596849791005 0.7675850000000000
4.1450908780963802 0.8357027532649316 1.7064173887064835 1.1191599999999999
7.7661556569498371 8.2051683167619203 4.9681967016283135 0.9485410000000000
2.3982034689710705 0.5187679031288639 2.5964945980598251 0.9535180000000000
9.3503630264448745 4.5833294110181537 0.2046518263290276 0.7926569999999999
4.0183536886451492 1.2744284612239472 8.4165764797445082 0.9516120000000000
7.8758360797542144 8.7213223725019091 3.8237835286185207 0.7595650000000000
9.6239557268135805 4.5525945535086763 9.3983042721140713 0.7685050000000000
5.8394286919545939 6.7690897683631981 1.4736300075697584 1.4288200000000000
3.9126267992074579 8.2204976317059710 1.1181918305063365 0.7294410000000000
7.6686594356561848 2.2053747271516926 0.5990400342764293 0.9343350000000000
2.8127957706247328 1.1852648447045324 4.0375142400604975 0.7526300000000000
9.0186391718814569 9.7522110987063915 6.7606785768606406 1.3953400000000000
8.4250906641533625 2.4800709639306699 4.2263448208358945 1.2862100000000001
3.4582521032105751 1.7558843341424963 0.8989346262937377 1.5753699999999999
6.9588314460265455 4.3970026052038707 5.8028647155840369 0.8461170000000000
8.6585127491764204 2.9564438371784938 6.1485360420214912 0.9954640000000000
5.2085868433826059 3.9197797491345812 6.1393830403382657 1.1149000000000000
7.2962880812287256 7.0972351428948448 2.1182415038146285 1.2870500000000000
8.1474047711940383 2.2322820025988239 5.4515874298303411 1.1729900000000000
1.8540244302662512 4.6779107652044765 3.7825803352158451 0.7943970000000000
4.1404958752894672 6.9050508512399356 0.5870356420777720 0.8064060000000000
7.1294119222116983 3.7432878154595999 7.5707066975813770 0.8362550000000000
1.9365906888347568 2.9316962999538156 9.8268083700217019 1.1724500000000000
7.1076469557304804 5.0565479011620198 2.1156874899282245 0.8164020000000000
1.3379546762582200 4.5996489526454960 4.5563197003387792 0.8468800000000000
5.7882485716940018 1.0018277718826509 4.7631228958893956 0.7651790000000001
0.2680027591905740 3.3111289973070361 6.5512193404178767 0.7749340000000000
2.9446460133154733 5.1687926708296876 5.2817901382822763 0.9275080000000000
2.3720817604685553 2.2006841441842893 9.0727545051992458 1.0142700000000000
1.5904149618313783 9.9925319647839839 4.2845339283331692 1.1327100000000001
4.7745311440765885 1.2456902027609766 9.4167648829826636 0.8659370000000000
3.9676172348295236 4.3219086196542040 9.4070238311424319 0.7777190000000000
4.7042477376659413 2.3949821032155283 1.0693454120011221 0.7872990000000000
4.7270492833469993 2.6273043226898500 1.9707108190747622 0.8262720000000000
5.7283769662878665 0.1039637799507820 6.5550177542902457 0.7416270000000000
0.9608323430070183 6.2120554862529298 8.4783122929143584 0.8880960000000000
9.4852504969664473 3.9149974050894314 0.8420860232363939 0.8559870000000001
8.9000569373114313 3.7027984296180434 8.7525605074734063 0.7993890000000000
5.3242576165472464 3.7513945863587392 4.9980929142692778 0.9014030000000000
1.2050077496524219 1.1853387437900096 3.6998893125321759 0.7989560000000000
1.0686934450047170 2.5744279264782222 7.6821977290702472 1.0841000000000001
5.8862323719680258 2.7451893920758637 5.9805642600239395 1.5104400000000000
2.8869484240114285 9.4749260425699688 7.2246814790601084 0.8332650000000000
0.2574657390490452 7.2933991850308573 2.3666507124299776 0.8369280000000000
8.0799451626077374 6.1501594807531488 5.0984664791134016 1.4075599999999999
0.5950314905352522 3.4793240029740127 0.6114641231404618 1.3218500000000000
7.8709657095151577 2.3592049332509561 7.9311107857470731 0.7916080000000000
6.4526340215714795 8.0446149933623126 8.1325542221155533 0.8328470000000000
6.4240530239874065 3.3942235994186718 7.8476935159629759 0.7679859999999999
0.4595734676797853 0.9518429204934687 9.6535639542156968 0.8771090000000000
0.6260343016147240 2.4670641183105593 6.6952896313222983 0.9998120000000000
9.6247776994624381 4.7385636111310117 6.0438798337648825 0.8196059999999999
6.5492260104353086 0.9357736124931325 6.3407529477264442 0.7240510000000000
9.0250343872106402 4.3624935140084578 5.4977413380014335 0.9000270000000000
1.7058282468592041 9.9350589828511726 3.2821213411528336 0.7692300000000000
8.8786027007158044 8.8667604734562016 7.4848949003692615 0.8106110000000000
3.6085742927449309 5.6216854065740343 8.1252501489645006 0.9582090000000000
1.4387333391914863 8.4787299932224798 1.1212058254358817 1.0454500000000000
2.5912566505770100 7.4678494684169836 8.0138215621565880 0.7657460000000000
7.8123350620609422 6.3784071933734987 0.2447667434556711 1.2998300000000000
7.9088204963291595 1.1169058282304107 5.3614550595009263 1.0269100000000000
2.5624297482433485 5.7497712325378281 8.6252148606080556 0.8965290000000000
6.2678955347119061 4.9759586821039505 4.2637362659293467 0.9605160000000000
5.5772114480895771 4.0343802067045944 1.1706318961825628 1.3549199999999999
0.8154045604705061 0.3776201596956076 3.2335691277204144 1.1450300000000000
6.0707173078752188 4.9609981254215878 7.9829498119860656 1.0188900000000001
9.9983306854076925 6.5828831096350404 4.8838693737523045 0.9122700000000000
1.8244520564798821 5.4419170560227519 5.1167221203504418 1.3122100000000001
5.1136904574201392 9.6258731791774377 7.9449756292169198 0.7554660000000000
9.7488584970692145 1.6102913712323561 9.7085039713432764 0.8167960000000000
3.3932916670914093 6.1785322346826241 2.1148112876933451 0.8409010000000000
3.8127291514879635 6.1365428922882677 0.5032528251803571 0.8073870000000000
9.0105903844511381 2.0373242683178856 6.0565252368308338 0.8865400000000000
5.1763799083014552 6.9728651678605100 3.4602330617827595 0.9196270000000000
2.3156939013803846 3.3975732083187902 2.9395599570989424 1.2292799999999999
4.1946299790826389 6.9572319664055442 6.2087492868810044 1.2078500000000001
0.9658795589313028 3.6595529356013121 7.2751878092139863 1.1460600000000001
1.3026701348296235 3.6529609921344188 3.8450475847978733 1.4269600000000000
9.9134461968032532 1.6987249612226814 6.2777492440381382 1.0145200000000001
1.8626105714829264 7.7406239988057370 1.8541292202652964 0.7920380000000000
8.2913493180525251 1.4143497296246497 4.5332989916290032 0.7586210000000000
7.3076739329996228 9.4661001252914616 4.0352303964392178 0.7253120000000000
6.2102215144729067 1.6784872217679789 2.5978024564829698 1.4382200000000001
6.4885457933210766 2.5709466562263592 8.9666000786793987 0.7242729999999999
1.1615045056510225 7.2629806393029499 3.8294913759716485 0.9734880000000000
5.9612809984963482 5.9163922293437219 2.2388741036479156 0.7825140000000000
8.9596563844790733 1.7346022719303393 4.9610254661514510 0.8849060000000000
6.6955931083592928 9.4476363611485468 9.2248544222914841 1.5865899999999999
0.7273796799840857 0.9255945356200038 4.6100995305120414 1.2352399999999999
2.6587939927353128 5.9730380131643424 9.5804780416443993 0.9251810000000000
6.6782968541395729 5.7408195847618080 7.5611616827347934 1.0460400000000001
0.7889166970883454 7.4678093677626931 0.5958698661226280 0.9666530000000000
0.4637694193938492 7.9502374840469621 4.1766872735566718 0.9748170000000000
8.6835336734732564 0.0398202617748958 8.2048059776875188 1.5087600000000001
7.1345816469827144 6.2498519327016924 5.9636780869335864 1.0627500000000001
2.6748051715664070 7.8786927530313182 1.7983462309776164 0.7877430000000000
1.9600548466117456 6.2685930404712309 6.8958250124570384 1.0481199999999999
1.3048985839820075 4.8301756739422315 6.6795510683438559 0.7572680000000001
0.0160007607720152 7.3026307622358297 7.2152774803231035 1.3975500000000001
8.5795509541952875 5.7876969551011959 4.0271248723419086 0.9690460000000000
1.1719345703244646 1.6199137433612754 1.0610943354859574 1.2783400000000000
3.5406826000744696 8.9996922436134490 5.1644155770250428 0.7365670000000000
0.1143995063945148 5.7235013667653778 4.7697984115790364 0.7649740000000000
9.2962700455368914 6.7307977660852609 2.6573670332167212 1.3768600000000000
9.5898677874004878 7.9745168083453501 3.8089887046087307 0.8245290000000000
7.7061658159364974 0.5214083081931008 4.0728983591309351 1.4444900000000001
4.0961618661868400 2.7894118253405913 0.6712912932401117 0.7961740000000000
7.5548953875664928 5.1836833912386142 4.2892225224850931 1.2176199999999999
1.6194355818886148 7.4951856748250396 1.0636426124828682 0.8581850000000000
0.3747072668097207 5.8776637388354755 0.0398090459131175 0.7543160000000000
2.7275451672525048 9.9551717562826418 8.3689566378591049 0.7435250000000000
5.0783639921595176 0.0659319811688195 1.0199593494802242 1.5561199999999999
6.1150370435391723 4.8952408615575660 6.6193392649617495 1.6069599999999999
6.3209472841336112 3.2616805009202952 8.7135584106151551 0.7237940000000000
8.9090557187077053 5.4011082948929676 5.6276766281879871 0.9630760000000000
7.6184858437389762 8.0359733999708016 5.9206664034649572 0.7922120000000000
1.6754821134603153 6.0947319578668839 2.4306015413949891 0.9848380000000000
8.5264966597559972 8.4954599253335132 9.6665051247464095 0.8181000000000000
7.5829631376145450 8.5453635963933081 1.7184079443681017 0.7525579999999999
1.6969335376305759 6.1015006658439290 9.1870408620860395 1.0887300000000000
4.8625278587271383 7.1074091423673060 9.8794962332805838 0.7424140000000000
6.3659271521016390 6.2438640611567759 6.6961941165809487 0.9572380000000000
6.7320967677795824 5.0991977262105177 5.2012545897075979 0.9725570000000000
1.4811274845936713 7.2359021864366166 7.2413130674623636 1.0150300000000001
1.0398076852109948 0.7943211092330401 8.0582863903922721 0.7484790000000000
6.6104799398237102 9.6146813067643944 0.7912875277786771 1.4381800000000000
1.1184748681062635 4.2190363880489636 1.7115161274173394 1.4109600000000000
1.9703490368638121 1.3190644761406285 5.9685049608181018 1.2268699999999999
4.3007311824260128 3.2820801613008572 2.3990957202026562 0.8833980000000000
1.4025406388208639 6.9466546266754143 8.8334475603738927 0.7423300000000000
3.1319845566834719 0.6507180078943575 8.7251401940880413 0.9443920000000000
9.6726077756311941 1.9109717270193993 5.4079491538834947 0.7660540000000000
7.1774050816525552 5.3054842456880023 8.5852814733830218 1.1509199999999999
5.3226966717867130 1.8817895003289551 1.6110732669997778 0.9711109999999999
6.2717810849749913 0.7986014365240600 8.7943515074765273 1.0015300000000000
8.3622112800005084 5.9453850378825708 1.1428506104561347 0.7456690000000000
4.7263964486708323 3.1163964964182478 5.6590617256330615 0.9100890000000000
8.1717638808473669 7.0766964783952586 6.2286400010284648 1.3901500000000000
7.3358965427825042 1.3972176245509509 1.0016437375305780 0.8502110000000001
3.0365523750172598 2.1877201758023541 2.0519058653438909 0.8747050000000000
0.0876807831849781 7.9824137307006744 1.1173427457978371 0.7354470000000000
2.5393425851081335 9.9991891042134569 0.4168166910289505 0.7595720000000000
2.4063629626947800 8.1805518481346589 8.4153759754613500 0.7699240000000001
3.9781843218845037 6.3042400513377483 4.6471226306468294 0.7983930000000000
8.3922254146382418 3.8860881190611423 6.0739690817177436 0.8694380000000000
4.0653475674379624 0.5590594628184374 9.1839825175285430 1.0604700000000000
3.0611584656146316 6.4530645817954486 6.4870822259088232 1.2369100000000000
3.4919665051193922 8.9224828753063381 9.3928115090309277 0.9281320000000000
3.6968932615324341 4.6220091269383961 8.2533377883101355 0.8603820000000000
4.9286473313436874 9.2637355520448672 9.9772488877392025 0.7407780000000000
0.3766035278641256 8.3891380451478543 7.0826569451148034 0.8190660000000000
2.4779235030334221 3.9159252345938977 3.9883682745117901 0.8362120000000000
8.5541146954078453 4.1040474845372170 0.4142686643260364 1.0217600000000000
3.0198789377358448 2.8794888650223309 8.6092668380258868 0.9975530000000000
8.7006685609291754 6.4634605687714517 7.5214176167243814 1.5434500000000000
2.3573429211836125 1.7992974269181878 1.5606177883520811 0.8886500000000001
1.4770955645708768 8.1156654574084115 0.0481129045871235 1.1317200000000001
2.3443921337575784 1.5694405882937323 2.5062680486424065 0.9815950000000000
4.2825849844674648 5.4566934865894021 2.4111941982797416 1.4346200000000000
0.5198351072426088 7.6386381803937500 3.3107789025383259 0.7520019999999999
6.2054240571288526 4.2195613016493887 3.1868416943171729 0.7975920000000000
3.1623084989336139 3.0042079672623179 2.4672534811623184 0.7771610000000000
0.4760730183231208 1.6879894743872716 0.1912240590636460 0.8680760000000000
1.4144721433050771 2.3004436529629335 6.0799925035068245 0.9474760000000000
7.0521010228561787 9.5897722079289291 4.8145021292644836 0.8369240000000000
6.2386261150538491 5.2118766684826552 1.4583239896260851 1.2999499999999999
7.9459151334701854 4.7367442859501994 5.4421195480194067 1.2748800000000000
0.8153368812471787 7.6799485773965515 1.6328017349165864 1.0677600000000000
9.9381960058175718 3.8868809827618489 3.5737346768313607 1.2859499999999999
1.4704824315347982 8.0569194494461289 4.4149607649935794 1.0109699999999999
7.3068354454187778 7.2362887977116941 5.2121734570654299 1.1658100000000000
9.2377813954509023 6.2222013063240196 3.6253757791110011 0.7280110000000000
6.9782776379661184 4.2208370514734925 9.3332081945586225 0.9657130000000000
7.5034134443442824 8.1620144090475915 8.7100950532681409 1.4551000000000001
0.2182148178475580 3.9930232415041660 7.8432588246384425 0.7699980000000000
3.7890137528149510 4.4534281086031822 2.7920701313259677 0.7735230000000000
3.5507425609200975 4.6907413197664125 0.9550058108970273 0.8753510000000000
4.6330862128074832 7.3990297682358390 5.3739681930595653 0.7912709999999999
1.0262645168322886 6.5867007666405639 0.5836733690052847 0.7874070000000000
5.5795618312632618 2.2264409471589692 0.6674432137624531 1.0230200000000000
8.6498468842500795 7.6253478080325010 2.5003223066084281 0.7422990000000000
3.9738404929512350 9.7181984613449259 0.0878967596721453 1.3026400000000000
9.1738730443934173 9.8151155400207486 2.5302231370923747 0.8774500000000000
4.0015698419211319 7.7442267574541441 6.9412783062173160 0.8929140000000000
0.2040348402337460 8.5670349324084167 3.4086505077903753 0.9790950000000000
5.4642900683869957 5.4296994931322820 2.8618507246071414 0.9971400000000000
2.4956642527384099 7.1131447683387377 1.3915331134200533 0.9136919999999999
8.4031643361983619 5.5430540781371160 8.5543301969823027 1.1705500000000000
1.7386673339511809 9.4228176498321545 9.8193116748670768 1.4517000000000000
5.8372823636213136 1.9743160621326081 7.6030939616557189 0.9446960000000000
7.9513179941094210 8.4839052658259551 7.5007736879553244 1.1011500000000001
0.3184307212601905 7.9736530417206160 9.6960177166017676 1.2094400000000001
8.6600179155903447 4.3984537931335801 9.3927606848470386 0.8899540000000000
3.3546660113161080 2.5666166340189993 6.7381819925609836 0.9270929999999999
9.5301540437846768 2.2879664491748297 9.1075582497473668 0.9752400000000000
0.6641230433869930 8.3208344789234925 5.3558401578222954 1.4253899999999999
3.6366839637674748 1.5854329910068945 2.0902504428196687 0.7619880000000000
5.2928923341779317 5.7455242747985977 1.6937232995398039 0.8363890000000000
8.6629072023350968 8.3848969514928520 1.7974354350153545 0.8846270000000001
1.8162049283596011 6.4247947771143874 3.4752192877742121 1.1205300000000000
6.1265035785437991 8.7409234791861543 0.1095349828646645 0.8360720000000000
4.4249525503178520 8.5380160413932114 9.6848630183448883 0.8309540000000000
8.6902158760454231 4.7296201694468447 6.2918458349851685 0.8973310000000000
5.9574537399582024 9.4379299809198098 7.3961609429971356 0.7653550000000000
7.8332171172409923 8.6831280395140382 2.4867969094304341 0.8225390000000000
1.9246458710079941 4.1438507629672747 8.4296457070677562 0.8709730000000000
2.2508023319790826 7.3941332498764716 0.4512794765404636 0.8430350000000000
3.4029795873948565 9.9485867095614200 2.3031506437723035 1.3244000000000000
8.6117201292301182 7.9911243817567144 0.3942206959015327 0.8879620000000000
2.5591879748294644 1.7137775438659937 7.2549102191429382 1.2246200000000000
0.4868790986934004 0.4130578744724909 7.5658065749621262 0.7252210000000000
8.7799144697518834 7.9289734847429294 8.9563234856623470 0.9861550000000000
1.4858659543263568 0.1834266033490591 2.3926041526300397 0.9531840000000000
1.6259031916778810 0.6319050524140862 5.1810562984669444 0.8866130000000000
4.4358995623377924 6.5037603544927256 3.8857253366125897 0.9527050000000000
0.7267722411630450 7.1954521597282284 4.7882936180337348 0.9225040000000000
1.7618196866879534 4.0256314922186558 0.1829936638200323 0.7597739999999999
0.0435937710305163 2.5000979454872558 0.0487878097835783 0.8994259999999999
1.9844939778163646 8.4138664137499521 9.1698559134063640 0.9016290000000000
3.4166257303481724 4.6823183456245703 6.0537742520700890 0.9085210000000000
0.8879936029580361 7.1439399464727389 6.5473327430205446 0.7307790000000000
6.1327396830007546 3.7627372103797292 2.3009818179593187 1.1177900000000001
9.6476311815811684 0.4572898555142192 7.4785867355158864 0.8791610000000000
5.6693806095566259 7.1686068619287369 6.3879833283410274 0.7573220000000001
1.4125162853305580 4.7981873775026225 5.8899680158133707 0.7766760000000000
6.6524057465427724 3.1835240294473297 1.5866812533621228 0.8263140000000000
4.2305269434942492 2.5102685894180863 7.1458381009627407 0.9038890000000001
3.5192483555262535 6.8301640539685549 4.0115224795630224 0.9078310000000001
2.5263816822653307 0.0803515070369286 9.1778477640429124 0.8755030000000000
9.6331340739555742 3.1220569168872374 8.6436035281682813 0.8518460000000000
1.4746834248083995 9.0731600666041263 6.1567194448339402 1.0381300000000000
5.8624713559600421 0.8729123003380499 6.7781565068788900 0.8039809999999999
3.7257045764648913 2.6068146905203671 4.6678837378917857 1.0912100000000000
9.3605323007007986 2.6648387170188648 3.1962065148213199 1.4119299999999999
4.5466351158140395 4.9897483431776877 6.5240132969837470 1.4152400000000001
5.8490175976764709 8.3094103122415763 7.1302145230766900 1.4304600000000001
1.1689752893077228 8.0655795476959593 6.5515953758574232 1.1181500000000000
5.0749458074197351 1.9092050399166485 6.7812557272709890 1.2034400000000001
9.8533573914024100 5.9208753978406774 5.6915933946061816 1.1126400000000001
9.4114157215878222 3.7677068091742130 6.2969809738154909 1.1497299999999999
7.5897013841328871 6.3519586365050991 1.3422425218921619 0.8524590000000000
4.8915615505791683 6.4479479534540598 9.1850988502158266 1.0805899999999999
3.6918014476462129 8.6709482454651052 0.3998066828165408 0.8659380000000000
4.3190184607867907 5.5178189959025703 7.5377166490023955 0.8252720000000000
9.4189879851485134 9.0516140352421051 1.7874419307869316 1.0473200000000000
4.7272730072724611 5.2923033789095983 3.4795144598382954 0.8096640000000001
9.7885600381605240 7.7041131688621274 2.9768281229890183 0.7862060000000000
5.3162942408696097 1.1757505795016152 0.2458091299303629 1.0095900000000000
0.5190673514652717 2.2666469436144636 5.7226474238530542 0.9013000000000000
5.8031777874534693 8.0774016195593070 2.7737866477061246 0.8154490000000000
