0.6175012083803952 3.3238148917954540 8.1919989283752113 0.8716990000000000
5.2344568901553838 1.0737153473382834 3.2172134935262280 1.0249800000000000
8.2783524238092863 3.1012523581433249 8.3520272230749022 0.8325650000000000
1.2733215569636600 5.6402291893127829 6.2515137163610497 1.0000000000000000
5.8808054784187318 9.2732980564718481 1.7893914499524717 1.0761799999999999
3.8787558720616375 0.2386031306511314 8.1398713093133530 1.0326299999999999
8.6125023727710257 3.1828593620854542 0.5636760548883819 0.7333850000000000
9.1859154346450911 0.6418096703312235 6.0312345096186517 0.7532870000000000
5.3847020684114897 9.8866670402962598 3.8524518392746030 1.5839300000000001
0.8751574788884863 1.5142791467947456 6.3471164942683425 0.8803510000000000
0.8537496269695830 6.1988339562486425 4.1616848325274116 1.2328399999999999
4.9077754178672759 7.2853482887421270 0.8013146862718011 0.9297310000000000
9.4062488621539568 8.1807143350027101 7.9652299482362992 1.1020600000000000
8.1491185052923996 6.8336655615809310 8.9122782153039424 1.4360100000000000
6.9234598691692648 6.0422816900108147 1.9057957371316918 0.9246000000000000
8.9042883708720968 1.3604711811782400 3.5727860736479595 1.3934599999999999
6.2182511622904029 8.0548854515086568 9.1882894664181745 1.2147900000000000
7.5412095306770812 8.0964408800376368 3.9900977056385072 0.7414600000000000
4.6075821147948233 8.7723254062361899 0.5631600688450862 0.8806400000000000
7.9836464791875343 7.9543090704413082 2.0761398756772866 0.7325990000000000
3.6614033798584948 3.3831001259772915 3.5335996886130157 1.5795999999999999
7.3099186387392763 1.2866372394007659 7.1259214427364901 1.3024000000000000
9.2791919101267837 6.9585732202173762 6.4133990494619075 0.7808060000000000
6.9978926135301132 7.7610487109502824 4.4269084941046088 0.7428280000000000
4.2258320605634614 6.6730582807222403 9.7984342039986458 0.7232210000000000
4.9880522840901715 3.0995980531865728 0.4819020677833046 1.0294500000000000
3.2343676796528564 3.9152879476465223 5.0258152894965367 1.5605100000000001
4.6848650924996589 8.3237792100425168 6.6649758745371877 0.9233570000000000
0.3050666108385632 2.1959858926055089 2.7005331218654809 0.8079190000000001
7.9769290263281958 4.2605917459131870 8.2288544603483338 1.4830900000000000
5.2757881652626057 7.9878486308544101 9.9955907268960367 1.1784300000000001
2.3107984170036651 8.1721888785058567 2.7752041161538910 1.3167000000000000
8.7687959692253283 1.5425182412869127 1.3427823491536641 1.5518200000000000
1.5342822510143186 1.6588044323949456 7.7732131042915702 0.9038720000000000
8.1269910462177322 1.9726658281490506 7.2613522832025188 0.7494750000000000
7.7649974929427481 9.2575913212189551 8.2386828723167795 0.8240830000000000
8.1909346078717764 9.3728367798319088 4.5024982655225259 1.1501600000000001
1.1809970448721754 0.4436791219265165 1.3965069277285735 1.0325000000000000
5.0064423542458716 0.4484636304783545 5.1230416031670822 1.1883699999999999
3.3017728246551323 4.5806406007971487 7.1892217729958832 1.3031100000000000
2.1752608700675320 0.7974021008625516 8.0917130745686521 1.2419000000000000
0.5316036453490797 4.6381036553266810 8.4332667592578705 0.8364150000000000
9.1003244525542808 5.2974136969119137 9.3666346133446066 0.9686080000000000
0.0578640167701822 9.3457031201597278 7.7141160186474407 1.4702700000000000
2.6741114408147331 6.9083468487743787 3.7334920091999613 0.7363520000000000
9.9673241374233648 5.7978197811628895 1.5054592981342279 0.9210240000000000
5.4810273750956418 8.0655201952073217 1.8436934554059130 1.0628000000000000
6.8686913928723214 3.7014383419441801 0.1164412595117253 0.7834010000000000
9.4406986751182007 3.4595747739254374 5.2601762020163845 0.7967270000000000
9.8755965262758760 5.9268361952232729 9.2626624581051882 0.9649090000000000
3.0532294270385183 9.3252181164528061 0.6016245826722809 0.8978220000000000
1.8945101006163656 1.4310381034428161 4.4535238380474826 1.2358800000000001
0.8826034561590516 6.7437436972613041 1.3562116122255943 0.7485540000000001
9.5456538349747841 7.6421818555785741 4.8327043929285454 1.2696600000000000
3.5188724983979687 6.2782314641195720 9.7039825848147245 0.8473619999999999
1.1725855749556915 5.6915621695218324 1.2876180605803484 1.3563400000000001
5.3068604306923675 9.7739502668522906 5.8698617977322884 0.7740260000000000
3.3686148147820414 5.1613189298954749 9.1624760866217247 1.2693300000000001
0.6438720694565416 6.6444634363174560 3.2334710177685997 0.7825130000000000
3.9322553791318824 3.4822499027921210 7.9252250306816077 1.5095499999999999
7.1835937131695893 5.2936809651963435 6.0235872134307717 0.7896450000000000
6.9769280448567361 4.3443529769509368 2.7037009410145214 0.9843780000000000
6.2489946115427548 5.8142541718174927 5.6801494503213030 0.9258729999999999
7.1040782656723618 0.9401705805213243 9.1055866015804785 0.7232970000000000
9.6207390263256052 8.4729481463653649 0.2907818616198303 0.8435110000000000
7.2446510062830800 3.0851760184009547 8.3545682405331814 1.1584600000000000
3.8751734928444539 5.0172853686363501 3.4745603992477192 0.8996970000000000
3.9587023232018486 7.3527665425575384 7.8225427130765919 0.8425270000000000
4.7175170518203178 1.3813735476145850 1.0121324563298086 0.9174840000000000
4.6164898711263538 8.6846882247071058 3.8091754290849713 1.1644600000000001
7.7222243079758863 4.8555388117597467 2.9438511886835164 0.8088959999999999
9.7761614725985204 1.6535453526356716 8.4964599274172325 0.7528510000000000
8.8615114286399645 2.8987733944069509 8.9327056908033065 0.7855410000000000
7.3837911128587743 6.4434065548194015 7.0755689021517520 1.1125000000000000
0.0426126345154843 0.7462962106923045 0.8512858046720729 1.4649399999999999
2.2852324813315024 1.3783336764602989 3.4346952417326082 0.8642580000000000
2.8785398713523054 5.6977440390547054 4.0340177299016124 1.5768700000000000
6.5382779930023505 4.4488545702080291 0.6542254006090363 0.8627400000000000
9.2295412451235173 6.1096337558179767 0.3426999484982450 1.4853400000000001
1.2999731120607549 9.8640266898074014 7.8052104796777551 1.1174599999999999
9.5896232122490677 9.0867197032801084 4.4733124333894212 1.5995900000000001
3.0879834354808091 8.8259871074330416 2.1347128853966466 0.9159700000000000
8.9336980198394276 0.4690619577761752 4.9184346615174634 1.4693099999999999
2.5374282925033045 0.4710430204484500 5.6094981191786486 0.8431120000000000
0.8746567124970458 7.0966217216328431 8.0344878854205994 0.9215560000000000
1.6234102345922565 4.3736229655755716 2.8562779133446998 0.9999960000000000
3.0316794140547034 2.7103603869560393 5.3581202175170777 0.7612930000000000
2.1190381766338189 2.4154717868203859 8.0713418459888686 0.9994410000000000
1.0519880061829139 9.8221510717662053 6.8229728049384581 0.8092210000000000
5.5481561304313711 7.6171146138564847 5.1486599520028546 1.0126700000000000
8.7467982291228878 9.2124336857825160 0.6636258085756417 1.4738500000000001
2.5892324141954441 3.5808492212762815 7.9327512332537520 1.0787000000000000
2.7132086014319472 4.7425861733399737 8.2451444266541074 1.0420100000000001
3.6297334249247504 4.9877282294574483 4.6658770247176395 0.7430530000000000
8.6372491658713599 7.1187809782363178 0.0275836326576184 0.8295570000000000
5.4038861294504512 5.5513847951187270 9.7152392910499934 1.1186499999999999
1.6170422997658003 1.0091729634094535 2.9413084218033436 0.8784620000000000
0.3092177259679465 5.3837778683815207 6.5246628706419072 0.9858310000000000
2.8682692941642438 2.3009990104826454 3.1110233295310423 1.1178699999999999
0.2625144996687876 2.4186000332991515 8.3811575920949917 1.0058400000000001
1.4368165117235068 2.2537456048978308 3.1614237443127635 1.5428599999999999
7.9464389126664408 3.3896164822644432 9.5021374998833714 1.4896300000000000
9.0799745686098738 2.3494489213039857 7.9225262952100710 1.4336300000000000
6.0446012824736624 3.6287180860541066 0.2163586462542865 0.8150690000000000
0.7275343071119842 6.2904018519587916 9.3468771753555302 0.8218720000000000
6.4191782826431485 9.1075241823535436 4.2518221112385994 0.8638140000000000
3.6519966514207254 1.6980755449914444 9.4026439461732583 1.2296400000000001
1.7500642236386621 0.1477793408253734 6.0868563145432457 1.0271200000000000
9.8045754523701181 0.5781372725000793 3.9665630503519873 1.0249500000000000
7.0975181372667659 7.8450458328830646 7.5038170582012755 0.9173420000000000
2.7098540205179424 2.2027004852869529 6.0846412768070968 1.0424700000000000
9.7820888259589420 9.6150448547948351 1.0847810847508668 0.8140840000000000
9.0961827715399348 0.1373822935152245 1.5852627059241813 1.0661300000000000
7.4051608149439598 0.6615057690832795 6.1251633260479155 0.9769600000000001
8.4998687674137656 1.9373871813585222 2.5648105530657404 0.9730700000000000
7.8692826540249285 1.1314826285296666 2.2481366564867007 0.9156090000000000
6.4431915970385969 8.5500686876481247 2.4503215649824051 0.7987020000000000
5.6383913142152968 6.8554515927623383 4.4340361359143428 0.9779220000000000
6.7592652684036372 6.1446303521030794 0.9607211844314272 0.9200390000000001
3.9310638469984420 9.2217078827896781 1.3145630961550214 1.2387200000000000
4.2758886556380853 5.6355093134005081 9.8118547015985325 1.0658500000000000
0.5401791724000430 9.9234406234894550 4.1722291607294286 0.9031470000000000
5.9049317724403494 2.0893078190108736 4.6745878674075163 1.3108100000000000
2.0633353438993427 4.9170707645991323 9.5576408531986523 1.3962399999999999
1.6912393034727167 5.3800351970473770 7.1510394317634809 0.7861230000000000
4.3945608515249441 6.6365736597391729 5.2541989204120290 0.7388749999999999
6.3117032211644863 4.1360725966901128 7.5620702480181867 0.7366580000000000
4.8428285935034978 6.3631416533089942 0.3562969565500744 0.9867700000000000
5.4667759586943658 2.6481370434074725 8.2397749032945171 0.8003870000000000
7.0046721983182083 7.2315301267307603 0.8386652305082323 1.2392500000000000
8.2244752035466142 6.9876961037194976 2.6577093814216468 0.7457120000000000
6.7377222874440461 0.6706642842444884 5.1472646553280885 1.3020200000000000
1.3365128006670828 2.6014542547910948 0.6434743768018266 0.8412800000000000
7.6375497048042513 7.8557345040033812 1.3840099050899526 0.7669780000000000
0.9065397602708885 6.2924214375949772 5.3805623203803403 1.1242399999999999
1.6008790370544255 1.8889182302091498 1.9955010341275037 0.7509610000000000
9.6405444916837126 9.6984309906615174 5.6774928657374257 1.0004700000000000
5.1677747693877478 6.7825395469783656 5.2943438801046847 0.7760560000000000
4.6725176907562336 5.1174018093880864 0.9361105501355135 1.4064300000000001
6.7808381727359732 7.4063187297942168 6.4293922388449225 1.3967400000000001
6.9013940207925355 7.1145054319832619 8.6762032480987763 0.9085420000000000
8.8007544982560226 0.4649922630896516 0.6515360136071313 0.9132050000000000
6.4419356809400243 2.8099995467447183 2.2780370682556637 0.7487770000000000
2.4120840863929569 1.1866972944890088 9.1427828584218247 0.9613540000000000
6.5989972444301843 2.9483013685175248 4.2433688779079475 0.9718430000000000
0.0456087411978118 1.8403156491609725 1.4871158348141016 0.9413440000000000
3.0563800697295704 3.8857829969207316 1.3270860814172880 1.0193800000000000
6.8201814020293314 8.9942224886735946 7.8183871264631817 1.2287600000000001
5.3640661624734056 9.9836913284519060 2.4469533184276213 1.0022100000000000
9.9004500474125106 6.8754826183740807 1.4548820363847581 1.1608900000000000
4.9651577268639562 9.4406796945702816 4.9176222467459008 0.7540790000000001
4.0098068246250671 3.0990142944972057 9.4637284792601246 1.5465199999999999
7.0125182650567259 0.5149232685082383 9.8046763079798023 0.8615140000000000
8.0406999039277185 0.2320842376776447 2.4271897823003643 0.7810080000000000
0.2551221655117421 9.9529589811620980 2.0700442926540590 1.3652200000000001
2.6463439523778245 5.6392479357890748 7.5450232857897763 1.1532100000000001
9.7899745055274394 0.7517361858199713 2.9097442661886919 1.0382100000000001
2.6976643353224286 2.6215760654485742 1.3784183064316007 0.8213780000000001
5.9853917441570497 7.0985258968702460 8.7773603586712596 0.8187489999999999
9.7906555947058056 5.4885430337062457 7.4030643404512730 0.8670660000000000
7.0825227720660369 8.7807123001992533 6.5388105653421942 1.3210400000000000
0.2972510636781503 2.8628858764407394 9.2340619944133309 0.8430839999999999
7.7934682082661899 7.1111768580928860 4.0818442213391970 1.2259100000000001
7.9219608749051158 4.6032235411310580 2.0508151211578318 0.9950790000000000
4.0765854394841039 3.8457818671971284 0.6197019888040066 1.1081799999999999
5.5934579241389502 2.6347349728723981 2.1605787405946830 0.9076530000000000
4.4354825339096910 6.1949033218390630 6.9560449907293256 0.8118840000000001
6.3007068084393287 2.6786305322667676 8.2329715844915601 0.8047850000000000
3.4352185715723502 7.8520074807545059 8.4528995579505271 0.9748280000000000
8.6935655914217005 3.6146047447214760 2.6859835337862483 0.7750570000000000
2.8015796379790050 9.3723995425163213 4.5824690516638498 1.2175199999999999
6.7302796223456545 4.1217558418901010 8.3234846717142847 0.9295210000000000
3.2981293159570186 6.0960981815730451 2.9607270796499812 0.7684740000000000
4.3346680758008507 0.7092937120006479 3.7974352969116110 0.9870989999999999
7.2481398014289260 0.4047209366573419 8.1700029724278664 1.3328300000000000
4.0854279688505999 8.3595837025986661 8.8781058688296763 0.8071710000000000
7.7186905676455844 7.9386721853252684 6.7348297612367958 0.7450190000000000
4.3679419135848088 1.0751848410383027 7.4035170519089046 0.8951910000000000
6.1331453438020986 0.7624445388848585 0.7128651160410190 0.9376880000000000
0.5083657134213853 2.3997446752146092 0.7675844025304397 0.7762930000000000
3.4406754678975808 0.5669314848711481 4.2223810241047470 0.9313500000000000
0.1493657024293282 8.0571123154045932 6.3595333923693733 0.7755210000000000
2.3598583935331119 8.3303468013260584 7.1996374674000583 1.5625199999999999
8.0038691674615183 5.4508680841029094 3.4113438790109289 0.7471600000000000
3.9159974935877124 7.2815530269829827 4.8610283431962502 0.9770030000000000
5.0850986120246020 4.2228316895645808 9.7822156729468723 1.5124899999999999
0.1505376150701777 4.3457822935992017 9.9499111103854094 0.7835110000000000
0.1322667635833497 7.1356550282222235 5.8618171305931561 1.1979100000000000
1.9224386184765685 5.1088155073929808 2.1086668052269806 1.0214000000000001
9.2267120493703647 5.9196959440995114 4.7780721491890237 0.9129620000000001
4.9628015929598757 3.5127475855362089 4.0189361641255177 0.7525470000000000
8.9880246294504236 4.9360773940153928 1.3567054703331995 1.5371800000000000
3.2981162927013199 5.3166909424879947 2.9138370247845184 0.7345699999999999
0.8159787963140872 9.5066132220437876 0.8022622346029816 1.2178500000000001
8.6916398443368319 8.3461608073239262 5.3087154300476564 0.9991360000000000
7.7805154123600522 9.5386272524596354 3.1464720955298291 1.2040800000000000
9.5586311191089521 1.6841711860863395 2.4144816457920379 1.0208100000000000
8.7126936119719485 2.8695759306263882 2.0444953606107288 1.1180000000000001
6.3550470277859636 1.6505224114050883 1.2814248218640998 1.1380500000000000
4.4556606335381188 0.4667232049009655 2.7686569092291049 1.0583000000000000
7.7789214607274584 0.3609495755885834 1.3173293814439715 1.4183699999999999
9.6567882907183247 2.3321732774548374 6.9251289440575095 0.7845880000000000
3.5505296533029749 7.9831566922490449 9.4866088011187593 0.9085140000000000
8.4474365795289277 6.5503781220784507 3.3979237968582381 0.8734600000000000
5.4075511062560215 1.8041381329978590 9.6143203900482224 0.7240070000000000
7.9930410367379787 2.2439547365446670 6.4829462799037030 0.8407680000000000
6.6866848840964268 6.1995229815001576 4.6082155898485864 1.4217900000000001
9.5245396318000672 9.1076748005879971 9.1962141769142267 1.5953900000000001
7.0214325633457406 4.0064970551787757 4.7074504734804270 1.3982699999999999
2.2432635801868899 8.6615459495283371 1.7334516173051251 0.9044280000000000
6.0743502283297257 5.9858448015117780 8.7130603224048411 1.3324300000000000
8.9156395859716167 1.2209992029240673 9.0796143171503836 1.2855200000000000
6.2746179678589931 6.9254100757826480 7.6884592753875554 1.3728100000000001
9.8182910138596036 6.0352273607643321 4.1674631125678561 0.7286960000000000
5.3044090613563268 1.0696254357653507 7.3075453749544135 0.7862530000000000
2.2341105325196864 2.2206461475967516 0.6481209120190787 0.9976050000000000
3.3867278316923888 9.8288436426986241 9.0260365807756511 0.8516590000000001
0.8432413541910948 2.7621916171558576 1.8181627507158131 1.4499200000000001
2.5146412230018305 7.2319395565267497 9.2077975555551141 1.6008500000000001
3.9138259451323072 8.1783519244241702 5.7769130701944089 1.3485900000000000
3.8358183605806535 0.1056971774869511 6.9636969907354818 1.2342800000000000
3.2935872132462327 7.3758663859986298 7.2989378045028603 0.7579200000000000
6.7325768624581306 2.6706600180182969 5.1232002936608305 0.8206770000000000
2.9181309968244675 9.3950833402482878 1.4766069977772391 0.7583750000000000
2.6410033520902343 0.1255138562573924 3.6000927394079461 1.1801500000000000
2.6503317191594258 3.9789529146693750 6.2908883417990600 1.1268000000000000
0.3245883076853820 6.2241805208756800 0.7895658753793348 0.7945320000000000
1.1350369294981815 1.7257845682085085 5.2892644368030162 0.8812810000000000
5.1400656017519086 3.4113877469482667 2.0132729090470396 0.8425910000000000
5.3074361126532850 6.7286645957956397 8.3045226430391299 0.8685960000000000
6.0913680164279880 0.4349029917989227 9.8053219230676145 0.8937659999999999
1.9037944680219130 5.3664789652838643 3.1278935557484875 1.0028300000000001
1.0001943902521286 1.9444401693512423 4.2518836510824674 0.7838100000000000
8.6539724920342902 5.1939732205467593 4.7143382712467865 0.8558789999999999
4.1841305655743222 7.8404244482072878 0.3278431297439775 1.0314399999999999
2.6220364238085327 6.8529226625895303 2.5647696009182397 1.3262100000000001
4.5094379139100198 9.7527218622700094 2.0663198581552908 0.8532680000000000
4.2343480323230898 5.5163455834704331 4.2637355892834359 0.9429560000000000
1.0255692251535307 5.8947836984255080 3.1233352381104527 0.8267760000000000
1.0890296069599341 8.6403430373309273 9.2342251492508005 0.7928720000000000
4.0641976487408220 4.9324824355011740 5.4084629670498012 0.9168760000000000
7.5218434721479035 4.3935496819672224 0.2575601439404704 1.0651200000000001
7.5688442581117572 3.3362464750922092 0.8654651493111001 1.2352900000000000
0.9311944811415437 8.9662192335019579 4.0876662977194096 1.0939500000000000
7.7997802542271586 9.6074117588988610 7.3326913270138974 1.0219800000000001
0.0626497909492258 3.0052913109887642 7.4401210066756605 1.0215500000000000
5.6993170556370583 9.6145601413334472 9.9822636114907350 0.8664740000000000
4.2214464095493192 9.5961149773673782 5.7506097412709583 1.3502200000000000
2.2547144091919811 0.9391506830914650 0.7981281922911995 1.2389800000000000
5.9765848049097947 6.7891668394107514 9.9308068152848623 1.4821400000000000
4.8403221687820146 6.1274733854794086 4.7519598200801649 0.8683530000000000
7.0951298326398256 0.5262060264735082 2.7875140388373554 1.2081200000000001
5.6432654684316779 6.1872704880925662 5.0467639806989233 0.7587880000000000
9.0373672655268908 6.1813419446645499 6.2037441091413639 0.7605950000000000
4.2861739634022706 9.4786685968173749 7.7136078603304998 0.8201520000000000
4.4184341362199522 9.5066795669545634 3.1037585751337025 0.8805440000000000
7.5707899448628329 6.6451670825231872 3.1173625797511364 0.8820260000000000
7.4578227777669444 8.4552269391685329 0.2323814820278214 1.5203599999999999
5.2241946220459585 2.8370693472067132 5.0403205445643939 0.7567580000000000
3.5682417366422619 7.1611935538548002 9.9468750475076391 0.8803000000000000
2.3033572100659563 3.8293719755013358 9.4895465199341160 0.7536640000000000
3.3952372560371069 1.1096318789759367 3.1036545954530035 1.3914000000000000
3.9922172767484367 7.3926454797035372 1.4378396618238771 0.8307740000000000
1.7141125858436621 7.6143601030848318 8.1525560716062877 0.9055270000000000
5.9959454106982575 0.5336769342645570 2.9340455394438143 0.8413850000000000
6.0155975349857398 3.0618002807163180 0.8382957227732115 0.7941690000000000
3.3827371854437351 0.9868937656389195 7.6337170501099649 0.9502950000000000
0.0330977294365089 0.5640274781840289 5.3054852413784239 0.7807940000000000
1.7523385569113852 1.6172046425797146 8.6466481025218123 0.8286559999999999
1.9619774517992830 2.1893633909521735 5.3079505902680424 0.8547490000000000
0.0358143666334741 5.8823548470414897 3.2554365228857480 1.0944600000000000
2.6000785832001987 3.2659304198000836 1.9378382586470109 0.8208630000000000
3.3918292883329180 0.3512659170542189 6.0576768201382833 0.7517730000000000
7.4320895772512587 2.9463056831888235 4.7367607588387459 0.7780220000000000
2.3376161512769640 9.1530582942808252 8.7853824170527552 0.8500910000000000
1.2533719040256854 5.8227347718882809 0.1015211815114045 0.9314200000000000
4.8821211500009074 6.1039107234507490 3.1495333154036138 0.8022440000000000
9.4853562140597845 8.5838318562238083 6.7965518705084396 1.0408599999999999
6.8749285401392726 9.6939856965982685 5.7969956044058639 0.9542400000000000
8.8090012625274667 0.7832518739601250 2.4537794805399282 1.0389900000000001
2.0628379979229026 2.9554513541409562 6.9086805777276146 1.4373300000000000
0.0471964299072554 8.9365616394941174 2.5306227887507022 0.8150860000000000
9.8794636273185095 5.1759169590496175 9.8955736471592886 0.8589660000000000
5.7415494321741294 4.9390243074693458 0.5065439375490214 0.7951850000000000
8.4209507595249615 7.6725518412190885 8.0238715489286800 0.9366520000000000
2.4774532576671051 5.9822402888973976 1.5306494553398566 1.2593300000000001
5.8671454220352439 1.3696807696164903 5.7619710867416281 1.1355800000000000
3.6076580745717188 5.6938896313965346 1.2968666138714904 1.0235700000000001
2.2312960889171674 4.7343537577323325 0.9681342876428926 1.3629899999999999
4.2961809409320191 8.8197003656372761 4.9988105455590723 0.7280900000000000
1.0759687381105394 3.2370293339122815 6.1932978637510985 0.9664270000000000
2.2396572888650645 9.4133879518584820 7.8695904777790666 0.8621430000000000
5.5495821146797173 3.0611872988861002 4.3615269804056540 0.7558630000000000
6.3513521603079841 7.8932008612331757 0.2649732349967666 0.8470230000000000
8.3126030434983686 4.4792087587941287 4.4251566343096078 0.7655670000000000
1.8448812984239398 0.7267485235778031 3.7002807673061175 0.7337040000000000
1.8689661364874355 1.0196428296656865 1.8441257808229641 0.8964390000000000
4.7934067148702910 3.9933106099215463 7.1787850587145208 0.8935040000000000
9.3791020399554963 4.1430792272938657 4.6161482784036894 0.9287730000000000
0.9096767566218602 5.2141194200912580 2.4616343977882789 1.0086500000000000
9.2393961415071644 8.2452713634401515 1.1124757959684779 0.7301900000000000
9.6622625740457746 2.7441779043386152 6.1198489929236155 0.9262000000000000
0.8443960983953287 4.9394323451865203 3.6259877224057773 1.2511600000000000
0.5724889020876549 8.1600279619884919 2.5415490597007873 0.9796530000000000
4.3644484671813899 7.5529618691786800 3.9300383857555876 1.0783799999999999
1.1654188813513970 8.9372776065033630 7.1980849668996330 1.0105100000000000
2.1846324424794181 2.4971116886388316 2.1975780583317834 0.8129720000000000
3.0143467588171955 2.6654579000278256 7.6390120740192167 0.9183240000000000
4.6125693294705883 2.0242385565677843 0.1300163354896049 1.1450600000000000
3.4405206788509197 5.6218255765270051 5.7748834420611068 0.7612240000000000
2.0279085422359362 9.0411025926590387 3.6808330352935315 1.1588000000000001
9.6244050889726367 0.8879487606531516 1.9360903621085959 0.7726690000000001
8.3463573870242360 0.5253971498526244 6.0487235571460642 0.8291860000000000
8.1991209675469303 1.3420173460584799 8.0399436741003214 1.1544300000000001
3.9660347864105270 3.6746821996686396 6.3851340985720180 1.3558900000000000
6.1071876799207221 4.0368507455872589 5.5570583480405329 0.9763240000000000
6.5577749564187426 8.3725123146690112 5.2753664155126634 1.4290200000000000
2.1690091222567847 9.1454591358659858 0.9108829817739470 0.9365320000000000
8.8287736214806714 7.7563342190998119 7.0718349720192135 1.0606300000000000
7.4437834751783694 2.2994479723856944 1.8674146370089180 1.5522800000000001
2.6453754796778468 0.5120418510030690 6.7397755624760709 1.2124800000000000
3.8961437513080472 6.8212860908744091 7.1695659211439411 0.7507640000000000
7.8431250837526836 9.7106541326462548 6.2535073413910762 1.0545899999999999
8.9430460593058463 1.2634805146860915 6.9353618849072758 1.4060100000000000
3.8914584495703832 2.3476533215302853 2.5844341866633833 1.0838399999999999
3.6675754042705213 8.2841491903150413 4.4885838667661844 1.1350499999999999
1.1510238667051027 7.2762013555610476 5.5895909976852822 0.8494370000000000
2.9092805058092850 0.9764008349526057 1.8535466371013463 1.0087400000000000
8.6126504760862552 4.0307613958228456 2.0267774767043814 0.7299850000000000
6.2437870761487311 0.4783626041587501 1.8209754978197290 1.2708200000000001
4.0746258033107701 9.0373376426869285 2.3907100099937506 0.8762000000000000
0.2243821096101915 0.5085494267710675 6.4157760461485616 1.3922099999999999
3.6584369208932777 1.3908448445332076 6.4879213678108432 1.4053800000000001
8.1168901411491667 9.2769276518476680 9.1860253136991759 1.1185300000000000
6.1775548291916111 1.7092027097071825 6.7228180669088760 0.9025180000000000
1.0664967750537391 9.1762598963097055 2.8644475108484286 1.2844000000000000
9.6659665246383675 7.9417538229789066 8.8656935174005440 0.7547300000000000
5.4160957589182281 7.7946442631466768 4.0838376261982923 0.9962180000000000
5.6986168400877926 2.9048817386026857 7.4612975748673920 0.8108800000000000
2.9991341077281715 2.4554801306144678 9.7572893885410377 0.8069220000000000
6.0919220613094804 9.9897286044106508 8.1377234627647148 0.9960639999999999
9.5311506355984577 9.9308334478789249 0.2050289399596517 0.7321210000000000
3.3444499648850052 0.2120173724220556 5.1583534579103665 1.0034700000000001
6.8825065547868345 3.6234718807318700 3.4868191955974090 1.0566700000000000
3.0691382374771021 4.1976903978396143 0.0784275539343079 1.1856599999999999
9.4349839869422194 3.1666648802414912 4.3673712325630252 1.0133500000000000
3.6189159933780206 5.6899209331554408 5.0014642513511927 0.7550410000000000
0.3042249438324081 3.2376366816425715 5.5714841671071929 0.9422710000000000
7.7190794922604109 9.8406544610591880 0.1001626822009834 1.0861799999999999
2.2989828035419646 4.1161935099594862 1.9728695144315700 0.9049509999999999
5.2969339829961228 4.7898675893432952 3.9970533933656935 0.7669170000000000
4.9714355298948449 2.0837925479874930 2.8253021642041722 1.1078399999999999
6.2707233104937439 8.2525993795895989 4.1581809226451902 0.8045470000000000
9.0905151114186289 4.6856940437172989 8.5972964888254939 0.9149790000000000
8.1342372681549939 3.1768431431727748 7.2016048597689517 1.3474500000000000
6.5686507369787082 1.6979992753966189 9.8791230165966670 1.5761900000000000
8.6953128007150333 4.1120554030360053 6.8949044636836998 0.7654710000000000
2.9153710290086492 9.6380641225501353 9.7348008414635778 0.8096650000000000
8.6056297244910080 7.2550237740187766 1.4207206114780893 1.4145700000000001
3.2042803966709172 7.6344129642331788 0.8601025873292120 1.1041300000000001
0.2815045112774652 6.7642886903013073 0.0481283787960631 0.9656500000000000
7.7660646044931498 0.0826170240135468 5.2526804263058242 0.9850380000000000
8.4436610683334408 4.9502569828556524 3.8200680275473813 0.7306700000000000
7.2623147328030724 1.8512902593906793 4.5567331650937701 1.3524499999999999
3.3173558320439320 9.0466509078850681 8.1650012956770510 1.3913599999999999
1.7475428163357016 7.9517310185691015 5.3960545474329784 0.7915660000000000
0.4158709161452837 2.0003131877638549 9.3609736569147319 0.8231240000000000
5.1981819252412160 8.6397305958458670 5.6905255866171096 1.2811800000000000
6.3805015521959376 7.3328065708722674 4.7467506203234935 0.8232790000000000
3.6010094626562315 1.9243570188074213 7.5627042012343972 0.9081480000000000
1.9492133066148276 9.5901153923136047 6.9670707275477426 0.9921270000000000
8.3824711605868263 8.6404712019616383 6.3789886123531252 1.2155100000000001
2.6614556546029386 8.4373794278392396 0.0565789209222761 1.2384800000000000
8.3330417464255451 2.6562808320055851 1.1117207409836320 0.7899330000000000
9.4724738035108551 1.2228963580548378 5.6001495174030778 0.7333610000000000
9.8453125780237496 5.1274338261173860 8.8193596128321801 0.7950360000000000
0.1527674623254696 4.9316417360614038 1.8685502405431829 0.9125030000000000
7.0593810795183813 9.4064119452998547 2.0865710318134689 1.2778400000000001
1.2762910145701136 7.7876791897091078 8.9990730306815436 0.9354350000000000
0.4963474661801463 8.7781768928971609 1.6792247804801479 1.0585500000000001
3.1214151231518836 3.0776013610523951 0.5496007562366162 1.1429600000000000
9.0857437162703754 6.1770115783760984 8.8496635704414963 0.7575490000000000
3.4335457957572593 8.0356425241956337 2.5322915495255747 0.9069710000000000
6.7318662932511275 3.1986245410373213 9.4330574675825556 0.8680950000000000
2.6986712047179386 8.1808879300761994 5.1669245530021843 1.1361800000000000
8.5605041311394174 8.1273300921634277 4.2205680124961704 1.1472400000000000
9.6657533674849265 1.8367505401047650 0.5317018112932923 0.8403340000000000
2.3196075669001388 0.1103181609883758 1.6490934832992299 1.0459300000000000
4.7442764440755019 2.4350789622080176 4.0095681761783197 1.3029100000000000
5.6108018444575380 0.2588758246523208 7.3428418820695436 0.8596360000000000
8.9058157645194171 6.7654319929899245 4.3019075815414212 1.0549599999999999
5.7285298507105296 7.8422248661663545 0.9257134000291466 0.8188420000000000
0.6414940211990502 5.2041391647295336 5.5458866686591026 0.9913550000000000
5.4776547010253580 7.2281460904936861 2.5547417568447783 0.9494510000000000
3.4973367055207247 8.1012098150873655 7.5728351276033674 0.7817690000000000
0.3920225936668945 2.6985682882336435 3.9455090633610364 1.0569299999999999
0.8047221597263915 1.5601062812243047 8.6335252958849722 0.9759100000000001
9.6297048385471893 0.6071481748700981 9.7090366058792021 0.8887880000000000
4.3442089095272811 4.6081698837801941 7.6474127798889073 0.8211150000000000
7.3636389603946348 3.2344343754615363 5.9559330350962494 1.4668200000000000
8.1550263527851179 2.1979141823474495 8.8708879417522812 1.1306200000000000
8.7822269507687274 7.4128290453883858 3.4568069561443937 0.9123960000000000
1.5330701058262133 8.7421224849867016 8.2620436620780424 1.1458699999999999
1.1737349487094773 4.1790704744606417 8.0448624916212363 0.7665890000000000
6.3562266793782847 2.8728547785337755 0.1257150642182553 0.7665430000000000
7.9705492284568180 1.0874017983374911 0.0869828570504544 1.3555900000000001
0.6370505127414196 8.9856173564609172 9.8713614806757679 0.8443390000000000
2.9719811843232216 0.1886163911251963 7.6967916501543048 0.7764880000000000
0.2504802317782500 1.3618590389319323 5.4569969945564631 0.8073810000000000
7.0857242154465441 1.1368130189460721 1.7885981615600566 0.7719570000000000
9.7350464123181517 4.6955892070996565 7.9346335008007163 0.8546870000000000
5.5567655810916570 1.0965322560366073 1.2933798568896875 0.7239390000000000
7.6172656066972388 4.4626299519120183 6.7783324180710220 1.4220400000000000
7.0956276167417123 3.3644514149738640 2.5058158511537862 0.9307780000000000
2.0794806532127650 3.2145802058447903 5.5769639584272834 1.1655100000000000
3.9612582074785938 1.6708854262261470 4.2562610715326006 0.8330570000000000
5.0170966599417923 7.8800215630804225 3.1574250427300021 0.9521130000000000
7.2204063713037065 2.5115049649904719 9.2280666220230216 0.7622170000000000
2.0613504795240063 9.8424304543619883 5.1803192023848528 0.8208360000000000
1.2815053838478183 3.5244786789517146 2.6877844508957565 0.7855760000000001
4.1344990525936893 0.9456345104264315 4.6953268355574549 0.8337900000000000
2.0555646769086100 4.3294567881705790 5.4487135867366820 0.9615710000000000
5.1985056038471606 1.0084003771224441 2.1378817922766293 1.0512200000000000
5.6159311492112503 5.8537750652732949 0.7071822998540098 0.9205620000000000
2.5176682889618198 0.4872610411222777 4.6406696632540987 0.9459870000000000
9.1214629476399551 6.7421284756781716 5.4760783087516698 1.0124400000000000
1.3250202369479853 7.2498434066231088 2.6578105710899096 1.2930699999999999
5.5276994570150206 5.8113585235241061 3.9471018533444799 1.2520100000000001
9.5575619634319402 2.1420327358271667 4.2913641012672636 0.9732960000000001
2.0246669016136880 6.2199328965214988 5.8914534989522194 0.8443510000000000
8.4445385742813563 5.8968215635538170 9.5058300202191131 0.7602230000000000
5.6714627808880778 8.8976702226882196 8.3392311262071743 1.2015499999999999
5.0489002876693929 0.6908349980265243 8.3703939274316852 1.4133000000000000
4.3667805751659579 8.1159360927213662 2.0324403021224131 1.1082500000000000
1.9903676649688635 6.4731098379676562 0.0208348704281772 0.7527630000000000
9.0797348770099617 2.6744589195631185 5.1528009868580851 0.8472810000000000
2.2655057639854803 9.4336543710002854 2.5680863128720857 1.1440900000000001
2.4668072486242676 8.1134183121302037 4.0961491991164261 0.9723380000000000
3.8889554915997202 6.9982176823141682 8.9601232623029343 1.1259600000000001
5.6422133567685586 1.0714000897966327 9.3802622858173290 0.7533390000000000
9.3637785505296378 5.5247123396463262 8.2066232329456863 0.8825620000000000
3.1385816578030519 1.4747908703668897 5.0937769952277945 1.4547800000000000
7.7021742819541368 3.3349240312329185 4.0063916114425542 0.8849690000000000
8.3405061175192916 5.1412367553161058 0.1725864197869843 1.0669500000000001
5.2625932339262640 6.1744445326440953 6.1939182120356708 1.3236699999999999
1.5932612438419129 4.0637650580776796 6.3332358071447983 0.9145200000000000
8.2199287193929980 8.2931340422681057 1.1045571211407155 0.7314060000000000
2.3028470787894677 4.5826372501615644 4.5341467123668133 0.8274760000000000
0.5420485396311138 8.4341432229467532 0.6303171292033741 0.8829050000000001
9.2205691043810187 7.2646892944488091 8.2962346268138489 0.8076730000000000
3.8996756196931681 3.0472465022496475 5.4958253908539492 0.7262900000000000
4.6592841027446630 7.3501541532064376 8.3688790098831749 0.8626220000000000
3.4129845679628237 6.7002871345568513 1.3947904647759486 0.8884069999999999
1.8008794397111947 9.9715732533277013 0.8434616700667393 0.8076330000000000
5.5252120794593305 8.8880622735898740 9.4301761103331518 0.9144870000000000
9.4592316027271064 7.0350255917604603 9.3024156557810382 1.2125900000000001
8.0020065387867163 1.3928020230785487 6.2587310967915037 0.8376510000000000
6.9665063972241441 4.7565347902282333 7.6968087598817725 0.8174900000000000
0.5207990660944029 3.1458851358596558 2.9382255668086086 0.9122670000000001
6.2278429311495715 1.0021930995746753 7.6844971175436028 1.1062900000000000
8.0766052612598802 0.7630716297446097 3.0303373645746974 0.7569090000000001
4.0493619454306593 9.6265424752538156 4.4114155079308084 1.2491800000000000
3.7800902342264093 0.0750852479358785 3.3967900317791360 0.8059320000000000
5.2872489797076634 4.8738427535086073 1.9457612439148593 0.8957650000000000
6.8222302400490848 2.6014829052909501 7.1923690744420190 1.3984500000000000
6.6245941355651530 3.7153722584172888 6.8048715134519702 0.8909520000000000
0.3956100336800813 1.9321316923723031 4.8351416240210137 0.8327570000000000
3.0947507184834842 0.6647062008593226 9.8600606426385031 1.1949200000000000
1.2995051018825869 8.1663801297344332 3.4096652393592359 0.9661090000000000
0.7013110951254631 1.2588030304469195 2.2863337441672540 1.3028299999999999
6.9114610814848074 8.6542266581617451 3.3927641712660308 1.2314400000000001
9.1766449324815369 7.8019538793206271 6.0628161596087340 0.9875690000000000
4.7053043085284827 5.1849317527362526 8.6304618153031303 1.4641400000000000
1.2977348353312650 2.5434837502832721 8.8309145518123788 1.1636100000000000
4.7443017052623873 0.3221119859889637 7.3686678308923170 0.7242280000000000
4.8974596272480335 7.3072805917435861 1.8703133864527275 0.7796360000000000
2.0034795128256251 3.3840700448360193 1.0316053371611087 1.2714799999999999
3.3185875671042879 7.3799197179905986 1.9130299103500685 0.7538970000000000
7.6964219175424651 2.0819218840738811 9.7478787733451018 0.7327850000000000
6.5313230916166516 0.0082792648245141 4.3063212911691160 0.7962880000000000
7.8948839260528327 3.9828439729450378 2.8138544962429153 0.8999740000000001
7.4821323124483801 7.2174993904232334 8.0460604540144249 0.7525800000000000
8.4061463949360107 7.3722548697110311 5.0332251018627572 1.0099100000000001
5.6254442322321641 1.8506399373068747 3.6264716288577858 0.8251930000000000
8.6867581413113069 3.6114278916777698 1.2862155196819136 0.8867570000000000
1.7079387598097056 6.7497487265061906 1.7394066904987138 0.8454970000000001
0.2921794227062281 1.5226667783405365 7.4808871075939170 1.4419100000000000
0.0575551337369712 0.5630228653645233 8.5910604591460302 1.4182600000000001
2.0330589477632048 7.4165461827566705 3.5947494664482913 0.8558630000000000
0.5240497371017253 4.2921435300103168 6.2940283752296891 1.1866200000000000
0.2412264247111956 1.5932832169417475 3.5765412375053178 1.2046300000000001
6.0370452232386000 9.2844645111316169 6.2203597790515497 0.9970550000000000
0.5385922418815490 7.1215096375130784 8.9567629199696608 0.9672980000000000
1.9281681136923761 6.5243182037439071 8.0464835598319286 1.2417499999999999
4.4073948054192726 4.0957200115075629 8.8264108566461452 0.7261930000000000
2.0918396253082276 7.2895018556831923 6.1795656353455000 1.2888800000000000
7.2465333098644775 8.7510674660101664 4.4048724466129094 0.8288410000000000
1.6537244297258862 5.5178690761353675 4.0207367119208532 0.8070450000000000
2.6562710798195677 1.6590969813524734 9.9390146431940938 0.8701380000000000
4.6906978782906865 2.1010232362395618 8.9885781029584244 0.9519740000000000
4.2916237587233104 0.8992435264776552 0.2150768218342970 1.0559000000000001
5.0464465144867523 7.6258358564721851 6.1774631218446725 0.8249850000000000
9.8416941916797338 4.0398515698740907 8.6725498730388306 0.9809510000000000
1.5322942939017736 1.6510943512146130 9.7791476174472702 1.3129900000000001
9.2929608907582679 7.9736061408754191 9.6599589557138472 0.7226290000000000
9.2498013145089857 3.0703411247988637 6.9575922488670736 0.7809020000000000
9.2720118742585189 5.4199032653163464 6.5098148562982585 0.8525130000000000
4.0597654543120409 5.9493673558075537 6.2433728706286731 0.7244370000000000
0.9168249876108546 2.6365563004816353 9.8312548232124577 0.8536940000000000
8.7763219754982416 2.3735567017032748 6.8083501429229711 0.7647119999999999
9.9295578978315433 2.6374988589526271 4.9877127449745498 0.8215720000000000
1.3457906795930432 0.5830316741671563 9.0355116602631380 1.2063699999999999
3.9704260224903627 5.8929922793850649 3.4218195163098342 0.7903150000000000
0.4757962694146212 8.3356747438128540 8.5264657706687981 1.0923400000000001
5.1524761912121884 6.3461099551705464 2.3428296330750311 0.9016590000000000
0.5556650255640613 6.2843668307045455 2.2822194465385137 1.1677100000000000
6.1371916924599823 9.3589897287945334 2.8513221775205775 1.0315200000000000
3.4677134531671645 8.1171006879753929 1.6812180310046403 0.7386170000000000
4.7383639479660085 2.8756979297303613 8.5370582699726008 0.7610360000000000
6.7586305709655088 5.6416561591877716 3.1480097660149529 1.5788700000000000
3.6467690138470830 2.4012226627845616 5.9121412664904485 0.8305760000000000
2.6382370934781627 5.7140556974126886 2.5874325113165475 0.8317610000000000
3.6660124321756786 2.9725732247786878 1.6074787317937402 1.1553599999999999
0.9882253603754769 0.9386888120225833 5.6731013138410802 0.8187120000000000
5.1061858652586611 8.8762180471843024 2.5876851608347020 1.1707700000000001
6.2554453693678234 4.3397202003410538 9.8736644385041163 0.7416820000000000
1.7957953901360424 8.8919285245440722 5.0800013195734071 1.0837300000000001
2.0099201787660865 6.8885185188213978 4.7535297674323873 1.5646300000000000
6.5771829308166705 2.1251405434259683 3.6748469755337334 0.8619010000000000
9.0056624443607181 5.7328266819130231 3.0771170495958193 0.7569770000000000
7.7056312741705923 5.4856961324805864 7.5772745846331864 1.0108500000000000
8.7317202502041926 5.0277738956504576 7.3449810388892312 1.1994700000000000
8.8603989930699534 0.0047838100211794 3.5956653731830661 1.2195800000000001
9.2033392452353198 3.7767741851849284 7.7429768625792130 1.2217400000000000
4.9461562758457340 7.1615926485192087 7.2640393217571804 1.3455600000000001
0.3283322245591624 4.4798141007755046 4.5284381900871580 0.9240170000000000
7.8671687112613364 7.3612492719625102 7.3178590782447488 0.8584580000000001
1.7850627179853986 3.3790060806986850 2.0675609052842887 0.7659430000000000
2.7018226569315762 4.5543142932436860 3.1663919020047615 1.1897000000000000
5.3288264967995040 5.0360514947379498 5.1799758461000733 1.5537300000000001
8.9406894069817646 8.6995611629339979 3.0023849318751714 1.5470100000000000
6.7715736903499222 9.7710555729322390 3.4960009062536903 0.8771600000000001
5.7194611737040253 1.7869532768831773 8.6961588470451971 1.1372800000000001
1.9165518302967726 9.8530749478922743 8.5639085361146563 0.7634870000000000
5.7106606237202966 3.7194356628609548 7.0685287688191138 0.9303430000000000
6.7317319856228117 0.0512898564057848 6.9370542058624061 1.3245000000000000
2.1127893293894431 5.7869582540252571 0.4902038898963965 0.8526510000000000
1.0458190293427758 3.9629188249603509 5.2504498313472263 1.1427000000000000
3.2251893251525838 6.6636891393701463 4.7710472622395308 0.8149490000000000
4.3546545240812620 2.5883035119938453 6.3174161712368706 0.7803870000000001
6.0938976906635327 6.8110818164027123 5.5604728709680744 1.0226900000000001
4.8674131553335060 0.6826313707111508 6.3874202203098891 1.2981400000000001
3.5023665415523024 5.4856174311958075 6.5948858186374162 0.8157010000000000
8.3430476752251916 9.3659299813473726 1.9452492920331639 1.0919300000000001
8.7111213702702592 0.1472365606582638 9.6524759604151882 1.0899500000000000
4.1019275450768999 4.1890902138937109 1.8035094377561276 1.2647299999999999
0.7642949793151561 5.2415352121351422 9.3041046273420847 1.1894800000000001
1.2259910761340984 0.5616006809613683 0.2973937011015800 1.0761799999999999
4.5081608806644553 6.4392689761988944 1.4512776038591095 1.2203299999999999
7.0014145886199373 1.7815881806582625 8.4001924620314856 1.3971400000000000
5.8377433218938828 3.9693427098924938 4.1168628039144046 1.1391500000000001
0.6619379256891331 4.8032757992223569 7.4147453249819470 1.1673800000000001
7.1764481527124708 7.2756442769916863 9.6531993259906432 1.0686400000000000
1.5704401245160440 5.2384261754131289 8.2535667049834309 1.3581399999999999
9.9008046251782460 7.0272286748327861 3.7967938227566940 1.1472000000000000
3.3596906295692852 4.4978118083169463 3.9598032209118594 0.7881450000000000
9.2485936864161253 1.2191964765595928 8.0304021549089484 0.7551890000000000
4.9847468327690345 4.1854493689233720 2.9889844474407758 1.5740000000000001
3.8536121327459165 2.2866212194232238 8.4375480397105349 0.9768880000000000
5.0131822140726392 9.4236883701769329 6.8722955773809904 1.3154300000000001
2.8782646395003955 8.1117938042295759 6.1328365626780776 0.7598040000000000
7.7184122097722634 6.0999945548371386 3.7940601385339345 0.8048480000000000
2.0585408907717593 0.6470447375510798 9.7975884463927585 0.8010330000000000
3.6458037216174857 6.0241418823036836 7.2730817326487012 0.8415319999999999
7.5572721842655088 5.2665217360054513 1.1157529396865709 1.2913200000000000
1.0213411249874014 3.8568721907484749 9.2416276231460444 1.5231100000000000
3.0810270185204494 3.5067646320002219 7.0700633173454914 0.8146560000000000
2.9602122183159492 1.6869074995350217 8.3510695068831389 1.0962700000000001
4.1640984848002676 8.1873362277014241 3.0198468585083877 0.8097670000000000
6.1240627076805625 3.8087393691760836 9.2796003649128842 0.7980130000000000
3.2822813456176201 7.4834642820593515 6.4933063787956327 0.7978350000000000
0.0130439936135090 4.8174370954516634 2.8316916871486546 0.9717610000000000
3.0850154665835254 7.4468461669684158 4.4503341793224385 0.8298010000000000
0.3825488785151982 5.4824944063325534 8.1864390728938048 0.8823560000000000
5.8510066517710921 4.9163679381087393 3.4596556759909904 0.7370250000000000
4.3305772549749033 1.3915747022639828 2.5173777550849064 0.8026440000000000
5.4118859532603798 3.8435335989297403 8.2941780849102269 1.5074099999999999
9.1140559686771176 1.1895299429508670 0.1909856309212474 0.8448820000000000
3.3552605938277664 8.9742232008938956 3.3682636369007040 1.4652499999999999
7.2892449242583686 2.6097237803454667 3.7374478737551278 0.7952710000000000
9.5260231619002287 5.5672532992680503 2.3626671546148681 0.9728190000000000
2.1030080920050325 3.3099809113367993 8.8216127532490596 0.9127930000000000
5.0783307797032755 1.2931639265652843 4.2587216482412300 1.0351600000000001
7.5410602596781517 1.6778559894227780 3.2159416418881164 1.3067000000000000
3.1842698101315992 6.6409084269974681 7.9909739416126850 1.1863600000000001
6.1003947248380346 2.5732101020644675 1.4648512928092201 0.7392740000000000
7.8160818488626616 7.8303932052249605 3.0552634517988246 1.1894899999999999
9.9134320861550833 9.2566777951429842 0.3530832158584363 0.7727260000000000
5.5059667577258997 8.7253780281427602 4.5462267589430194 1.0052000000000001
9.7477777987735834 6.2033019945495456 6.7618538414687048 0.9721430000000000
1.4264318392410913 0.8175674131035844 7.0225985263534829 1.2686800000000000
1.1158906864864222 2.7662723330399488 4.9072767166037776 1.2498199999999999
8.3572792738725123 3.5820139706417127 4.9909577378997598 1.2794099999999999
0.9967788831760811 8.0204005793090509 7.6451116090323818 0.9384580000000000
6.4743197653383140 7.2453092903071994 3.4428076234167295 1.6066000000000000
9.9150728903232395 6.4702910035762136 8.2658672002470901 1.2200000000000000
0.1572211426010642 4.4945421466488158 1.0296418515992132 0.9061690000000000
2.0032076762574111 4.4000449454565338 7.3019694707628018 1.2101800000000000
1.4032724299080419 8.4233238239999224 2.1180902597155367 0.8450420000000000
4.4593403260569575 3.3243887966504166 4.7039860222757808 0.9216040000000000
7.8673566133986981 3.5751853639624449 1.9398061601057603 0.9562840000000000
5.0438546515261695 0.3006957525588670 9.6153510892776772 1.0934100000000000
5.9862872647978271 9.5909805391768987 5.1212367384623985 1.1802400000000000
4.3474587373986147 6.3692833752402178 8.0880842471794043 1.1158200000000000
2.8315525680553115 3.2068943397905825 9.5037832817858039 0.7289310000000000
3.2126927639937737 7.6612833366869344 3.4812057532804372 1.0760600000000000
2.4181650296310182 2.7463394067029312 4.3167212011827081 1.5037799999999999
7.9859415835475271 7.4192787254233883 0.4666575280357696 0.7573870000000000
4.6207340926827678 1.8630251397111974 5.3835195607029886 1.5424800000000001
6.8981769945161124 2.5763022690765305 2.9669432608064401 0.8677380000000000
9.0977891339170469 6.1735779511954574 1.5972460441220904 0.8991780000000000
0.3711599821987991 9.1870253530468329 6.3976168539965643 1.1540200000000000
9.6919137486489468 4.6604566830015326 6.9322267911916242 0.9317250000000000
2.7902346531887079 6.0884019126486741 5.4078667676598542 0.9169659999999999
6.1360792456538436 3.3185331010914454 4.9656573703472207 0.8151790000000000
4.7279320055676655 2.9977045649605367 3.0970901678557086 0.7577040000000000
2.4247608978538127 5.2423547331964349 6.3291016803748859 1.3459399999999999
2.0728716402136209 8.3467610800644785 6.0213276492381542 0.7605520000000000
7.0054603866409177 0.7730040430334860 0.6020411100911738 0.7525390000000000
3.9767383659440041 6.0176701928137470 8.9901752623580258 0.7685740000000000
4.3725630118697927 5.8179681583862868 5.4731058540945678 0.8875620000000000
5.2075522929153495 7.3439033322815286 9.0770885854298786 0.8427550000000000
1.4813589992915266 1.9130245579858625 6.9024014736562220 0.8219970000000000
3.2017049065908081 6.2435360564782298 8.9297282407940557 0.7629460000000000
9.4306307340744606 3.4898974207593580 9.7375874863294456 1.4084800000000000
8.0578916750555347 0.4641794679255953 6.8877221139365723 0.8765370000000000
5.7176305660754076 8.6375261160772094 3.5022352712470721 0.9941870000000000
6.1357905424541705 4.7597998874911607 2.4739168308096664 0.8675450000000000
2.4882972137950148 7.0472998035185084 7.2308373628184546 0.9130840000000000
5.8317626086082548 2.9370107419922880 3.2879717900550567 1.3871000000000000
7.0353888075220778 1.8333839911349337 5.9181305044094596 1.3047500000000001
1.2555551079502278 7.0406057689093329 9.7547316270765627 1.0651500000000000
7.0713418398066494 6.3447550938551496 9.1525326932664690 0.8637700000000000
7.7028855524735285 5.7700516624548568 9.2866509367491652 0.7264250000000000
9.5391963363463290 8.6928378302825351 5.7629478757452963 0.9516940000000000
8.6478424734680548 9.3677791263784904 5.5250291840478605 1.0053900000000000
5.3687581807204996 5.8605019620667989 7.5313500181961279 1.3299500000000000
9.7333673739400322 3.7705580754995855 2.1438246202648648 1.4974900000000000
6.3422406586380804 7.6240164268887165 2.2224023330717495 0.8534690000000000
0.7117851948196611 4.1240863846175264 2.8107537289333200 0.8196530000000000
7.1530007369322526 2.7517021007363001 0.1036508076128297 0.7786100000000000
5.7274722105621914 6.3242228175247837 3.0256461114811239 0.8149870000000000
5.5750585992879618 9.8559920246204751 8.9445053799396064 0.7599650000000000
4.5382041684802479 9.4120367354545191 8.8265705326150528 1.3714000000000000
3.0127184466497527 3.1002825894490647 6.0448810960943460 0.7562690000000000
7.1803608748738057 8.1711189196709864 2.3029174471745595 0.8175020000000000
7.7722758932770990 4.8501931161652756 9.3395738385692795 0.9534850000000000
5.1892537956129896 4.7437479638074551 7.4957362277733068 0.8472060000000000
3.0173487724086545 8.6088067122911145 1.1753603348666941 0.8652280000000000
7.6875707329812810 4.2346870063343385 3.7107537207518759 0.9325490000000000
4.7486171789520517 1.8920410301729187 7.9318224374682993 1.1118200000000000
8.6644826711934506 3.7286418764796876 3.7402213581422719 1.1827000000000001
1.0249043954017321 4.7148639098259029 0.3969798815021138 1.2012300000000000
3.9099723002126776 4.7976653253917876 0.1350331407498403 0.7982920000000000
3.1336055572385901 7.2114931658244963 5.5632448611592595 1.0466400000000000
9.4872962932277414 2.8121959410508781 1.0468342265107538 1.3121600000000000
2.8759832139732184 6.5695534983274673 0.4873208344546722 1.1540200000000000
8.7425512922690718 2.2596771589616176 0.0153505373676564 1.3502500000000000
9.9292723807950960 9.6092679406104953 3.2390593268815553 1.0593300000000001
9.4605508434129089 5.0781634402446993 3.9740162435947686 1.2561100000000001
1.5000035201809743 9.3608773939563683 1.7484480251556214 1.0164800000000001
7.6053196801798100 9.0752400179044805 5.4264357905888527 1.0054399999999999
8.8264514091787252 4.6911157174770457 2.8490558980075358 1.3262700000000001
0.0033489210820548 3.8534220687844103 7.0767572284891376 0.7574910000000000
6.5875112999029062 3.6330726748403293 0.8518443545510052 0.7385790000000000
9.8414615461037815 8.8096498776129497 1.0089971338939321 0.7417500000000000
3.1196555430602646 5.4195567735842483 0.3432357980055378 1.1060700000000001
6.0528419530675244 4.7350195765858523 9.0338577884539504 1.0408200000000001
6.9825530419831194 4.1749737062249750 1.5917061883064976 1.1815500000000001
3.1247316861751613 1.8767540649745365 4.0142235019205570 0.7316700000000000
4.9679321819465017 8.9979858049701846 1.5893647139498055 0.7727780000000000
9.7156758722752024 2.5547132710078260 2.0865471858935454 0.7943789999999999
4.4879754521881026 4.0430355875239039 5.3653948070814170 0.9489660000000000
3.7702523771006251 2.1510726374103233 3.5511646190367738 0.7858550000000000
0.8494363394996806 5.2347861888768588 4.6463271011102503 0.7867260000000000
6.7265574265307215 2.5479142270610167 0.8523865602093673 0.8812620000000000
5.5251171632819842 2.8555455070329905 9.3967443856543085 1.3494100000000000
4.7099178912352366 8.0783815362753195 4.7816503167174842 0.9594570000000000
0.8044930891347730 6.1377639337922121 7.3315682366526147 1.3412800000000000
9.7394951250458295 1.3442761898410409 4.7615984371093729 0.8373660000000001
4.1066422425938516 6.9557533845090935 2.7317602130009497 1.5474699999999999
0.0111532298433582 4.1146778866892726 5.3627296025158726 0.8752259999999999
3.6504586947512703 6.3737771884172263 5.4754325031699054 0.8329010000000000
2.7814030614069853 9.3094537457709094 6.0016150844079874 1.5174799999999999
3.3236719463498710 0.2961919630877983 1.0264771592920139 1.2025100000000000
4.5950216978900427 3.3340177431321090 1.3352555573256888 0.8341090000000000
3.1502938253187724 3.8856516673558947 2.3874273814221589 0.9504650000000000
7.2608264423409841 6.3483678323312960 8.1643478442530188 0.9618340000000000
7.8323450636384964 1.2248387388453306 8.9782605190257847 0.7990460000000000
0.0285949532342467 7.5081252463010921 8.3124810902232849 0.7640590000000000
4.7428051584883084 6.9721760298363593 4.6099134642817186 0.7902540000000000
8.7301805398473391 1.2778794309090471 5.8078634513845095 0.7395600000000000
0.5385282878826839 6.2971574805106298 6.2862374550081839 0.7447650000000000
9.7177899919945485 5.0124707058140006 5.1179463158838567 1.0035799999999999
5.8377132778253431 7.8522711931623475 6.0197413624227369 0.7574300000000000
6.8432598545500172 4.5415734682180489 3.7121673493227396 0.7606490000000000
2.8430147098917855 8.4256756628426501 8.9967522866103113 0.7718000000000000
7.6638679717706237 9.2011181295833495 1.1832783565611411 0.8405580000000000
6.7496144819444925 5.4326400806513915 9.9170656222748175 1.5084599999999999
8.0250800162493263 4.2215561205062890 1.2134958571968528 0.7757450000000000
4.4665940966343358 7.6814685263367339 9.4261489497787991 0.8109870000000000
4.5438102429379867 8.3761985894831561 7.8500741454173220 1.3605600000000000
6.3451104811584811 1.0429238860736030 3.8964748587581539 1.3117900000000000
8.1183111161999033 5.7045606261284352 6.3919749230841152 1.2627400000000000
2.0405997291361211 3.7842356482795574 4.7299609152598050 0.7650080000000000
4.3842362999415823 4.3991878887613582 4.2938011301449759 1.2232900000000000
9.5208090980136095 7.4506885508328180 0.4635279932047465 1.1629900000000000
4.8891802329508156 2.8292709956880668 7.6929040867725202 0.7653890000000000
4.9449301601410909 3.0890484926119304 6.8211368059505029 0.9863459999999999
3.0772247840412530 3.9422631744032781 8.9149624605599538 1.0827599999999999
1.5912287631909436 3.4082576918967633 8.0415774650582978 0.8741060000000000
8.5714466510039333 8.7732028573093448 8.3257792418905456 0.9736410000000000
4.3685136054580029 1.5806491020000646 3.4314281332124130 0.7633710000000000
5.5386619116573570 7.7547784153208932 8.2461427013734259 1.0145800000000000
9.6097247658314036 7.9907812847983006 2.0095745367524240 1.1191300000000000
2.3012593954988305 8.0911409238481031 1.0312795102086600 0.8379430000000000
4.0646937981648739 0.7422711097556346 5.5720582371334331 0.8941560000000000
1.3210540869431311 6.5508152844289995 6.2325606204441533 0.7529470000000000
0.8287118951864910 9.7719755088695344 5.3116633774262807 1.3797200000000001
7.1629569018143577 5.5177208094160761 6.8039074039974876 0.7598180000000000
6.5825098617444580 8.3429878085160780 1.3940809680784423 1.2877300000000000
7.7914333182842421 0.3400264293333758 9.1865798938699612 0.8901820000000000
5.3687732912250068 2.9027003740925923 1.3435007063064921 0.8023290000000000
3.7512104361260699 8.8419575529006629 6.9019852303664724 1.1824399999999999
5.5404580942536290 8.7644435763995183 0.9063467733847440 0.9916880000000000
1.8701599272670719 2.4397134574920121 1.4598683536481805 0.7353020000000000
8.0186644936750611 2.9081095352837543 3.0445008362117965 1.2266699999999999
0.8256933198872888 9.5101263779691934 8.8142074982107292 1.1294299999999999
1.8680964854914595 6.6496154225831479 0.8528509467025064 0.9008530000000000
4.8151963406920402 8.1263704426562793 1.1295359660792743 0.8125650000000000
4.3928797903233239 1.8463569338586170 1.7781251420261788 0.8666770000000000
8.1174102403641371 5.8704323295613277 2.3148605592278830 1.5107699999999999
5.8931116640380123 0.3760608361713918 5.7632017620155116 0.7788380000000000
0.2151025613492379 5.3635269440607605 0.7160960418402439 0.8757170000000000
3.0626887558021725 4.9370046199087305 1.9970718681901061 1.2104500000000000
0.3474171619074883 3.4865887432534644 4.6292649774414389 0.8409040000000000
8.2129314478320978 7.7307702245887144 9.6418446429331421 0.7853840000000000
0.4296953214716054 9.9719117931868286 9.7886682093794075 1.0374099999999999
4.9879703171788252 8.2527104608967115 8.9504746233320862 0.9359120000000000
6.4373287593695654 6.5817199815468141 2.4030342917872982 0.7675850000000000
4.1684435811631255 0.8152410190369705 1.7180263412345713 1.1191599999999999
7.7514559843822743 8.1940679700074437 4.9461174544627102 0.9485410000000000
2.3684457774428052 0.5382967707114494 2.5973285971082340 0.9535180000000000
9.3945751634160306 4.5435079334198631 0.2254103361780204 0.7926569999999999
3.9679452438321619 1.2919360611166955 8.3834066585491982 0.9516120000000000
7.9280054362573837 8.7310268628366519 3.7554291492649825 0.7595650000000000
9.6131694312608253 4.5537669328823371 9.3864324680892306 0.7685050000000000
5.8370879292557865 6.7955290774000634 1.4519571397397188 1.4288200000000000
4.0092942377187111 8.2153529373354459 1.1457068210875589 0.7294410000000000
7.6918397168989552 2.2459608347014504 0.6002945641901810 0.9343350000000000
2.8031541584547166 1.1398040931093447 4.0504268552470437 0.7526300000000000
9.0135360398855653 9.7854513146509543 6.7500581142423099 1.3953400000000000
8.4364459835675660 2.5039119438435162 4.2132832287214690 1.2862100000000001
3.4689448733140242 1.7524085872452295 0.9126959882365168 1.5753699999999999
6.9539377091329326 4.3806623680363019 5.8089111508631461 0.8461170000000000
8.6650304560424551 2.9755270132775480 6.1201330658609097 0.9954640000000000
5.2050242466082155 3.9133996982915908 6.1533191534383240 1.1149000000000000
7.3233969463749258 7.1027328619857322 2.1123150997737503 1.2870500000000000
8.1568774151986467 2.2442595928145530 5.4316889666821213 1.1729900000000000
1.8779948271857680 4.6529212567838627 3.7807164585916446 0.7943970000000000
4.0073050726577062 6.9750707949688593 0.6944097001352665 0.8064060000000000
7.1297373958521186 3.7284987125350502 7.5515432432941996 0.8362550000000000
1.9257579499774105 2.9633710765398211 9.8363967032545752 1.1724500000000000
7.1118364657469773 5.0780815222803461 2.0976912941706738 0.8164020000000000
1.3962853205461376 4.5993278687334715 4.5036167449523097 0.8468800000000000
5.7806757430799509 1.0278647325634729 4.8172404654345566 0.7651790000000001
0.2283671812496553 3.2816543579103588 6.5499249002460322 0.7749340000000000
2.9442368870784130 5.1604179364467697 5.2187611522300088 0.9275080000000000
2.3518152606588849 2.2170586797653886 9.0930266988184147 1.0142700000000000
1.6024058592153607 9.9891637903204433 4.2812946931185794 1.1327100000000001
4.7897547632396629 1.2702487252209911 9.4285835626582806 0.8659370000000000
3.9385002466044368 4.3104897178813122 9.4465156144659712 0.7777190000000000
4.6400509897320399 2.3173397940434741 1.1033660055778844 0.7872990000000000
4.7093596377874558 2.6647554439224059 1.8817675100228031 0.8262720000000000
5.7491214389142788 0.1012898611728157 6.4892484434059883 0.7416270000000000
0.9571821187009359 6.2091236171094719 8.4801929048383471 0.8880960000000000
9.4699799212928113 3.9171394759158980 0.8334654954187500 0.8559870000000001
8.8850377419304127 3.7083140933162184 8.7530367829776043 0.7993890000000000
5.3129179057313793 3.6929205653361552 5.0097601087161427 0.9014030000000000
1.1917339514586671 1.1811483396744604 3.6918683123563270 0.7989560000000000
1.0598673321539416 2.5755941009488401 7.6586200384984453 1.0841000000000001
5.8963609195687345 2.7458346956185120 6.0038943770343538 1.5104400000000000
2.8823889510432550 9.5204486715951067 7.2022974103216066 0.8332650000000000
0.2681668043597413 7.2883479023784066 2.3339777623852780 0.8369280000000000
8.0828278354938643 6.1581846102400863 5.0770839709359148 1.4075599999999999
0.5851815679342898 3.4976737639510640 0.6060364422434595 1.3218500000000000
7.8609030961653001 2.3483893227320958 7.9178236673890021 0.7916080000000000
6.4739121213735249 8.0132641038065238 8.1535628463660395 0.8328470000000000
6.4273752901120291 3.4093622757765081 7.8689504798176237 0.7679859999999999
0.5231527803038111 1.0217841344153031 9.5938947730577446 0.8771090000000000
0.5816202602591771 2.4329244189746664 6.6425788961280290 0.9998120000000000
9.6285225731329440 4.7650278448078387 6.0281519441211131 0.8196059999999999
6.5131683698548510 0.7990542847458999 6.2057109601848879 0.7240510000000000
9.0262245161401591 4.3967583903025176 5.4722933332378920 0.9000270000000000
1.7128840610638825 9.9479580079710477 3.2191738884721244 0.7692300000000000
8.8351874857989223 8.8876325675685539 7.4400859061229845 0.8106110000000000
3.5851167872778666 5.6001735326798761 8.1144431723853252 0.9582090000000000
1.4105352513981975 8.4868129632871074 1.1347644093503271 1.0454500000000000
2.5713111173005769 7.4497214715982958 8.0002066516037527 0.7657460000000000
7.8139687160098132 6.3848883873943176 0.2238885635376496 1.2998300000000000
7.8950024009486679 1.1256090162053365 5.3317691739260153 1.0269100000000000
2.5507702649481292 5.7738138066674267 8.6074828293761279 0.8965290000000000
6.2872857878784876 5.0076647748698981 4.2711949759829579 0.9605160000000000
5.5892581384187814 4.0382086124986873 1.1729406847025430 1.3549199999999999
0.8027786037769388 0.3581664479724072 3.2374011401717819 1.1450300000000000
6.0512616375945072 4.9453875202037878 7.9817056631811338 1.0188900000000001
9.9561272042837832 6.5867142763717892 4.8663594150845180 0.9122700000000000
1.8188921099211308 5.4471485144376892 5.1062673001471390 1.3122100000000001
5.1591157884097809 9.6669261734497418 7.9103484214925670 0.7554660000000000
9.7445666246048610 1.5403687865377855 9.7170207686178589 0.8167960000000000
3.3837427191259066 6.1572889247002927 2.1164702619498978 0.8409010000000000
3.8422635859532290 6.1640603355702845 0.5047395055149160 0.8073870000000000
9.0174149976113416 2.0567453445142201 6.0424790988194479 0.8865400000000000
5.1854191419924263 6.9562985314219858 3.4415204780437665 0.9196270000000000
2.3151628177660406 3.3773235223875688 2.9572198748861451 1.2292799999999999
4.1906692721680354 6.9429382887640712 6.1959754106588498 1.2078500000000001
0.9611956700611176 3.6506706613734412 7.2274275201664029 1.1460600000000001
1.2805214625236723 3.6337672398595107 3.8333132834422936 1.4269600000000000
9.9133782029848945 1.7123908098421081 6.2727718324886643 1.0145200000000001
1.9143579316761230 7.6570759384382248 1.8237199670772182 0.7920380000000000
8.2807159575907079 1.4222837251252309 4.5073183949238924 0.7586210000000000
7.3207106923387979 9.4754002892116951 4.0518180310896978 0.7253120000000000
6.2075828558802915 1.6615358633607682 2.6131320180676103 1.4382200000000001
6.4776513139002061 2.5308704912211923 9.0139716799208518 0.7242729999999999
1.1275091307511020 7.2672874494168838 3.8500019850512475 0.9734880000000000
5.9872199154135739 5.9308687773594091 2.2134047167573705 0.7825140000000000
8.9537987742280674 1.7374960652287770 4.9321579335188792 0.8849060000000000
6.6963771345213603 9.4395936950017330 9.2057842733359241 1.5865899999999999
0.7230200501046989 0.9293985324082554 4.6067197562125548 1.2352399999999999
2.6562291823406343 5.9720444961018933 9.5713347419532635 0.9251810000000000
6.6577649839889999 5.7288605309971645 7.5719833906564196 1.0460400000000001
0.7666986520235929 7.4746902568535516 0.5853569913347328 0.9666530000000000
0.4444923551108177 7.9631093177372723 4.1640028509161979 0.9748170000000000
8.6804824355647892 0.0537360647209005 8.1997538721749432 1.5087600000000001
7.1407713517697680 6.2793772852893390 5.9421293532078989 1.0627500000000001
2.7057140879771784 7.9128402029250031 1.7808981424455861 0.7877430000000000
1.9520738279173357 6.2535387383448375 6.8751573312717777 1.0481199999999999
1.3247755684577853 4.8247734292382205 6.6660910260466490 0.7572680000000001
0.0208052982860454 7.3180352517810867 7.2057396212174538 1.3975500000000001
8.5704830747362610 5.8137980742719080 3.9955902411298641 0.9690460000000000
1.1610015895106445 1.6000181956809207 1.0742416416249483 1.2783400000000000
3.5460528745506208 8.9836772350787903 5.1541138350874984 0.7365670000000000
0.1926206545632161 5.7390932744294929 4.8160415942228543 0.7649740000000000
9.2987493883479839 6.7412917270109070 2.6209987695544057 1.3768600000000000
9.5594218783946125 7.9999991903149246 3.8044010398143744 0.8245290000000000
7.6765818964024231 0.5437110293209331 4.0786194497583024 1.4444900000000001
4.0977490626049216 2.7933835965308669 0.6903033386097772 0.7961740000000000
7.5503400499830304 5.1840971576212631 4.2867320036904886 1.2176199999999999
1.6121954561942560 7.5259676432729643 1.0203901258939274 0.8581850000000000
0.3564120210442948 5.8504746318702736 0.0375341266900385 0.7543160000000000
2.6739236326874298 9.9239315192500097 8.3783465299024869 0.7435250000000000
5.0815318846111133 0.0538993834236939 0.9942077372395182 1.5561199999999999
6.1134131661828546 4.8933735074406481 6.6168932355366907 1.6069599999999999
6.3602188132368065 3.3164197522280059 8.7029244443288860 0.7237940000000000
8.9088155036586638 5.4034348989337566 5.6028377302793704 0.9630760000000000
7.6471716147835833 8.0354211432068610 5.8796450760507879 0.7922120000000000
1.6667624703409600 6.0804456193037639 2.4171711911436020 0.9848380000000000
8.5389999291516894 8.4986755770158791 9.6743971089830652 0.8181000000000000
7.5873805427378889 8.5699836562767349 1.7149549619343207 0.7525579999999999
1.6911897072237907 6.0977020060862124 9.1886304842522417 1.0887300000000000
4.8666389413826181 7.0931777512113543 9.8186586283616712 0.7424140000000000
6.3644639680880628 6.2388487889531570 6.6917774102388794 0.9572380000000000
6.7737349413849852 5.1143289778847407 5.2105289747300967 0.9725570000000000
1.4820479706016043 7.2346711647712922 7.2246465937430564 1.0150300000000001
1.0669196068928337 0.7831382168777654 8.0089326832486361 0.7484790000000000
6.6070965456706885 9.6236307026161345 0.7631042976808218 1.4381800000000000
1.1152065679010172 4.2197910703446331 1.7188527138897614 1.4109600000000000
1.9538054370445299 1.3088347922614894 5.9448167341469489 1.2268699999999999
4.3054148980586726 3.2669222282806083 2.4066563743094354 0.8833980000000000
1.3969709043687097 6.9344406341554832 8.8284425185056676 0.7423300000000000
3.1362338579483420 0.6900187775129992 8.6861023345472876 0.9443920000000000
9.6420441929799079 1.9937192376339128 5.4301689124670718 0.7660540000000000
7.1681449528859860 5.3216876321723863 8.5571548741379573 1.1509199999999999
5.3258593819338360 1.8949950390007988 1.5843844541978287 0.9711109999999999
6.2633728883598199 0.8101094236922727 8.7617355188025368 1.0015300000000000
8.3701730363461078 6.0423647107834757 1.1678436430663146 0.7456690000000000
4.7270090296462710 3.0928852195267762 5.7010160946102477 0.9100890000000000
8.1746974856300199 7.0695844133658943 6.2197040242284869 1.3901500000000000
7.3144909223340626 1.4682125922798632 0.9452188843589333 0.8502110000000001
3.0059603747642964 2.1686001160198796 2.0933338071145360 0.8747050000000000
0.0316751412784853 7.9754801505340307 1.1412146726950203 0.7354470000000000
2.5554754290689203 0.0034741821046607 0.4205009075775459 0.7595720000000000
2.3695524668806671 8.1649725907071851 8.4049542373347226 0.7699240000000001
3.9815241655451055 6.3202103804160767 4.6471574039747559 0.7983930000000000
8.3889412825662717 3.9027872167833997 6.0614615893029322 0.8694380000000000
4.0497284287794306 0.5775188921660200 9.1785808042211148 1.0604700000000000
3.0513205092675943 6.4438000873025389 6.4681033050877987 1.2369100000000000
3.4932936865974171 8.9258954358162228 9.3571210455719420 0.9281320000000000
3.6964942346723975 4.6486154240262207 8.2384910110244007 0.8603820000000000
4.9227786636220774 9.2479875080665597 9.9258404259335862 0.7407780000000000
0.3917393772843401 8.4005313210093728 7.0755942351106205 0.8190660000000000
2.5210683149111803 3.9119993836410991 3.9822074521265991 0.8362120000000000
8.5604074480354804 4.1025547511247789 0.4150311277296759 1.0217600000000000
3.0212184717708181 2.8633491587347604 8.6191025613717382 0.9975530000000000
8.6916274987074846 6.4460717217430448 7.5162348667464203 1.5434500000000000
2.3530556692205873 1.7499192843568314 1.5414226921907941 0.8886500000000001
1.4678183293794629 8.1231486512001041 0.0600389142775459 1.1317200000000001
2.3474751602988198 1.5669591128964848 2.4961912163972628 0.9815950000000000
4.2916295839095362 5.4501086597102235 2.3895196241920016 1.4346200000000000
0.5330821600855499 7.6911373498313216 3.3124786034138651 0.7520019999999999
6.1981443449379867 4.2431714317657061 3.2022056617640229 0.7975920000000000
3.1727251262641505 2.9926846281163226 2.4809726211811411 0.7771610000000000
0.4791744943290171 1.7051592082493694 0.1932598186748209 0.8680760000000000
1.4023258888076737 2.3081499509355878 6.0609405941260537 0.9474760000000000
7.0378112269742328 9.5917875605677114 4.8491909866894840 0.8369240000000000
6.2466444103882299 5.2212825999601922 1.4360189688067184 1.2999499999999999
7.9394821962203146 4.7674581460783090 5.4491187529137060 1.2748800000000000
0.8257044625185591 7.6842803006781359 1.6200986170814833 1.0677600000000000
9.9233181077698660 3.9104511059409397 3.5697771395498572 1.2859499999999999
1.4880513237580479 8.0755214105606292 4.4183170677406993 1.0109699999999999
7.2971060353869746 7.2304434667092092 5.2163618362193649 1.1658100000000000
9.2329359723458619 6.2522973522482532 3.6045365200279429 0.7280110000000000
6.9697951916789869 4.2105729805646757 9.2869054003214977 0.9657130000000000
7.5166984481156218 8.1804430346410388 8.7108119319262052 1.4551000000000001
0.2160785905577141 3.9958885795266275 7.8454415573613288 0.7699980000000000
3.7919784099787375 4.3883911613932947 2.8031875092606278 0.7735230000000000
3.5220425340010366 4.6778708948691650 0.9495163745781301 0.8753510000000000
4.6669237529404928 7.4188597077953782 5.4056857840611361 0.7912709999999999
1.0367801022792327 6.5881016904613698 0.5816531185555696 0.7874070000000000
5.5960966242722439 2.2356231105230489 0.6448902062197268 1.0230200000000000
8.6846504943674141 7.6736986767685380 2.4567831549008980 0.7422990000000000
3.9752070458296980 9.7236510094017312 0.0578383179833917 1.3026400000000000
9.2039061911221207 9.8561968896208878 2.5706256572927533 0.8774500000000000
3.9900493485213153 7.7415008231471329 6.9484138500756281 0.8929140000000000
0.1907676313886471 8.5735043357196830 3.3914616560470798 0.9790950000000000
5.4854939201821331 5.4105068647245522 2.7971279287291697 0.9971400000000000
2.4818866410408740 7.1078843926416342 1.4114469844782787 0.9136919999999999
8.3556200214596004 5.5437285290330278 8.5593862971295014 1.1705500000000000
1.7540151863293505 9.4699253890805242 9.7820802481798008 1.4517000000000000
5.7732814488353936 1.9877535366908636 7.6236836964931012 0.9446960000000000
7.9111465294649506 8.5201969920322611 7.4881160950461982 1.1011500000000001
0.3280830994477805 7.9829024068818315 9.6600019032073110 1.2094400000000001
8.6933978823206104 4.4106776233738678 9.4575222870440623 0.8899540000000000
3.3669979685441707 2.6965274631640059 6.7372837012917888 0.9270929999999999
9.5502785820482750 2.2784996664268249 9.1097153001635167 0.9752400000000000
0.6472173488246012 8.3272909041670040 5.3566059435928750 1.4253899999999999
3.6400906150048797 1.5575561550660972 2.1031909105681130 0.7619880000000000
5.3096246214261100 5.7667193341011309 1.6693053136105014 0.8363890000000000
8.6653658956474651 8.3877182864609985 1.8101874785728411 0.8846270000000001
1.8244680963318520 6.4207242066723200 3.4538199842434767 1.1205300000000000
6.1124348532370574 8.7397713545533637 0.1394812186570916 0.8360720000000000
4.2923082628926972 8.6830703149018138 9.7352870625564254 0.8309540000000000
8.6984398136299603 4.7412392813366910 6.2902434752431855 0.8973310000000000
5.9623859948543592 9.4196401570481072 7.3912330597539260 0.7653550000000000
7.8187199435969150 8.7141330330389675 2.4863305954590871 0.8225390000000000
1.9276645213691930 4.1540015513168376 8.4420263470587145 0.8709730000000000
2.2729316394948214 7.4308837237766987 0.4395789231875677 0.8430350000000000
3.4046695712031148 9.9576625398288563 2.2911078152104136 1.3244000000000000
8.6147774694922195 8.0144276724145023 0.4123577803321266 0.8879620000000000
2.5200366562968308 1.6863106212707648 7.2129416803167805 1.2246200000000000
0.4934948698815863 0.4050365977759906 7.5242716477287122 0.7252210000000000
8.7647792189900926 7.9687131411306122 8.9288347547213966 0.9861550000000000
1.4686706126109021 0.1900710410421957 2.3687364077888025 0.9531840000000000
1.6318771710032562 0.6194404596786601 5.1537094351806134 0.8866130000000000
4.5060901051289592 6.4338672317970982 3.9115717993018779 0.9527050000000000
0.7534471283775218 7.2017266138958229 4.7600130380104444 0.9225040000000000
1.8343827320252133 3.9929762630308927 0.1511541576600134 0.7597739999999999
0.0361956241272753 2.4937084753248460 0.0337005306977148 0.8994259999999999
1.9738071630417195 8.4172324724266261 9.1768240711364157 0.9016290000000000
3.4165168597088869 4.6747676756309700 6.0507110215291995 0.9085210000000000
0.8752902406460451 7.1019469590632314 6.5379257309218639 0.7307790000000000
6.1189263429416050 3.7353271784883422 2.3027183882239850 1.1177900000000001
9.6506444175399277 0.4774322341192868 7.4726079271843755 0.8791610000000000
5.6880328240936091 7.1586033181454809 6.4200341097127591 0.7573220000000001
1.3983597684279869 4.7940313943459616 5.8672330406403308 0.7766760000000000
6.6206608499932944 3.1934822466100239 1.5706270168195777 0.8263140000000000
4.2261400765395853 2.5146402310311777 7.1804748432466896 0.9038890000000001
3.5999428911020228 6.7748722908067309 3.9237913113401670 0.9078310000000001
2.4333349933532817 0.2283596636538852 9.1296231329232924 0.8755030000000000
9.6357945259062987 3.1088290697377836 8.6459787198141882 0.8518460000000000
1.4804315815976747 9.0869897983870480 6.1540288043111770 1.0381300000000000
5.8846875077781915 0.8670046166068427 6.7362677041397614 0.8039809999999999
3.7067916737759203 2.5971376468718108 4.6791152274248420 1.0912100000000000
9.3656177009479116 2.6860394071744045 3.1717899346147420 1.4119299999999999
4.5451071964336380 4.9873121701552874 6.5216198547271578 1.4152400000000001
5.8349359485249508 8.2872567987208772 7.1263962553756235 1.4304600000000001
1.1672685550338613 8.0485326317917156 6.5403952365135396 1.1181500000000000
5.0428399747296808 1.9156211307646427 6.7635417449214668 1.2034400000000001
9.8486267881452996 5.9443173017842428 5.7097238371108396 1.1126400000000001
9.4127876591548212 3.7919278158136138 6.2657411604367326 1.1497299999999999
7.5926041970780274 6.3601732497263423 1.3190747453428409 0.8524590000000000
4.8645219332197689 6.3970737876561019 9.1702595326626799 1.0805899999999999
3.6797040444970892 8.6859844415109713 0.3941997401148470 0.8659380000000000
4.3129616203335939 5.4898186805052349 7.5482704099106686 0.8252720000000000
9.4049725044340704 9.0756970380732760 1.7921131720315258 1.0473200000000000
4.7172724455642632 5.2975243506666381 3.4638827147461018 0.8096640000000001
9.7621757457008673 7.7438257493046088 3.0009476950309626 0.7862060000000000
5.3307540105456592 1.1657281548835268 0.2473865502587450 1.0095900000000000
0.4422696262133446 2.2902914091014828 5.6600655430151461 0.9013000000000000
5.8227298002194692 8.0745048010107681 2.7569412683289118 0.8154490000000000
